Selection	View	Channel	Begin Time (s)	End Time (s)	Low Freq (Hz)	High Freq (Hz)	Occupancy
1	Waveform 1	1	562.059593750	562.070968750	1400.000	4000.000	1.0000
1	Spectrogram 1	1	562.059593750	562.070968750	1400.000	4000.000	1.0000
2	Waveform 1	1	2244.774718750	2244.802343750	1400.000	4000.000	1.0000
2	Spectrogram 1	1	2244.774718750	2244.802343750	1400.000	4000.000	1.0000
3	Waveform 1	1	3067.265218750	3067.276593750	1400.000	4000.000	1.0000
3	Spectrogram 1	1	3067.265218750	3067.276593750	1400.000	4000.000	1.0000
4	Waveform 1	1	3077.447468750	3077.471843750	1400.000	4000.000	1.0000
4	Spectrogram 1	1	3077.447468750	3077.471843750	1400.000	4000.000	1.0000
5	Waveform 1	1	3080.645468750	3080.669843750	1400.000	4000.000	1.0000
5	Spectrogram 1	1	3080.645468750	3080.669843750	1400.000	4000.000	1.0000
6	Waveform 1	1	3099.908218750	3099.926093750	1400.000	4000.000	1.0000
6	Spectrogram 1	1	3099.908218750	3099.926093750	1400.000	4000.000	1.0000
7	Waveform 1	1	3956.551343750	3956.578968750	1400.000	4000.000	1.0000
7	Spectrogram 1	1	3956.551343750	3956.578968750	1400.000	4000.000	1.0000
8	Waveform 1	1	8154.829843750	8154.837968750	1400.000	4000.000	1.0000
8	Spectrogram 1	1	8154.829843750	8154.837968750	1400.000	4000.000	1.0000
9	Waveform 1	1	8202.014968750	8202.031218750	1400.000	4000.000	1.0000
9	Spectrogram 1	1	8202.014968750	8202.031218750	1400.000	4000.000	1.0000
10	Waveform 1	1	11098.296343750	11098.306093750	1400.000	4000.000	1.0000
10	Spectrogram 1	1	11098.296343750	11098.306093750	1400.000	4000.000	1.0000
11	Waveform 1	1	11811.903718750	11811.916718750	1400.000	4000.000	1.0000
11	Spectrogram 1	1	11811.903718750	11811.916718750	1400.000	4000.000	1.0000
12	Waveform 1	1	11811.957343750	11811.965468750	1400.000	4000.000	1.0000
12	Spectrogram 1	1	11811.957343750	11811.965468750	1400.000	4000.000	1.0000
13	Waveform 1	1	14353.549968750	14353.561343750	1400.000	4000.000	1.0000
13	Spectrogram 1	1	14353.549968750	14353.561343750	1400.000	4000.000	1.0000
14	Waveform 1	1	15126.539718750	15126.547843750	1400.000	4000.000	1.0000
14	Spectrogram 1	1	15126.539718750	15126.547843750	1400.000	4000.000	1.0000
15	Waveform 1	1	15191.261843750	15191.274843750	1400.000	4000.000	1.0000
15	Spectrogram 1	1	15191.261843750	15191.274843750	1400.000	4000.000	1.0000
16	Waveform 1	1	15712.361968750	15712.384718750	1400.000	4000.000	0.8571
16	Spectrogram 1	1	15712.361968750	15712.384718750	1400.000	4000.000	0.8571
17	Waveform 1	1	15718.941593750	15718.965968750	1400.000	4000.000	0.8667
17	Spectrogram 1	1	15718.941593750	15718.965968750	1400.000	4000.000	0.8667
18	Waveform 1	1	15724.801343750	15724.811093750	1400.000	4000.000	1.0000
18	Spectrogram 1	1	15724.801343750	15724.811093750	1400.000	4000.000	1.0000
19	Waveform 1	1	15758.448593750	15758.469718750	1400.000	4000.000	1.0000
19	Spectrogram 1	1	15758.448593750	15758.469718750	1400.000	4000.000	1.0000
20	Waveform 1	1	16165.853968750	16165.866968750	1400.000	4000.000	1.0000
20	Spectrogram 1	1	16165.853968750	16165.866968750	1400.000	4000.000	1.0000
21	Waveform 1	1	16233.622968750	16233.632718750	1400.000	4000.000	1.0000
21	Spectrogram 1	1	16233.622968750	16233.632718750	1400.000	4000.000	1.0000
22	Waveform 1	1	16251.751468750	16251.782343750	1400.000	4000.000	0.7368
22	Spectrogram 1	1	16251.751468750	16251.782343750	1400.000	4000.000	0.7368
23	Waveform 1	1	16424.906593750	16424.922843750	1400.000	4000.000	1.0000
23	Spectrogram 1	1	16424.906593750	16424.922843750	1400.000	4000.000	1.0000
24	Waveform 1	1	17149.502218750	17149.511968750	1400.000	4000.000	1.0000
24	Spectrogram 1	1	17149.502218750	17149.511968750	1400.000	4000.000	1.0000
25	Waveform 1	1	27542.412343750	27542.428593750	1400.000	4000.000	1.0000
25	Spectrogram 1	1	27542.412343750	27542.428593750	1400.000	4000.000	1.0000
26	Waveform 1	1	27943.405468750	27943.418468750	1400.000	4000.000	1.0000
26	Spectrogram 1	1	27943.405468750	27943.418468750	1400.000	4000.000	1.0000
27	Waveform 1	1	30222.601218750	30222.614218750	1400.000	4000.000	1.0000
27	Spectrogram 1	1	30222.601218750	30222.614218750	1400.000	4000.000	1.0000
28	Waveform 1	1	32667.675343750	32667.683468750	1400.000	4000.000	1.0000
28	Spectrogram 1	1	32667.675343750	32667.683468750	1400.000	4000.000	1.0000
29	Waveform 1	1	33126.859718750	33126.867843750	1400.000	4000.000	1.0000
29	Spectrogram 1	1	33126.859718750	33126.867843750	1400.000	4000.000	1.0000
30	Waveform 1	1	39843.577843750	39843.587593750	1400.000	4000.000	1.0000
30	Spectrogram 1	1	39843.577843750	39843.587593750	1400.000	4000.000	1.0000
31	Waveform 1	1	45718.984718750	45719.004218750	1400.000	4000.000	1.0000
31	Spectrogram 1	1	45718.984718750	45719.004218750	1400.000	4000.000	1.0000
32	Waveform 1	1	45719.095218750	45719.106593750	1400.000	4000.000	1.0000
32	Spectrogram 1	1	45719.095218750	45719.106593750	1400.000	4000.000	1.0000
33	Waveform 1	1	46987.430468750	46987.449968750	1400.000	4000.000	1.0000
33	Spectrogram 1	1	46987.430468750	46987.449968750	1400.000	4000.000	1.0000
34	Waveform 1	1	49211.431468750	49211.441218750	1400.000	4000.000	1.0000
34	Spectrogram 1	1	49211.431468750	49211.441218750	1400.000	4000.000	1.0000
35	Waveform 1	1	51363.225593750	51363.240218750	1400.000	4000.000	1.0000
35	Spectrogram 1	1	51363.225593750	51363.240218750	1400.000	4000.000	1.0000
36	Waveform 1	1	58843.056718750	58843.066468750	1400.000	4000.000	1.0000
36	Spectrogram 1	1	58843.056718750	58843.066468750	1400.000	4000.000	1.0000
37	Waveform 1	1	65392.401468750	65392.412843750	1400.000	4000.000	1.0000
37	Spectrogram 1	1	65392.401468750	65392.412843750	1400.000	4000.000	1.0000
38	Waveform 1	1	65401.824843750	65401.837843750	1400.000	4000.000	1.0000
38	Spectrogram 1	1	65401.824843750	65401.837843750	1400.000	4000.000	1.0000
39	Waveform 1	1	67631.014468750	67631.029093750	1400.000	4000.000	1.0000
39	Spectrogram 1	1	67631.014468750	67631.029093750	1400.000	4000.000	1.0000
40	Waveform 1	1	69503.579968750	69503.588093750	1400.000	4000.000	1.0000
40	Spectrogram 1	1	69503.579968750	69503.588093750	1400.000	4000.000	1.0000
41	Waveform 1	1	71707.465093750	71707.486218750	1400.000	4000.000	1.0000
41	Spectrogram 1	1	71707.465093750	71707.486218750	1400.000	4000.000	1.0000
42	Waveform 1	1	72146.845593750	72146.853718750	1400.000	4000.000	1.0000
42	Spectrogram 1	1	72146.845593750	72146.853718750	1400.000	4000.000	1.0000
43	Waveform 1	1	72674.582218750	72674.595218750	1400.000	4000.000	1.0000
43	Spectrogram 1	1	72674.582218750	72674.595218750	1400.000	4000.000	1.0000
44	Waveform 1	1	73715.022593750	73715.046968750	1400.000	4000.000	1.0000
44	Spectrogram 1	1	73715.022593750	73715.046968750	1400.000	4000.000	1.0000
45	Waveform 1	1	82784.370218750	82784.383218750	1400.000	4000.000	1.0000
45	Spectrogram 1	1	82784.370218750	82784.383218750	1400.000	4000.000	1.0000
