Selection	View	Channel	Begin Time (s)	End Time (s)	Low Freq (Hz)	High Freq (Hz)	Occupancy
1	Waveform 1	1	226.532843750	226.544218750	1400.000	4000.000	1.0000
1	Spectrogram 1	1	226.532843750	226.544218750	1400.000	4000.000	1.0000
2	Waveform 1	1	789.271968750	789.284968750	1400.000	4000.000	1.0000
2	Spectrogram 1	1	789.271968750	789.284968750	1400.000	4000.000	1.0000
3	Waveform 1	1	899.396593750	899.414468750	1400.000	4000.000	1.0000
3	Spectrogram 1	1	899.396593750	899.414468750	1400.000	4000.000	1.0000
4	Waveform 1	1	921.368218750	921.377968750	1400.000	4000.000	1.0000
4	Spectrogram 1	1	921.368218750	921.377968750	1400.000	4000.000	1.0000
5	Waveform 1	1	1191.035343750	1191.046718750	1400.000	4000.000	1.0000
5	Spectrogram 1	1	1191.035343750	1191.046718750	1400.000	4000.000	1.0000
6	Waveform 1	1	1594.431843750	1594.451343750	1400.000	4000.000	1.0000
6	Spectrogram 1	1	1594.431843750	1594.451343750	1400.000	4000.000	1.0000
7	Waveform 1	1	1808.143718750	1808.156718750	1400.000	4000.000	1.0000
7	Spectrogram 1	1	1808.143718750	1808.156718750	1400.000	4000.000	1.0000
8	Waveform 1	1	2101.948593750	2101.966468750	1400.000	4000.000	1.0000
8	Spectrogram 1	1	2101.948593750	2101.966468750	1400.000	4000.000	1.0000
9	Waveform 1	1	3061.285218750	3061.294968750	1400.000	4000.000	1.0000
9	Spectrogram 1	1	3061.285218750	3061.294968750	1400.000	4000.000	1.0000
10	Waveform 1	1	3806.659718750	3806.667843750	1400.000	4000.000	1.0000
10	Spectrogram 1	1	3806.659718750	3806.667843750	1400.000	4000.000	1.0000
11	Waveform 1	1	3908.561843750	3908.574843750	1400.000	4000.000	1.0000
11	Spectrogram 1	1	3908.561843750	3908.574843750	1400.000	4000.000	1.0000
12	Waveform 1	1	3911.753343750	3911.774468750	1400.000	4000.000	1.0000
12	Spectrogram 1	1	3911.753343750	3911.774468750	1400.000	4000.000	1.0000
13	Waveform 1	1	3984.387593750	3984.398968750	1400.000	4000.000	1.0000
13	Spectrogram 1	1	3984.387593750	3984.398968750	1400.000	4000.000	1.0000
14	Waveform 1	1	4002.743593750	4002.754968750	1400.000	4000.000	1.0000
14	Spectrogram 1	1	4002.743593750	4002.754968750	1400.000	4000.000	1.0000
15	Waveform 1	1	4092.697093750	4092.710093750	1400.000	4000.000	1.0000
15	Spectrogram 1	1	4092.697093750	4092.710093750	1400.000	4000.000	1.0000
16	Waveform 1	1	4104.260593750	4104.273593750	1400.000	4000.000	1.0000
16	Spectrogram 1	1	4104.260593750	4104.273593750	1400.000	4000.000	1.0000
17	Waveform 1	1	4142.017468750	4142.025593750	1400.000	4000.000	1.0000
17	Spectrogram 1	1	4142.017468750	4142.025593750	1400.000	4000.000	1.0000
18	Waveform 1	1	4157.669468750	4157.688968750	1400.000	4000.000	1.0000
18	Spectrogram 1	1	4157.669468750	4157.688968750	1400.000	4000.000	1.0000
19	Waveform 1	1	4219.365843750	4219.395093750	1400.000	4000.000	1.0000
19	Spectrogram 1	1	4219.365843750	4219.395093750	1400.000	4000.000	1.0000
20	Waveform 1	1	4241.506468750	4241.521093750	1400.000	4000.000	1.0000
20	Spectrogram 1	1	4241.506468750	4241.521093750	1400.000	4000.000	1.0000
21	Waveform 1	1	4301.935343750	4301.945093750	1400.000	4000.000	1.0000
21	Spectrogram 1	1	4301.935343750	4301.945093750	1400.000	4000.000	1.0000
22	Waveform 1	1	4391.281093750	4391.289218750	1400.000	4000.000	1.0000
22	Spectrogram 1	1	4391.281093750	4391.289218750	1400.000	4000.000	1.0000
23	Waveform 1	1	4393.346468750	4393.356218750	1400.000	4000.000	1.0000
23	Spectrogram 1	1	4393.346468750	4393.356218750	1400.000	4000.000	1.0000
24	Waveform 1	1	4405.080593750	4405.088718750	1400.000	4000.000	1.0000
24	Spectrogram 1	1	4405.080593750	4405.088718750	1400.000	4000.000	1.0000
25	Waveform 1	1	4425.121718750	4425.137968750	1400.000	4000.000	1.0000
25	Spectrogram 1	1	4425.121718750	4425.137968750	1400.000	4000.000	1.0000
26	Waveform 1	1	4443.216093750	4443.229093750	1400.000	4000.000	1.0000
26	Spectrogram 1	1	4443.216093750	4443.229093750	1400.000	4000.000	1.0000
27	Waveform 1	1	4449.553593750	4449.569843750	1400.000	4000.000	1.0000
27	Spectrogram 1	1	4449.553593750	4449.569843750	1400.000	4000.000	1.0000
28	Waveform 1	1	4449.673843750	4449.686843750	1400.000	4000.000	1.0000
28	Spectrogram 1	1	4449.673843750	4449.686843750	1400.000	4000.000	1.0000
29	Waveform 1	1	4470.074093750	4470.083843750	1400.000	4000.000	1.0000
29	Spectrogram 1	1	4470.074093750	4470.083843750	1400.000	4000.000	1.0000
30	Waveform 1	1	4475.343968750	4475.356968750	1400.000	4000.000	1.0000
30	Spectrogram 1	1	4475.343968750	4475.356968750	1400.000	4000.000	1.0000
31	Waveform 1	1	4476.305968750	4476.323843750	1400.000	4000.000	1.0000
31	Spectrogram 1	1	4476.305968750	4476.323843750	1400.000	4000.000	1.0000
32	Waveform 1	1	4476.640718750	4476.658593750	1400.000	4000.000	1.0000
32	Spectrogram 1	1	4476.640718750	4476.658593750	1400.000	4000.000	1.0000
33	Waveform 1	1	4477.588093750	4477.597843750	1400.000	4000.000	1.0000
33	Spectrogram 1	1	4477.588093750	4477.597843750	1400.000	4000.000	1.0000
34	Waveform 1	1	4481.543343750	4481.562843750	1400.000	4000.000	1.0000
34	Spectrogram 1	1	4481.543343750	4481.562843750	1400.000	4000.000	1.0000
35	Waveform 1	1	4501.733968750	4501.753468750	1400.000	4000.000	1.0000
35	Spectrogram 1	1	4501.733968750	4501.753468750	1400.000	4000.000	1.0000
36	Waveform 1	1	4527.784343750	4527.805468750	1400.000	4000.000	1.0000
36	Spectrogram 1	1	4527.784343750	4527.805468750	1400.000	4000.000	1.0000
37	Waveform 1	1	4528.819468750	4528.827593750	1400.000	4000.000	1.0000
37	Spectrogram 1	1	4528.819468750	4528.827593750	1400.000	4000.000	1.0000
38	Waveform 1	1	4530.974218750	4530.995343750	1400.000	4000.000	1.0000
38	Spectrogram 1	1	4530.974218750	4530.995343750	1400.000	4000.000	1.0000
39	Waveform 1	1	4560.731218750	4560.742593750	1400.000	4000.000	1.0000
39	Spectrogram 1	1	4560.731218750	4560.742593750	1400.000	4000.000	1.0000
40	Waveform 1	1	4560.903468750	4560.926218750	1400.000	4000.000	1.0000
40	Spectrogram 1	1	4560.903468750	4560.926218750	1400.000	4000.000	1.0000
41	Waveform 1	1	4568.885468750	4568.893593750	1400.000	4000.000	1.0000
41	Spectrogram 1	1	4568.885468750	4568.893593750	1400.000	4000.000	1.0000
42	Waveform 1	1	4572.567718750	4572.588843750	1400.000	4000.000	1.0000
42	Spectrogram 1	1	4572.567718750	4572.588843750	1400.000	4000.000	1.0000
43	Waveform 1	1	4573.841718750	4573.853093750	1400.000	4000.000	1.0000
43	Spectrogram 1	1	4573.841718750	4573.853093750	1400.000	4000.000	1.0000
44	Waveform 1	1	4580.827593750	4580.845468750	1400.000	4000.000	1.0000
44	Spectrogram 1	1	4580.827593750	4580.845468750	1400.000	4000.000	1.0000
45	Waveform 1	1	4581.224093750	4581.238718750	1400.000	4000.000	1.0000
45	Spectrogram 1	1	4581.224093750	4581.238718750	1400.000	4000.000	1.0000
46	Waveform 1	1	4585.234593750	4585.244343750	1400.000	4000.000	1.0000
46	Spectrogram 1	1	4585.234593750	4585.244343750	1400.000	4000.000	1.0000
47	Waveform 1	1	4599.971718750	4599.989593750	1400.000	4000.000	1.0000
47	Spectrogram 1	1	4599.971718750	4599.989593750	1400.000	4000.000	1.0000
48	Waveform 1	1	4606.970593750	4606.993343750	1400.000	4000.000	0.7857
48	Spectrogram 1	1	4606.970593750	4606.993343750	1400.000	4000.000	0.7857
49	Waveform 1	1	4613.719218750	4613.727343750	1400.000	4000.000	1.0000
49	Spectrogram 1	1	4613.719218750	4613.727343750	1400.000	4000.000	1.0000
50	Waveform 1	1	4622.281343750	4622.297593750	1400.000	4000.000	1.0000
50	Spectrogram 1	1	4622.281343750	4622.297593750	1400.000	4000.000	1.0000
51	Waveform 1	1	4622.986593750	4622.994718750	1400.000	4000.000	1.0000
51	Spectrogram 1	1	4622.986593750	4622.994718750	1400.000	4000.000	1.0000
52	Waveform 1	1	4625.692218750	4625.703593750	1400.000	4000.000	1.0000
52	Spectrogram 1	1	4625.692218750	4625.703593750	1400.000	4000.000	1.0000
53	Waveform 1	1	4635.442218750	4635.453593750	1400.000	4000.000	1.0000
53	Spectrogram 1	1	4635.442218750	4635.453593750	1400.000	4000.000	1.0000
54	Waveform 1	1	4643.721593750	4643.731343750	1400.000	4000.000	1.0000
54	Spectrogram 1	1	4643.721593750	4643.731343750	1400.000	4000.000	1.0000
55	Waveform 1	1	4667.765093750	4667.784593750	1400.000	4000.000	1.0000
55	Spectrogram 1	1	4667.765093750	4667.784593750	1400.000	4000.000	1.0000
56	Waveform 1	1	4673.675218750	4673.686593750	1400.000	4000.000	1.0000
56	Spectrogram 1	1	4673.675218750	4673.686593750	1400.000	4000.000	1.0000
57	Waveform 1	1	4687.050593750	4687.070093750	1400.000	4000.000	1.0000
57	Spectrogram 1	1	4687.050593750	4687.070093750	1400.000	4000.000	1.0000
58	Waveform 1	1	4688.032093750	4688.040218750	1400.000	4000.000	1.0000
58	Spectrogram 1	1	4688.032093750	4688.040218750	1400.000	4000.000	1.0000
59	Waveform 1	1	4691.031843750	4691.039968750	1400.000	4000.000	1.0000
59	Spectrogram 1	1	4691.031843750	4691.039968750	1400.000	4000.000	1.0000
60	Waveform 1	1	4715.093218750	4715.120843750	1400.000	4000.000	1.0000
60	Spectrogram 1	1	4715.093218750	4715.120843750	1400.000	4000.000	1.0000
61	Waveform 1	1	4716.697093750	4716.708468750	1400.000	4000.000	1.0000
61	Spectrogram 1	1	4716.697093750	4716.708468750	1400.000	4000.000	1.0000
62	Waveform 1	1	4722.478843750	4722.486968750	1400.000	4000.000	1.0000
62	Spectrogram 1	1	4722.478843750	4722.486968750	1400.000	4000.000	1.0000
63	Waveform 1	1	4729.606093750	4729.614218750	1400.000	4000.000	1.0000
63	Spectrogram 1	1	4729.606093750	4729.614218750	1400.000	4000.000	1.0000
64	Waveform 1	1	4735.755093750	4735.763218750	1400.000	4000.000	1.0000
64	Spectrogram 1	1	4735.755093750	4735.763218750	1400.000	4000.000	1.0000
65	Waveform 1	1	4742.601218750	4742.617468750	1400.000	4000.000	1.0000
65	Spectrogram 1	1	4742.601218750	4742.617468750	1400.000	4000.000	1.0000
66	Waveform 1	1	4746.041343750	4746.051093750	1400.000	4000.000	1.0000
66	Spectrogram 1	1	4746.041343750	4746.051093750	1400.000	4000.000	1.0000
67	Waveform 1	1	4766.051593750	4766.062968750	1400.000	4000.000	1.0000
67	Spectrogram 1	1	4766.051593750	4766.062968750	1400.000	4000.000	1.0000
68	Waveform 1	1	4774.352093750	4774.360218750	1400.000	4000.000	1.0000
68	Spectrogram 1	1	4774.352093750	4774.360218750	1400.000	4000.000	1.0000
69	Waveform 1	1	4775.660218750	4775.673218750	1400.000	4000.000	1.0000
69	Spectrogram 1	1	4775.660218750	4775.673218750	1400.000	4000.000	1.0000
70	Waveform 1	1	4781.645093750	4781.653218750	1400.000	4000.000	1.0000
70	Spectrogram 1	1	4781.645093750	4781.653218750	1400.000	4000.000	1.0000
71	Waveform 1	1	4787.353718750	4787.366718750	1400.000	4000.000	1.0000
71	Spectrogram 1	1	4787.353718750	4787.366718750	1400.000	4000.000	1.0000
72	Waveform 1	1	4792.006093750	4792.020718750	1400.000	4000.000	1.0000
72	Spectrogram 1	1	4792.006093750	4792.020718750	1400.000	4000.000	1.0000
73	Waveform 1	1	4793.239468750	4793.260593750	1400.000	4000.000	1.0000
73	Spectrogram 1	1	4793.239468750	4793.260593750	1400.000	4000.000	1.0000
74	Waveform 1	1	4797.417343750	4797.435218750	1400.000	4000.000	1.0000
74	Spectrogram 1	1	4797.417343750	4797.435218750	1400.000	4000.000	1.0000
75	Waveform 1	1	4807.100718750	4807.118593750	1400.000	4000.000	1.0000
75	Spectrogram 1	1	4807.100718750	4807.118593750	1400.000	4000.000	1.0000
76	Waveform 1	1	4848.092968750	4848.104343750	1400.000	4000.000	1.0000
76	Spectrogram 1	1	4848.092968750	4848.104343750	1400.000	4000.000	1.0000
77	Waveform 1	1	4850.923718750	4850.931843750	1400.000	4000.000	1.0000
77	Spectrogram 1	1	4850.923718750	4850.931843750	1400.000	4000.000	1.0000
78	Waveform 1	1	4874.341593750	4874.351343750	1400.000	4000.000	1.0000
78	Spectrogram 1	1	4874.341593750	4874.351343750	1400.000	4000.000	1.0000
79	Waveform 1	1	4886.712718750	4886.732218750	1400.000	4000.000	1.0000
79	Spectrogram 1	1	4886.712718750	4886.732218750	1400.000	4000.000	1.0000
80	Waveform 1	1	4899.251218750	4899.259343750	1400.000	4000.000	1.0000
80	Spectrogram 1	1	4899.251218750	4899.259343750	1400.000	4000.000	1.0000
81	Waveform 1	1	4903.661468750	4903.677718750	1400.000	4000.000	1.0000
81	Spectrogram 1	1	4903.661468750	4903.677718750	1400.000	4000.000	1.0000
82	Waveform 1	1	4905.577343750	4905.587093750	1400.000	4000.000	1.0000
82	Spectrogram 1	1	4905.577343750	4905.587093750	1400.000	4000.000	1.0000
83	Waveform 1	1	4922.816968750	4922.834843750	1400.000	4000.000	1.0000
83	Spectrogram 1	1	4922.816968750	4922.834843750	1400.000	4000.000	1.0000
84	Waveform 1	1	5022.920218750	5022.928343750	1400.000	4000.000	1.0000
84	Spectrogram 1	1	5022.920218750	5022.928343750	1400.000	4000.000	1.0000
85	Waveform 1	1	5042.811843750	5042.823218750	1400.000	4000.000	1.0000
85	Spectrogram 1	1	5042.811843750	5042.823218750	1400.000	4000.000	1.0000
86	Waveform 1	1	5062.167218750	5062.178593750	1400.000	4000.000	1.0000
86	Spectrogram 1	1	5062.167218750	5062.178593750	1400.000	4000.000	1.0000
87	Waveform 1	1	5094.217093750	5094.226843750	1400.000	4000.000	1.0000
87	Spectrogram 1	1	5094.217093750	5094.226843750	1400.000	4000.000	1.0000
88	Waveform 1	1	5101.383343750	5101.391468750	1400.000	4000.000	1.0000
88	Spectrogram 1	1	5101.383343750	5101.391468750	1400.000	4000.000	1.0000
89	Waveform 1	1	5112.291968750	5112.306593750	1400.000	4000.000	1.0000
89	Spectrogram 1	1	5112.291968750	5112.306593750	1400.000	4000.000	1.0000
90	Waveform 1	1	5127.415843750	5127.430468750	1400.000	4000.000	1.0000
90	Spectrogram 1	1	5127.415843750	5127.430468750	1400.000	4000.000	1.0000
91	Waveform 1	1	5170.609968750	5170.619718750	1400.000	4000.000	1.0000
91	Spectrogram 1	1	5170.609968750	5170.619718750	1400.000	4000.000	1.0000
92	Waveform 1	1	5395.097218750	5395.105343750	1400.000	4000.000	1.0000
92	Spectrogram 1	1	5395.097218750	5395.105343750	1400.000	4000.000	1.0000
93	Waveform 1	1	5905.532468750	5905.540593750	1400.000	4000.000	1.0000
93	Spectrogram 1	1	5905.532468750	5905.540593750	1400.000	4000.000	1.0000
94	Waveform 1	1	5916.582468750	5916.600343750	1400.000	4000.000	1.0000
94	Spectrogram 1	1	5916.582468750	5916.600343750	1400.000	4000.000	1.0000
95	Waveform 1	1	5917.068343750	5917.092718750	1400.000	4000.000	1.0000
95	Spectrogram 1	1	5917.068343750	5917.092718750	1400.000	4000.000	1.0000
96	Waveform 1	1	6277.626593750	6277.642843750	1400.000	4000.000	1.0000
96	Spectrogram 1	1	6277.626593750	6277.642843750	1400.000	4000.000	1.0000
97	Waveform 1	1	6658.476218750	6658.484343750	1400.000	4000.000	1.0000
97	Spectrogram 1	1	6658.476218750	6658.484343750	1400.000	4000.000	1.0000
98	Waveform 1	1	9209.095718750	9209.105468750	1400.000	4000.000	1.0000
98	Spectrogram 1	1	9209.095718750	9209.105468750	1400.000	4000.000	1.0000
99	Waveform 1	1	9251.308343750	9251.326218750	1400.000	4000.000	1.0000
99	Spectrogram 1	1	9251.308343750	9251.326218750	1400.000	4000.000	1.0000
100	Waveform 1	1	9251.373343750	9251.386343750	1400.000	4000.000	1.0000
100	Spectrogram 1	1	9251.373343750	9251.386343750	1400.000	4000.000	1.0000
101	Waveform 1	1	9266.258343750	9266.268093750	1400.000	4000.000	1.0000
101	Spectrogram 1	1	9266.258343750	9266.268093750	1400.000	4000.000	1.0000
102	Waveform 1	1	15594.676218750	15594.687593750	1400.000	4000.000	1.0000
102	Spectrogram 1	1	15594.676218750	15594.687593750	1400.000	4000.000	1.0000
103	Waveform 1	1	17352.528093750	17352.537843750	1400.000	4000.000	1.0000
103	Spectrogram 1	1	17352.528093750	17352.537843750	1400.000	4000.000	1.0000
104	Waveform 1	1	18438.281593750	18438.299468750	1400.000	4000.000	1.0000
104	Spectrogram 1	1	18438.281593750	18438.299468750	1400.000	4000.000	1.0000
105	Waveform 1	1	20463.221718750	20463.231468750	1400.000	4000.000	1.0000
105	Spectrogram 1	1	20463.221718750	20463.231468750	1400.000	4000.000	1.0000
106	Waveform 1	1	20529.810968750	20529.820718750	1400.000	4000.000	1.0000
106	Spectrogram 1	1	20529.810968750	20529.820718750	1400.000	4000.000	1.0000
107	Waveform 1	1	20772.364968750	20772.373093750	1400.000	4000.000	1.0000
107	Spectrogram 1	1	20772.364968750	20772.373093750	1400.000	4000.000	1.0000
108	Waveform 1	1	20995.500218750	20995.511593750	1400.000	4000.000	1.0000
108	Spectrogram 1	1	20995.500218750	20995.511593750	1400.000	4000.000	1.0000
109	Waveform 1	1	21256.244468750	21256.252593750	1400.000	4000.000	1.0000
109	Spectrogram 1	1	21256.244468750	21256.252593750	1400.000	4000.000	1.0000
110	Waveform 1	1	21326.444468750	21326.457468750	1400.000	4000.000	1.0000
110	Spectrogram 1	1	21326.444468750	21326.457468750	1400.000	4000.000	1.0000
111	Waveform 1	1	21492.464218750	21492.488593750	1400.000	4000.000	1.0000
111	Spectrogram 1	1	21492.464218750	21492.488593750	1400.000	4000.000	1.0000
112	Waveform 1	1	21492.577968750	21492.587718750	1400.000	4000.000	1.0000
112	Spectrogram 1	1	21492.577968750	21492.587718750	1400.000	4000.000	1.0000
113	Waveform 1	1	21959.342968750	21959.355968750	1400.000	4000.000	1.0000
113	Spectrogram 1	1	21959.342968750	21959.355968750	1400.000	4000.000	1.0000
114	Waveform 1	1	21961.942968750	21961.965718750	1400.000	4000.000	1.0000
114	Spectrogram 1	1	21961.942968750	21961.965718750	1400.000	4000.000	1.0000
115	Waveform 1	1	21962.025843750	21962.037218750	1400.000	4000.000	1.0000
115	Spectrogram 1	1	21962.025843750	21962.037218750	1400.000	4000.000	1.0000
116	Waveform 1	1	21970.121593750	21970.145968750	1400.000	4000.000	1.0000
116	Spectrogram 1	1	21970.121593750	21970.145968750	1400.000	4000.000	1.0000
117	Waveform 1	1	22059.776093750	22059.787468750	1400.000	4000.000	1.0000
117	Spectrogram 1	1	22059.776093750	22059.787468750	1400.000	4000.000	1.0000
118	Waveform 1	1	22060.421218750	22060.430968750	1400.000	4000.000	1.0000
118	Spectrogram 1	1	22060.421218750	22060.430968750	1400.000	4000.000	1.0000
119	Waveform 1	1	22348.636093750	22348.662093750	1400.000	4000.000	0.8750
119	Spectrogram 1	1	22348.636093750	22348.662093750	1400.000	4000.000	0.8750
120	Waveform 1	1	23413.098843750	23413.111843750	1400.000	4000.000	1.0000
120	Spectrogram 1	1	23413.098843750	23413.111843750	1400.000	4000.000	1.0000
121	Waveform 1	1	23675.833718750	23675.848343750	1400.000	4000.000	1.0000
121	Spectrogram 1	1	23675.833718750	23675.848343750	1400.000	4000.000	1.0000
122	Waveform 1	1	24409.776343750	24409.789343750	1400.000	4000.000	1.0000
122	Spectrogram 1	1	24409.776343750	24409.789343750	1400.000	4000.000	1.0000
123	Waveform 1	1	25014.672843750	25014.680968750	1400.000	4000.000	1.0000
123	Spectrogram 1	1	25014.672843750	25014.680968750	1400.000	4000.000	1.0000
124	Waveform 1	1	25338.744968750	25338.769343750	1400.000	4000.000	1.0000
124	Spectrogram 1	1	25338.744968750	25338.769343750	1400.000	4000.000	1.0000
125	Waveform 1	1	25410.885218750	25410.898218750	1400.000	4000.000	1.0000
125	Spectrogram 1	1	25410.885218750	25410.898218750	1400.000	4000.000	1.0000
126	Waveform 1	1	25643.141593750	25643.157843750	1400.000	4000.000	1.0000
126	Spectrogram 1	1	25643.141593750	25643.157843750	1400.000	4000.000	1.0000
127	Waveform 1	1	25754.424843750	25754.450843750	1400.000	4000.000	1.0000
127	Spectrogram 1	1	25754.424843750	25754.450843750	1400.000	4000.000	1.0000
128	Waveform 1	1	25754.566218750	25754.584093750	1400.000	4000.000	1.0000
128	Spectrogram 1	1	25754.566218750	25754.584093750	1400.000	4000.000	1.0000
129	Waveform 1	1	25763.732843750	25763.763718750	1400.000	4000.000	1.0000
129	Spectrogram 1	1	25763.732843750	25763.763718750	1400.000	4000.000	1.0000
130	Waveform 1	1	25884.585718750	25884.595468750	1400.000	4000.000	1.0000
130	Spectrogram 1	1	25884.585718750	25884.595468750	1400.000	4000.000	1.0000
131	Waveform 1	1	25893.346093750	25893.375343750	1400.000	4000.000	1.0000
131	Spectrogram 1	1	25893.346093750	25893.375343750	1400.000	4000.000	1.0000
132	Waveform 1	1	25957.075343750	25957.085093750	1400.000	4000.000	1.0000
132	Spectrogram 1	1	25957.075343750	25957.085093750	1400.000	4000.000	1.0000
133	Waveform 1	1	26027.582468750	26027.590593750	1400.000	4000.000	1.0000
133	Spectrogram 1	1	26027.582468750	26027.590593750	1400.000	4000.000	1.0000
134	Waveform 1	1	26034.217343750	26034.230343750	1400.000	4000.000	1.0000
134	Spectrogram 1	1	26034.217343750	26034.230343750	1400.000	4000.000	1.0000
135	Waveform 1	1	27745.980968750	27746.006968750	1400.000	4000.000	1.0000
135	Spectrogram 1	1	27745.980968750	27746.006968750	1400.000	4000.000	1.0000
136	Waveform 1	1	27757.344593750	27757.359218750	1400.000	4000.000	1.0000
136	Spectrogram 1	1	27757.344593750	27757.359218750	1400.000	4000.000	1.0000
137	Waveform 1	1	28167.569343750	28167.579093750	1400.000	4000.000	1.0000
137	Spectrogram 1	1	28167.569343750	28167.579093750	1400.000	4000.000	1.0000
138	Waveform 1	1	28202.448343750	28202.456468750	1400.000	4000.000	1.0000
138	Spectrogram 1	1	28202.448343750	28202.456468750	1400.000	4000.000	1.0000
139	Waveform 1	1	28407.773593750	28407.806093750	1400.000	4000.000	1.0000
139	Spectrogram 1	1	28407.773593750	28407.806093750	1400.000	4000.000	1.0000
140	Waveform 1	1	28407.858093750	28407.867843750	1400.000	4000.000	1.0000
140	Spectrogram 1	1	28407.858093750	28407.867843750	1400.000	4000.000	1.0000
141	Waveform 1	1	28460.813593750	28460.828218750	1400.000	4000.000	1.0000
141	Spectrogram 1	1	28460.813593750	28460.828218750	1400.000	4000.000	1.0000
142	Waveform 1	1	33576.424093750	33576.433843750	1400.000	4000.000	1.0000
142	Spectrogram 1	1	33576.424093750	33576.433843750	1400.000	4000.000	1.0000
143	Waveform 1	1	34233.692718750	34233.702468750	1400.000	4000.000	1.0000
143	Spectrogram 1	1	34233.692718750	34233.702468750	1400.000	4000.000	1.0000
144	Waveform 1	1	35433.196218750	35433.210843750	1400.000	4000.000	1.0000
144	Spectrogram 1	1	35433.196218750	35433.210843750	1400.000	4000.000	1.0000
145	Waveform 1	1	36271.387468750	36271.395593750	1400.000	4000.000	1.0000
145	Spectrogram 1	1	36271.387468750	36271.395593750	1400.000	4000.000	1.0000
146	Waveform 1	1	36271.465468750	36271.481718750	1400.000	4000.000	1.0000
146	Spectrogram 1	1	36271.465468750	36271.481718750	1400.000	4000.000	1.0000
147	Waveform 1	1	36297.548343750	36297.558093750	1400.000	4000.000	1.0000
147	Spectrogram 1	1	36297.548343750	36297.558093750	1400.000	4000.000	1.0000
148	Waveform 1	1	36297.631218750	36297.640968750	1400.000	4000.000	1.0000
148	Spectrogram 1	1	36297.631218750	36297.640968750	1400.000	4000.000	1.0000
149	Waveform 1	1	36297.780718750	36297.788843750	1400.000	4000.000	1.0000
149	Spectrogram 1	1	36297.780718750	36297.788843750	1400.000	4000.000	1.0000
150	Waveform 1	1	36297.889593750	36297.900968750	1400.000	4000.000	1.0000
150	Spectrogram 1	1	36297.889593750	36297.900968750	1400.000	4000.000	1.0000
151	Waveform 1	1	36411.917468750	36411.943468750	1400.000	4000.000	1.0000
151	Spectrogram 1	1	36411.917468750	36411.943468750	1400.000	4000.000	1.0000
152	Waveform 1	1	36946.758593750	36946.769968750	1400.000	4000.000	1.0000
152	Spectrogram 1	1	36946.758593750	36946.769968750	1400.000	4000.000	1.0000
153	Waveform 1	1	36985.412468750	36985.430343750	1400.000	4000.000	1.0000
153	Spectrogram 1	1	36985.412468750	36985.430343750	1400.000	4000.000	1.0000
154	Waveform 1	1	38728.296468750	38728.315968750	1400.000	4000.000	1.0000
154	Spectrogram 1	1	38728.296468750	38728.315968750	1400.000	4000.000	1.0000
155	Waveform 1	1	39787.958968750	39787.975218750	1400.000	4000.000	1.0000
155	Spectrogram 1	1	39787.958968750	39787.975218750	1400.000	4000.000	1.0000
156	Waveform 1	1	40822.765468750	40822.780093750	1400.000	4000.000	1.0000
156	Spectrogram 1	1	40822.765468750	40822.780093750	1400.000	4000.000	1.0000
157	Waveform 1	1	41961.802718750	41961.817343750	1400.000	4000.000	1.0000
157	Spectrogram 1	1	41961.802718750	41961.817343750	1400.000	4000.000	1.0000
158	Waveform 1	1	42801.256593750	42801.287468750	1400.000	4000.000	1.0000
158	Spectrogram 1	1	42801.256593750	42801.287468750	1400.000	4000.000	1.0000
159	Waveform 1	1	42830.422093750	42830.433468750	1400.000	4000.000	1.0000
159	Spectrogram 1	1	42830.422093750	42830.433468750	1400.000	4000.000	1.0000
160	Waveform 1	1	42959.359343750	42959.370718750	1400.000	4000.000	1.0000
160	Spectrogram 1	1	42959.359343750	42959.370718750	1400.000	4000.000	1.0000
161	Waveform 1	1	43016.378968750	43016.396843750	1400.000	4000.000	1.0000
161	Spectrogram 1	1	43016.378968750	43016.396843750	1400.000	4000.000	1.0000
162	Waveform 1	1	43027.836843750	43027.849843750	1400.000	4000.000	1.0000
162	Spectrogram 1	1	43027.836843750	43027.849843750	1400.000	4000.000	1.0000
163	Waveform 1	1	43401.877718750	43401.890718750	1400.000	4000.000	1.0000
163	Spectrogram 1	1	43401.877718750	43401.890718750	1400.000	4000.000	1.0000
164	Waveform 1	1	43404.604468750	43404.614218750	1400.000	4000.000	1.0000
164	Spectrogram 1	1	43404.604468750	43404.614218750	1400.000	4000.000	1.0000
165	Waveform 1	1	43666.315593750	43666.326968750	1400.000	4000.000	1.0000
165	Spectrogram 1	1	43666.315593750	43666.326968750	1400.000	4000.000	1.0000
166	Waveform 1	1	43680.576593750	43680.586343750	1400.000	4000.000	1.0000
166	Spectrogram 1	1	43680.576593750	43680.586343750	1400.000	4000.000	1.0000
167	Waveform 1	1	43732.818718750	43732.830093750	1400.000	4000.000	1.0000
167	Spectrogram 1	1	43732.818718750	43732.830093750	1400.000	4000.000	1.0000
168	Waveform 1	1	43810.181718750	43810.207718750	1400.000	4000.000	1.0000
168	Spectrogram 1	1	43810.181718750	43810.207718750	1400.000	4000.000	1.0000
169	Waveform 1	1	43949.626218750	43949.634343750	1400.000	4000.000	1.0000
169	Spectrogram 1	1	43949.626218750	43949.634343750	1400.000	4000.000	1.0000
170	Waveform 1	1	44065.735718750	44065.743843750	1400.000	4000.000	1.0000
170	Spectrogram 1	1	44065.735718750	44065.743843750	1400.000	4000.000	1.0000
171	Waveform 1	1	44081.499843750	44081.512843750	1400.000	4000.000	1.0000
171	Spectrogram 1	1	44081.499843750	44081.512843750	1400.000	4000.000	1.0000
172	Waveform 1	1	44241.113843750	44241.126843750	1400.000	4000.000	1.0000
172	Spectrogram 1	1	44241.113843750	44241.126843750	1400.000	4000.000	1.0000
173	Waveform 1	1	44300.291468750	44300.301218750	1400.000	4000.000	1.0000
173	Spectrogram 1	1	44300.291468750	44300.301218750	1400.000	4000.000	1.0000
174	Waveform 1	1	44300.427968750	44300.439343750	1400.000	4000.000	1.0000
174	Spectrogram 1	1	44300.427968750	44300.439343750	1400.000	4000.000	1.0000
175	Waveform 1	1	44329.466718750	44329.484593750	1400.000	4000.000	1.0000
175	Spectrogram 1	1	44329.466718750	44329.484593750	1400.000	4000.000	1.0000
176	Waveform 1	1	44603.672468750	44603.685468750	1400.000	4000.000	1.0000
176	Spectrogram 1	1	44603.672468750	44603.685468750	1400.000	4000.000	1.0000
177	Waveform 1	1	44611.313218750	44611.321343750	1400.000	4000.000	1.0000
177	Spectrogram 1	1	44611.313218750	44611.321343750	1400.000	4000.000	1.0000
178	Waveform 1	1	44622.234843750	44622.244593750	1400.000	4000.000	1.0000
178	Spectrogram 1	1	44622.234843750	44622.244593750	1400.000	4000.000	1.0000
179	Waveform 1	1	44633.444093750	44633.453843750	1400.000	4000.000	1.0000
179	Spectrogram 1	1	44633.444093750	44633.453843750	1400.000	4000.000	1.0000
180	Waveform 1	1	44633.705718750	44633.713843750	1400.000	4000.000	1.0000
180	Spectrogram 1	1	44633.705718750	44633.713843750	1400.000	4000.000	1.0000
181	Waveform 1	1	44658.881843750	44658.909468750	1400.000	4000.000	1.0000
181	Spectrogram 1	1	44658.881843750	44658.909468750	1400.000	4000.000	1.0000
182	Waveform 1	1	44686.698593750	44686.709968750	1400.000	4000.000	1.0000
182	Spectrogram 1	1	44686.698593750	44686.709968750	1400.000	4000.000	1.0000
183	Waveform 1	1	44702.409093750	44702.438343750	1400.000	4000.000	1.0000
183	Spectrogram 1	1	44702.409093750	44702.438343750	1400.000	4000.000	1.0000
184	Waveform 1	1	44783.946718750	44783.956468750	1400.000	4000.000	1.0000
184	Spectrogram 1	1	44783.946718750	44783.956468750	1400.000	4000.000	1.0000
185	Waveform 1	1	44928.779718750	44928.789468750	1400.000	4000.000	1.0000
185	Spectrogram 1	1	44928.779718750	44928.789468750	1400.000	4000.000	1.0000
186	Waveform 1	1	44933.445093750	44933.459718750	1400.000	4000.000	1.0000
186	Spectrogram 1	1	44933.445093750	44933.459718750	1400.000	4000.000	1.0000
187	Waveform 1	1	44937.150093750	44937.166343750	1400.000	4000.000	1.0000
187	Spectrogram 1	1	44937.150093750	44937.166343750	1400.000	4000.000	1.0000
188	Waveform 1	1	44951.120218750	44951.128343750	1400.000	4000.000	1.0000
188	Spectrogram 1	1	44951.120218750	44951.128343750	1400.000	4000.000	1.0000
189	Waveform 1	1	44983.824968750	44983.847718750	1400.000	4000.000	1.0000
189	Spectrogram 1	1	44983.824968750	44983.847718750	1400.000	4000.000	1.0000
190	Waveform 1	1	45007.363093750	45007.372843750	1400.000	4000.000	1.0000
190	Spectrogram 1	1	45007.363093750	45007.372843750	1400.000	4000.000	1.0000
191	Waveform 1	1	45065.915093750	45065.926468750	1400.000	4000.000	1.0000
191	Spectrogram 1	1	45065.915093750	45065.926468750	1400.000	4000.000	1.0000
192	Waveform 1	1	45194.030093750	45194.038218750	1400.000	4000.000	1.0000
192	Spectrogram 1	1	45194.030093750	45194.038218750	1400.000	4000.000	1.0000
193	Waveform 1	1	45261.776343750	45261.784468750	1400.000	4000.000	1.0000
193	Spectrogram 1	1	45261.776343750	45261.784468750	1400.000	4000.000	1.0000
194	Waveform 1	1	45293.363093750	45293.372843750	1400.000	4000.000	1.0000
194	Spectrogram 1	1	45293.363093750	45293.372843750	1400.000	4000.000	1.0000
195	Waveform 1	1	45297.107093750	45297.121718750	1400.000	4000.000	1.0000
195	Spectrogram 1	1	45297.107093750	45297.121718750	1400.000	4000.000	1.0000
196	Waveform 1	1	45317.786843750	45317.799843750	1400.000	4000.000	1.0000
196	Spectrogram 1	1	45317.786843750	45317.799843750	1400.000	4000.000	1.0000
197	Waveform 1	1	45322.172718750	45322.180843750	1400.000	4000.000	1.0000
197	Spectrogram 1	1	45322.172718750	45322.180843750	1400.000	4000.000	1.0000
198	Waveform 1	1	45444.167968750	45444.177718750	1400.000	4000.000	1.0000
198	Spectrogram 1	1	45444.167968750	45444.177718750	1400.000	4000.000	1.0000
199	Waveform 1	1	46410.451468750	46410.459593750	1400.000	4000.000	1.0000
199	Spectrogram 1	1	46410.451468750	46410.459593750	1400.000	4000.000	1.0000
200	Waveform 1	1	46438.732968750	46438.741093750	1400.000	4000.000	1.0000
200	Spectrogram 1	1	46438.732968750	46438.741093750	1400.000	4000.000	1.0000
201	Waveform 1	1	46694.160218750	46694.169968750	1400.000	4000.000	1.0000
201	Spectrogram 1	1	46694.160218750	46694.169968750	1400.000	4000.000	1.0000
202	Waveform 1	1	47560.397343750	47560.408718750	1400.000	4000.000	1.0000
202	Spectrogram 1	1	47560.397343750	47560.408718750	1400.000	4000.000	1.0000
203	Waveform 1	1	47839.200218750	47839.211593750	1400.000	4000.000	1.0000
203	Spectrogram 1	1	47839.200218750	47839.211593750	1400.000	4000.000	1.0000
204	Waveform 1	1	48286.037843750	48286.052468750	1400.000	4000.000	1.0000
204	Spectrogram 1	1	48286.037843750	48286.052468750	1400.000	4000.000	1.0000
205	Waveform 1	1	48286.167843750	48286.177593750	1400.000	4000.000	1.0000
205	Spectrogram 1	1	48286.167843750	48286.177593750	1400.000	4000.000	1.0000
206	Waveform 1	1	50013.378718750	50013.406343750	1400.000	4000.000	1.0000
206	Spectrogram 1	1	50013.378718750	50013.406343750	1400.000	4000.000	1.0000
207	Waveform 1	1	50243.260968750	50243.272343750	1400.000	4000.000	1.0000
207	Spectrogram 1	1	50243.260968750	50243.272343750	1400.000	4000.000	1.0000
208	Waveform 1	1	53117.094593750	53117.104343750	1400.000	4000.000	1.0000
208	Spectrogram 1	1	53117.094593750	53117.104343750	1400.000	4000.000	1.0000
209	Waveform 1	1	55319.593593750	55319.603343750	1400.000	4000.000	1.0000
209	Spectrogram 1	1	55319.593593750	55319.603343750	1400.000	4000.000	1.0000
210	Waveform 1	1	57165.060593750	57165.083343750	1400.000	4000.000	1.0000
210	Spectrogram 1	1	57165.060593750	57165.083343750	1400.000	4000.000	1.0000
211	Waveform 1	1	61213.273593750	61213.296343750	1400.000	4000.000	1.0000
211	Spectrogram 1	1	61213.273593750	61213.296343750	1400.000	4000.000	1.0000
212	Waveform 1	1	62811.412343750	62811.425343750	1400.000	4000.000	1.0000
212	Spectrogram 1	1	62811.412343750	62811.425343750	1400.000	4000.000	1.0000
213	Waveform 1	1	62824.540718750	62824.561843750	1400.000	4000.000	1.0000
213	Spectrogram 1	1	62824.540718750	62824.561843750	1400.000	4000.000	1.0000
214	Waveform 1	1	62826.165718750	62826.183593750	1400.000	4000.000	1.0000
214	Spectrogram 1	1	62826.165718750	62826.183593750	1400.000	4000.000	1.0000
215	Waveform 1	1	62826.424093750	62826.443593750	1400.000	4000.000	1.0000
215	Spectrogram 1	1	62826.424093750	62826.443593750	1400.000	4000.000	1.0000
216	Waveform 1	1	63517.666593750	63517.692593750	1400.000	4000.000	1.0000
216	Spectrogram 1	1	63517.666593750	63517.692593750	1400.000	4000.000	1.0000
217	Waveform 1	1	63852.967468750	63852.982093750	1400.000	4000.000	1.0000
217	Spectrogram 1	1	63852.967468750	63852.982093750	1400.000	4000.000	1.0000
218	Waveform 1	1	64011.206718750	64011.222968750	1400.000	4000.000	1.0000
218	Spectrogram 1	1	64011.206718750	64011.222968750	1400.000	4000.000	1.0000
219	Waveform 1	1	64014.185343750	64014.199968750	1400.000	4000.000	1.0000
219	Spectrogram 1	1	64014.185343750	64014.199968750	1400.000	4000.000	1.0000
220	Waveform 1	1	64014.247093750	64014.271468750	1400.000	4000.000	1.0000
220	Spectrogram 1	1	64014.247093750	64014.271468750	1400.000	4000.000	1.0000
221	Waveform 1	1	64014.958843750	64014.978343750	1400.000	4000.000	1.0000
221	Spectrogram 1	1	64014.958843750	64014.978343750	1400.000	4000.000	1.0000
222	Waveform 1	1	64027.962093750	64027.975093750	1400.000	4000.000	1.0000
222	Spectrogram 1	1	64027.962093750	64027.975093750	1400.000	4000.000	1.0000
223	Waveform 1	1	64145.742093750	64145.750218750	1400.000	4000.000	1.0000
223	Spectrogram 1	1	64145.742093750	64145.750218750	1400.000	4000.000	1.0000
224	Waveform 1	1	64673.048093750	64673.059468750	1400.000	4000.000	1.0000
224	Spectrogram 1	1	64673.048093750	64673.059468750	1400.000	4000.000	1.0000
225	Waveform 1	1	64786.382093750	64786.409718750	1400.000	4000.000	1.0000
225	Spectrogram 1	1	64786.382093750	64786.409718750	1400.000	4000.000	1.0000
226	Waveform 1	1	65833.317593750	65833.327343750	1400.000	4000.000	1.0000
226	Spectrogram 1	1	65833.317593750	65833.327343750	1400.000	4000.000	1.0000
227	Waveform 1	1	65988.108593750	65988.124843750	1400.000	4000.000	1.0000
227	Spectrogram 1	1	65988.108593750	65988.124843750	1400.000	4000.000	1.0000
228	Waveform 1	1	66318.571843750	66318.586468750	1400.000	4000.000	1.0000
228	Spectrogram 1	1	66318.571843750	66318.586468750	1400.000	4000.000	1.0000
229	Waveform 1	1	66674.183593750	66674.199843750	1400.000	4000.000	1.0000
229	Spectrogram 1	1	66674.183593750	66674.199843750	1400.000	4000.000	1.0000
230	Waveform 1	1	66693.771343750	66693.781093750	1400.000	4000.000	1.0000
230	Spectrogram 1	1	66693.771343750	66693.781093750	1400.000	4000.000	1.0000
231	Waveform 1	1	66785.944593750	66785.957593750	1400.000	4000.000	1.0000
231	Spectrogram 1	1	66785.944593750	66785.957593750	1400.000	4000.000	1.0000
232	Waveform 1	1	66849.308218750	66849.326093750	1400.000	4000.000	1.0000
232	Spectrogram 1	1	66849.308218750	66849.326093750	1400.000	4000.000	1.0000
233	Waveform 1	1	66923.931468750	66923.950968750	1400.000	4000.000	1.0000
233	Spectrogram 1	1	66923.931468750	66923.950968750	1400.000	4000.000	1.0000
234	Waveform 1	1	67110.304343750	67110.325468750	1400.000	4000.000	1.0000
234	Spectrogram 1	1	67110.304343750	67110.325468750	1400.000	4000.000	1.0000
235	Waveform 1	1	67437.826343750	67437.834468750	1400.000	4000.000	1.0000
235	Spectrogram 1	1	67437.826343750	67437.834468750	1400.000	4000.000	1.0000
236	Waveform 1	1	67486.906218750	67486.917593750	1400.000	4000.000	1.0000
236	Spectrogram 1	1	67486.906218750	67486.917593750	1400.000	4000.000	1.0000
237	Waveform 1	1	67499.872093750	67499.886718750	1400.000	4000.000	1.0000
237	Spectrogram 1	1	67499.872093750	67499.886718750	1400.000	4000.000	1.0000
238	Waveform 1	1	67505.622968750	67505.639218750	1400.000	4000.000	1.0000
238	Spectrogram 1	1	67505.622968750	67505.639218750	1400.000	4000.000	1.0000
239	Waveform 1	1	67507.035093750	67507.051343750	1400.000	4000.000	1.0000
239	Spectrogram 1	1	67507.035093750	67507.051343750	1400.000	4000.000	1.0000
240	Waveform 1	1	67540.420718750	67540.441843750	1400.000	4000.000	1.0000
240	Spectrogram 1	1	67540.420718750	67540.441843750	1400.000	4000.000	1.0000
241	Waveform 1	1	67560.313968750	67560.323718750	1400.000	4000.000	1.0000
241	Spectrogram 1	1	67560.313968750	67560.323718750	1400.000	4000.000	1.0000
242	Waveform 1	1	67870.012968750	67870.021093750	1400.000	4000.000	1.0000
242	Spectrogram 1	1	67870.012968750	67870.021093750	1400.000	4000.000	1.0000
243	Waveform 1	1	67877.258843750	67877.270218750	1400.000	4000.000	1.0000
243	Spectrogram 1	1	67877.258843750	67877.270218750	1400.000	4000.000	1.0000
244	Waveform 1	1	67983.933593750	67983.954718750	1400.000	4000.000	1.0000
244	Spectrogram 1	1	67983.933593750	67983.954718750	1400.000	4000.000	1.0000
245	Waveform 1	1	68196.810218750	68196.818343750	1400.000	4000.000	1.0000
245	Spectrogram 1	1	68196.810218750	68196.818343750	1400.000	4000.000	1.0000
246	Waveform 1	1	68282.655718750	68282.671968750	1400.000	4000.000	1.0000
246	Spectrogram 1	1	68282.655718750	68282.671968750	1400.000	4000.000	1.0000
247	Waveform 1	1	68350.401968750	68350.416593750	1400.000	4000.000	1.0000
247	Spectrogram 1	1	68350.401968750	68350.416593750	1400.000	4000.000	1.0000
248	Waveform 1	1	68356.654968750	68356.663093750	1400.000	4000.000	1.0000
248	Spectrogram 1	1	68356.654968750	68356.663093750	1400.000	4000.000	1.0000
249	Waveform 1	1	68405.211593750	68405.227843750	1400.000	4000.000	1.0000
249	Spectrogram 1	1	68405.211593750	68405.227843750	1400.000	4000.000	1.0000
250	Waveform 1	1	68411.095718750	68411.113593750	1400.000	4000.000	1.0000
250	Spectrogram 1	1	68411.095718750	68411.113593750	1400.000	4000.000	1.0000
251	Waveform 1	1	68520.671093750	68520.682468750	1400.000	4000.000	1.0000
251	Spectrogram 1	1	68520.671093750	68520.682468750	1400.000	4000.000	1.0000
252	Waveform 1	1	68653.818718750	68653.834968750	1400.000	4000.000	1.0000
252	Spectrogram 1	1	68653.818718750	68653.834968750	1400.000	4000.000	1.0000
253	Waveform 1	1	68850.282843750	68850.294218750	1400.000	4000.000	1.0000
253	Spectrogram 1	1	68850.282843750	68850.294218750	1400.000	4000.000	1.0000
254	Waveform 1	1	68850.333218750	68850.342968750	1400.000	4000.000	1.0000
254	Spectrogram 1	1	68850.333218750	68850.342968750	1400.000	4000.000	1.0000
255	Waveform 1	1	68985.196843750	68985.204968750	1400.000	4000.000	1.0000
255	Spectrogram 1	1	68985.196843750	68985.204968750	1400.000	4000.000	1.0000
256	Waveform 1	1	68991.924343750	68991.934093750	1400.000	4000.000	1.0000
256	Spectrogram 1	1	68991.924343750	68991.934093750	1400.000	4000.000	1.0000
257	Waveform 1	1	68993.651718750	68993.664718750	1400.000	4000.000	1.0000
257	Spectrogram 1	1	68993.651718750	68993.664718750	1400.000	4000.000	1.0000
258	Waveform 1	1	68995.333593750	68995.346593750	1400.000	4000.000	1.0000
258	Spectrogram 1	1	68995.333593750	68995.346593750	1400.000	4000.000	1.0000
259	Waveform 1	1	69111.464218750	69111.482093750	1400.000	4000.000	1.0000
259	Spectrogram 1	1	69111.464218750	69111.482093750	1400.000	4000.000	1.0000
260	Waveform 1	1	69192.303093750	69192.320968750	1400.000	4000.000	1.0000
260	Spectrogram 1	1	69192.303093750	69192.320968750	1400.000	4000.000	1.0000
261	Waveform 1	1	69561.085468750	69561.096843750	1400.000	4000.000	1.0000
261	Spectrogram 1	1	69561.085468750	69561.096843750	1400.000	4000.000	1.0000
262	Waveform 1	1	69653.536593750	69653.552843750	1400.000	4000.000	1.0000
262	Spectrogram 1	1	69653.536593750	69653.552843750	1400.000	4000.000	1.0000
263	Waveform 1	1	70260.560218750	70260.573218750	1400.000	4000.000	1.0000
263	Spectrogram 1	1	70260.560218750	70260.573218750	1400.000	4000.000	1.0000
264	Waveform 1	1	70501.695593750	70501.703718750	1400.000	4000.000	1.0000
264	Spectrogram 1	1	70501.695593750	70501.703718750	1400.000	4000.000	1.0000
265	Waveform 1	1	70832.329468750	70832.340843750	1400.000	4000.000	1.0000
265	Spectrogram 1	1	70832.329468750	70832.340843750	1400.000	4000.000	1.0000
266	Waveform 1	1	71574.122468750	71574.140343750	1400.000	4000.000	1.0000
266	Spectrogram 1	1	71574.122468750	71574.140343750	1400.000	4000.000	1.0000
267	Waveform 1	1	78664.824593750	78664.837593750	1400.000	4000.000	1.0000
267	Spectrogram 1	1	78664.824593750	78664.837593750	1400.000	4000.000	1.0000
268	Waveform 1	1	80383.471718750	80383.499343750	1400.000	4000.000	1.0000
268	Spectrogram 1	1	80383.471718750	80383.499343750	1400.000	4000.000	1.0000
269	Waveform 1	1	83654.817718750	83654.827468750	1400.000	4000.000	1.0000
269	Spectrogram 1	1	83654.817718750	83654.827468750	1400.000	4000.000	1.0000
270	Waveform 1	1	85657.066343750	85657.080968750	1400.000	4000.000	1.0000
270	Spectrogram 1	1	85657.066343750	85657.080968750	1400.000	4000.000	1.0000
271	Waveform 1	1	85720.252843750	85720.269093750	1400.000	4000.000	1.0000
271	Spectrogram 1	1	85720.252843750	85720.269093750	1400.000	4000.000	1.0000
