Selection	View	Channel	Begin Time (s)	End Time (s)	Low Freq (Hz)	High Freq (Hz)	Occupancy
1	Waveform 1	1	3020.743093750	3020.752843750	1400.000	4000.000	1.0000
1	Spectrogram 1	1	3020.743093750	3020.752843750	1400.000	4000.000	1.0000
2	Waveform 1	1	3342.935093750	3342.944843750	1400.000	4000.000	1.0000
2	Spectrogram 1	1	3342.935093750	3342.944843750	1400.000	4000.000	1.0000
3	Waveform 1	1	3410.938093750	3410.946218750	1400.000	4000.000	1.0000
3	Spectrogram 1	1	3410.938093750	3410.946218750	1400.000	4000.000	1.0000
4	Waveform 1	1	3499.117093750	3499.125218750	1400.000	4000.000	1.0000
4	Spectrogram 1	1	3499.117093750	3499.125218750	1400.000	4000.000	1.0000
5	Waveform 1	1	3518.448093750	3518.464343750	1400.000	4000.000	1.0000
5	Spectrogram 1	1	3518.448093750	3518.464343750	1400.000	4000.000	1.0000
6	Waveform 1	1	3578.491843750	3578.499968750	1400.000	4000.000	1.0000
6	Spectrogram 1	1	3578.491843750	3578.499968750	1400.000	4000.000	1.0000
7	Waveform 1	1	3707.741093750	3707.754093750	1400.000	4000.000	1.0000
7	Spectrogram 1	1	3707.741093750	3707.754093750	1400.000	4000.000	1.0000
8	Waveform 1	1	3720.100843750	3720.108968750	1400.000	4000.000	1.0000
8	Spectrogram 1	1	3720.100843750	3720.108968750	1400.000	4000.000	1.0000
9	Waveform 1	1	3722.408343750	3722.424593750	1400.000	4000.000	1.0000
9	Spectrogram 1	1	3722.408343750	3722.424593750	1400.000	4000.000	1.0000
10	Waveform 1	1	3845.232343750	3845.243718750	1400.000	4000.000	1.0000
10	Spectrogram 1	1	3845.232343750	3845.243718750	1400.000	4000.000	1.0000
11	Waveform 1	1	4086.143468750	4086.151593750	1400.000	4000.000	1.0000
11	Spectrogram 1	1	4086.143468750	4086.151593750	1400.000	4000.000	1.0000
12	Waveform 1	1	4349.234218750	4349.248843750	1400.000	4000.000	1.0000
12	Spectrogram 1	1	4349.234218750	4349.248843750	1400.000	4000.000	1.0000
13	Waveform 1	1	4591.971843750	4591.986468750	1400.000	4000.000	1.0000
13	Spectrogram 1	1	4591.971843750	4591.986468750	1400.000	4000.000	1.0000
14	Waveform 1	1	4593.936468750	4593.949468750	1400.000	4000.000	1.0000
14	Spectrogram 1	1	4593.936468750	4593.949468750	1400.000	4000.000	1.0000
15	Waveform 1	1	4708.978343750	4708.986468750	1400.000	4000.000	1.0000
15	Spectrogram 1	1	4708.978343750	4708.986468750	1400.000	4000.000	1.0000
16	Waveform 1	1	4762.973843750	4762.983593750	1400.000	4000.000	1.0000
16	Spectrogram 1	1	4762.973843750	4762.983593750	1400.000	4000.000	1.0000
17	Waveform 1	1	4805.126343750	4805.145843750	1400.000	4000.000	1.0000
17	Spectrogram 1	1	4805.126343750	4805.145843750	1400.000	4000.000	1.0000
18	Waveform 1	1	4811.965968750	4811.978968750	1400.000	4000.000	1.0000
18	Spectrogram 1	1	4811.965968750	4811.978968750	1400.000	4000.000	1.0000
19	Waveform 1	1	4855.665468750	4855.680093750	1400.000	4000.000	1.0000
19	Spectrogram 1	1	4855.665468750	4855.680093750	1400.000	4000.000	1.0000
20	Waveform 1	1	4978.491093750	4978.502468750	1400.000	4000.000	1.0000
20	Spectrogram 1	1	4978.491093750	4978.502468750	1400.000	4000.000	1.0000
21	Waveform 1	1	5138.553593750	5138.563343750	1400.000	4000.000	1.0000
21	Spectrogram 1	1	5138.553593750	5138.563343750	1400.000	4000.000	1.0000
22	Waveform 1	1	5146.017218750	5146.030218750	1400.000	4000.000	1.0000
22	Spectrogram 1	1	5146.017218750	5146.030218750	1400.000	4000.000	1.0000
23	Waveform 1	1	9026.084968750	9026.096343750	1400.000	4000.000	1.0000
23	Spectrogram 1	1	9026.084968750	9026.096343750	1400.000	4000.000	1.0000
24	Waveform 1	1	9028.150343750	9028.168218750	1400.000	4000.000	1.0000
24	Spectrogram 1	1	9028.150343750	9028.168218750	1400.000	4000.000	1.0000
25	Waveform 1	1	9028.210468750	9028.223468750	1400.000	4000.000	1.0000
25	Spectrogram 1	1	9028.210468750	9028.223468750	1400.000	4000.000	1.0000
26	Waveform 1	1	9028.649218750	9028.668718750	1400.000	4000.000	1.0000
26	Spectrogram 1	1	9028.649218750	9028.668718750	1400.000	4000.000	1.0000
27	Waveform 1	1	9754.084968750	9754.097968750	1400.000	4000.000	1.0000
27	Spectrogram 1	1	9754.084968750	9754.097968750	1400.000	4000.000	1.0000
28	Waveform 1	1	10062.644843750	10062.652968750	1400.000	4000.000	1.0000
28	Spectrogram 1	1	10062.644843750	10062.652968750	1400.000	4000.000	1.0000
29	Waveform 1	1	10581.653593750	10581.663343750	1400.000	4000.000	1.0000
29	Spectrogram 1	1	10581.653593750	10581.663343750	1400.000	4000.000	1.0000
30	Waveform 1	1	11416.446968750	11416.456718750	1400.000	4000.000	1.0000
30	Spectrogram 1	1	11416.446968750	11416.456718750	1400.000	4000.000	1.0000
31	Waveform 1	1	11445.575093750	11445.583218750	1400.000	4000.000	1.0000
31	Spectrogram 1	1	11445.575093750	11445.583218750	1400.000	4000.000	1.0000
32	Waveform 1	1	11597.678343750	11597.689718750	1400.000	4000.000	1.0000
32	Spectrogram 1	1	11597.678343750	11597.689718750	1400.000	4000.000	1.0000
33	Waveform 1	1	11597.728718750	11597.743343750	1400.000	4000.000	1.0000
33	Spectrogram 1	1	11597.728718750	11597.743343750	1400.000	4000.000	1.0000
34	Waveform 1	1	11640.913093750	11640.922843750	1400.000	4000.000	1.0000
34	Spectrogram 1	1	11640.913093750	11640.922843750	1400.000	4000.000	1.0000
35	Waveform 1	1	14109.557843750	14109.567593750	1400.000	4000.000	1.0000
35	Spectrogram 1	1	14109.557843750	14109.567593750	1400.000	4000.000	1.0000
36	Waveform 1	1	14118.046843750	14118.059843750	1400.000	4000.000	1.0000
36	Spectrogram 1	1	14118.046843750	14118.059843750	1400.000	4000.000	1.0000
37	Waveform 1	1	14171.546718750	14171.556468750	1400.000	4000.000	1.0000
37	Spectrogram 1	1	14171.546718750	14171.556468750	1400.000	4000.000	1.0000
38	Waveform 1	1	14411.161093750	14411.170843750	1400.000	4000.000	1.0000
38	Spectrogram 1	1	14411.161093750	14411.170843750	1400.000	4000.000	1.0000
39	Waveform 1	1	19207.114593750	19207.122718750	1400.000	4000.000	1.0000
39	Spectrogram 1	1	19207.114593750	19207.122718750	1400.000	4000.000	1.0000
40	Waveform 1	1	20320.691343750	20320.707593750	1400.000	4000.000	1.0000
40	Spectrogram 1	1	20320.691343750	20320.707593750	1400.000	4000.000	1.0000
41	Waveform 1	1	26239.641718750	26239.664468750	1400.000	4000.000	1.0000
41	Spectrogram 1	1	26239.641718750	26239.664468750	1400.000	4000.000	1.0000
42	Waveform 1	1	26408.979718750	26409.002468750	1400.000	4000.000	1.0000
42	Spectrogram 1	1	26408.979718750	26409.002468750	1400.000	4000.000	1.0000
43	Waveform 1	1	26526.322593750	26526.345343750	1400.000	4000.000	1.0000
43	Spectrogram 1	1	26526.322593750	26526.345343750	1400.000	4000.000	1.0000
44	Waveform 1	1	29608.573843750	29608.585218750	1400.000	4000.000	1.0000
44	Spectrogram 1	1	29608.573843750	29608.585218750	1400.000	4000.000	1.0000
45	Waveform 1	1	29608.642093750	29608.653468750	1400.000	4000.000	1.0000
45	Spectrogram 1	1	29608.642093750	29608.653468750	1400.000	4000.000	1.0000
46	Waveform 1	1	30791.737968750	30791.746093750	1400.000	4000.000	1.0000
46	Spectrogram 1	1	30791.737968750	30791.746093750	1400.000	4000.000	1.0000
47	Waveform 1	1	30791.885843750	30791.893968750	1400.000	4000.000	1.0000
47	Spectrogram 1	1	30791.885843750	30791.893968750	1400.000	4000.000	1.0000
48	Waveform 1	1	30833.227468750	30833.238843750	1400.000	4000.000	1.0000
48	Spectrogram 1	1	30833.227468750	30833.238843750	1400.000	4000.000	1.0000
49	Waveform 1	1	30905.421343750	30905.429468750	1400.000	4000.000	1.0000
49	Spectrogram 1	1	30905.421343750	30905.429468750	1400.000	4000.000	1.0000
50	Waveform 1	1	31019.434593750	31019.447593750	1400.000	4000.000	1.0000
50	Spectrogram 1	1	31019.434593750	31019.447593750	1400.000	4000.000	1.0000
51	Waveform 1	1	31025.944343750	31025.952468750	1400.000	4000.000	1.0000
51	Spectrogram 1	1	31025.944343750	31025.952468750	1400.000	4000.000	1.0000
52	Waveform 1	1	31026.058093750	31026.067843750	1400.000	4000.000	1.0000
52	Spectrogram 1	1	31026.058093750	31026.067843750	1400.000	4000.000	1.0000
53	Waveform 1	1	31039.493593750	31039.504968750	1400.000	4000.000	1.0000
53	Spectrogram 1	1	31039.493593750	31039.504968750	1400.000	4000.000	1.0000
54	Waveform 1	1	31045.237968750	31045.254218750	1400.000	4000.000	1.0000
54	Spectrogram 1	1	31045.237968750	31045.254218750	1400.000	4000.000	1.0000
55	Waveform 1	1	31109.084218750	31109.092343750	1400.000	4000.000	1.0000
55	Spectrogram 1	1	31109.084218750	31109.092343750	1400.000	4000.000	1.0000
56	Waveform 1	1	31176.160968750	31176.170718750	1400.000	4000.000	1.0000
56	Spectrogram 1	1	31176.160968750	31176.170718750	1400.000	4000.000	1.0000
57	Waveform 1	1	31201.494718750	31201.502843750	1400.000	4000.000	1.0000
57	Spectrogram 1	1	31201.494718750	31201.502843750	1400.000	4000.000	1.0000
58	Waveform 1	1	31222.296343750	31222.307718750	1400.000	4000.000	1.0000
58	Spectrogram 1	1	31222.296343750	31222.307718750	1400.000	4000.000	1.0000
59	Waveform 1	1	31223.854718750	31223.862843750	1400.000	4000.000	1.0000
59	Spectrogram 1	1	31223.854718750	31223.862843750	1400.000	4000.000	1.0000
60	Waveform 1	1	31256.036218750	31256.044343750	1400.000	4000.000	1.0000
60	Spectrogram 1	1	31256.036218750	31256.044343750	1400.000	4000.000	1.0000
61	Waveform 1	1	31267.221093750	31267.238968750	1400.000	4000.000	1.0000
61	Spectrogram 1	1	31267.221093750	31267.238968750	1400.000	4000.000	1.0000
62	Waveform 1	1	31316.621093750	31316.629218750	1400.000	4000.000	1.0000
62	Spectrogram 1	1	31316.621093750	31316.629218750	1400.000	4000.000	1.0000
63	Waveform 1	1	31316.744593750	31316.755968750	1400.000	4000.000	1.0000
63	Spectrogram 1	1	31316.744593750	31316.755968750	1400.000	4000.000	1.0000
64	Waveform 1	1	31342.317218750	31342.341593750	1400.000	4000.000	1.0000
64	Spectrogram 1	1	31342.317218750	31342.341593750	1400.000	4000.000	1.0000
65	Waveform 1	1	31414.917343750	31414.928718750	1400.000	4000.000	1.0000
65	Spectrogram 1	1	31414.917343750	31414.928718750	1400.000	4000.000	1.0000
66	Waveform 1	1	31453.730468750	31453.740218750	1400.000	4000.000	1.0000
66	Spectrogram 1	1	31453.730468750	31453.740218750	1400.000	4000.000	1.0000
67	Waveform 1	1	31479.793843750	31479.801968750	1400.000	4000.000	1.0000
67	Spectrogram 1	1	31479.793843750	31479.801968750	1400.000	4000.000	1.0000
68	Waveform 1	1	31589.603218750	31589.611343750	1400.000	4000.000	1.0000
68	Spectrogram 1	1	31589.603218750	31589.611343750	1400.000	4000.000	1.0000
69	Waveform 1	1	31626.467968750	31626.477718750	1400.000	4000.000	1.0000
69	Spectrogram 1	1	31626.467968750	31626.477718750	1400.000	4000.000	1.0000
70	Waveform 1	1	31626.534593750	31626.544343750	1400.000	4000.000	1.0000
70	Spectrogram 1	1	31626.534593750	31626.544343750	1400.000	4000.000	1.0000
71	Waveform 1	1	31697.761593750	31697.769718750	1400.000	4000.000	1.0000
71	Spectrogram 1	1	31697.761593750	31697.769718750	1400.000	4000.000	1.0000
72	Waveform 1	1	31949.106843750	31949.114968750	1400.000	4000.000	1.0000
72	Spectrogram 1	1	31949.106843750	31949.114968750	1400.000	4000.000	1.0000
73	Waveform 1	1	31973.046343750	31973.060968750	1400.000	4000.000	1.0000
73	Spectrogram 1	1	31973.046343750	31973.060968750	1400.000	4000.000	1.0000
74	Waveform 1	1	31973.163343750	31973.171468750	1400.000	4000.000	1.0000
74	Spectrogram 1	1	31973.163343750	31973.171468750	1400.000	4000.000	1.0000
75	Waveform 1	1	31977.001593750	31977.009718750	1400.000	4000.000	1.0000
75	Spectrogram 1	1	31977.001593750	31977.009718750	1400.000	4000.000	1.0000
76	Waveform 1	1	32021.516843750	32021.529843750	1400.000	4000.000	1.0000
76	Spectrogram 1	1	32021.516843750	32021.529843750	1400.000	4000.000	1.0000
77	Waveform 1	1	32059.286718750	32059.294843750	1400.000	4000.000	1.0000
77	Spectrogram 1	1	32059.286718750	32059.294843750	1400.000	4000.000	1.0000
78	Waveform 1	1	32065.204968750	32065.219593750	1400.000	4000.000	1.0000
78	Spectrogram 1	1	32065.204968750	32065.219593750	1400.000	4000.000	1.0000
79	Waveform 1	1	32109.785218750	32109.793343750	1400.000	4000.000	1.0000
79	Spectrogram 1	1	32109.785218750	32109.793343750	1400.000	4000.000	1.0000
80	Waveform 1	1	32109.832343750	32109.840468750	1400.000	4000.000	1.0000
80	Spectrogram 1	1	32109.832343750	32109.840468750	1400.000	4000.000	1.0000
81	Waveform 1	1	32379.811468750	32379.824468750	1400.000	4000.000	1.0000
81	Spectrogram 1	1	32379.811468750	32379.824468750	1400.000	4000.000	1.0000
82	Waveform 1	1	32781.985968750	32781.997343750	1400.000	4000.000	1.0000
82	Spectrogram 1	1	32781.985968750	32781.997343750	1400.000	4000.000	1.0000
83	Waveform 1	1	32844.025218750	32844.033343750	1400.000	4000.000	1.0000
83	Spectrogram 1	1	32844.025218750	32844.033343750	1400.000	4000.000	1.0000
84	Waveform 1	1	36459.776968750	36459.786718750	1400.000	4000.000	1.0000
84	Spectrogram 1	1	36459.776968750	36459.786718750	1400.000	4000.000	1.0000
85	Waveform 1	1	38557.876218750	38557.889218750	1400.000	4000.000	1.0000
85	Spectrogram 1	1	38557.876218750	38557.889218750	1400.000	4000.000	1.0000
86	Waveform 1	1	40349.141343750	40349.157593750	1400.000	4000.000	1.0000
86	Spectrogram 1	1	40349.141343750	40349.157593750	1400.000	4000.000	1.0000
87	Waveform 1	1	40397.558218750	40397.567968750	1400.000	4000.000	1.0000
87	Spectrogram 1	1	40397.558218750	40397.567968750	1400.000	4000.000	1.0000
88	Waveform 1	1	40454.598968750	40454.613593750	1400.000	4000.000	1.0000
88	Spectrogram 1	1	40454.598968750	40454.613593750	1400.000	4000.000	1.0000
89	Waveform 1	1	40794.795968750	40794.810593750	1400.000	4000.000	1.0000
89	Spectrogram 1	1	40794.795968750	40794.810593750	1400.000	4000.000	1.0000
90	Waveform 1	1	41568.708718750	41568.720093750	1400.000	4000.000	1.0000
90	Spectrogram 1	1	41568.708718750	41568.720093750	1400.000	4000.000	1.0000
91	Waveform 1	1	41814.060968750	41814.069093750	1400.000	4000.000	1.0000
91	Spectrogram 1	1	41814.060968750	41814.069093750	1400.000	4000.000	1.0000
92	Waveform 1	1	47768.832843750	47768.840968750	1400.000	4000.000	1.0000
92	Spectrogram 1	1	47768.832843750	47768.840968750	1400.000	4000.000	1.0000
93	Waveform 1	1	48979.433468750	48979.441593750	1400.000	4000.000	1.0000
93	Spectrogram 1	1	48979.433468750	48979.441593750	1400.000	4000.000	1.0000
94	Waveform 1	1	50044.633968750	50044.650218750	1400.000	4000.000	1.0000
94	Spectrogram 1	1	50044.633968750	50044.650218750	1400.000	4000.000	1.0000
95	Waveform 1	1	50357.249843750	50357.267718750	1400.000	4000.000	1.0000
95	Spectrogram 1	1	50357.249843750	50357.267718750	1400.000	4000.000	1.0000
96	Waveform 1	1	50366.783718750	50366.793468750	1400.000	4000.000	1.0000
96	Spectrogram 1	1	50366.783718750	50366.793468750	1400.000	4000.000	1.0000
97	Waveform 1	1	50520.191843750	50520.199968750	1400.000	4000.000	1.0000
97	Spectrogram 1	1	50520.191843750	50520.199968750	1400.000	4000.000	1.0000
98	Waveform 1	1	50575.890343750	50575.900093750	1400.000	4000.000	1.0000
98	Spectrogram 1	1	50575.890343750	50575.900093750	1400.000	4000.000	1.0000
99	Waveform 1	1	50587.994968750	50588.009593750	1400.000	4000.000	1.0000
99	Spectrogram 1	1	50587.994968750	50588.009593750	1400.000	4000.000	1.0000
100	Waveform 1	1	50627.696968750	50627.708343750	1400.000	4000.000	1.0000
100	Spectrogram 1	1	50627.696968750	50627.708343750	1400.000	4000.000	1.0000
101	Waveform 1	1	50646.564843750	50646.576218750	1400.000	4000.000	1.0000
101	Spectrogram 1	1	50646.564843750	50646.576218750	1400.000	4000.000	1.0000
102	Waveform 1	1	50650.188593750	50650.196718750	1400.000	4000.000	1.0000
102	Spectrogram 1	1	50650.188593750	50650.196718750	1400.000	4000.000	1.0000
103	Waveform 1	1	50677.217218750	50677.225343750	1400.000	4000.000	1.0000
103	Spectrogram 1	1	50677.217218750	50677.225343750	1400.000	4000.000	1.0000
104	Waveform 1	1	50684.246968750	50684.258343750	1400.000	4000.000	1.0000
104	Spectrogram 1	1	50684.246968750	50684.258343750	1400.000	4000.000	1.0000
105	Waveform 1	1	50691.351468750	50691.359593750	1400.000	4000.000	1.0000
105	Spectrogram 1	1	50691.351468750	50691.359593750	1400.000	4000.000	1.0000
106	Waveform 1	1	50794.969593750	50794.979343750	1400.000	4000.000	1.0000
106	Spectrogram 1	1	50794.969593750	50794.979343750	1400.000	4000.000	1.0000
107	Waveform 1	1	50809.185093750	50809.193218750	1400.000	4000.000	1.0000
107	Spectrogram 1	1	50809.185093750	50809.193218750	1400.000	4000.000	1.0000
108	Waveform 1	1	50829.044218750	50829.073468750	1400.000	4000.000	0.9444
108	Spectrogram 1	1	50829.044218750	50829.073468750	1400.000	4000.000	0.9444
109	Waveform 1	1	50885.178218750	50885.192843750	1400.000	4000.000	1.0000
109	Spectrogram 1	1	50885.178218750	50885.192843750	1400.000	4000.000	1.0000
110	Waveform 1	1	50943.270343750	50943.280093750	1400.000	4000.000	1.0000
110	Spectrogram 1	1	50943.270343750	50943.280093750	1400.000	4000.000	1.0000
111	Waveform 1	1	51232.261968750	51232.276593750	1400.000	4000.000	1.0000
111	Spectrogram 1	1	51232.261968750	51232.276593750	1400.000	4000.000	1.0000
112	Waveform 1	1	52028.513593750	52028.523343750	1400.000	4000.000	1.0000
112	Spectrogram 1	1	52028.513593750	52028.523343750	1400.000	4000.000	1.0000
113	Waveform 1	1	52684.197843750	52684.207593750	1400.000	4000.000	1.0000
113	Spectrogram 1	1	52684.197843750	52684.207593750	1400.000	4000.000	1.0000
114	Waveform 1	1	55128.981093750	55128.989218750	1400.000	4000.000	1.0000
114	Spectrogram 1	1	55128.981093750	55128.989218750	1400.000	4000.000	1.0000
115	Waveform 1	1	56839.873718750	56839.901343750	1400.000	4000.000	1.0000
115	Spectrogram 1	1	56839.873718750	56839.901343750	1400.000	4000.000	1.0000
116	Waveform 1	1	57819.969718750	57819.977843750	1400.000	4000.000	1.0000
116	Spectrogram 1	1	57819.969718750	57819.977843750	1400.000	4000.000	1.0000
117	Waveform 1	1	58024.667718750	58024.679093750	1400.000	4000.000	1.0000
117	Spectrogram 1	1	58024.667718750	58024.679093750	1400.000	4000.000	1.0000
118	Waveform 1	1	58100.909468750	58100.919218750	1400.000	4000.000	1.0000
118	Spectrogram 1	1	58100.909468750	58100.919218750	1400.000	4000.000	1.0000
119	Waveform 1	1	58552.329593750	58552.339343750	1400.000	4000.000	1.0000
119	Spectrogram 1	1	58552.329593750	58552.339343750	1400.000	4000.000	1.0000
120	Waveform 1	1	60959.186968750	60959.196718750	1400.000	4000.000	1.0000
120	Spectrogram 1	1	60959.186968750	60959.196718750	1400.000	4000.000	1.0000
121	Waveform 1	1	61003.268343750	61003.282968750	1400.000	4000.000	1.0000
121	Spectrogram 1	1	61003.268343750	61003.282968750	1400.000	4000.000	1.0000
122	Waveform 1	1	61246.200968750	61246.210718750	1400.000	4000.000	1.0000
122	Spectrogram 1	1	61246.200968750	61246.210718750	1400.000	4000.000	1.0000
123	Waveform 1	1	61277.600843750	61277.613843750	1400.000	4000.000	1.0000
123	Spectrogram 1	1	61277.600843750	61277.613843750	1400.000	4000.000	1.0000
124	Waveform 1	1	61632.884343750	61632.903843750	1400.000	4000.000	1.0000
124	Spectrogram 1	1	61632.884343750	61632.903843750	1400.000	4000.000	1.0000
125	Waveform 1	1	61633.753718750	61633.771593750	1400.000	4000.000	1.0000
125	Spectrogram 1	1	61633.753718750	61633.771593750	1400.000	4000.000	1.0000
126	Waveform 1	1	61682.425718750	61682.443593750	1400.000	4000.000	1.0000
126	Spectrogram 1	1	61682.425718750	61682.443593750	1400.000	4000.000	1.0000
127	Waveform 1	1	61731.599843750	61731.612843750	1400.000	4000.000	1.0000
127	Spectrogram 1	1	61731.599843750	61731.612843750	1400.000	4000.000	1.0000
128	Waveform 1	1	61810.782843750	61810.790968750	1400.000	4000.000	1.0000
128	Spectrogram 1	1	61810.782843750	61810.790968750	1400.000	4000.000	1.0000
129	Waveform 1	1	62128.320843750	62128.328968750	1400.000	4000.000	1.0000
129	Spectrogram 1	1	62128.320843750	62128.328968750	1400.000	4000.000	1.0000
130	Waveform 1	1	62162.652218750	62162.670093750	1400.000	4000.000	1.0000
130	Spectrogram 1	1	62162.652218750	62162.670093750	1400.000	4000.000	1.0000
131	Waveform 1	1	62166.644843750	62166.656218750	1400.000	4000.000	1.0000
131	Spectrogram 1	1	62166.644843750	62166.656218750	1400.000	4000.000	1.0000
132	Waveform 1	1	62232.302968750	62232.319218750	1400.000	4000.000	1.0000
132	Spectrogram 1	1	62232.302968750	62232.319218750	1400.000	4000.000	1.0000
133	Waveform 1	1	62300.717093750	62300.734968750	1400.000	4000.000	1.0000
133	Spectrogram 1	1	62300.717093750	62300.734968750	1400.000	4000.000	1.0000
134	Waveform 1	1	62304.441593750	62304.454593750	1400.000	4000.000	1.0000
134	Spectrogram 1	1	62304.441593750	62304.454593750	1400.000	4000.000	1.0000
135	Waveform 1	1	62306.864468750	62306.877468750	1400.000	4000.000	1.0000
135	Spectrogram 1	1	62306.864468750	62306.877468750	1400.000	4000.000	1.0000
136	Waveform 1	1	62309.332843750	62309.345843750	1400.000	4000.000	1.0000
136	Spectrogram 1	1	62309.332843750	62309.345843750	1400.000	4000.000	1.0000
137	Waveform 1	1	62320.277218750	62320.290218750	1400.000	4000.000	1.0000
137	Spectrogram 1	1	62320.277218750	62320.290218750	1400.000	4000.000	1.0000
138	Waveform 1	1	62340.175343750	62340.191593750	1400.000	4000.000	1.0000
138	Spectrogram 1	1	62340.175343750	62340.191593750	1400.000	4000.000	1.0000
139	Waveform 1	1	62359.486843750	62359.504718750	1400.000	4000.000	1.0000
139	Spectrogram 1	1	62359.486843750	62359.504718750	1400.000	4000.000	1.0000
140	Waveform 1	1	62389.897093750	62389.905218750	1400.000	4000.000	1.0000
140	Spectrogram 1	1	62389.897093750	62389.905218750	1400.000	4000.000	1.0000
141	Waveform 1	1	62433.850093750	62433.864718750	1400.000	4000.000	1.0000
141	Spectrogram 1	1	62433.850093750	62433.864718750	1400.000	4000.000	1.0000
142	Waveform 1	1	62490.601593750	62490.609718750	1400.000	4000.000	1.0000
142	Spectrogram 1	1	62490.601593750	62490.609718750	1400.000	4000.000	1.0000
143	Waveform 1	1	62510.275468750	62510.290093750	1400.000	4000.000	1.0000
143	Spectrogram 1	1	62510.275468750	62510.290093750	1400.000	4000.000	1.0000
144	Waveform 1	1	62515.662343750	62515.683468750	1400.000	4000.000	1.0000
144	Spectrogram 1	1	62515.662343750	62515.683468750	1400.000	4000.000	1.0000
145	Waveform 1	1	62524.531593750	62524.547843750	1400.000	4000.000	1.0000
145	Spectrogram 1	1	62524.531593750	62524.547843750	1400.000	4000.000	1.0000
146	Waveform 1	1	62532.593218750	62532.606218750	1400.000	4000.000	1.0000
146	Spectrogram 1	1	62532.593218750	62532.606218750	1400.000	4000.000	1.0000
147	Waveform 1	1	62532.846718750	62532.858093750	1400.000	4000.000	1.0000
147	Spectrogram 1	1	62532.846718750	62532.858093750	1400.000	4000.000	1.0000
148	Waveform 1	1	62533.729093750	62533.738843750	1400.000	4000.000	1.0000
148	Spectrogram 1	1	62533.729093750	62533.738843750	1400.000	4000.000	1.0000
149	Waveform 1	1	62551.316468750	62551.331093750	1400.000	4000.000	1.0000
149	Spectrogram 1	1	62551.316468750	62551.331093750	1400.000	4000.000	1.0000
150	Waveform 1	1	62555.882718750	62555.900593750	1400.000	4000.000	1.0000
150	Spectrogram 1	1	62555.882718750	62555.900593750	1400.000	4000.000	1.0000
151	Waveform 1	1	62563.221218750	62563.235843750	1400.000	4000.000	1.0000
151	Spectrogram 1	1	62563.221218750	62563.235843750	1400.000	4000.000	1.0000
152	Waveform 1	1	62563.786718750	62563.796468750	1400.000	4000.000	1.0000
152	Spectrogram 1	1	62563.786718750	62563.796468750	1400.000	4000.000	1.0000
153	Waveform 1	1	62565.028218750	62565.041218750	1400.000	4000.000	1.0000
153	Spectrogram 1	1	62565.028218750	62565.041218750	1400.000	4000.000	1.0000
154	Waveform 1	1	62565.618093750	62565.637593750	1400.000	4000.000	1.0000
154	Spectrogram 1	1	62565.618093750	62565.637593750	1400.000	4000.000	1.0000
155	Waveform 1	1	62567.792343750	62567.808593750	1400.000	4000.000	1.0000
155	Spectrogram 1	1	62567.792343750	62567.808593750	1400.000	4000.000	1.0000
156	Waveform 1	1	62569.524593750	62569.544093750	1400.000	4000.000	1.0000
156	Spectrogram 1	1	62569.524593750	62569.544093750	1400.000	4000.000	1.0000
157	Waveform 1	1	62569.864218750	62569.873968750	1400.000	4000.000	1.0000
157	Spectrogram 1	1	62569.864218750	62569.873968750	1400.000	4000.000	1.0000
158	Waveform 1	1	62573.276718750	62573.288093750	1400.000	4000.000	1.0000
158	Spectrogram 1	1	62573.276718750	62573.288093750	1400.000	4000.000	1.0000
159	Waveform 1	1	62578.811468750	62578.832593750	1400.000	4000.000	1.0000
159	Spectrogram 1	1	62578.811468750	62578.832593750	1400.000	4000.000	1.0000
160	Waveform 1	1	62583.077093750	62583.103093750	1400.000	4000.000	1.0000
160	Spectrogram 1	1	62583.077093750	62583.103093750	1400.000	4000.000	1.0000
161	Waveform 1	1	62604.068843750	62604.101343750	1400.000	4000.000	1.0000
161	Spectrogram 1	1	62604.068843750	62604.101343750	1400.000	4000.000	1.0000
162	Waveform 1	1	62615.945968750	62615.963843750	1400.000	4000.000	1.0000
162	Spectrogram 1	1	62615.945968750	62615.963843750	1400.000	4000.000	1.0000
163	Waveform 1	1	62624.145718750	62624.153843750	1400.000	4000.000	1.0000
163	Spectrogram 1	1	62624.145718750	62624.153843750	1400.000	4000.000	1.0000
164	Waveform 1	1	62656.371093750	62656.380843750	1400.000	4000.000	1.0000
164	Spectrogram 1	1	62656.371093750	62656.380843750	1400.000	4000.000	1.0000
165	Waveform 1	1	62658.228468750	62658.243093750	1400.000	4000.000	1.0000
165	Spectrogram 1	1	62658.228468750	62658.243093750	1400.000	4000.000	1.0000
166	Waveform 1	1	62661.935093750	62661.948093750	1400.000	4000.000	1.0000
166	Spectrogram 1	1	62661.935093750	62661.948093750	1400.000	4000.000	1.0000
167	Waveform 1	1	62662.498968750	62662.516843750	1400.000	4000.000	1.0000
167	Spectrogram 1	1	62662.498968750	62662.516843750	1400.000	4000.000	1.0000
168	Waveform 1	1	62665.501968750	62665.511718750	1400.000	4000.000	1.0000
168	Spectrogram 1	1	62665.501968750	62665.511718750	1400.000	4000.000	1.0000
169	Waveform 1	1	62671.256093750	62671.264218750	1400.000	4000.000	1.0000
169	Spectrogram 1	1	62671.256093750	62671.264218750	1400.000	4000.000	1.0000
170	Waveform 1	1	62673.472593750	62673.487218750	1400.000	4000.000	1.0000
170	Spectrogram 1	1	62673.472593750	62673.487218750	1400.000	4000.000	1.0000
171	Waveform 1	1	62677.359593750	62677.375843750	1400.000	4000.000	1.0000
171	Spectrogram 1	1	62677.359593750	62677.375843750	1400.000	4000.000	1.0000
172	Waveform 1	1	62682.631093750	62682.642468750	1400.000	4000.000	1.0000
172	Spectrogram 1	1	62682.631093750	62682.642468750	1400.000	4000.000	1.0000
173	Waveform 1	1	62684.067593750	62684.080593750	1400.000	4000.000	1.0000
173	Spectrogram 1	1	62684.067593750	62684.080593750	1400.000	4000.000	1.0000
174	Waveform 1	1	62685.816093750	62685.830718750	1400.000	4000.000	1.0000
174	Spectrogram 1	1	62685.816093750	62685.830718750	1400.000	4000.000	1.0000
175	Waveform 1	1	62691.783093750	62691.804218750	1400.000	4000.000	1.0000
175	Spectrogram 1	1	62691.783093750	62691.804218750	1400.000	4000.000	1.0000
176	Waveform 1	1	62693.538093750	62693.546218750	1400.000	4000.000	1.0000
176	Spectrogram 1	1	62693.538093750	62693.546218750	1400.000	4000.000	1.0000
177	Waveform 1	1	62693.700593750	62693.720093750	1400.000	4000.000	1.0000
177	Spectrogram 1	1	62693.700593750	62693.720093750	1400.000	4000.000	1.0000
178	Waveform 1	1	62695.822843750	62695.842343750	1400.000	4000.000	1.0000
178	Spectrogram 1	1	62695.822843750	62695.842343750	1400.000	4000.000	1.0000
179	Waveform 1	1	62695.980468750	62695.996718750	1400.000	4000.000	1.0000
179	Spectrogram 1	1	62695.980468750	62695.996718750	1400.000	4000.000	1.0000
180	Waveform 1	1	62704.732718750	62704.742468750	1400.000	4000.000	1.0000
180	Spectrogram 1	1	62704.732718750	62704.742468750	1400.000	4000.000	1.0000
181	Waveform 1	1	62705.137343750	62705.147093750	1400.000	4000.000	1.0000
181	Spectrogram 1	1	62705.137343750	62705.147093750	1400.000	4000.000	1.0000
182	Waveform 1	1	62719.419468750	62719.429218750	1400.000	4000.000	1.0000
182	Spectrogram 1	1	62719.419468750	62719.429218750	1400.000	4000.000	1.0000
183	Waveform 1	1	62721.691218750	62721.704218750	1400.000	4000.000	1.0000
183	Spectrogram 1	1	62721.691218750	62721.704218750	1400.000	4000.000	1.0000
184	Waveform 1	1	62728.166843750	62728.191218750	1400.000	4000.000	1.0000
184	Spectrogram 1	1	62728.166843750	62728.191218750	1400.000	4000.000	1.0000
185	Waveform 1	1	62733.493593750	62733.511468750	1400.000	4000.000	1.0000
185	Spectrogram 1	1	62733.493593750	62733.511468750	1400.000	4000.000	1.0000
186	Waveform 1	1	62735.138093750	62735.159218750	1400.000	4000.000	1.0000
186	Spectrogram 1	1	62735.138093750	62735.159218750	1400.000	4000.000	1.0000
187	Waveform 1	1	62739.046218750	62739.055968750	1400.000	4000.000	1.0000
187	Spectrogram 1	1	62739.046218750	62739.055968750	1400.000	4000.000	1.0000
188	Waveform 1	1	62747.158218750	62747.177718750	1400.000	4000.000	1.0000
188	Spectrogram 1	1	62747.158218750	62747.177718750	1400.000	4000.000	1.0000
189	Waveform 1	1	62751.448218750	62751.461218750	1400.000	4000.000	1.0000
189	Spectrogram 1	1	62751.448218750	62751.461218750	1400.000	4000.000	1.0000
190	Waveform 1	1	62761.659718750	62761.679218750	1400.000	4000.000	1.0000
190	Spectrogram 1	1	62761.659718750	62761.679218750	1400.000	4000.000	1.0000
191	Waveform 1	1	62765.046218750	62765.057593750	1400.000	4000.000	1.0000
191	Spectrogram 1	1	62765.046218750	62765.057593750	1400.000	4000.000	1.0000
192	Waveform 1	1	62767.272468750	62767.282218750	1400.000	4000.000	1.0000
192	Spectrogram 1	1	62767.272468750	62767.282218750	1400.000	4000.000	1.0000
193	Waveform 1	1	62771.564093750	62771.578718750	1400.000	4000.000	1.0000
193	Spectrogram 1	1	62771.564093750	62771.578718750	1400.000	4000.000	1.0000
194	Waveform 1	1	62776.856718750	62776.868093750	1400.000	4000.000	1.0000
194	Spectrogram 1	1	62776.856718750	62776.868093750	1400.000	4000.000	1.0000
195	Waveform 1	1	62793.157093750	62793.179843750	1400.000	4000.000	1.0000
195	Spectrogram 1	1	62793.157093750	62793.179843750	1400.000	4000.000	1.0000
196	Waveform 1	1	62800.134843750	62800.165718750	1400.000	4000.000	0.9474
196	Spectrogram 1	1	62800.134843750	62800.165718750	1400.000	4000.000	0.9474
197	Waveform 1	1	62834.999218750	62835.007343750	1400.000	4000.000	1.0000
197	Spectrogram 1	1	62834.999218750	62835.007343750	1400.000	4000.000	1.0000
198	Waveform 1	1	62849.523468750	62849.531593750	1400.000	4000.000	1.0000
198	Spectrogram 1	1	62849.523468750	62849.531593750	1400.000	4000.000	1.0000
199	Waveform 1	1	62854.910343750	62854.933093750	1400.000	4000.000	1.0000
199	Spectrogram 1	1	62854.910343750	62854.933093750	1400.000	4000.000	1.0000
200	Waveform 1	1	62858.763218750	62858.774593750	1400.000	4000.000	1.0000
200	Spectrogram 1	1	62858.763218750	62858.774593750	1400.000	4000.000	1.0000
201	Waveform 1	1	62860.529593750	62860.549093750	1400.000	4000.000	1.0000
201	Spectrogram 1	1	62860.529593750	62860.549093750	1400.000	4000.000	1.0000
202	Waveform 1	1	62878.677593750	62878.687343750	1400.000	4000.000	1.0000
202	Spectrogram 1	1	62878.677593750	62878.687343750	1400.000	4000.000	1.0000
203	Waveform 1	1	62905.329218750	62905.353593750	1400.000	4000.000	1.0000
203	Spectrogram 1	1	62905.329218750	62905.353593750	1400.000	4000.000	1.0000
204	Waveform 1	1	62915.272593750	62915.280718750	1400.000	4000.000	1.0000
204	Spectrogram 1	1	62915.272593750	62915.280718750	1400.000	4000.000	1.0000
205	Waveform 1	1	62918.520968750	62918.533968750	1400.000	4000.000	1.0000
205	Spectrogram 1	1	62918.520968750	62918.533968750	1400.000	4000.000	1.0000
206	Waveform 1	1	62921.452468750	62921.463843750	1400.000	4000.000	1.0000
206	Spectrogram 1	1	62921.452468750	62921.463843750	1400.000	4000.000	1.0000
207	Waveform 1	1	62928.880343750	62928.893343750	1400.000	4000.000	1.0000
207	Spectrogram 1	1	62928.880343750	62928.893343750	1400.000	4000.000	1.0000
208	Waveform 1	1	62931.249593750	62931.269093750	1400.000	4000.000	1.0000
208	Spectrogram 1	1	62931.249593750	62931.269093750	1400.000	4000.000	1.0000
209	Waveform 1	1	62954.235218750	62954.254718750	1400.000	4000.000	1.0000
209	Spectrogram 1	1	62954.235218750	62954.254718750	1400.000	4000.000	1.0000
210	Waveform 1	1	62956.290843750	62956.303843750	1400.000	4000.000	1.0000
210	Spectrogram 1	1	62956.290843750	62956.303843750	1400.000	4000.000	1.0000
211	Waveform 1	1	62956.402968750	62956.411093750	1400.000	4000.000	1.0000
211	Spectrogram 1	1	62956.402968750	62956.411093750	1400.000	4000.000	1.0000
212	Waveform 1	1	62957.881718750	62957.901218750	1400.000	4000.000	1.0000
212	Spectrogram 1	1	62957.881718750	62957.901218750	1400.000	4000.000	1.0000
213	Waveform 1	1	62958.931468750	62958.959093750	1400.000	4000.000	1.0000
213	Spectrogram 1	1	62958.931468750	62958.959093750	1400.000	4000.000	1.0000
214	Waveform 1	1	62959.388093750	62959.397843750	1400.000	4000.000	1.0000
214	Spectrogram 1	1	62959.388093750	62959.397843750	1400.000	4000.000	1.0000
215	Waveform 1	1	62961.861343750	62961.875968750	1400.000	4000.000	1.0000
215	Spectrogram 1	1	62961.861343750	62961.875968750	1400.000	4000.000	1.0000
216	Waveform 1	1	62962.792468750	62962.800593750	1400.000	4000.000	1.0000
216	Spectrogram 1	1	62962.792468750	62962.800593750	1400.000	4000.000	1.0000
217	Waveform 1	1	62962.867218750	62962.875343750	1400.000	4000.000	1.0000
217	Spectrogram 1	1	62962.867218750	62962.875343750	1400.000	4000.000	1.0000
218	Waveform 1	1	62985.256468750	62985.264593750	1400.000	4000.000	1.0000
218	Spectrogram 1	1	62985.256468750	62985.264593750	1400.000	4000.000	1.0000
219	Waveform 1	1	62985.799218750	62985.823593750	1400.000	4000.000	1.0000
219	Spectrogram 1	1	62985.799218750	62985.823593750	1400.000	4000.000	1.0000
220	Waveform 1	1	62993.743843750	62993.758468750	1400.000	4000.000	1.0000
220	Spectrogram 1	1	62993.743843750	62993.758468750	1400.000	4000.000	1.0000
221	Waveform 1	1	62996.145593750	62996.161843750	1400.000	4000.000	1.0000
221	Spectrogram 1	1	62996.145593750	62996.161843750	1400.000	4000.000	1.0000
222	Waveform 1	1	62997.227843750	62997.237593750	1400.000	4000.000	1.0000
222	Spectrogram 1	1	62997.227843750	62997.237593750	1400.000	4000.000	1.0000
223	Waveform 1	1	62999.519093750	62999.533718750	1400.000	4000.000	1.0000
223	Spectrogram 1	1	62999.519093750	62999.533718750	1400.000	4000.000	1.0000
224	Waveform 1	1	63001.332593750	63001.350468750	1400.000	4000.000	1.0000
224	Spectrogram 1	1	63001.332593750	63001.350468750	1400.000	4000.000	1.0000
225	Waveform 1	1	63033.676593750	63033.694468750	1400.000	4000.000	1.0000
225	Spectrogram 1	1	63033.676593750	63033.694468750	1400.000	4000.000	1.0000
226	Waveform 1	1	63039.050468750	63039.071593750	1400.000	4000.000	1.0000
226	Spectrogram 1	1	63039.050468750	63039.071593750	1400.000	4000.000	1.0000
227	Waveform 1	1	63075.333468750	63075.364343750	1400.000	4000.000	1.0000
227	Spectrogram 1	1	63075.333468750	63075.364343750	1400.000	4000.000	1.0000
228	Waveform 1	1	63082.265718750	63082.277093750	1400.000	4000.000	1.0000
228	Spectrogram 1	1	63082.265718750	63082.277093750	1400.000	4000.000	1.0000
229	Waveform 1	1	63083.882593750	63083.897218750	1400.000	4000.000	1.0000
229	Spectrogram 1	1	63083.882593750	63083.897218750	1400.000	4000.000	1.0000
230	Waveform 1	1	63091.849968750	63091.858093750	1400.000	4000.000	1.0000
230	Spectrogram 1	1	63091.849968750	63091.858093750	1400.000	4000.000	1.0000
231	Waveform 1	1	63096.390218750	63096.401593750	1400.000	4000.000	1.0000
231	Spectrogram 1	1	63096.390218750	63096.401593750	1400.000	4000.000	1.0000
232	Waveform 1	1	63098.447468750	63098.455593750	1400.000	4000.000	1.0000
232	Spectrogram 1	1	63098.447468750	63098.455593750	1400.000	4000.000	1.0000
233	Waveform 1	1	63103.844093750	63103.852218750	1400.000	4000.000	1.0000
233	Spectrogram 1	1	63103.844093750	63103.852218750	1400.000	4000.000	1.0000
234	Waveform 1	1	63104.152843750	63104.167468750	1400.000	4000.000	1.0000
234	Spectrogram 1	1	63104.152843750	63104.167468750	1400.000	4000.000	1.0000
235	Waveform 1	1	63105.340718750	63105.353718750	1400.000	4000.000	1.0000
235	Spectrogram 1	1	63105.340718750	63105.353718750	1400.000	4000.000	1.0000
236	Waveform 1	1	63118.041718750	63118.049843750	1400.000	4000.000	1.0000
236	Spectrogram 1	1	63118.041718750	63118.049843750	1400.000	4000.000	1.0000
237	Waveform 1	1	63118.769718750	63118.777843750	1400.000	4000.000	1.0000
237	Spectrogram 1	1	63118.769718750	63118.777843750	1400.000	4000.000	1.0000
238	Waveform 1	1	63122.375593750	63122.385343750	1400.000	4000.000	1.0000
238	Spectrogram 1	1	63122.375593750	63122.385343750	1400.000	4000.000	1.0000
239	Waveform 1	1	63123.415593750	63123.423718750	1400.000	4000.000	1.0000
239	Spectrogram 1	1	63123.415593750	63123.423718750	1400.000	4000.000	1.0000
240	Waveform 1	1	63124.431218750	63124.444218750	1400.000	4000.000	1.0000
240	Spectrogram 1	1	63124.431218750	63124.444218750	1400.000	4000.000	1.0000
241	Waveform 1	1	63143.401468750	63143.420968750	1400.000	4000.000	1.0000
241	Spectrogram 1	1	63143.401468750	63143.420968750	1400.000	4000.000	1.0000
242	Waveform 1	1	63146.115218750	63146.129843750	1400.000	4000.000	1.0000
242	Spectrogram 1	1	63146.115218750	63146.129843750	1400.000	4000.000	1.0000
243	Waveform 1	1	63148.890718750	63148.898843750	1400.000	4000.000	1.0000
243	Spectrogram 1	1	63148.890718750	63148.898843750	1400.000	4000.000	1.0000
244	Waveform 1	1	63149.227093750	63149.244968750	1400.000	4000.000	1.0000
244	Spectrogram 1	1	63149.227093750	63149.244968750	1400.000	4000.000	1.0000
245	Waveform 1	1	63153.994843750	63154.020843750	1400.000	4000.000	1.0000
245	Spectrogram 1	1	63153.994843750	63154.020843750	1400.000	4000.000	1.0000
246	Waveform 1	1	63166.348093750	63166.359468750	1400.000	4000.000	1.0000
246	Spectrogram 1	1	63166.348093750	63166.359468750	1400.000	4000.000	1.0000
247	Waveform 1	1	63171.286468750	63171.297843750	1400.000	4000.000	1.0000
247	Spectrogram 1	1	63171.286468750	63171.297843750	1400.000	4000.000	1.0000
248	Waveform 1	1	63171.356343750	63171.367718750	1400.000	4000.000	1.0000
248	Spectrogram 1	1	63171.356343750	63171.367718750	1400.000	4000.000	1.0000
249	Waveform 1	1	63172.204593750	63172.220843750	1400.000	4000.000	1.0000
249	Spectrogram 1	1	63172.204593750	63172.220843750	1400.000	4000.000	1.0000
250	Waveform 1	1	63172.258218750	63172.266343750	1400.000	4000.000	1.0000
250	Spectrogram 1	1	63172.258218750	63172.266343750	1400.000	4000.000	1.0000
251	Waveform 1	1	63172.674218750	63172.685593750	1400.000	4000.000	1.0000
251	Spectrogram 1	1	63172.674218750	63172.685593750	1400.000	4000.000	1.0000
252	Waveform 1	1	63180.483968750	63180.495343750	1400.000	4000.000	1.0000
252	Spectrogram 1	1	63180.483968750	63180.495343750	1400.000	4000.000	1.0000
253	Waveform 1	1	63181.928593750	63181.944843750	1400.000	4000.000	1.0000
253	Spectrogram 1	1	63181.928593750	63181.944843750	1400.000	4000.000	1.0000
254	Waveform 1	1	63185.269593750	63185.282593750	1400.000	4000.000	1.0000
254	Spectrogram 1	1	63185.269593750	63185.282593750	1400.000	4000.000	1.0000
255	Waveform 1	1	63188.613843750	63188.621968750	1400.000	4000.000	1.0000
255	Spectrogram 1	1	63188.613843750	63188.621968750	1400.000	4000.000	1.0000
256	Waveform 1	1	63189.093218750	63189.102968750	1400.000	4000.000	1.0000
256	Spectrogram 1	1	63189.093218750	63189.102968750	1400.000	4000.000	1.0000
257	Waveform 1	1	63190.584968750	63190.599593750	1400.000	4000.000	1.0000
257	Spectrogram 1	1	63190.584968750	63190.599593750	1400.000	4000.000	1.0000
258	Waveform 1	1	63190.659718750	63190.671093750	1400.000	4000.000	1.0000
258	Spectrogram 1	1	63190.659718750	63190.671093750	1400.000	4000.000	1.0000
259	Waveform 1	1	63191.109843750	63191.121218750	1400.000	4000.000	1.0000
259	Spectrogram 1	1	63191.109843750	63191.121218750	1400.000	4000.000	1.0000
260	Waveform 1	1	63199.106468750	63199.119468750	1400.000	4000.000	1.0000
260	Spectrogram 1	1	63199.106468750	63199.119468750	1400.000	4000.000	1.0000
261	Waveform 1	1	63204.949968750	63204.967843750	1400.000	4000.000	1.0000
261	Spectrogram 1	1	63204.949968750	63204.967843750	1400.000	4000.000	1.0000
262	Waveform 1	1	63212.715843750	63212.732093750	1400.000	4000.000	1.0000
262	Spectrogram 1	1	63212.715843750	63212.732093750	1400.000	4000.000	1.0000
263	Waveform 1	1	63217.774468750	63217.790718750	1400.000	4000.000	1.0000
263	Spectrogram 1	1	63217.774468750	63217.790718750	1400.000	4000.000	1.0000
264	Waveform 1	1	63219.176843750	63219.194718750	1400.000	4000.000	1.0000
264	Spectrogram 1	1	63219.176843750	63219.194718750	1400.000	4000.000	1.0000
265	Waveform 1	1	63221.768718750	63221.781718750	1400.000	4000.000	1.0000
265	Spectrogram 1	1	63221.768718750	63221.781718750	1400.000	4000.000	1.0000
266	Waveform 1	1	63224.490593750	63224.498718750	1400.000	4000.000	1.0000
266	Spectrogram 1	1	63224.490593750	63224.498718750	1400.000	4000.000	1.0000
267	Waveform 1	1	63245.519718750	63245.531093750	1400.000	4000.000	1.0000
267	Spectrogram 1	1	63245.519718750	63245.531093750	1400.000	4000.000	1.0000
268	Waveform 1	1	63251.928718750	63251.938468750	1400.000	4000.000	1.0000
268	Spectrogram 1	1	63251.928718750	63251.938468750	1400.000	4000.000	1.0000
269	Waveform 1	1	63252.955718750	63252.970343750	1400.000	4000.000	1.0000
269	Spectrogram 1	1	63252.955718750	63252.970343750	1400.000	4000.000	1.0000
270	Waveform 1	1	63264.117843750	63264.145468750	1400.000	4000.000	1.0000
270	Spectrogram 1	1	63264.117843750	63264.145468750	1400.000	4000.000	1.0000
271	Waveform 1	1	63274.664093750	63274.683593750	1400.000	4000.000	1.0000
271	Spectrogram 1	1	63274.664093750	63274.683593750	1400.000	4000.000	1.0000
272	Waveform 1	1	63279.857593750	63279.872218750	1400.000	4000.000	1.0000
272	Spectrogram 1	1	63279.857593750	63279.872218750	1400.000	4000.000	1.0000
273	Waveform 1	1	63293.135468750	63293.148468750	1400.000	4000.000	1.0000
273	Spectrogram 1	1	63293.135468750	63293.148468750	1400.000	4000.000	1.0000
274	Waveform 1	1	63295.745218750	63295.754968750	1400.000	4000.000	1.0000
274	Spectrogram 1	1	63295.745218750	63295.754968750	1400.000	4000.000	1.0000
275	Waveform 1	1	63296.941218750	63296.959093750	1400.000	4000.000	1.0000
275	Spectrogram 1	1	63296.941218750	63296.959093750	1400.000	4000.000	1.0000
276	Waveform 1	1	63298.148593750	63298.158343750	1400.000	4000.000	1.0000
276	Spectrogram 1	1	63298.148593750	63298.158343750	1400.000	4000.000	1.0000
277	Waveform 1	1	63298.278593750	63298.289968750	1400.000	4000.000	1.0000
277	Spectrogram 1	1	63298.278593750	63298.289968750	1400.000	4000.000	1.0000
278	Waveform 1	1	63299.167468750	63299.180468750	1400.000	4000.000	1.0000
278	Spectrogram 1	1	63299.167468750	63299.180468750	1400.000	4000.000	1.0000
279	Waveform 1	1	63299.918218750	63299.927968750	1400.000	4000.000	1.0000
279	Spectrogram 1	1	63299.918218750	63299.927968750	1400.000	4000.000	1.0000
280	Waveform 1	1	63300.145718750	63300.158718750	1400.000	4000.000	1.0000
280	Spectrogram 1	1	63300.145718750	63300.158718750	1400.000	4000.000	1.0000
281	Waveform 1	1	63303.488343750	63303.502968750	1400.000	4000.000	1.0000
281	Spectrogram 1	1	63303.488343750	63303.502968750	1400.000	4000.000	1.0000
282	Waveform 1	1	63303.577718750	63303.593968750	1400.000	4000.000	1.0000
282	Spectrogram 1	1	63303.577718750	63303.593968750	1400.000	4000.000	1.0000
283	Waveform 1	1	63303.647593750	63303.662218750	1400.000	4000.000	1.0000
283	Spectrogram 1	1	63303.647593750	63303.662218750	1400.000	4000.000	1.0000
284	Waveform 1	1	63306.145218750	63306.158218750	1400.000	4000.000	1.0000
284	Spectrogram 1	1	63306.145218750	63306.158218750	1400.000	4000.000	1.0000
285	Waveform 1	1	63311.569468750	63311.587343750	1400.000	4000.000	1.0000
285	Spectrogram 1	1	63311.569468750	63311.587343750	1400.000	4000.000	1.0000
286	Waveform 1	1	63312.047218750	63312.056968750	1400.000	4000.000	1.0000
286	Spectrogram 1	1	63312.047218750	63312.056968750	1400.000	4000.000	1.0000
287	Waveform 1	1	63312.976718750	63312.991343750	1400.000	4000.000	1.0000
287	Spectrogram 1	1	63312.976718750	63312.991343750	1400.000	4000.000	1.0000
288	Waveform 1	1	63324.090093750	63324.106343750	1400.000	4000.000	1.0000
288	Spectrogram 1	1	63324.090093750	63324.106343750	1400.000	4000.000	1.0000
289	Waveform 1	1	63327.049218750	63327.073593750	1400.000	4000.000	1.0000
289	Spectrogram 1	1	63327.049218750	63327.073593750	1400.000	4000.000	1.0000
290	Waveform 1	1	63327.663468750	63327.674843750	1400.000	4000.000	1.0000
290	Spectrogram 1	1	63327.663468750	63327.674843750	1400.000	4000.000	1.0000
291	Waveform 1	1	63328.636843750	63328.657968750	1400.000	4000.000	1.0000
291	Spectrogram 1	1	63328.636843750	63328.657968750	1400.000	4000.000	1.0000
292	Waveform 1	1	63342.836093750	63342.847468750	1400.000	4000.000	1.0000
292	Spectrogram 1	1	63342.836093750	63342.847468750	1400.000	4000.000	1.0000
293	Waveform 1	1	63345.861843750	63345.871593750	1400.000	4000.000	1.0000
293	Spectrogram 1	1	63345.861843750	63345.871593750	1400.000	4000.000	1.0000
294	Waveform 1	1	63349.768343750	63349.784593750	1400.000	4000.000	1.0000
294	Spectrogram 1	1	63349.768343750	63349.784593750	1400.000	4000.000	1.0000
295	Waveform 1	1	63356.586843750	63356.594968750	1400.000	4000.000	1.0000
295	Spectrogram 1	1	63356.586843750	63356.594968750	1400.000	4000.000	1.0000
296	Waveform 1	1	63358.223218750	63358.232968750	1400.000	4000.000	1.0000
296	Spectrogram 1	1	63358.223218750	63358.232968750	1400.000	4000.000	1.0000
297	Waveform 1	1	63369.395093750	63369.406468750	1400.000	4000.000	1.0000
297	Spectrogram 1	1	63369.395093750	63369.406468750	1400.000	4000.000	1.0000
298	Waveform 1	1	63379.115843750	63379.130468750	1400.000	4000.000	1.0000
298	Spectrogram 1	1	63379.115843750	63379.130468750	1400.000	4000.000	1.0000
299	Waveform 1	1	63382.178968750	63382.188718750	1400.000	4000.000	1.0000
299	Spectrogram 1	1	63382.178968750	63382.188718750	1400.000	4000.000	1.0000
300	Waveform 1	1	63419.303718750	63419.319968750	1400.000	4000.000	1.0000
300	Spectrogram 1	1	63419.303718750	63419.319968750	1400.000	4000.000	1.0000
301	Waveform 1	1	63420.268968750	63420.285218750	1400.000	4000.000	1.0000
301	Spectrogram 1	1	63420.268968750	63420.285218750	1400.000	4000.000	1.0000
302	Waveform 1	1	63435.041843750	63435.051593750	1400.000	4000.000	1.0000
302	Spectrogram 1	1	63435.041843750	63435.051593750	1400.000	4000.000	1.0000
303	Waveform 1	1	63460.976843750	63460.993093750	1400.000	4000.000	1.0000
303	Spectrogram 1	1	63460.976843750	63460.993093750	1400.000	4000.000	1.0000
304	Waveform 1	1	63462.283343750	63462.294718750	1400.000	4000.000	1.0000
304	Spectrogram 1	1	63462.283343750	63462.294718750	1400.000	4000.000	1.0000
305	Waveform 1	1	63463.827093750	63463.836843750	1400.000	4000.000	1.0000
305	Spectrogram 1	1	63463.827093750	63463.836843750	1400.000	4000.000	1.0000
306	Waveform 1	1	63480.566218750	63480.574343750	1400.000	4000.000	1.0000
306	Spectrogram 1	1	63480.566218750	63480.574343750	1400.000	4000.000	1.0000
307	Waveform 1	1	63482.716093750	63482.724218750	1400.000	4000.000	1.0000
307	Spectrogram 1	1	63482.716093750	63482.724218750	1400.000	4000.000	1.0000
308	Waveform 1	1	63486.845218750	63486.853343750	1400.000	4000.000	1.0000
308	Spectrogram 1	1	63486.845218750	63486.853343750	1400.000	4000.000	1.0000
309	Waveform 1	1	63487.500093750	63487.513093750	1400.000	4000.000	1.0000
309	Spectrogram 1	1	63487.500093750	63487.513093750	1400.000	4000.000	1.0000
310	Waveform 1	1	63512.721718750	63512.736343750	1400.000	4000.000	1.0000
310	Spectrogram 1	1	63512.721718750	63512.736343750	1400.000	4000.000	1.0000
311	Waveform 1	1	63513.719468750	63513.730843750	1400.000	4000.000	1.0000
311	Spectrogram 1	1	63513.719468750	63513.730843750	1400.000	4000.000	1.0000
312	Waveform 1	1	63517.598343750	63517.608093750	1400.000	4000.000	1.0000
312	Spectrogram 1	1	63517.598343750	63517.608093750	1400.000	4000.000	1.0000
313	Waveform 1	1	63528.773468750	63528.792968750	1400.000	4000.000	1.0000
313	Spectrogram 1	1	63528.773468750	63528.792968750	1400.000	4000.000	1.0000
314	Waveform 1	1	63529.745218750	63529.771218750	1400.000	4000.000	1.0000
314	Spectrogram 1	1	63529.745218750	63529.771218750	1400.000	4000.000	1.0000
315	Waveform 1	1	63530.944468750	63530.957468750	1400.000	4000.000	1.0000
315	Spectrogram 1	1	63530.944468750	63530.957468750	1400.000	4000.000	1.0000
316	Waveform 1	1	63614.484093750	63614.514968750	1400.000	4000.000	1.0000
316	Spectrogram 1	1	63614.484093750	63614.514968750	1400.000	4000.000	1.0000
317	Waveform 1	1	63615.444468750	63615.454218750	1400.000	4000.000	1.0000
317	Spectrogram 1	1	63615.444468750	63615.454218750	1400.000	4000.000	1.0000
318	Waveform 1	1	63618.694468750	63618.710718750	1400.000	4000.000	1.0000
318	Spectrogram 1	1	63618.694468750	63618.710718750	1400.000	4000.000	1.0000
319	Waveform 1	1	63667.314468750	63667.324218750	1400.000	4000.000	1.0000
319	Spectrogram 1	1	63667.314468750	63667.324218750	1400.000	4000.000	1.0000
320	Waveform 1	1	63702.027718750	63702.047218750	1400.000	4000.000	1.0000
320	Spectrogram 1	1	63702.027718750	63702.047218750	1400.000	4000.000	1.0000
321	Waveform 1	1	63721.223843750	63721.235218750	1400.000	4000.000	1.0000
321	Spectrogram 1	1	63721.223843750	63721.235218750	1400.000	4000.000	1.0000
322	Waveform 1	1	63727.471968750	63727.486593750	1400.000	4000.000	1.0000
322	Spectrogram 1	1	63727.471968750	63727.486593750	1400.000	4000.000	1.0000
323	Waveform 1	1	63755.262718750	63755.275718750	1400.000	4000.000	1.0000
323	Spectrogram 1	1	63755.262718750	63755.275718750	1400.000	4000.000	1.0000
324	Waveform 1	1	63779.091718750	63779.104718750	1400.000	4000.000	1.0000
324	Spectrogram 1	1	63779.091718750	63779.104718750	1400.000	4000.000	1.0000
325	Waveform 1	1	63973.155718750	63973.178468750	1400.000	4000.000	1.0000
325	Spectrogram 1	1	63973.155718750	63973.178468750	1400.000	4000.000	1.0000
326	Waveform 1	1	63973.817093750	63973.834968750	1400.000	4000.000	1.0000
326	Spectrogram 1	1	63973.817093750	63973.834968750	1400.000	4000.000	1.0000
327	Waveform 1	1	63992.416843750	63992.437968750	1400.000	4000.000	1.0000
327	Spectrogram 1	1	63992.416843750	63992.437968750	1400.000	4000.000	1.0000
328	Waveform 1	1	64072.781218750	64072.790968750	1400.000	4000.000	1.0000
328	Spectrogram 1	1	64072.781218750	64072.790968750	1400.000	4000.000	1.0000
329	Waveform 1	1	64072.825093750	64072.834843750	1400.000	4000.000	1.0000
329	Spectrogram 1	1	64072.825093750	64072.834843750	1400.000	4000.000	1.0000
330	Waveform 1	1	64198.223093750	64198.231218750	1400.000	4000.000	1.0000
330	Spectrogram 1	1	64198.223093750	64198.231218750	1400.000	4000.000	1.0000
331	Waveform 1	1	64234.306218750	64234.317593750	1400.000	4000.000	1.0000
331	Spectrogram 1	1	64234.306218750	64234.317593750	1400.000	4000.000	1.0000
332	Waveform 1	1	64760.503968750	64760.512093750	1400.000	4000.000	1.0000
332	Spectrogram 1	1	64760.503968750	64760.512093750	1400.000	4000.000	1.0000
333	Waveform 1	1	70035.791843750	70035.799968750	1400.000	4000.000	1.0000
333	Spectrogram 1	1	70035.791843750	70035.799968750	1400.000	4000.000	1.0000
334	Waveform 1	1	71792.327468750	71792.335593750	1400.000	4000.000	1.0000
334	Spectrogram 1	1	71792.327468750	71792.335593750	1400.000	4000.000	1.0000
335	Waveform 1	1	71793.429218750	71793.447093750	1400.000	4000.000	1.0000
335	Spectrogram 1	1	71793.429218750	71793.447093750	1400.000	4000.000	1.0000
336	Waveform 1	1	73601.657718750	73601.667468750	1400.000	4000.000	1.0000
336	Spectrogram 1	1	73601.657718750	73601.667468750	1400.000	4000.000	1.0000
337	Waveform 1	1	74439.835968750	74439.858718750	1400.000	4000.000	1.0000
337	Spectrogram 1	1	74439.835968750	74439.858718750	1400.000	4000.000	1.0000
338	Waveform 1	1	74440.027718750	74440.047218750	1400.000	4000.000	1.0000
338	Spectrogram 1	1	74440.027718750	74440.047218750	1400.000	4000.000	1.0000
339	Waveform 1	1	74440.113843750	74440.121968750	1400.000	4000.000	1.0000
339	Spectrogram 1	1	74440.113843750	74440.121968750	1400.000	4000.000	1.0000
340	Waveform 1	1	76267.497843750	76267.505968750	1400.000	4000.000	1.0000
340	Spectrogram 1	1	76267.497843750	76267.505968750	1400.000	4000.000	1.0000
341	Waveform 1	1	76283.624343750	76283.634093750	1400.000	4000.000	1.0000
341	Spectrogram 1	1	76283.624343750	76283.634093750	1400.000	4000.000	1.0000
342	Waveform 1	1	76338.451843750	76338.464843750	1400.000	4000.000	1.0000
342	Spectrogram 1	1	76338.451843750	76338.464843750	1400.000	4000.000	1.0000
343	Waveform 1	1	76353.387218750	76353.400218750	1400.000	4000.000	1.0000
343	Spectrogram 1	1	76353.387218750	76353.400218750	1400.000	4000.000	1.0000
344	Waveform 1	1	76441.746593750	76441.754718750	1400.000	4000.000	1.0000
344	Spectrogram 1	1	76441.746593750	76441.754718750	1400.000	4000.000	1.0000
345	Waveform 1	1	76446.316093750	76446.329093750	1400.000	4000.000	1.0000
345	Spectrogram 1	1	76446.316093750	76446.329093750	1400.000	4000.000	1.0000
346	Waveform 1	1	76886.819468750	76886.834093750	1400.000	4000.000	1.0000
346	Spectrogram 1	1	76886.819468750	76886.834093750	1400.000	4000.000	1.0000
347	Waveform 1	1	76971.556718750	76971.568093750	1400.000	4000.000	1.0000
347	Spectrogram 1	1	76971.556718750	76971.568093750	1400.000	4000.000	1.0000
348	Waveform 1	1	77062.264218750	77062.280468750	1400.000	4000.000	1.0000
348	Spectrogram 1	1	77062.264218750	77062.280468750	1400.000	4000.000	1.0000
349	Waveform 1	1	77063.996468750	77064.007843750	1400.000	4000.000	1.0000
349	Spectrogram 1	1	77063.996468750	77064.007843750	1400.000	4000.000	1.0000
350	Waveform 1	1	77135.663843750	77135.673593750	1400.000	4000.000	1.0000
350	Spectrogram 1	1	77135.663843750	77135.673593750	1400.000	4000.000	1.0000
351	Waveform 1	1	77151.177718750	77151.187468750	1400.000	4000.000	1.0000
351	Spectrogram 1	1	77151.177718750	77151.187468750	1400.000	4000.000	1.0000
352	Waveform 1	1	77239.826343750	77239.840968750	1400.000	4000.000	1.0000
352	Spectrogram 1	1	77239.826343750	77239.840968750	1400.000	4000.000	1.0000
353	Waveform 1	1	77249.371593750	77249.384593750	1400.000	4000.000	1.0000
353	Spectrogram 1	1	77249.371593750	77249.384593750	1400.000	4000.000	1.0000
354	Waveform 1	1	77267.025593750	77267.035343750	1400.000	4000.000	1.0000
354	Spectrogram 1	1	77267.025593750	77267.035343750	1400.000	4000.000	1.0000
355	Waveform 1	1	77364.377718750	77364.395593750	1400.000	4000.000	1.0000
355	Spectrogram 1	1	77364.377718750	77364.395593750	1400.000	4000.000	1.0000
356	Waveform 1	1	77397.737343750	77397.760093750	1400.000	4000.000	1.0000
356	Spectrogram 1	1	77397.737343750	77397.760093750	1400.000	4000.000	1.0000
357	Waveform 1	1	77417.269843750	77417.277968750	1400.000	4000.000	1.0000
357	Spectrogram 1	1	77417.269843750	77417.277968750	1400.000	4000.000	1.0000
358	Waveform 1	1	77420.539343750	77420.553968750	1400.000	4000.000	1.0000
358	Spectrogram 1	1	77420.539343750	77420.553968750	1400.000	4000.000	1.0000
359	Waveform 1	1	77429.795343750	77429.808343750	1400.000	4000.000	1.0000
359	Spectrogram 1	1	77429.795343750	77429.808343750	1400.000	4000.000	1.0000
360	Waveform 1	1	77460.912468750	77460.933593750	1400.000	4000.000	1.0000
360	Spectrogram 1	1	77460.912468750	77460.933593750	1400.000	4000.000	1.0000
361	Waveform 1	1	77469.199968750	77469.211343750	1400.000	4000.000	1.0000
361	Spectrogram 1	1	77469.199968750	77469.211343750	1400.000	4000.000	1.0000
362	Waveform 1	1	77556.215468750	77556.238218750	1400.000	4000.000	1.0000
362	Spectrogram 1	1	77556.215468750	77556.238218750	1400.000	4000.000	1.0000
363	Waveform 1	1	77586.703718750	77586.719968750	1400.000	4000.000	1.0000
363	Spectrogram 1	1	77586.703718750	77586.719968750	1400.000	4000.000	1.0000
364	Waveform 1	1	77595.819968750	77595.841093750	1400.000	4000.000	1.0000
364	Spectrogram 1	1	77595.819968750	77595.841093750	1400.000	4000.000	1.0000
365	Waveform 1	1	77597.867468750	77597.886968750	1400.000	4000.000	1.0000
365	Spectrogram 1	1	77597.867468750	77597.886968750	1400.000	4000.000	1.0000
366	Waveform 1	1	77601.887718750	77601.907218750	1400.000	4000.000	1.0000
366	Spectrogram 1	1	77601.887718750	77601.907218750	1400.000	4000.000	1.0000
367	Waveform 1	1	77661.062093750	77661.078343750	1400.000	4000.000	1.0000
367	Spectrogram 1	1	77661.062093750	77661.078343750	1400.000	4000.000	1.0000
368	Waveform 1	1	77663.727093750	77663.738468750	1400.000	4000.000	1.0000
368	Spectrogram 1	1	77663.727093750	77663.738468750	1400.000	4000.000	1.0000
369	Waveform 1	1	77665.802218750	77665.811968750	1400.000	4000.000	1.0000
369	Spectrogram 1	1	77665.802218750	77665.811968750	1400.000	4000.000	1.0000
370	Waveform 1	1	77667.732718750	77667.745718750	1400.000	4000.000	1.0000
370	Spectrogram 1	1	77667.732718750	77667.745718750	1400.000	4000.000	1.0000
371	Waveform 1	1	77674.391968750	77674.404968750	1400.000	4000.000	1.0000
371	Spectrogram 1	1	77674.391968750	77674.404968750	1400.000	4000.000	1.0000
372	Waveform 1	1	77684.020093750	77684.031468750	1400.000	4000.000	1.0000
372	Spectrogram 1	1	77684.020093750	77684.031468750	1400.000	4000.000	1.0000
373	Waveform 1	1	77732.339468750	77732.354093750	1400.000	4000.000	1.0000
373	Spectrogram 1	1	77732.339468750	77732.354093750	1400.000	4000.000	1.0000
374	Waveform 1	1	77748.781218750	77748.802343750	1400.000	4000.000	1.0000
374	Spectrogram 1	1	77748.781218750	77748.802343750	1400.000	4000.000	1.0000
375	Waveform 1	1	77753.482343750	77753.501843750	1400.000	4000.000	1.0000
375	Spectrogram 1	1	77753.482343750	77753.501843750	1400.000	4000.000	1.0000
376	Waveform 1	1	77775.816343750	77775.834218750	1400.000	4000.000	1.0000
376	Spectrogram 1	1	77775.816343750	77775.834218750	1400.000	4000.000	1.0000
377	Waveform 1	1	77803.516093750	77803.542093750	1400.000	4000.000	1.0000
377	Spectrogram 1	1	77803.516093750	77803.542093750	1400.000	4000.000	1.0000
378	Waveform 1	1	77896.622093750	77896.636718750	1400.000	4000.000	1.0000
378	Spectrogram 1	1	77896.622093750	77896.636718750	1400.000	4000.000	1.0000
379	Waveform 1	1	77946.087093750	77946.096843750	1400.000	4000.000	1.0000
379	Spectrogram 1	1	77946.087093750	77946.096843750	1400.000	4000.000	1.0000
380	Waveform 1	1	78031.383343750	78031.401218750	1400.000	4000.000	1.0000
380	Spectrogram 1	1	78031.383343750	78031.401218750	1400.000	4000.000	1.0000
381	Waveform 1	1	78084.957968750	78084.980718750	1400.000	4000.000	1.0000
381	Spectrogram 1	1	78084.957968750	78084.980718750	1400.000	4000.000	1.0000
382	Waveform 1	1	78305.840968750	78305.849093750	1400.000	4000.000	1.0000
382	Spectrogram 1	1	78305.840968750	78305.849093750	1400.000	4000.000	1.0000
383	Waveform 1	1	78307.322968750	78307.335968750	1400.000	4000.000	1.0000
383	Spectrogram 1	1	78307.322968750	78307.335968750	1400.000	4000.000	1.0000
384	Waveform 1	1	78338.378343750	78338.399468750	1400.000	4000.000	1.0000
384	Spectrogram 1	1	78338.378343750	78338.399468750	1400.000	4000.000	1.0000
385	Waveform 1	1	78795.648468750	78795.658218750	1400.000	4000.000	1.0000
385	Spectrogram 1	1	78795.648468750	78795.658218750	1400.000	4000.000	1.0000
386	Waveform 1	1	78998.118593750	78998.131593750	1400.000	4000.000	1.0000
386	Spectrogram 1	1	78998.118593750	78998.131593750	1400.000	4000.000	1.0000
387	Waveform 1	1	79024.500468750	79024.518343750	1400.000	4000.000	1.0000
387	Spectrogram 1	1	79024.500468750	79024.518343750	1400.000	4000.000	1.0000
388	Waveform 1	1	79099.692468750	79099.702218750	1400.000	4000.000	1.0000
388	Spectrogram 1	1	79099.692468750	79099.702218750	1400.000	4000.000	1.0000
389	Waveform 1	1	85209.474718750	85209.482843750	1400.000	4000.000	1.0000
389	Spectrogram 1	1	85209.474718750	85209.482843750	1400.000	4000.000	1.0000
