Selection	View	Channel	Begin Time (s)	End Time (s)	Low Freq (Hz)	High Freq (Hz)	Occupancy
1	Waveform 1	1	560.996843750	561.013093750	1400.000	4000.000	1.0000
1	Spectrogram 1	1	560.996843750	561.013093750	1400.000	4000.000	1.0000
2	Waveform 1	1	4085.277343750	4085.287093750	1400.000	4000.000	1.0000
2	Spectrogram 1	1	4085.277343750	4085.287093750	1400.000	4000.000	1.0000
3	Waveform 1	1	4085.345593750	4085.353718750	1400.000	4000.000	1.0000
3	Spectrogram 1	1	4085.345593750	4085.353718750	1400.000	4000.000	1.0000
4	Waveform 1	1	6335.738218750	6335.746343750	1400.000	4000.000	1.0000
4	Spectrogram 1	1	6335.738218750	6335.746343750	1400.000	4000.000	1.0000
5	Waveform 1	1	6341.269718750	6341.281093750	1400.000	4000.000	1.0000
5	Spectrogram 1	1	6341.269718750	6341.281093750	1400.000	4000.000	1.0000
6	Waveform 1	1	10777.687093750	10777.696843750	1400.000	4000.000	1.0000
6	Spectrogram 1	1	10777.687093750	10777.696843750	1400.000	4000.000	1.0000
7	Waveform 1	1	14025.340593750	14025.371468750	1400.000	4000.000	1.0000
7	Spectrogram 1	1	14025.340593750	14025.371468750	1400.000	4000.000	1.0000
8	Waveform 1	1	14025.928843750	14025.948343750	1400.000	4000.000	1.0000
8	Spectrogram 1	1	14025.928843750	14025.948343750	1400.000	4000.000	1.0000
9	Waveform 1	1	14088.232968750	14088.242718750	1400.000	4000.000	1.0000
9	Spectrogram 1	1	14088.232968750	14088.242718750	1400.000	4000.000	1.0000
10	Waveform 1	1	15750.200093750	15750.209843750	1400.000	4000.000	1.0000
10	Spectrogram 1	1	15750.200093750	15750.209843750	1400.000	4000.000	1.0000
11	Waveform 1	1	17566.376468750	17566.386218750	1400.000	4000.000	1.0000
11	Spectrogram 1	1	17566.376468750	17566.386218750	1400.000	4000.000	1.0000
12	Waveform 1	1	21920.944218750	21920.965343750	1400.000	4000.000	1.0000
12	Spectrogram 1	1	21920.944218750	21920.965343750	1400.000	4000.000	1.0000
13	Waveform 1	1	21958.164843750	21958.192468750	1400.000	4000.000	0.9412
13	Spectrogram 1	1	21958.164843750	21958.192468750	1400.000	4000.000	0.9412
14	Waveform 1	1	27960.651593750	27960.662968750	1400.000	4000.000	1.0000
14	Spectrogram 1	1	27960.651593750	27960.662968750	1400.000	4000.000	1.0000
15	Waveform 1	1	29523.911343750	29523.932468750	1400.000	4000.000	1.0000
15	Spectrogram 1	1	29523.911343750	29523.932468750	1400.000	4000.000	1.0000
16	Waveform 1	1	31265.316593750	31265.334468750	1400.000	4000.000	1.0000
16	Spectrogram 1	1	31265.316593750	31265.334468750	1400.000	4000.000	1.0000
17	Waveform 1	1	31305.177843750	31305.190843750	1400.000	4000.000	1.0000
17	Spectrogram 1	1	31305.177843750	31305.190843750	1400.000	4000.000	1.0000
18	Waveform 1	1	31340.061718750	31340.090968750	1400.000	4000.000	1.0000
18	Spectrogram 1	1	31340.061718750	31340.090968750	1400.000	4000.000	1.0000
19	Waveform 1	1	31351.422093750	31351.441593750	1400.000	4000.000	1.0000
19	Spectrogram 1	1	31351.422093750	31351.441593750	1400.000	4000.000	1.0000
20	Waveform 1	1	31352.483218750	31352.499468750	1400.000	4000.000	1.0000
20	Spectrogram 1	1	31352.483218750	31352.499468750	1400.000	4000.000	1.0000
21	Waveform 1	1	31365.361343750	31365.390593750	1400.000	4000.000	1.0000
21	Spectrogram 1	1	31365.361343750	31365.390593750	1400.000	4000.000	1.0000
22	Waveform 1	1	31390.849468750	31390.873843750	1400.000	4000.000	1.0000
22	Spectrogram 1	1	31390.849468750	31390.873843750	1400.000	4000.000	1.0000
23	Waveform 1	1	31404.853718750	31404.868343750	1400.000	4000.000	1.0000
23	Spectrogram 1	1	31404.853718750	31404.868343750	1400.000	4000.000	1.0000
24	Waveform 1	1	31418.882343750	31418.893718750	1400.000	4000.000	1.0000
24	Spectrogram 1	1	31418.882343750	31418.893718750	1400.000	4000.000	1.0000
25	Waveform 1	1	31443.835843750	31443.863468750	1400.000	4000.000	1.0000
25	Spectrogram 1	1	31443.835843750	31443.863468750	1400.000	4000.000	1.0000
26	Waveform 1	1	31507.383093750	31507.396093750	1400.000	4000.000	1.0000
26	Spectrogram 1	1	31507.383093750	31507.396093750	1400.000	4000.000	1.0000
27	Waveform 1	1	31548.731218750	31548.762093750	1400.000	4000.000	1.0000
27	Spectrogram 1	1	31548.731218750	31548.762093750	1400.000	4000.000	1.0000
28	Waveform 1	1	31562.431593750	31562.439718750	1400.000	4000.000	1.0000
28	Spectrogram 1	1	31562.431593750	31562.439718750	1400.000	4000.000	1.0000
29	Waveform 1	1	31629.579843750	31629.591218750	1400.000	4000.000	1.0000
29	Spectrogram 1	1	31629.579843750	31629.591218750	1400.000	4000.000	1.0000
30	Waveform 1	1	31657.576968750	31657.585093750	1400.000	4000.000	1.0000
30	Spectrogram 1	1	31657.576968750	31657.585093750	1400.000	4000.000	1.0000
31	Waveform 1	1	31658.093718750	31658.108343750	1400.000	4000.000	1.0000
31	Spectrogram 1	1	31658.093718750	31658.108343750	1400.000	4000.000	1.0000
32	Waveform 1	1	31709.258468750	31709.271468750	1400.000	4000.000	1.0000
32	Spectrogram 1	1	31709.258468750	31709.271468750	1400.000	4000.000	1.0000
33	Waveform 1	1	31770.304843750	31770.322718750	1400.000	4000.000	1.0000
33	Spectrogram 1	1	31770.304843750	31770.322718750	1400.000	4000.000	1.0000
34	Waveform 1	1	31821.984718750	31822.013968750	1400.000	4000.000	1.0000
34	Spectrogram 1	1	31821.984718750	31822.013968750	1400.000	4000.000	1.0000
35	Waveform 1	1	31842.056718750	31842.066468750	1400.000	4000.000	1.0000
35	Spectrogram 1	1	31842.056718750	31842.066468750	1400.000	4000.000	1.0000
36	Waveform 1	1	31936.537468750	31936.550468750	1400.000	4000.000	1.0000
36	Spectrogram 1	1	31936.537468750	31936.550468750	1400.000	4000.000	1.0000
37	Waveform 1	1	31936.582968750	31936.610593750	1400.000	4000.000	1.0000
37	Spectrogram 1	1	31936.582968750	31936.610593750	1400.000	4000.000	1.0000
38	Waveform 1	1	31973.800343750	31973.829593750	1400.000	4000.000	1.0000
38	Spectrogram 1	1	31973.800343750	31973.829593750	1400.000	4000.000	1.0000
39	Waveform 1	1	31993.037093750	31993.063093750	1400.000	4000.000	1.0000
39	Spectrogram 1	1	31993.037093750	31993.063093750	1400.000	4000.000	1.0000
40	Waveform 1	1	32012.065843750	32012.093468750	1400.000	4000.000	1.0000
40	Spectrogram 1	1	32012.065843750	32012.093468750	1400.000	4000.000	1.0000
41	Waveform 1	1	32046.278593750	32046.311093750	1400.000	4000.000	1.0000
41	Spectrogram 1	1	32046.278593750	32046.311093750	1400.000	4000.000	1.0000
42	Waveform 1	1	32136.449843750	32136.479093750	1400.000	4000.000	0.9444
42	Spectrogram 1	1	32136.449843750	32136.479093750	1400.000	4000.000	0.9444
43	Waveform 1	1	32157.300218750	32157.324593750	1400.000	4000.000	1.0000
43	Spectrogram 1	1	32157.300218750	32157.324593750	1400.000	4000.000	1.0000
44	Waveform 1	1	32193.126593750	32193.142843750	1400.000	4000.000	1.0000
44	Spectrogram 1	1	32193.126593750	32193.142843750	1400.000	4000.000	1.0000
45	Waveform 1	1	32308.688468750	32308.709593750	1400.000	4000.000	1.0000
45	Spectrogram 1	1	32308.688468750	32308.709593750	1400.000	4000.000	1.0000
46	Waveform 1	1	32407.208968750	32407.220343750	1400.000	4000.000	1.0000
46	Spectrogram 1	1	32407.208968750	32407.220343750	1400.000	4000.000	1.0000
47	Waveform 1	1	32426.351468750	32426.369343750	1400.000	4000.000	1.0000
47	Spectrogram 1	1	32426.351468750	32426.369343750	1400.000	4000.000	1.0000
48	Waveform 1	1	32500.856093750	32500.888593750	1400.000	4000.000	1.0000
48	Spectrogram 1	1	32500.856093750	32500.888593750	1400.000	4000.000	1.0000
49	Waveform 1	1	32527.468718750	32527.497968750	1400.000	4000.000	1.0000
49	Spectrogram 1	1	32527.468718750	32527.497968750	1400.000	4000.000	1.0000
50	Waveform 1	1	32539.690343750	32539.721218750	1400.000	4000.000	1.0000
50	Spectrogram 1	1	32539.690343750	32539.721218750	1400.000	4000.000	1.0000
51	Waveform 1	1	32562.173843750	32562.185218750	1400.000	4000.000	1.0000
51	Spectrogram 1	1	32562.173843750	32562.185218750	1400.000	4000.000	1.0000
52	Waveform 1	1	32576.252843750	32576.273968750	1400.000	4000.000	1.0000
52	Spectrogram 1	1	32576.252843750	32576.273968750	1400.000	4000.000	1.0000
53	Waveform 1	1	32589.191093750	32589.213843750	1400.000	4000.000	1.0000
53	Spectrogram 1	1	32589.191093750	32589.213843750	1400.000	4000.000	1.0000
54	Waveform 1	1	32589.298343750	32589.321093750	1400.000	4000.000	1.0000
54	Spectrogram 1	1	32589.298343750	32589.321093750	1400.000	4000.000	1.0000
55	Waveform 1	1	32675.749968750	32675.767843750	1400.000	4000.000	1.0000
55	Spectrogram 1	1	32675.749968750	32675.767843750	1400.000	4000.000	1.0000
56	Waveform 1	1	32692.175468750	32692.203093750	1400.000	4000.000	1.0000
56	Spectrogram 1	1	32692.175468750	32692.203093750	1400.000	4000.000	1.0000
57	Waveform 1	1	32714.728843750	32714.756468750	1400.000	4000.000	1.0000
57	Spectrogram 1	1	32714.728843750	32714.756468750	1400.000	4000.000	1.0000
58	Waveform 1	1	32801.292593750	32801.323468750	1400.000	4000.000	1.0000
58	Spectrogram 1	1	32801.292593750	32801.323468750	1400.000	4000.000	1.0000
59	Waveform 1	1	32914.868718750	32914.889843750	1400.000	4000.000	1.0000
59	Spectrogram 1	1	32914.868718750	32914.889843750	1400.000	4000.000	1.0000
60	Waveform 1	1	32954.916843750	32954.934718750	1400.000	4000.000	1.0000
60	Spectrogram 1	1	32954.916843750	32954.934718750	1400.000	4000.000	1.0000
61	Waveform 1	1	32974.933593750	32974.946593750	1400.000	4000.000	1.0000
61	Spectrogram 1	1	32974.933593750	32974.946593750	1400.000	4000.000	1.0000
62	Waveform 1	1	32975.029468750	32975.047343750	1400.000	4000.000	1.0000
62	Spectrogram 1	1	32975.029468750	32975.047343750	1400.000	4000.000	1.0000
63	Waveform 1	1	32989.938843750	32989.959968750	1400.000	4000.000	1.0000
63	Spectrogram 1	1	32989.938843750	32989.959968750	1400.000	4000.000	1.0000
64	Waveform 1	1	32990.008718750	32990.024968750	1400.000	4000.000	1.0000
64	Spectrogram 1	1	32990.008718750	32990.024968750	1400.000	4000.000	1.0000
65	Waveform 1	1	33008.483343750	33008.502843750	1400.000	4000.000	1.0000
65	Spectrogram 1	1	33008.483343750	33008.502843750	1400.000	4000.000	1.0000
66	Waveform 1	1	33012.856218750	33012.870843750	1400.000	4000.000	1.0000
66	Spectrogram 1	1	33012.856218750	33012.870843750	1400.000	4000.000	1.0000
67	Waveform 1	1	33015.945343750	33015.958343750	1400.000	4000.000	1.0000
67	Spectrogram 1	1	33015.945343750	33015.958343750	1400.000	4000.000	1.0000
68	Waveform 1	1	33021.587343750	33021.597093750	1400.000	4000.000	1.0000
68	Spectrogram 1	1	33021.587343750	33021.597093750	1400.000	4000.000	1.0000
69	Waveform 1	1	33023.272468750	33023.296843750	1400.000	4000.000	1.0000
69	Spectrogram 1	1	33023.272468750	33023.296843750	1400.000	4000.000	1.0000
70	Waveform 1	1	33027.047343750	33027.063593750	1400.000	4000.000	1.0000
70	Spectrogram 1	1	33027.047343750	33027.063593750	1400.000	4000.000	1.0000
71	Waveform 1	1	33029.861843750	33029.884593750	1400.000	4000.000	1.0000
71	Spectrogram 1	1	33029.861843750	33029.884593750	1400.000	4000.000	1.0000
72	Waveform 1	1	33032.534968750	33032.552843750	1400.000	4000.000	1.0000
72	Spectrogram 1	1	33032.534968750	33032.552843750	1400.000	4000.000	1.0000
73	Waveform 1	1	33034.239593750	33034.262343750	1400.000	4000.000	1.0000
73	Spectrogram 1	1	33034.239593750	33034.262343750	1400.000	4000.000	1.0000
74	Waveform 1	1	33039.509468750	33039.530593750	1400.000	4000.000	1.0000
74	Spectrogram 1	1	33039.509468750	33039.530593750	1400.000	4000.000	1.0000
75	Waveform 1	1	33042.549843750	33042.570968750	1400.000	4000.000	1.0000
75	Spectrogram 1	1	33042.549843750	33042.570968750	1400.000	4000.000	1.0000
76	Waveform 1	1	33051.508468750	33051.527968750	1400.000	4000.000	1.0000
76	Spectrogram 1	1	33051.508468750	33051.527968750	1400.000	4000.000	1.0000
77	Waveform 1	1	33054.327843750	33054.348968750	1400.000	4000.000	1.0000
77	Spectrogram 1	1	33054.327843750	33054.348968750	1400.000	4000.000	1.0000
78	Waveform 1	1	33056.333093750	33056.355843750	1400.000	4000.000	1.0000
78	Spectrogram 1	1	33056.333093750	33056.355843750	1400.000	4000.000	1.0000
79	Waveform 1	1	33060.629593750	33060.645843750	1400.000	4000.000	1.0000
79	Spectrogram 1	1	33060.629593750	33060.645843750	1400.000	4000.000	1.0000
80	Waveform 1	1	33071.637343750	33071.661718750	1400.000	4000.000	1.0000
80	Spectrogram 1	1	33071.637343750	33071.661718750	1400.000	4000.000	1.0000
81	Waveform 1	1	33073.470343750	33073.488218750	1400.000	4000.000	1.0000
81	Spectrogram 1	1	33073.470343750	33073.488218750	1400.000	4000.000	1.0000
82	Waveform 1	1	33076.357968750	33076.382343750	1400.000	4000.000	1.0000
82	Spectrogram 1	1	33076.357968750	33076.382343750	1400.000	4000.000	1.0000
83	Waveform 1	1	33078.065843750	33078.083718750	1400.000	4000.000	1.0000
83	Spectrogram 1	1	33078.065843750	33078.083718750	1400.000	4000.000	1.0000
84	Waveform 1	1	33125.855468750	33125.883093750	1400.000	4000.000	1.0000
84	Spectrogram 1	1	33125.855468750	33125.883093750	1400.000	4000.000	1.0000
85	Waveform 1	1	33126.758968750	33126.773593750	1400.000	4000.000	1.0000
85	Spectrogram 1	1	33126.758968750	33126.773593750	1400.000	4000.000	1.0000
86	Waveform 1	1	33142.448343750	33142.474343750	1400.000	4000.000	1.0000
86	Spectrogram 1	1	33142.448343750	33142.474343750	1400.000	4000.000	1.0000
87	Waveform 1	1	33163.152468750	33163.168718750	1400.000	4000.000	1.0000
87	Spectrogram 1	1	33163.152468750	33163.168718750	1400.000	4000.000	1.0000
88	Waveform 1	1	33219.822718750	33219.853593750	1400.000	4000.000	1.0000
88	Spectrogram 1	1	33219.822718750	33219.853593750	1400.000	4000.000	1.0000
89	Waveform 1	1	33241.308468750	33241.329593750	1400.000	4000.000	1.0000
89	Spectrogram 1	1	33241.308468750	33241.329593750	1400.000	4000.000	1.0000
90	Waveform 1	1	33241.388093750	33241.397843750	1400.000	4000.000	1.0000
90	Spectrogram 1	1	33241.388093750	33241.397843750	1400.000	4000.000	1.0000
91	Waveform 1	1	33242.181093750	33242.202218750	1400.000	4000.000	1.0000
91	Spectrogram 1	1	33242.181093750	33242.202218750	1400.000	4000.000	1.0000
92	Waveform 1	1	33261.720093750	33261.737968750	1400.000	4000.000	1.0000
92	Spectrogram 1	1	33261.720093750	33261.737968750	1400.000	4000.000	1.0000
93	Waveform 1	1	33282.050468750	33282.071593750	1400.000	4000.000	1.0000
93	Spectrogram 1	1	33282.050468750	33282.071593750	1400.000	4000.000	1.0000
94	Waveform 1	1	33319.734218750	33319.747218750	1400.000	4000.000	1.0000
94	Spectrogram 1	1	33319.734218750	33319.747218750	1400.000	4000.000	1.0000
95	Waveform 1	1	33353.131218750	33353.157218750	1400.000	4000.000	1.0000
95	Spectrogram 1	1	33353.131218750	33353.157218750	1400.000	4000.000	1.0000
96	Waveform 1	1	33353.979468750	33353.997343750	1400.000	4000.000	1.0000
96	Spectrogram 1	1	33353.979468750	33353.997343750	1400.000	4000.000	1.0000
97	Waveform 1	1	33366.964843750	33366.987593750	1400.000	4000.000	1.0000
97	Spectrogram 1	1	33366.964843750	33366.987593750	1400.000	4000.000	1.0000
98	Waveform 1	1	33367.808218750	33367.816343750	1400.000	4000.000	1.0000
98	Spectrogram 1	1	33367.808218750	33367.816343750	1400.000	4000.000	1.0000
99	Waveform 1	1	33386.021218750	33386.039093750	1400.000	4000.000	1.0000
99	Spectrogram 1	1	33386.021218750	33386.039093750	1400.000	4000.000	1.0000
100	Waveform 1	1	33386.099218750	33386.126843750	1400.000	4000.000	1.0000
100	Spectrogram 1	1	33386.099218750	33386.126843750	1400.000	4000.000	1.0000
101	Waveform 1	1	33401.229593750	33401.252343750	1400.000	4000.000	1.0000
101	Spectrogram 1	1	33401.229593750	33401.252343750	1400.000	4000.000	1.0000
102	Waveform 1	1	33401.315718750	33401.325468750	1400.000	4000.000	1.0000
102	Spectrogram 1	1	33401.315718750	33401.325468750	1400.000	4000.000	1.0000
103	Waveform 1	1	33402.061593750	33402.081093750	1400.000	4000.000	1.0000
103	Spectrogram 1	1	33402.061593750	33402.081093750	1400.000	4000.000	1.0000
104	Waveform 1	1	33423.015968750	33423.035468750	1400.000	4000.000	1.0000
104	Spectrogram 1	1	33423.015968750	33423.035468750	1400.000	4000.000	1.0000
105	Waveform 1	1	33423.084218750	33423.092343750	1400.000	4000.000	1.0000
105	Spectrogram 1	1	33423.084218750	33423.092343750	1400.000	4000.000	1.0000
106	Waveform 1	1	33438.793093750	33438.819093750	1400.000	4000.000	1.0000
106	Spectrogram 1	1	33438.793093750	33438.819093750	1400.000	4000.000	1.0000
107	Waveform 1	1	33456.955718750	33456.963843750	1400.000	4000.000	1.0000
107	Spectrogram 1	1	33456.955718750	33456.963843750	1400.000	4000.000	1.0000
108	Waveform 1	1	33473.662343750	33473.680218750	1400.000	4000.000	1.0000
108	Spectrogram 1	1	33473.662343750	33473.680218750	1400.000	4000.000	1.0000
109	Waveform 1	1	33488.750468750	33488.773218750	1400.000	4000.000	1.0000
109	Spectrogram 1	1	33488.750468750	33488.773218750	1400.000	4000.000	1.0000
110	Waveform 1	1	33502.093343750	33502.117718750	1400.000	4000.000	1.0000
110	Spectrogram 1	1	33502.093343750	33502.117718750	1400.000	4000.000	1.0000
111	Waveform 1	1	33502.189218750	33502.208718750	1400.000	4000.000	1.0000
111	Spectrogram 1	1	33502.189218750	33502.208718750	1400.000	4000.000	1.0000
112	Waveform 1	1	33502.894468750	33502.923718750	1400.000	4000.000	1.0000
112	Spectrogram 1	1	33502.894468750	33502.923718750	1400.000	4000.000	1.0000
113	Waveform 1	1	33517.213968750	33517.236718750	1400.000	4000.000	1.0000
113	Spectrogram 1	1	33517.213968750	33517.236718750	1400.000	4000.000	1.0000
114	Waveform 1	1	33518.011843750	33518.028093750	1400.000	4000.000	1.0000
114	Spectrogram 1	1	33518.011843750	33518.028093750	1400.000	4000.000	1.0000
115	Waveform 1	1	33532.542593750	33532.562093750	1400.000	4000.000	1.0000
115	Spectrogram 1	1	33532.542593750	33532.562093750	1400.000	4000.000	1.0000
116	Waveform 1	1	33552.773843750	33552.796593750	1400.000	4000.000	1.0000
116	Spectrogram 1	1	33552.773843750	33552.796593750	1400.000	4000.000	1.0000
117	Waveform 1	1	33552.903843750	33552.928218750	1400.000	4000.000	1.0000
117	Spectrogram 1	1	33552.903843750	33552.928218750	1400.000	4000.000	1.0000
118	Waveform 1	1	33553.560343750	33553.578218750	1400.000	4000.000	1.0000
118	Spectrogram 1	1	33553.560343750	33553.578218750	1400.000	4000.000	1.0000
119	Waveform 1	1	33553.690343750	33553.716343750	1400.000	4000.000	1.0000
119	Spectrogram 1	1	33553.690343750	33553.716343750	1400.000	4000.000	1.0000
120	Waveform 1	1	33572.008968750	33572.026843750	1400.000	4000.000	1.0000
120	Spectrogram 1	1	33572.008968750	33572.026843750	1400.000	4000.000	1.0000
121	Waveform 1	1	33611.693093750	33611.714218750	1400.000	4000.000	1.0000
121	Spectrogram 1	1	33611.693093750	33611.714218750	1400.000	4000.000	1.0000
122	Waveform 1	1	33612.468218750	33612.477968750	1400.000	4000.000	1.0000
122	Spectrogram 1	1	33612.468218750	33612.477968750	1400.000	4000.000	1.0000
123	Waveform 1	1	33615.521593750	33615.534593750	1400.000	4000.000	1.0000
123	Spectrogram 1	1	33615.521593750	33615.534593750	1400.000	4000.000	1.0000
124	Waveform 1	1	33617.079968750	33617.097843750	1400.000	4000.000	1.0000
124	Spectrogram 1	1	33617.079968750	33617.097843750	1400.000	4000.000	1.0000
125	Waveform 1	1	33621.820093750	33621.842843750	1400.000	4000.000	1.0000
125	Spectrogram 1	1	33621.820093750	33621.842843750	1400.000	4000.000	1.0000
126	Waveform 1	1	33624.125968750	33624.147093750	1400.000	4000.000	1.0000
126	Spectrogram 1	1	33624.125968750	33624.147093750	1400.000	4000.000	1.0000
127	Waveform 1	1	33626.342468750	33626.360343750	1400.000	4000.000	1.0000
127	Spectrogram 1	1	33626.342468750	33626.360343750	1400.000	4000.000	1.0000
128	Waveform 1	1	33628.987968750	33629.004218750	1400.000	4000.000	1.0000
128	Spectrogram 1	1	33628.987968750	33629.004218750	1400.000	4000.000	1.0000
129	Waveform 1	1	33631.388093750	33631.399468750	1400.000	4000.000	1.0000
129	Spectrogram 1	1	33631.388093750	33631.399468750	1400.000	4000.000	1.0000
130	Waveform 1	1	33633.030968750	33633.048843750	1400.000	4000.000	1.0000
130	Spectrogram 1	1	33633.030968750	33633.048843750	1400.000	4000.000	1.0000
131	Waveform 1	1	33641.653218750	33641.667843750	1400.000	4000.000	1.0000
131	Spectrogram 1	1	33641.653218750	33641.667843750	1400.000	4000.000	1.0000
132	Waveform 1	1	33644.943843750	33644.961718750	1400.000	4000.000	1.0000
132	Spectrogram 1	1	33644.943843750	33644.961718750	1400.000	4000.000	1.0000
133	Waveform 1	1	33650.051218750	33650.067468750	1400.000	4000.000	1.0000
133	Spectrogram 1	1	33650.051218750	33650.067468750	1400.000	4000.000	1.0000
134	Waveform 1	1	33661.076843750	33661.086593750	1400.000	4000.000	1.0000
134	Spectrogram 1	1	33661.076843750	33661.086593750	1400.000	4000.000	1.0000
135	Waveform 1	1	33665.995718750	33666.010343750	1400.000	4000.000	1.0000
135	Spectrogram 1	1	33665.995718750	33666.010343750	1400.000	4000.000	1.0000
136	Waveform 1	1	33668.974343750	33668.987343750	1400.000	4000.000	1.0000
136	Spectrogram 1	1	33668.974343750	33668.987343750	1400.000	4000.000	1.0000
137	Waveform 1	1	33676.382718750	33676.397343750	1400.000	4000.000	1.0000
137	Spectrogram 1	1	33676.382718750	33676.397343750	1400.000	4000.000	1.0000
138	Waveform 1	1	33681.750093750	33681.771218750	1400.000	4000.000	1.0000
138	Spectrogram 1	1	33681.750093750	33681.771218750	1400.000	4000.000	1.0000
139	Waveform 1	1	33689.517593750	33689.538718750	1400.000	4000.000	1.0000
139	Spectrogram 1	1	33689.517593750	33689.538718750	1400.000	4000.000	1.0000
140	Waveform 1	1	33690.287843750	33690.297593750	1400.000	4000.000	1.0000
140	Spectrogram 1	1	33690.287843750	33690.297593750	1400.000	4000.000	1.0000
141	Waveform 1	1	33694.025343750	33694.036718750	1400.000	4000.000	1.0000
141	Spectrogram 1	1	33694.025343750	33694.036718750	1400.000	4000.000	1.0000
142	Waveform 1	1	33709.194718750	33709.202843750	1400.000	4000.000	1.0000
142	Spectrogram 1	1	33709.194718750	33709.202843750	1400.000	4000.000	1.0000
143	Waveform 1	1	33711.321843750	33711.344593750	1400.000	4000.000	1.0000
143	Spectrogram 1	1	33711.321843750	33711.344593750	1400.000	4000.000	1.0000
144	Waveform 1	1	33721.109218750	33721.122218750	1400.000	4000.000	1.0000
144	Spectrogram 1	1	33721.109218750	33721.122218750	1400.000	4000.000	1.0000
145	Waveform 1	1	33727.667718750	33727.685593750	1400.000	4000.000	1.0000
145	Spectrogram 1	1	33727.667718750	33727.685593750	1400.000	4000.000	1.0000
146	Waveform 1	1	33748.519718750	33748.540843750	1400.000	4000.000	1.0000
146	Spectrogram 1	1	33748.519718750	33748.540843750	1400.000	4000.000	1.0000
147	Waveform 1	1	33759.769593750	33759.787468750	1400.000	4000.000	1.0000
147	Spectrogram 1	1	33759.769593750	33759.787468750	1400.000	4000.000	1.0000
148	Waveform 1	1	33768.390218750	33768.403218750	1400.000	4000.000	1.0000
148	Spectrogram 1	1	33768.390218750	33768.403218750	1400.000	4000.000	1.0000
149	Waveform 1	1	33769.168593750	33769.176718750	1400.000	4000.000	1.0000
149	Spectrogram 1	1	33769.168593750	33769.176718750	1400.000	4000.000	1.0000
150	Waveform 1	1	33770.476718750	33770.499468750	1400.000	4000.000	1.0000
150	Spectrogram 1	1	33770.476718750	33770.499468750	1400.000	4000.000	1.0000
151	Waveform 1	1	33788.380968750	33788.400468750	1400.000	4000.000	1.0000
151	Spectrogram 1	1	33788.380968750	33788.400468750	1400.000	4000.000	1.0000
152	Waveform 1	1	33794.512093750	33794.534843750	1400.000	4000.000	1.0000
152	Spectrogram 1	1	33794.512093750	33794.534843750	1400.000	4000.000	1.0000
153	Waveform 1	1	33795.288843750	33795.300218750	1400.000	4000.000	1.0000
153	Spectrogram 1	1	33795.288843750	33795.300218750	1400.000	4000.000	1.0000
154	Waveform 1	1	33810.961968750	33810.983093750	1400.000	4000.000	1.0000
154	Spectrogram 1	1	33810.961968750	33810.983093750	1400.000	4000.000	1.0000
155	Waveform 1	1	33811.735468750	33811.748468750	1400.000	4000.000	1.0000
155	Spectrogram 1	1	33811.735468750	33811.748468750	1400.000	4000.000	1.0000
156	Waveform 1	1	33818.745718750	33818.765218750	1400.000	4000.000	1.0000
156	Spectrogram 1	1	33818.745718750	33818.765218750	1400.000	4000.000	1.0000
157	Waveform 1	1	33827.668593750	33827.688093750	1400.000	4000.000	1.0000
157	Spectrogram 1	1	33827.668593750	33827.688093750	1400.000	4000.000	1.0000
158	Waveform 1	1	33833.464968750	33833.479593750	1400.000	4000.000	1.0000
158	Spectrogram 1	1	33833.464968750	33833.479593750	1400.000	4000.000	1.0000
159	Waveform 1	1	33842.771343750	33842.782718750	1400.000	4000.000	1.0000
159	Spectrogram 1	1	33842.771343750	33842.782718750	1400.000	4000.000	1.0000
160	Waveform 1	1	33845.018718750	33845.039843750	1400.000	4000.000	1.0000
160	Spectrogram 1	1	33845.018718750	33845.039843750	1400.000	4000.000	1.0000
161	Waveform 1	1	33845.787343750	33845.797093750	1400.000	4000.000	1.0000
161	Spectrogram 1	1	33845.787343750	33845.797093750	1400.000	4000.000	1.0000
162	Waveform 1	1	33858.894593750	33858.912468750	1400.000	4000.000	1.0000
162	Spectrogram 1	1	33858.894593750	33858.912468750	1400.000	4000.000	1.0000
163	Waveform 1	1	33860.415593750	33860.431843750	1400.000	4000.000	1.0000
163	Spectrogram 1	1	33860.415593750	33860.431843750	1400.000	4000.000	1.0000
164	Waveform 1	1	33861.179343750	33861.190718750	1400.000	4000.000	1.0000
164	Spectrogram 1	1	33861.179343750	33861.190718750	1400.000	4000.000	1.0000
165	Waveform 1	1	33869.702468750	33869.713843750	1400.000	4000.000	1.0000
165	Spectrogram 1	1	33869.702468750	33869.713843750	1400.000	4000.000	1.0000
166	Waveform 1	1	33879.356593750	33879.371218750	1400.000	4000.000	1.0000
166	Spectrogram 1	1	33879.356593750	33879.371218750	1400.000	4000.000	1.0000
167	Waveform 1	1	33889.457593750	33889.477093750	1400.000	4000.000	1.0000
167	Spectrogram 1	1	33889.457593750	33889.477093750	1400.000	4000.000	1.0000
168	Waveform 1	1	33891.349093750	33891.366968750	1400.000	4000.000	1.0000
168	Spectrogram 1	1	33891.349093750	33891.366968750	1400.000	4000.000	1.0000
169	Waveform 1	1	33897.836093750	33897.855593750	1400.000	4000.000	1.0000
169	Spectrogram 1	1	33897.836093750	33897.855593750	1400.000	4000.000	1.0000
170	Waveform 1	1	33900.242718750	33900.252468750	1400.000	4000.000	1.0000
170	Spectrogram 1	1	33900.242718750	33900.252468750	1400.000	4000.000	1.0000
171	Waveform 1	1	33906.926343750	33906.934468750	1400.000	4000.000	1.0000
171	Spectrogram 1	1	33906.926343750	33906.934468750	1400.000	4000.000	1.0000
172	Waveform 1	1	33923.220218750	33923.241343750	1400.000	4000.000	1.0000
172	Spectrogram 1	1	33923.220218750	33923.241343750	1400.000	4000.000	1.0000
173	Waveform 1	1	33935.089218750	33935.110343750	1400.000	4000.000	1.0000
173	Spectrogram 1	1	33935.089218750	33935.110343750	1400.000	4000.000	1.0000
174	Waveform 1	1	33953.726343750	33953.740968750	1400.000	4000.000	1.0000
174	Spectrogram 1	1	33953.726343750	33953.740968750	1400.000	4000.000	1.0000
175	Waveform 1	1	33958.156093750	33958.177218750	1400.000	4000.000	1.0000
175	Spectrogram 1	1	33958.156093750	33958.177218750	1400.000	4000.000	1.0000
176	Waveform 1	1	33988.342093750	33988.353468750	1400.000	4000.000	1.0000
176	Spectrogram 1	1	33988.342093750	33988.353468750	1400.000	4000.000	1.0000
177	Waveform 1	1	33994.656843750	33994.676343750	1400.000	4000.000	1.0000
177	Spectrogram 1	1	33994.656843750	33994.676343750	1400.000	4000.000	1.0000
178	Waveform 1	1	33998.849343750	33998.867218750	1400.000	4000.000	1.0000
178	Spectrogram 1	1	33998.849343750	33998.867218750	1400.000	4000.000	1.0000
179	Waveform 1	1	34003.693468750	34003.709718750	1400.000	4000.000	1.0000
179	Spectrogram 1	1	34003.693468750	34003.709718750	1400.000	4000.000	1.0000
180	Waveform 1	1	34018.513468750	34018.539468750	1400.000	4000.000	1.0000
180	Spectrogram 1	1	34018.513468750	34018.539468750	1400.000	4000.000	1.0000
181	Waveform 1	1	34023.861343750	34023.874343750	1400.000	4000.000	1.0000
181	Spectrogram 1	1	34023.861343750	34023.874343750	1400.000	4000.000	1.0000
182	Waveform 1	1	34025.377468750	34025.392093750	1400.000	4000.000	1.0000
182	Spectrogram 1	1	34025.377468750	34025.392093750	1400.000	4000.000	1.0000
183	Waveform 1	1	34036.981593750	34037.005968750	1400.000	4000.000	1.0000
183	Spectrogram 1	1	34036.981593750	34037.005968750	1400.000	4000.000	1.0000
184	Waveform 1	1	34058.725718750	34058.748468750	1400.000	4000.000	1.0000
184	Spectrogram 1	1	34058.725718750	34058.748468750	1400.000	4000.000	1.0000
185	Waveform 1	1	34060.402718750	34060.423843750	1400.000	4000.000	1.0000
185	Spectrogram 1	1	34060.402718750	34060.423843750	1400.000	4000.000	1.0000
186	Waveform 1	1	34061.179468750	34061.207093750	1400.000	4000.000	1.0000
186	Spectrogram 1	1	34061.179468750	34061.207093750	1400.000	4000.000	1.0000
187	Waveform 1	1	34065.974843750	34065.995968750	1400.000	4000.000	1.0000
187	Spectrogram 1	1	34065.974843750	34065.995968750	1400.000	4000.000	1.0000
188	Waveform 1	1	34086.591218750	34086.612343750	1400.000	4000.000	1.0000
188	Spectrogram 1	1	34086.591218750	34086.612343750	1400.000	4000.000	1.0000
189	Waveform 1	1	34098.053968750	34098.070218750	1400.000	4000.000	1.0000
189	Spectrogram 1	1	34098.053968750	34098.070218750	1400.000	4000.000	1.0000
190	Waveform 1	1	34099.752093750	34099.766718750	1400.000	4000.000	1.0000
190	Spectrogram 1	1	34099.752093750	34099.766718750	1400.000	4000.000	1.0000
191	Waveform 1	1	34113.442718750	34113.465468750	1400.000	4000.000	1.0000
191	Spectrogram 1	1	34113.442718750	34113.465468750	1400.000	4000.000	1.0000
192	Waveform 1	1	34115.482093750	34115.498343750	1400.000	4000.000	1.0000
192	Spectrogram 1	1	34115.482093750	34115.498343750	1400.000	4000.000	1.0000
193	Waveform 1	1	34117.441843750	34117.456468750	1400.000	4000.000	1.0000
193	Spectrogram 1	1	34117.441843750	34117.456468750	1400.000	4000.000	1.0000
194	Waveform 1	1	34125.373468750	34125.394593750	1400.000	4000.000	1.0000
194	Spectrogram 1	1	34125.373468750	34125.394593750	1400.000	4000.000	1.0000
195	Waveform 1	1	34126.145343750	34126.159968750	1400.000	4000.000	1.0000
195	Spectrogram 1	1	34126.145343750	34126.159968750	1400.000	4000.000	1.0000
196	Waveform 1	1	34137.404968750	34137.434218750	1400.000	4000.000	1.0000
196	Spectrogram 1	1	34137.404968750	34137.434218750	1400.000	4000.000	1.0000
197	Waveform 1	1	34185.868968750	34185.885218750	1400.000	4000.000	1.0000
197	Spectrogram 1	1	34185.868968750	34185.885218750	1400.000	4000.000	1.0000
198	Waveform 1	1	34188.597343750	34188.607093750	1400.000	4000.000	1.0000
198	Spectrogram 1	1	34188.597343750	34188.607093750	1400.000	4000.000	1.0000
199	Waveform 1	1	34193.482093750	34193.496718750	1400.000	4000.000	1.0000
199	Spectrogram 1	1	34193.482093750	34193.496718750	1400.000	4000.000	1.0000
200	Waveform 1	1	34207.743093750	34207.757718750	1400.000	4000.000	1.0000
200	Spectrogram 1	1	34207.743093750	34207.757718750	1400.000	4000.000	1.0000
201	Waveform 1	1	34220.622843750	34220.645593750	1400.000	4000.000	1.0000
201	Spectrogram 1	1	34220.622843750	34220.645593750	1400.000	4000.000	1.0000
202	Waveform 1	1	34221.386593750	34221.401218750	1400.000	4000.000	1.0000
202	Spectrogram 1	1	34221.386593750	34221.401218750	1400.000	4000.000	1.0000
203	Waveform 1	1	34271.808718750	34271.820093750	1400.000	4000.000	1.0000
203	Spectrogram 1	1	34271.808718750	34271.820093750	1400.000	4000.000	1.0000
204	Waveform 1	1	34279.948343750	34279.959718750	1400.000	4000.000	1.0000
204	Spectrogram 1	1	34279.948343750	34279.959718750	1400.000	4000.000	1.0000
205	Waveform 1	1	34296.511968750	34296.536343750	1400.000	4000.000	1.0000
205	Spectrogram 1	1	34296.511968750	34296.536343750	1400.000	4000.000	1.0000
206	Waveform 1	1	34297.264343750	34297.285468750	1400.000	4000.000	1.0000
206	Spectrogram 1	1	34297.264343750	34297.285468750	1400.000	4000.000	1.0000
207	Waveform 1	1	34310.556843750	34310.579593750	1400.000	4000.000	1.0000
207	Spectrogram 1	1	34310.556843750	34310.579593750	1400.000	4000.000	1.0000
208	Waveform 1	1	34328.205968750	34328.227093750	1400.000	4000.000	1.0000
208	Spectrogram 1	1	34328.205968750	34328.227093750	1400.000	4000.000	1.0000
209	Waveform 1	1	34339.199093750	34339.215343750	1400.000	4000.000	1.0000
209	Spectrogram 1	1	34339.199093750	34339.215343750	1400.000	4000.000	1.0000
210	Waveform 1	1	34347.088468750	34347.111218750	1400.000	4000.000	1.0000
210	Spectrogram 1	1	34347.088468750	34347.111218750	1400.000	4000.000	1.0000
211	Waveform 1	1	34347.827843750	34347.848968750	1400.000	4000.000	1.0000
211	Spectrogram 1	1	34347.827843750	34347.848968750	1400.000	4000.000	1.0000
212	Waveform 1	1	34357.503093750	34357.520968750	1400.000	4000.000	1.0000
212	Spectrogram 1	1	34357.503093750	34357.520968750	1400.000	4000.000	1.0000
213	Waveform 1	1	34359.115093750	34359.123218750	1400.000	4000.000	1.0000
213	Spectrogram 1	1	34359.115093750	34359.123218750	1400.000	4000.000	1.0000
214	Waveform 1	1	34370.236593750	34370.254468750	1400.000	4000.000	1.0000
214	Spectrogram 1	1	34370.236593750	34370.254468750	1400.000	4000.000	1.0000
215	Waveform 1	1	34376.928343750	34376.942968750	1400.000	4000.000	1.0000
215	Spectrogram 1	1	34376.928343750	34376.942968750	1400.000	4000.000	1.0000
216	Waveform 1	1	34428.133718750	34428.154843750	1400.000	4000.000	1.0000
216	Spectrogram 1	1	34428.133718750	34428.154843750	1400.000	4000.000	1.0000
217	Waveform 1	1	34444.473093750	34444.490968750	1400.000	4000.000	1.0000
217	Spectrogram 1	1	34444.473093750	34444.490968750	1400.000	4000.000	1.0000
218	Waveform 1	1	34494.591343750	34494.599468750	1400.000	4000.000	1.0000
218	Spectrogram 1	1	34494.591343750	34494.599468750	1400.000	4000.000	1.0000
219	Waveform 1	1	34514.335093750	34514.359468750	1400.000	4000.000	1.0000
219	Spectrogram 1	1	34514.335093750	34514.359468750	1400.000	4000.000	1.0000
220	Waveform 1	1	34606.808968750	34606.833343750	1400.000	4000.000	1.0000
220	Spectrogram 1	1	34606.808968750	34606.833343750	1400.000	4000.000	1.0000
221	Waveform 1	1	34633.751468750	34633.764468750	1400.000	4000.000	1.0000
221	Spectrogram 1	1	34633.751468750	34633.764468750	1400.000	4000.000	1.0000
222	Waveform 1	1	34634.425843750	34634.433968750	1400.000	4000.000	1.0000
222	Spectrogram 1	1	34634.425843750	34634.433968750	1400.000	4000.000	1.0000
223	Waveform 1	1	34654.817968750	34654.832593750	1400.000	4000.000	1.0000
223	Spectrogram 1	1	34654.817968750	34654.832593750	1400.000	4000.000	1.0000
224	Waveform 1	1	34655.490718750	34655.500468750	1400.000	4000.000	1.0000
224	Spectrogram 1	1	34655.490718750	34655.500468750	1400.000	4000.000	1.0000
225	Waveform 1	1	34714.460343750	34714.481468750	1400.000	4000.000	1.0000
225	Spectrogram 1	1	34714.460343750	34714.481468750	1400.000	4000.000	1.0000
226	Waveform 1	1	34715.120093750	34715.142843750	1400.000	4000.000	1.0000
226	Spectrogram 1	1	34715.120093750	34715.142843750	1400.000	4000.000	1.0000
227	Waveform 1	1	34752.459343750	34752.480468750	1400.000	4000.000	1.0000
227	Spectrogram 1	1	34752.459343750	34752.480468750	1400.000	4000.000	1.0000
228	Waveform 1	1	34753.107718750	34753.135343750	1400.000	4000.000	1.0000
228	Spectrogram 1	1	34753.107718750	34753.135343750	1400.000	4000.000	1.0000
229	Waveform 1	1	34774.026343750	34774.042593750	1400.000	4000.000	1.0000
229	Spectrogram 1	1	34774.026343750	34774.042593750	1400.000	4000.000	1.0000
230	Waveform 1	1	34798.502093750	34798.523218750	1400.000	4000.000	1.0000
230	Spectrogram 1	1	34798.502093750	34798.523218750	1400.000	4000.000	1.0000
231	Waveform 1	1	34798.568718750	34798.588218750	1400.000	4000.000	1.0000
231	Spectrogram 1	1	34798.568718750	34798.588218750	1400.000	4000.000	1.0000
232	Waveform 1	1	34799.140718750	34799.161843750	1400.000	4000.000	1.0000
232	Spectrogram 1	1	34799.140718750	34799.161843750	1400.000	4000.000	1.0000
233	Waveform 1	1	34799.210593750	34799.228468750	1400.000	4000.000	1.0000
233	Spectrogram 1	1	34799.210593750	34799.228468750	1400.000	4000.000	1.0000
234	Waveform 1	1	34817.937093750	34817.945218750	1400.000	4000.000	1.0000
234	Spectrogram 1	1	34817.937093750	34817.945218750	1400.000	4000.000	1.0000
235	Waveform 1	1	34830.251343750	34830.264343750	1400.000	4000.000	1.0000
235	Spectrogram 1	1	34830.251343750	34830.264343750	1400.000	4000.000	1.0000
236	Waveform 1	1	34830.326093750	34830.339093750	1400.000	4000.000	1.0000
236	Spectrogram 1	1	34830.326093750	34830.339093750	1400.000	4000.000	1.0000
237	Waveform 1	1	34889.144593750	34889.160843750	1400.000	4000.000	1.0000
237	Spectrogram 1	1	34889.144593750	34889.160843750	1400.000	4000.000	1.0000
238	Waveform 1	1	34904.551218750	34904.564218750	1400.000	4000.000	1.0000
238	Spectrogram 1	1	34904.551218750	34904.564218750	1400.000	4000.000	1.0000
239	Waveform 1	1	34947.969593750	34947.985843750	1400.000	4000.000	1.0000
239	Spectrogram 1	1	34947.969593750	34947.985843750	1400.000	4000.000	1.0000
240	Waveform 1	1	34994.199218750	34994.208968750	1400.000	4000.000	1.0000
240	Spectrogram 1	1	34994.199218750	34994.208968750	1400.000	4000.000	1.0000
241	Waveform 1	1	35047.266843750	35047.284718750	1400.000	4000.000	1.0000
241	Spectrogram 1	1	35047.266843750	35047.284718750	1400.000	4000.000	1.0000
242	Waveform 1	1	35159.734718750	35159.757468750	1400.000	4000.000	1.0000
242	Spectrogram 1	1	35159.734718750	35159.757468750	1400.000	4000.000	1.0000
243	Waveform 1	1	35160.290468750	35160.316468750	1400.000	4000.000	1.0000
243	Spectrogram 1	1	35160.290468750	35160.316468750	1400.000	4000.000	1.0000
244	Waveform 1	1	35173.067843750	35173.079218750	1400.000	4000.000	1.0000
244	Spectrogram 1	1	35173.067843750	35173.079218750	1400.000	4000.000	1.0000
245	Waveform 1	1	35326.734343750	35326.744093750	1400.000	4000.000	1.0000
245	Spectrogram 1	1	35326.734343750	35326.744093750	1400.000	4000.000	1.0000
246	Waveform 1	1	35362.968593750	35362.994593750	1400.000	4000.000	1.0000
246	Spectrogram 1	1	35362.968593750	35362.994593750	1400.000	4000.000	1.0000
247	Waveform 1	1	35417.492218750	35417.500343750	1400.000	4000.000	1.0000
247	Spectrogram 1	1	35417.492218750	35417.500343750	1400.000	4000.000	1.0000
248	Waveform 1	1	35433.053218750	35433.066218750	1400.000	4000.000	1.0000
248	Spectrogram 1	1	35433.053218750	35433.066218750	1400.000	4000.000	1.0000
249	Waveform 1	1	35637.808093750	35637.816218750	1400.000	4000.000	1.0000
249	Spectrogram 1	1	35637.808093750	35637.816218750	1400.000	4000.000	1.0000
250	Waveform 1	1	35795.236468750	35795.255968750	1400.000	4000.000	1.0000
250	Spectrogram 1	1	35795.236468750	35795.255968750	1400.000	4000.000	1.0000
251	Waveform 1	1	36738.825218750	36738.849593750	1400.000	4000.000	1.0000
251	Spectrogram 1	1	36738.825218750	36738.849593750	1400.000	4000.000	1.0000
252	Waveform 1	1	36741.431718750	36741.444718750	1400.000	4000.000	1.0000
252	Spectrogram 1	1	36741.431718750	36741.444718750	1400.000	4000.000	1.0000
253	Waveform 1	1	36855.651343750	36855.661093750	1400.000	4000.000	1.0000
253	Spectrogram 1	1	36855.651343750	36855.661093750	1400.000	4000.000	1.0000
254	Waveform 1	1	37547.798968750	37547.815218750	1400.000	4000.000	1.0000
254	Spectrogram 1	1	37547.798968750	37547.815218750	1400.000	4000.000	1.0000
255	Waveform 1	1	37550.355093750	37550.363218750	1400.000	4000.000	1.0000
255	Spectrogram 1	1	37550.355093750	37550.363218750	1400.000	4000.000	1.0000
256	Waveform 1	1	37573.603968750	37573.620218750	1400.000	4000.000	1.0000
256	Spectrogram 1	1	37573.603968750	37573.620218750	1400.000	4000.000	1.0000
257	Waveform 1	1	37628.680093750	37628.688218750	1400.000	4000.000	1.0000
257	Spectrogram 1	1	37628.680093750	37628.688218750	1400.000	4000.000	1.0000
258	Waveform 1	1	38117.185968750	38117.195718750	1400.000	4000.000	1.0000
258	Spectrogram 1	1	38117.185968750	38117.195718750	1400.000	4000.000	1.0000
259	Waveform 1	1	38733.168218750	38733.181218750	1400.000	4000.000	1.0000
259	Spectrogram 1	1	38733.168218750	38733.181218750	1400.000	4000.000	1.0000
260	Waveform 1	1	40125.586843750	40125.599843750	1400.000	4000.000	1.0000
260	Spectrogram 1	1	40125.586843750	40125.599843750	1400.000	4000.000	1.0000
261	Waveform 1	1	41975.667218750	41975.675343750	1400.000	4000.000	1.0000
261	Spectrogram 1	1	41975.667218750	41975.675343750	1400.000	4000.000	1.0000
262	Waveform 1	1	42432.737468750	42432.755343750	1400.000	4000.000	1.0000
262	Spectrogram 1	1	42432.737468750	42432.755343750	1400.000	4000.000	1.0000
263	Waveform 1	1	43265.379343750	43265.387468750	1400.000	4000.000	1.0000
263	Spectrogram 1	1	43265.379343750	43265.387468750	1400.000	4000.000	1.0000
264	Waveform 1	1	43499.785593750	43499.793718750	1400.000	4000.000	1.0000
264	Spectrogram 1	1	43499.785593750	43499.793718750	1400.000	4000.000	1.0000
265	Waveform 1	1	43500.760593750	43500.770343750	1400.000	4000.000	1.0000
265	Spectrogram 1	1	43500.760593750	43500.770343750	1400.000	4000.000	1.0000
266	Waveform 1	1	43516.419093750	43516.428843750	1400.000	4000.000	1.0000
266	Spectrogram 1	1	43516.419093750	43516.428843750	1400.000	4000.000	1.0000
267	Waveform 1	1	43518.305718750	43518.320343750	1400.000	4000.000	1.0000
267	Spectrogram 1	1	43518.305718750	43518.320343750	1400.000	4000.000	1.0000
268	Waveform 1	1	43519.417218750	43519.435093750	1400.000	4000.000	1.0000
268	Spectrogram 1	1	43519.417218750	43519.435093750	1400.000	4000.000	1.0000
269	Waveform 1	1	43519.578093750	43519.587843750	1400.000	4000.000	1.0000
269	Spectrogram 1	1	43519.578093750	43519.587843750	1400.000	4000.000	1.0000
270	Waveform 1	1	47050.665718750	47050.686843750	1400.000	4000.000	1.0000
270	Spectrogram 1	1	47050.665718750	47050.686843750	1400.000	4000.000	1.0000
271	Waveform 1	1	47055.309968750	47055.318093750	1400.000	4000.000	1.0000
271	Spectrogram 1	1	47055.309968750	47055.318093750	1400.000	4000.000	1.0000
272	Waveform 1	1	47219.148968750	47219.171718750	1400.000	4000.000	1.0000
272	Spectrogram 1	1	47219.148968750	47219.171718750	1400.000	4000.000	1.0000
273	Waveform 1	1	47222.371343750	47222.382718750	1400.000	4000.000	1.0000
273	Spectrogram 1	1	47222.371343750	47222.382718750	1400.000	4000.000	1.0000
274	Waveform 1	1	47222.494843750	47222.522468750	1400.000	4000.000	0.7059
274	Spectrogram 1	1	47222.494843750	47222.522468750	1400.000	4000.000	0.7059
275	Waveform 1	1	47355.072093750	47355.098093750	1400.000	4000.000	1.0000
275	Spectrogram 1	1	47355.072093750	47355.098093750	1400.000	4000.000	1.0000
276	Waveform 1	1	47410.630843750	47410.648718750	1400.000	4000.000	1.0000
276	Spectrogram 1	1	47410.630843750	47410.648718750	1400.000	4000.000	1.0000
277	Waveform 1	1	47412.348468750	47412.379343750	1400.000	4000.000	1.0000
277	Spectrogram 1	1	47412.348468750	47412.379343750	1400.000	4000.000	1.0000
278	Waveform 1	1	47414.293593750	47414.324468750	1400.000	4000.000	1.0000
278	Spectrogram 1	1	47414.293593750	47414.324468750	1400.000	4000.000	1.0000
279	Waveform 1	1	47420.024968750	47420.044468750	1400.000	4000.000	1.0000
279	Spectrogram 1	1	47420.024968750	47420.044468750	1400.000	4000.000	1.0000
280	Waveform 1	1	48862.659343750	48862.680468750	1400.000	4000.000	1.0000
280	Spectrogram 1	1	48862.659343750	48862.680468750	1400.000	4000.000	1.0000
281	Waveform 1	1	50475.548218750	50475.559593750	1400.000	4000.000	1.0000
281	Spectrogram 1	1	50475.548218750	50475.559593750	1400.000	4000.000	1.0000
282	Waveform 1	1	50823.967718750	50823.983968750	1400.000	4000.000	1.0000
282	Spectrogram 1	1	50823.967718750	50823.983968750	1400.000	4000.000	1.0000
283	Waveform 1	1	51037.564218750	51037.575593750	1400.000	4000.000	1.0000
283	Spectrogram 1	1	51037.564218750	51037.575593750	1400.000	4000.000	1.0000
284	Waveform 1	1	51137.251468750	51137.266093750	1400.000	4000.000	1.0000
284	Spectrogram 1	1	51137.251468750	51137.266093750	1400.000	4000.000	1.0000
285	Waveform 1	1	51168.454718750	51168.466093750	1400.000	4000.000	1.0000
285	Spectrogram 1	1	51168.454718750	51168.466093750	1400.000	4000.000	1.0000
286	Waveform 1	1	51168.498593750	51168.508343750	1400.000	4000.000	1.0000
286	Spectrogram 1	1	51168.498593750	51168.508343750	1400.000	4000.000	1.0000
287	Waveform 1	1	51201.149718750	51201.164343750	1400.000	4000.000	1.0000
287	Spectrogram 1	1	51201.149718750	51201.164343750	1400.000	4000.000	1.0000
288	Waveform 1	1	51746.584218750	51746.597218750	1400.000	4000.000	1.0000
288	Spectrogram 1	1	51746.584218750	51746.597218750	1400.000	4000.000	1.0000
289	Waveform 1	1	51824.241343750	51824.252718750	1400.000	4000.000	1.0000
289	Spectrogram 1	1	51824.241343750	51824.252718750	1400.000	4000.000	1.0000
290	Waveform 1	1	52034.888468750	52034.919343750	1400.000	4000.000	1.0000
290	Spectrogram 1	1	52034.888468750	52034.919343750	1400.000	4000.000	1.0000
291	Waveform 1	1	52061.723718750	52061.739968750	1400.000	4000.000	1.0000
291	Spectrogram 1	1	52061.723718750	52061.739968750	1400.000	4000.000	1.0000
292	Waveform 1	1	52354.205843750	52354.222093750	1400.000	4000.000	1.0000
292	Spectrogram 1	1	52354.205843750	52354.222093750	1400.000	4000.000	1.0000
293	Waveform 1	1	53017.070968750	53017.096968750	1400.000	4000.000	1.0000
293	Spectrogram 1	1	53017.070968750	53017.096968750	1400.000	4000.000	1.0000
294	Waveform 1	1	53167.684093750	53167.703593750	1400.000	4000.000	1.0000
294	Spectrogram 1	1	53167.684093750	53167.703593750	1400.000	4000.000	1.0000
295	Waveform 1	1	53332.473718750	53332.489968750	1400.000	4000.000	1.0000
295	Spectrogram 1	1	53332.473718750	53332.489968750	1400.000	4000.000	1.0000
296	Waveform 1	1	53332.564718750	53332.576093750	1400.000	4000.000	1.0000
296	Spectrogram 1	1	53332.564718750	53332.576093750	1400.000	4000.000	1.0000
297	Waveform 1	1	53335.657093750	53335.673343750	1400.000	4000.000	1.0000
297	Spectrogram 1	1	53335.657093750	53335.673343750	1400.000	4000.000	1.0000
298	Waveform 1	1	53336.625593750	53336.635343750	1400.000	4000.000	1.0000
298	Spectrogram 1	1	53336.625593750	53336.635343750	1400.000	4000.000	1.0000
299	Waveform 1	1	54153.334343750	54153.350593750	1400.000	4000.000	1.0000
299	Spectrogram 1	1	54153.334343750	54153.350593750	1400.000	4000.000	1.0000
300	Waveform 1	1	54155.922968750	54155.931093750	1400.000	4000.000	1.0000
300	Spectrogram 1	1	54155.922968750	54155.931093750	1400.000	4000.000	1.0000
301	Waveform 1	1	54613.940593750	54613.956843750	1400.000	4000.000	1.0000
301	Spectrogram 1	1	54613.940593750	54613.956843750	1400.000	4000.000	1.0000
302	Waveform 1	1	54687.130593750	54687.138718750	1400.000	4000.000	1.0000
302	Spectrogram 1	1	54687.130593750	54687.138718750	1400.000	4000.000	1.0000
303	Waveform 1	1	54949.163468750	54949.181343750	1400.000	4000.000	1.0000
303	Spectrogram 1	1	54949.163468750	54949.181343750	1400.000	4000.000	1.0000
304	Waveform 1	1	55266.157093750	55266.170093750	1400.000	4000.000	1.0000
304	Spectrogram 1	1	55266.157093750	55266.170093750	1400.000	4000.000	1.0000
305	Waveform 1	1	55286.539468750	55286.552468750	1400.000	4000.000	1.0000
305	Spectrogram 1	1	55286.539468750	55286.552468750	1400.000	4000.000	1.0000
306	Waveform 1	1	55286.589843750	55286.606093750	1400.000	4000.000	1.0000
306	Spectrogram 1	1	55286.589843750	55286.606093750	1400.000	4000.000	1.0000
307	Waveform 1	1	55443.493343750	55443.504718750	1400.000	4000.000	1.0000
307	Spectrogram 1	1	55443.493343750	55443.504718750	1400.000	4000.000	1.0000
308	Waveform 1	1	55480.158218750	55480.174468750	1400.000	4000.000	1.0000
308	Spectrogram 1	1	55480.158218750	55480.174468750	1400.000	4000.000	1.0000
309	Waveform 1	1	55579.812968750	55579.824343750	1400.000	4000.000	1.0000
309	Spectrogram 1	1	55579.812968750	55579.824343750	1400.000	4000.000	1.0000
310	Waveform 1	1	56019.017968750	56019.027718750	1400.000	4000.000	1.0000
310	Spectrogram 1	1	56019.017968750	56019.027718750	1400.000	4000.000	1.0000
311	Waveform 1	1	56415.636593750	56415.654468750	1400.000	4000.000	1.0000
311	Spectrogram 1	1	56415.636593750	56415.654468750	1400.000	4000.000	1.0000
312	Waveform 1	1	56487.199968750	56487.208093750	1400.000	4000.000	1.0000
312	Spectrogram 1	1	56487.199968750	56487.208093750	1400.000	4000.000	1.0000
313	Waveform 1	1	56500.799593750	56500.823968750	1400.000	4000.000	1.0000
313	Spectrogram 1	1	56500.799593750	56500.823968750	1400.000	4000.000	1.0000
314	Waveform 1	1	56507.377593750	56507.385718750	1400.000	4000.000	1.0000
314	Spectrogram 1	1	56507.377593750	56507.385718750	1400.000	4000.000	1.0000
315	Waveform 1	1	56509.031843750	56509.054593750	1400.000	4000.000	1.0000
315	Spectrogram 1	1	56509.031843750	56509.054593750	1400.000	4000.000	1.0000
316	Waveform 1	1	56510.915218750	56510.937968750	1400.000	4000.000	1.0000
316	Spectrogram 1	1	56510.915218750	56510.937968750	1400.000	4000.000	1.0000
317	Waveform 1	1	56648.864718750	56648.879343750	1400.000	4000.000	1.0000
317	Spectrogram 1	1	56648.864718750	56648.879343750	1400.000	4000.000	1.0000
318	Waveform 1	1	56649.183218750	56649.202718750	1400.000	4000.000	1.0000
318	Spectrogram 1	1	56649.183218750	56649.202718750	1400.000	4000.000	1.0000
319	Waveform 1	1	56649.256343750	56649.282343750	1400.000	4000.000	1.0000
319	Spectrogram 1	1	56649.256343750	56649.282343750	1400.000	4000.000	1.0000
320	Waveform 1	1	56649.318093750	56649.329468750	1400.000	4000.000	1.0000
320	Spectrogram 1	1	56649.318093750	56649.329468750	1400.000	4000.000	1.0000
321	Waveform 1	1	56649.552093750	56649.560218750	1400.000	4000.000	1.0000
321	Spectrogram 1	1	56649.552093750	56649.560218750	1400.000	4000.000	1.0000
322	Waveform 1	1	56649.605718750	56649.620343750	1400.000	4000.000	1.0000
322	Spectrogram 1	1	56649.605718750	56649.620343750	1400.000	4000.000	1.0000
323	Waveform 1	1	56649.740593750	56649.750343750	1400.000	4000.000	1.0000
323	Spectrogram 1	1	56649.740593750	56649.750343750	1400.000	4000.000	1.0000
324	Waveform 1	1	56657.012468750	56657.027093750	1400.000	4000.000	1.0000
324	Spectrogram 1	1	56657.012468750	56657.027093750	1400.000	4000.000	1.0000
325	Waveform 1	1	56659.653093750	56659.662843750	1400.000	4000.000	1.0000
325	Spectrogram 1	1	56659.653093750	56659.662843750	1400.000	4000.000	1.0000
326	Waveform 1	1	56659.809093750	56659.822093750	1400.000	4000.000	1.0000
326	Spectrogram 1	1	56659.809093750	56659.822093750	1400.000	4000.000	1.0000
327	Waveform 1	1	56661.781843750	56661.794843750	1400.000	4000.000	1.0000
327	Spectrogram 1	1	56661.781843750	56661.794843750	1400.000	4000.000	1.0000
328	Waveform 1	1	56661.827343750	56661.837093750	1400.000	4000.000	1.0000
328	Spectrogram 1	1	56661.827343750	56661.837093750	1400.000	4000.000	1.0000
329	Waveform 1	1	56862.844718750	56862.856093750	1400.000	4000.000	1.0000
329	Spectrogram 1	1	56862.844718750	56862.856093750	1400.000	4000.000	1.0000
330	Waveform 1	1	57839.841843750	57839.851593750	1400.000	4000.000	1.0000
330	Spectrogram 1	1	57839.841843750	57839.851593750	1400.000	4000.000	1.0000
331	Waveform 1	1	58251.314593750	58251.322718750	1400.000	4000.000	1.0000
331	Spectrogram 1	1	58251.314593750	58251.322718750	1400.000	4000.000	1.0000
332	Waveform 1	1	58606.230843750	58606.243843750	1400.000	4000.000	1.0000
332	Spectrogram 1	1	58606.230843750	58606.243843750	1400.000	4000.000	1.0000
333	Waveform 1	1	58608.167843750	58608.180843750	1400.000	4000.000	1.0000
333	Spectrogram 1	1	58608.167843750	58608.180843750	1400.000	4000.000	1.0000
334	Waveform 1	1	58618.863593750	58618.871718750	1400.000	4000.000	1.0000
334	Spectrogram 1	1	58618.863593750	58618.871718750	1400.000	4000.000	1.0000
335	Waveform 1	1	58618.944843750	58618.956218750	1400.000	4000.000	1.0000
335	Spectrogram 1	1	58618.944843750	58618.956218750	1400.000	4000.000	1.0000
336	Waveform 1	1	58619.185343750	58619.199968750	1400.000	4000.000	1.0000
336	Spectrogram 1	1	58619.185343750	58619.199968750	1400.000	4000.000	1.0000
337	Waveform 1	1	58621.288093750	58621.299468750	1400.000	4000.000	1.0000
337	Spectrogram 1	1	58621.288093750	58621.299468750	1400.000	4000.000	1.0000
338	Waveform 1	1	58641.376343750	58641.392593750	1400.000	4000.000	1.0000
338	Spectrogram 1	1	58641.376343750	58641.392593750	1400.000	4000.000	1.0000
339	Waveform 1	1	59357.286343750	59357.302593750	1400.000	4000.000	1.0000
339	Spectrogram 1	1	59357.286343750	59357.302593750	1400.000	4000.000	1.0000
340	Waveform 1	1	61643.654843750	61643.662968750	1400.000	4000.000	1.0000
340	Spectrogram 1	1	61643.654843750	61643.662968750	1400.000	4000.000	1.0000
341	Waveform 1	1	62825.759468750	62825.767593750	1400.000	4000.000	1.0000
341	Spectrogram 1	1	62825.759468750	62825.767593750	1400.000	4000.000	1.0000
342	Waveform 1	1	62825.908968750	62825.936593750	1400.000	4000.000	1.0000
342	Spectrogram 1	1	62825.908968750	62825.936593750	1400.000	4000.000	1.0000
343	Waveform 1	1	62826.100718750	62826.113718750	1400.000	4000.000	1.0000
343	Spectrogram 1	1	62826.100718750	62826.113718750	1400.000	4000.000	1.0000
344	Waveform 1	1	62952.909218750	62952.923843750	1400.000	4000.000	1.0000
344	Spectrogram 1	1	62952.909218750	62952.923843750	1400.000	4000.000	1.0000
345	Waveform 1	1	63219.935718750	63219.953593750	1400.000	4000.000	1.0000
345	Spectrogram 1	1	63219.935718750	63219.953593750	1400.000	4000.000	1.0000
346	Waveform 1	1	64545.685468750	64545.698468750	1400.000	4000.000	1.0000
346	Spectrogram 1	1	64545.685468750	64545.698468750	1400.000	4000.000	1.0000
347	Waveform 1	1	64545.745593750	64545.756968750	1400.000	4000.000	1.0000
347	Spectrogram 1	1	64545.745593750	64545.756968750	1400.000	4000.000	1.0000
348	Waveform 1	1	64826.132843750	64826.152343750	1400.000	4000.000	1.0000
348	Spectrogram 1	1	64826.132843750	64826.152343750	1400.000	4000.000	1.0000
349	Waveform 1	1	64826.197843750	64826.205968750	1400.000	4000.000	1.0000
349	Spectrogram 1	1	64826.197843750	64826.205968750	1400.000	4000.000	1.0000
350	Waveform 1	1	67684.369718750	67684.394093750	1400.000	4000.000	1.0000
350	Spectrogram 1	1	67684.369718750	67684.394093750	1400.000	4000.000	1.0000
351	Waveform 1	1	68838.012468750	68838.033593750	1400.000	4000.000	1.0000
351	Spectrogram 1	1	68838.012468750	68838.033593750	1400.000	4000.000	1.0000
352	Waveform 1	1	69083.912343750	69083.938343750	1400.000	4000.000	1.0000
352	Spectrogram 1	1	69083.912343750	69083.938343750	1400.000	4000.000	1.0000
353	Waveform 1	1	69587.150468750	69587.166718750	1400.000	4000.000	1.0000
353	Spectrogram 1	1	69587.150468750	69587.166718750	1400.000	4000.000	1.0000
354	Waveform 1	1	70713.262468750	70713.270593750	1400.000	4000.000	1.0000
354	Spectrogram 1	1	70713.262468750	70713.270593750	1400.000	4000.000	1.0000
355	Waveform 1	1	72685.055343750	72685.063468750	1400.000	4000.000	1.0000
355	Spectrogram 1	1	72685.055343750	72685.063468750	1400.000	4000.000	1.0000
356	Waveform 1	1	76809.354093750	76809.367093750	1400.000	4000.000	1.0000
356	Spectrogram 1	1	76809.354093750	76809.367093750	1400.000	4000.000	1.0000
357	Waveform 1	1	80158.129718750	80158.137843750	1400.000	4000.000	1.0000
357	Spectrogram 1	1	80158.129718750	80158.137843750	1400.000	4000.000	1.0000
358	Waveform 1	1	80211.577593750	80211.598718750	1400.000	4000.000	1.0000
358	Spectrogram 1	1	80211.577593750	80211.598718750	1400.000	4000.000	1.0000
359	Waveform 1	1	83220.542968750	83220.555968750	1400.000	4000.000	1.0000
359	Spectrogram 1	1	83220.542968750	83220.555968750	1400.000	4000.000	1.0000
360	Waveform 1	1	83696.971843750	83696.983218750	1400.000	4000.000	1.0000
360	Spectrogram 1	1	83696.971843750	83696.983218750	1400.000	4000.000	1.0000
361	Waveform 1	1	84845.767218750	84845.778593750	1400.000	4000.000	1.0000
361	Spectrogram 1	1	84845.767218750	84845.778593750	1400.000	4000.000	1.0000
362	Waveform 1	1	84860.926843750	84860.947968750	1400.000	4000.000	1.0000
362	Spectrogram 1	1	84860.926843750	84860.947968750	1400.000	4000.000	1.0000
363	Waveform 1	1	85660.979343750	85660.987468750	1400.000	4000.000	1.0000
363	Spectrogram 1	1	85660.979343750	85660.987468750	1400.000	4000.000	1.0000
364	Waveform 1	1	85674.471718750	85674.481468750	1400.000	4000.000	1.0000
364	Spectrogram 1	1	85674.471718750	85674.481468750	1400.000	4000.000	1.0000
365	Waveform 1	1	85790.733968750	85790.746968750	1400.000	4000.000	1.0000
365	Spectrogram 1	1	85790.733968750	85790.746968750	1400.000	4000.000	1.0000
366	Waveform 1	1	85871.369718750	85871.382718750	1400.000	4000.000	1.0000
366	Spectrogram 1	1	85871.369718750	85871.382718750	1400.000	4000.000	1.0000
367	Waveform 1	1	85988.085343750	85988.096718750	1400.000	4000.000	1.0000
367	Spectrogram 1	1	85988.085343750	85988.096718750	1400.000	4000.000	1.0000
368	Waveform 1	1	86020.666593750	86020.674718750	1400.000	4000.000	1.0000
368	Spectrogram 1	1	86020.666593750	86020.674718750	1400.000	4000.000	1.0000
369	Waveform 1	1	86028.832218750	86028.840343750	1400.000	4000.000	1.0000
369	Spectrogram 1	1	86028.832218750	86028.840343750	1400.000	4000.000	1.0000
370	Waveform 1	1	86075.986468750	86075.996218750	1400.000	4000.000	1.0000
370	Spectrogram 1	1	86075.986468750	86075.996218750	1400.000	4000.000	1.0000
371	Waveform 1	1	86083.827093750	86083.835218750	1400.000	4000.000	1.0000
371	Spectrogram 1	1	86083.827093750	86083.835218750	1400.000	4000.000	1.0000
372	Waveform 1	1	86091.043718750	86091.053468750	1400.000	4000.000	1.0000
372	Spectrogram 1	1	86091.043718750	86091.053468750	1400.000	4000.000	1.0000
373	Waveform 1	1	86165.538593750	86165.549968750	1400.000	4000.000	1.0000
373	Spectrogram 1	1	86165.538593750	86165.549968750	1400.000	4000.000	1.0000
374	Waveform 1	1	86171.113968750	86171.125343750	1400.000	4000.000	1.0000
374	Spectrogram 1	1	86171.113968750	86171.125343750	1400.000	4000.000	1.0000
375	Waveform 1	1	86192.211343750	86192.225968750	1400.000	4000.000	1.0000
375	Spectrogram 1	1	86192.211343750	86192.225968750	1400.000	4000.000	1.0000
376	Waveform 1	1	86269.468718750	86269.483343750	1400.000	4000.000	1.0000
376	Spectrogram 1	1	86269.468718750	86269.483343750	1400.000	4000.000	1.0000
377	Waveform 1	1	86331.111468750	86331.122843750	1400.000	4000.000	1.0000
377	Spectrogram 1	1	86331.111468750	86331.122843750	1400.000	4000.000	1.0000
378	Waveform 1	1	86341.006093750	86341.015843750	1400.000	4000.000	1.0000
378	Spectrogram 1	1	86341.006093750	86341.015843750	1400.000	4000.000	1.0000
379	Waveform 1	1	86347.315968750	86347.324093750	1400.000	4000.000	1.0000
379	Spectrogram 1	1	86347.315968750	86347.324093750	1400.000	4000.000	1.0000
380	Waveform 1	1	86359.779718750	86359.792718750	1400.000	4000.000	1.0000
380	Spectrogram 1	1	86359.779718750	86359.792718750	1400.000	4000.000	1.0000
