Selection	View	Channel	Begin Time (s)	End Time (s)	Low Freq (Hz)	High Freq (Hz)	Occupancy
1	Waveform 1	1	2957.761343750	2957.779218750	1400.000	4000.000	1.0000
1	Spectrogram 1	1	2957.761343750	2957.779218750	1400.000	4000.000	1.0000
2	Waveform 1	1	6449.702718750	6449.718968750	1400.000	4000.000	1.0000
2	Spectrogram 1	1	6449.702718750	6449.718968750	1400.000	4000.000	1.0000
3	Waveform 1	1	6639.860218750	6639.873218750	1400.000	4000.000	1.0000
3	Spectrogram 1	1	6639.860218750	6639.873218750	1400.000	4000.000	1.0000
4	Waveform 1	1	7618.136218750	7618.147593750	1400.000	4000.000	1.0000
4	Spectrogram 1	1	7618.136218750	7618.147593750	1400.000	4000.000	1.0000
5	Waveform 1	1	7913.299593750	7913.317468750	1400.000	4000.000	1.0000
5	Spectrogram 1	1	7913.299593750	7913.317468750	1400.000	4000.000	1.0000
6	Waveform 1	1	8095.904093750	8095.912218750	1400.000	4000.000	1.0000
6	Spectrogram 1	1	8095.904093750	8095.912218750	1400.000	4000.000	1.0000
7	Waveform 1	1	10345.199843750	10345.217718750	1400.000	4000.000	1.0000
7	Spectrogram 1	1	10345.199843750	10345.217718750	1400.000	4000.000	1.0000
8	Waveform 1	1	10561.768468750	10561.781468750	1400.000	4000.000	1.0000
8	Spectrogram 1	1	10561.768468750	10561.781468750	1400.000	4000.000	1.0000
9	Waveform 1	1	10763.331843750	10763.339968750	1400.000	4000.000	1.0000
9	Spectrogram 1	1	10763.331843750	10763.339968750	1400.000	4000.000	1.0000
10	Waveform 1	1	10766.364093750	10766.380343750	1400.000	4000.000	1.0000
10	Spectrogram 1	1	10766.364093750	10766.380343750	1400.000	4000.000	1.0000
11	Waveform 1	1	10792.445343750	10792.458343750	1400.000	4000.000	1.0000
11	Spectrogram 1	1	10792.445343750	10792.458343750	1400.000	4000.000	1.0000
12	Waveform 1	1	10814.649343750	10814.659093750	1400.000	4000.000	1.0000
12	Spectrogram 1	1	10814.649343750	10814.659093750	1400.000	4000.000	1.0000
13	Waveform 1	1	11023.512218750	11023.525218750	1400.000	4000.000	1.0000
13	Spectrogram 1	1	11023.512218750	11023.525218750	1400.000	4000.000	1.0000
14	Waveform 1	1	11026.734593750	11026.745968750	1400.000	4000.000	1.0000
14	Spectrogram 1	1	11026.734593750	11026.745968750	1400.000	4000.000	1.0000
15	Waveform 1	1	11262.328718750	11262.341718750	1400.000	4000.000	1.0000
15	Spectrogram 1	1	11262.328718750	11262.341718750	1400.000	4000.000	1.0000
16	Waveform 1	1	11331.158843750	11331.166968750	1400.000	4000.000	1.0000
16	Spectrogram 1	1	11331.158843750	11331.166968750	1400.000	4000.000	1.0000
17	Waveform 1	1	11339.412218750	11339.430093750	1400.000	4000.000	1.0000
17	Spectrogram 1	1	11339.412218750	11339.430093750	1400.000	4000.000	1.0000
18	Waveform 1	1	11359.521593750	11359.536218750	1400.000	4000.000	1.0000
18	Spectrogram 1	1	11359.521593750	11359.536218750	1400.000	4000.000	1.0000
19	Waveform 1	1	11470.912093750	11470.926718750	1400.000	4000.000	1.0000
19	Spectrogram 1	1	11470.912093750	11470.926718750	1400.000	4000.000	1.0000
20	Waveform 1	1	11481.828843750	11481.840218750	1400.000	4000.000	1.0000
20	Spectrogram 1	1	11481.828843750	11481.840218750	1400.000	4000.000	1.0000
21	Waveform 1	1	11481.952343750	11481.966968750	1400.000	4000.000	1.0000
21	Spectrogram 1	1	11481.952343750	11481.966968750	1400.000	4000.000	1.0000
22	Waveform 1	1	11483.643968750	11483.668343750	1400.000	4000.000	1.0000
22	Spectrogram 1	1	11483.643968750	11483.668343750	1400.000	4000.000	1.0000
23	Waveform 1	1	11491.435843750	11491.447218750	1400.000	4000.000	1.0000
23	Spectrogram 1	1	11491.435843750	11491.447218750	1400.000	4000.000	1.0000
24	Waveform 1	1	11626.279968750	11626.304343750	1400.000	4000.000	1.0000
24	Spectrogram 1	1	11626.279968750	11626.304343750	1400.000	4000.000	1.0000
25	Waveform 1	1	11672.186218750	11672.205718750	1400.000	4000.000	1.0000
25	Spectrogram 1	1	11672.186218750	11672.205718750	1400.000	4000.000	1.0000
26	Waveform 1	1	11712.637343750	11712.656843750	1400.000	4000.000	1.0000
26	Spectrogram 1	1	11712.637343750	11712.656843750	1400.000	4000.000	1.0000
27	Waveform 1	1	11718.033968750	11718.043718750	1400.000	4000.000	1.0000
27	Spectrogram 1	1	11718.033968750	11718.043718750	1400.000	4000.000	1.0000
28	Waveform 1	1	11758.580968750	11758.602093750	1400.000	4000.000	1.0000
28	Spectrogram 1	1	11758.580968750	11758.602093750	1400.000	4000.000	1.0000
29	Waveform 1	1	11770.952093750	11770.973218750	1400.000	4000.000	1.0000
29	Spectrogram 1	1	11770.952093750	11770.973218750	1400.000	4000.000	1.0000
30	Waveform 1	1	11789.503093750	11789.517718750	1400.000	4000.000	1.0000
30	Spectrogram 1	1	11789.503093750	11789.517718750	1400.000	4000.000	1.0000
31	Waveform 1	1	11928.765593750	11928.798093750	1400.000	4000.000	1.0000
31	Spectrogram 1	1	11928.765593750	11928.798093750	1400.000	4000.000	1.0000
32	Waveform 1	1	11938.203593750	11938.218218750	1400.000	4000.000	1.0000
32	Spectrogram 1	1	11938.203593750	11938.218218750	1400.000	4000.000	1.0000
33	Waveform 1	1	12065.956218750	12065.980593750	1400.000	4000.000	1.0000
33	Spectrogram 1	1	12065.956218750	12065.980593750	1400.000	4000.000	1.0000
34	Waveform 1	1	12073.930093750	12073.952843750	1400.000	4000.000	1.0000
34	Spectrogram 1	1	12073.930093750	12073.952843750	1400.000	4000.000	1.0000
35	Waveform 1	1	12079.593218750	12079.612718750	1400.000	4000.000	1.0000
35	Spectrogram 1	1	12079.593218750	12079.612718750	1400.000	4000.000	1.0000
36	Waveform 1	1	12091.263968750	12091.285093750	1400.000	4000.000	1.0000
36	Spectrogram 1	1	12091.263968750	12091.285093750	1400.000	4000.000	1.0000
37	Waveform 1	1	12098.305093750	12098.326218750	1400.000	4000.000	1.0000
37	Spectrogram 1	1	12098.305093750	12098.326218750	1400.000	4000.000	1.0000
38	Waveform 1	1	12099.972343750	12099.983718750	1400.000	4000.000	1.0000
38	Spectrogram 1	1	12099.972343750	12099.983718750	1400.000	4000.000	1.0000
39	Waveform 1	1	12104.878218750	12104.896093750	1400.000	4000.000	1.0000
39	Spectrogram 1	1	12104.878218750	12104.896093750	1400.000	4000.000	1.0000
40	Waveform 1	1	12107.357968750	12107.382343750	1400.000	4000.000	1.0000
40	Spectrogram 1	1	12107.357968750	12107.382343750	1400.000	4000.000	1.0000
41	Waveform 1	1	12113.307093750	12113.336343750	1400.000	4000.000	1.0000
41	Spectrogram 1	1	12113.307093750	12113.336343750	1400.000	4000.000	1.0000
42	Waveform 1	1	12115.635718750	12115.660093750	1400.000	4000.000	1.0000
42	Spectrogram 1	1	12115.635718750	12115.660093750	1400.000	4000.000	1.0000
43	Waveform 1	1	12117.627968750	12117.653968750	1400.000	4000.000	1.0000
43	Spectrogram 1	1	12117.627968750	12117.653968750	1400.000	4000.000	1.0000
44	Waveform 1	1	12147.971593750	12147.982968750	1400.000	4000.000	1.0000
44	Spectrogram 1	1	12147.971593750	12147.982968750	1400.000	4000.000	1.0000
45	Waveform 1	1	12151.960968750	12151.978843750	1400.000	4000.000	1.0000
45	Spectrogram 1	1	12151.960968750	12151.978843750	1400.000	4000.000	1.0000
46	Waveform 1	1	12157.367343750	12157.380343750	1400.000	4000.000	1.0000
46	Spectrogram 1	1	12157.367343750	12157.380343750	1400.000	4000.000	1.0000
47	Waveform 1	1	12158.265968750	12158.293593750	1400.000	4000.000	1.0000
47	Spectrogram 1	1	12158.265968750	12158.293593750	1400.000	4000.000	1.0000
48	Waveform 1	1	12161.372968750	12161.397343750	1400.000	4000.000	1.0000
48	Spectrogram 1	1	12161.372968750	12161.397343750	1400.000	4000.000	1.0000
49	Waveform 1	1	12165.623968750	12165.643468750	1400.000	4000.000	1.0000
49	Spectrogram 1	1	12165.623968750	12165.643468750	1400.000	4000.000	1.0000
50	Waveform 1	1	12169.376093750	12169.387468750	1400.000	4000.000	1.0000
50	Spectrogram 1	1	12169.376093750	12169.387468750	1400.000	4000.000	1.0000
51	Waveform 1	1	12407.745718750	12407.771718750	1400.000	4000.000	1.0000
51	Spectrogram 1	1	12407.745718750	12407.771718750	1400.000	4000.000	1.0000
52	Waveform 1	1	12601.408343750	12601.434343750	1400.000	4000.000	1.0000
52	Spectrogram 1	1	12601.408343750	12601.434343750	1400.000	4000.000	1.0000
53	Waveform 1	1	12601.491218750	12601.512343750	1400.000	4000.000	1.0000
53	Spectrogram 1	1	12601.491218750	12601.512343750	1400.000	4000.000	1.0000
54	Waveform 1	1	12975.688093750	12975.705968750	1400.000	4000.000	1.0000
54	Spectrogram 1	1	12975.688093750	12975.705968750	1400.000	4000.000	1.0000
55	Waveform 1	1	13049.477718750	13049.493968750	1400.000	4000.000	1.0000
55	Spectrogram 1	1	13049.477718750	13049.493968750	1400.000	4000.000	1.0000
56	Waveform 1	1	13366.451843750	13366.469718750	1400.000	4000.000	1.0000
56	Spectrogram 1	1	13366.451843750	13366.469718750	1400.000	4000.000	1.0000
57	Waveform 1	1	13507.904843750	13507.925968750	1400.000	4000.000	1.0000
57	Spectrogram 1	1	13507.904843750	13507.925968750	1400.000	4000.000	1.0000
58	Waveform 1	1	13510.538968750	13510.563343750	1400.000	4000.000	1.0000
58	Spectrogram 1	1	13510.538968750	13510.563343750	1400.000	4000.000	1.0000
59	Waveform 1	1	13514.035968750	13514.050593750	1400.000	4000.000	1.0000
59	Spectrogram 1	1	13514.035968750	13514.050593750	1400.000	4000.000	1.0000
60	Waveform 1	1	13518.868718750	13518.893093750	1400.000	4000.000	1.0000
60	Spectrogram 1	1	13518.868718750	13518.893093750	1400.000	4000.000	1.0000
61	Waveform 1	1	13521.224968750	13521.247718750	1400.000	4000.000	1.0000
61	Spectrogram 1	1	13521.224968750	13521.247718750	1400.000	4000.000	1.0000
62	Waveform 1	1	13639.838593750	13639.849968750	1400.000	4000.000	1.0000
62	Spectrogram 1	1	13639.838593750	13639.849968750	1400.000	4000.000	1.0000
63	Waveform 1	1	13667.933218750	13667.947843750	1400.000	4000.000	1.0000
63	Spectrogram 1	1	13667.933218750	13667.947843750	1400.000	4000.000	1.0000
64	Waveform 1	1	13753.868093750	13753.882718750	1400.000	4000.000	1.0000
64	Spectrogram 1	1	13753.868093750	13753.882718750	1400.000	4000.000	1.0000
65	Waveform 1	1	14279.319968750	14279.334593750	1400.000	4000.000	1.0000
65	Spectrogram 1	1	14279.319968750	14279.334593750	1400.000	4000.000	1.0000
66	Waveform 1	1	14378.321468750	14378.342593750	1400.000	4000.000	1.0000
66	Spectrogram 1	1	14378.321468750	14378.342593750	1400.000	4000.000	1.0000
67	Waveform 1	1	14901.568218750	14901.595843750	1400.000	4000.000	1.0000
67	Spectrogram 1	1	14901.568218750	14901.595843750	1400.000	4000.000	1.0000
68	Waveform 1	1	16160.574343750	16160.584093750	1400.000	4000.000	1.0000
68	Spectrogram 1	1	16160.574343750	16160.584093750	1400.000	4000.000	1.0000
69	Waveform 1	1	17356.892843750	17356.905843750	1400.000	4000.000	1.0000
69	Spectrogram 1	1	17356.892843750	17356.905843750	1400.000	4000.000	1.0000
70	Waveform 1	1	23656.616468750	23656.634343750	1400.000	4000.000	1.0000
70	Spectrogram 1	1	23656.616468750	23656.634343750	1400.000	4000.000	1.0000
71	Waveform 1	1	25460.372968750	25460.390843750	1400.000	4000.000	1.0000
71	Spectrogram 1	1	25460.372968750	25460.390843750	1400.000	4000.000	1.0000
72	Waveform 1	1	27712.319093750	27712.328843750	1400.000	4000.000	1.0000
72	Spectrogram 1	1	27712.319093750	27712.328843750	1400.000	4000.000	1.0000
73	Waveform 1	1	34421.043843750	34421.060093750	1400.000	4000.000	1.0000
73	Spectrogram 1	1	34421.043843750	34421.060093750	1400.000	4000.000	1.0000
74	Waveform 1	1	34808.211468750	34808.234218750	1400.000	4000.000	1.0000
74	Spectrogram 1	1	34808.211468750	34808.234218750	1400.000	4000.000	1.0000
75	Waveform 1	1	34825.997093750	34826.005218750	1400.000	4000.000	1.0000
75	Spectrogram 1	1	34825.997093750	34826.005218750	1400.000	4000.000	1.0000
76	Waveform 1	1	34846.390843750	34846.403843750	1400.000	4000.000	1.0000
76	Spectrogram 1	1	34846.390843750	34846.403843750	1400.000	4000.000	1.0000
77	Waveform 1	1	34846.444468750	34846.463968750	1400.000	4000.000	1.0000
77	Spectrogram 1	1	34846.444468750	34846.463968750	1400.000	4000.000	1.0000
78	Waveform 1	1	34914.582343750	34914.600218750	1400.000	4000.000	1.0000
78	Spectrogram 1	1	34914.582343750	34914.600218750	1400.000	4000.000	1.0000
79	Waveform 1	1	36783.605343750	36783.621593750	1400.000	4000.000	1.0000
79	Spectrogram 1	1	36783.605343750	36783.621593750	1400.000	4000.000	1.0000
80	Waveform 1	1	36787.957093750	36787.966843750	1400.000	4000.000	1.0000
80	Spectrogram 1	1	36787.957093750	36787.966843750	1400.000	4000.000	1.0000
81	Waveform 1	1	36795.035593750	36795.059968750	1400.000	4000.000	1.0000
81	Spectrogram 1	1	36795.035593750	36795.059968750	1400.000	4000.000	1.0000
82	Waveform 1	1	36802.107593750	36802.120593750	1400.000	4000.000	1.0000
82	Spectrogram 1	1	36802.107593750	36802.120593750	1400.000	4000.000	1.0000
83	Waveform 1	1	36804.827843750	36804.835968750	1400.000	4000.000	1.0000
83	Spectrogram 1	1	36804.827843750	36804.835968750	1400.000	4000.000	1.0000
84	Waveform 1	1	40449.754843750	40449.762968750	1400.000	4000.000	1.0000
84	Spectrogram 1	1	40449.754843750	40449.762968750	1400.000	4000.000	1.0000
85	Waveform 1	1	40904.254343750	40904.267343750	1400.000	4000.000	1.0000
85	Spectrogram 1	1	40904.254343750	40904.267343750	1400.000	4000.000	1.0000
86	Waveform 1	1	41645.043093750	41645.051218750	1400.000	4000.000	1.0000
86	Spectrogram 1	1	41645.043093750	41645.051218750	1400.000	4000.000	1.0000
87	Waveform 1	1	42013.901843750	42013.929468750	1400.000	4000.000	1.0000
87	Spectrogram 1	1	42013.901843750	42013.929468750	1400.000	4000.000	1.0000
88	Waveform 1	1	47688.145093750	47688.153218750	1400.000	4000.000	1.0000
88	Spectrogram 1	1	47688.145093750	47688.153218750	1400.000	4000.000	1.0000
89	Waveform 1	1	49223.030718750	49223.042093750	1400.000	4000.000	1.0000
89	Spectrogram 1	1	49223.030718750	49223.042093750	1400.000	4000.000	1.0000
90	Waveform 1	1	49592.508593750	49592.519968750	1400.000	4000.000	1.0000
90	Spectrogram 1	1	49592.508593750	49592.519968750	1400.000	4000.000	1.0000
91	Waveform 1	1	49629.743843750	49629.766593750	1400.000	4000.000	1.0000
91	Spectrogram 1	1	49629.743843750	49629.766593750	1400.000	4000.000	1.0000
92	Waveform 1	1	49863.862468750	49863.875468750	1400.000	4000.000	1.0000
92	Spectrogram 1	1	49863.862468750	49863.875468750	1400.000	4000.000	1.0000
93	Waveform 1	1	50023.705593750	50023.723468750	1400.000	4000.000	1.0000
93	Spectrogram 1	1	50023.705593750	50023.723468750	1400.000	4000.000	1.0000
94	Waveform 1	1	50248.852593750	50248.875343750	1400.000	4000.000	1.0000
94	Spectrogram 1	1	50248.852593750	50248.875343750	1400.000	4000.000	1.0000
95	Waveform 1	1	50358.270343750	50358.278468750	1400.000	4000.000	1.0000
95	Spectrogram 1	1	50358.270343750	50358.278468750	1400.000	4000.000	1.0000
96	Waveform 1	1	50573.581218750	50573.594218750	1400.000	4000.000	1.0000
96	Spectrogram 1	1	50573.581218750	50573.594218750	1400.000	4000.000	1.0000
97	Waveform 1	1	50622.173593750	50622.183343750	1400.000	4000.000	1.0000
97	Spectrogram 1	1	50622.173593750	50622.183343750	1400.000	4000.000	1.0000
98	Waveform 1	1	51814.460468750	51814.471843750	1400.000	4000.000	1.0000
98	Spectrogram 1	1	51814.460468750	51814.471843750	1400.000	4000.000	1.0000
99	Waveform 1	1	53116.785843750	53116.797218750	1400.000	4000.000	1.0000
99	Spectrogram 1	1	53116.785843750	53116.797218750	1400.000	4000.000	1.0000
100	Waveform 1	1	54090.224218750	54090.242093750	1400.000	4000.000	1.0000
100	Spectrogram 1	1	54090.224218750	54090.242093750	1400.000	4000.000	1.0000
101	Waveform 1	1	55068.899968750	55068.925968750	1400.000	4000.000	1.0000
101	Spectrogram 1	1	55068.899968750	55068.925968750	1400.000	4000.000	1.0000
102	Waveform 1	1	56796.973718750	56796.993218750	1400.000	4000.000	1.0000
102	Spectrogram 1	1	56796.973718750	56796.993218750	1400.000	4000.000	1.0000
103	Waveform 1	1	60184.019718750	60184.032718750	1400.000	4000.000	1.0000
103	Spectrogram 1	1	60184.019718750	60184.032718750	1400.000	4000.000	1.0000
104	Waveform 1	1	61062.866843750	61062.889593750	1400.000	4000.000	1.0000
104	Spectrogram 1	1	61062.866843750	61062.889593750	1400.000	4000.000	1.0000
105	Waveform 1	1	61434.202093750	61434.218343750	1400.000	4000.000	1.0000
105	Spectrogram 1	1	61434.202093750	61434.218343750	1400.000	4000.000	1.0000
106	Waveform 1	1	61590.882968750	61590.900843750	1400.000	4000.000	1.0000
106	Spectrogram 1	1	61590.882968750	61590.900843750	1400.000	4000.000	1.0000
107	Waveform 1	1	62307.551843750	62307.559968750	1400.000	4000.000	1.0000
107	Spectrogram 1	1	62307.551843750	62307.559968750	1400.000	4000.000	1.0000
108	Waveform 1	1	62308.533343750	62308.546343750	1400.000	4000.000	1.0000
108	Spectrogram 1	1	62308.533343750	62308.546343750	1400.000	4000.000	1.0000
109	Waveform 1	1	62308.664968750	62308.676343750	1400.000	4000.000	1.0000
109	Spectrogram 1	1	62308.664968750	62308.676343750	1400.000	4000.000	1.0000
110	Waveform 1	1	62309.051718750	62309.064718750	1400.000	4000.000	1.0000
110	Spectrogram 1	1	62309.051718750	62309.064718750	1400.000	4000.000	1.0000
111	Waveform 1	1	62309.103718750	62309.113468750	1400.000	4000.000	1.0000
111	Spectrogram 1	1	62309.103718750	62309.113468750	1400.000	4000.000	1.0000
112	Waveform 1	1	62324.323468750	62324.331593750	1400.000	4000.000	1.0000
112	Spectrogram 1	1	62324.323468750	62324.331593750	1400.000	4000.000	1.0000
113	Waveform 1	1	62329.165968750	62329.182218750	1400.000	4000.000	1.0000
113	Spectrogram 1	1	62329.165968750	62329.182218750	1400.000	4000.000	1.0000
114	Waveform 1	1	62350.905218750	62350.914968750	1400.000	4000.000	1.0000
114	Spectrogram 1	1	62350.905218750	62350.914968750	1400.000	4000.000	1.0000
115	Waveform 1	1	62367.629718750	62367.649218750	1400.000	4000.000	1.0000
115	Spectrogram 1	1	62367.629718750	62367.649218750	1400.000	4000.000	1.0000
116	Waveform 1	1	62678.794468750	62678.818843750	1400.000	4000.000	1.0000
116	Spectrogram 1	1	62678.794468750	62678.818843750	1400.000	4000.000	1.0000
117	Waveform 1	1	62680.672968750	62680.687593750	1400.000	4000.000	1.0000
117	Spectrogram 1	1	62680.672968750	62680.687593750	1400.000	4000.000	1.0000
118	Waveform 1	1	62682.384093750	62682.401968750	1400.000	4000.000	1.0000
118	Spectrogram 1	1	62682.384093750	62682.401968750	1400.000	4000.000	1.0000
119	Waveform 1	1	62686.446593750	62686.464468750	1400.000	4000.000	1.0000
119	Spectrogram 1	1	62686.446593750	62686.464468750	1400.000	4000.000	1.0000
120	Waveform 1	1	62691.666093750	62691.675843750	1400.000	4000.000	1.0000
120	Spectrogram 1	1	62691.666093750	62691.675843750	1400.000	4000.000	1.0000
121	Waveform 1	1	62695.299593750	62695.327218750	1400.000	4000.000	1.0000
121	Spectrogram 1	1	62695.299593750	62695.327218750	1400.000	4000.000	1.0000
122	Waveform 1	1	62697.030218750	62697.046468750	1400.000	4000.000	1.0000
122	Spectrogram 1	1	62697.030218750	62697.046468750	1400.000	4000.000	1.0000
123	Waveform 1	1	62697.087093750	62697.098468750	1400.000	4000.000	1.0000
123	Spectrogram 1	1	62697.087093750	62697.098468750	1400.000	4000.000	1.0000
124	Waveform 1	1	62699.548968750	62699.570093750	1400.000	4000.000	1.0000
124	Spectrogram 1	1	62699.548968750	62699.570093750	1400.000	4000.000	1.0000
125	Waveform 1	1	62701.204843750	62701.217843750	1400.000	4000.000	1.0000
125	Spectrogram 1	1	62701.204843750	62701.217843750	1400.000	4000.000	1.0000
126	Waveform 1	1	62703.286468750	62703.304343750	1400.000	4000.000	1.0000
126	Spectrogram 1	1	62703.286468750	62703.304343750	1400.000	4000.000	1.0000
127	Waveform 1	1	62707.188093750	62707.205968750	1400.000	4000.000	1.0000
127	Spectrogram 1	1	62707.188093750	62707.205968750	1400.000	4000.000	1.0000
128	Waveform 1	1	62708.904093750	62708.918718750	1400.000	4000.000	1.0000
128	Spectrogram 1	1	62708.904093750	62708.918718750	1400.000	4000.000	1.0000
129	Waveform 1	1	62712.576593750	62712.591218750	1400.000	4000.000	1.0000
129	Spectrogram 1	1	62712.576593750	62712.591218750	1400.000	4000.000	1.0000
130	Waveform 1	1	62714.890593750	62714.900343750	1400.000	4000.000	1.0000
130	Spectrogram 1	1	62714.890593750	62714.900343750	1400.000	4000.000	1.0000
131	Waveform 1	1	62717.586468750	62717.615718750	1400.000	4000.000	1.0000
131	Spectrogram 1	1	62717.586468750	62717.615718750	1400.000	4000.000	1.0000
132	Waveform 1	1	62718.655718750	62718.684968750	1400.000	4000.000	1.0000
132	Spectrogram 1	1	62718.655718750	62718.684968750	1400.000	4000.000	1.0000
133	Waveform 1	1	62721.050968750	62721.062343750	1400.000	4000.000	1.0000
133	Spectrogram 1	1	62721.050968750	62721.062343750	1400.000	4000.000	1.0000
134	Waveform 1	1	62723.769593750	62723.780968750	1400.000	4000.000	1.0000
134	Spectrogram 1	1	62723.769593750	62723.780968750	1400.000	4000.000	1.0000
135	Waveform 1	1	62747.057468750	62747.067218750	1400.000	4000.000	1.0000
135	Spectrogram 1	1	62747.057468750	62747.067218750	1400.000	4000.000	1.0000
136	Waveform 1	1	62747.353218750	62747.384093750	1400.000	4000.000	1.0000
136	Spectrogram 1	1	62747.353218750	62747.384093750	1400.000	4000.000	1.0000
137	Waveform 1	1	62772.236843750	62772.261218750	1400.000	4000.000	1.0000
137	Spectrogram 1	1	62772.236843750	62772.261218750	1400.000	4000.000	1.0000
138	Waveform 1	1	62820.132093750	62820.141843750	1400.000	4000.000	1.0000
138	Spectrogram 1	1	62820.132093750	62820.141843750	1400.000	4000.000	1.0000
139	Waveform 1	1	62820.270218750	62820.279968750	1400.000	4000.000	1.0000
139	Spectrogram 1	1	62820.270218750	62820.279968750	1400.000	4000.000	1.0000
140	Waveform 1	1	62826.487468750	62826.495593750	1400.000	4000.000	1.0000
140	Spectrogram 1	1	62826.487468750	62826.495593750	1400.000	4000.000	1.0000
141	Waveform 1	1	62840.858968750	62840.880093750	1400.000	4000.000	1.0000
141	Spectrogram 1	1	62840.858968750	62840.880093750	1400.000	4000.000	1.0000
142	Waveform 1	1	62857.112218750	62857.126843750	1400.000	4000.000	1.0000
142	Spectrogram 1	1	62857.112218750	62857.126843750	1400.000	4000.000	1.0000
143	Waveform 1	1	62858.165218750	62858.176593750	1400.000	4000.000	1.0000
143	Spectrogram 1	1	62858.165218750	62858.176593750	1400.000	4000.000	1.0000
144	Waveform 1	1	62884.524343750	62884.555218750	1400.000	4000.000	1.0000
144	Spectrogram 1	1	62884.524343750	62884.555218750	1400.000	4000.000	1.0000
145	Waveform 1	1	62904.290843750	62904.308718750	1400.000	4000.000	1.0000
145	Spectrogram 1	1	62904.290843750	62904.308718750	1400.000	4000.000	1.0000
146	Waveform 1	1	62909.232468750	62909.255218750	1400.000	4000.000	1.0000
146	Spectrogram 1	1	62909.232468750	62909.255218750	1400.000	4000.000	1.0000
147	Waveform 1	1	62914.674593750	62914.689218750	1400.000	4000.000	1.0000
147	Spectrogram 1	1	62914.674593750	62914.689218750	1400.000	4000.000	1.0000
148	Waveform 1	1	62915.961593750	62915.984343750	1400.000	4000.000	1.0000
148	Spectrogram 1	1	62915.961593750	62915.984343750	1400.000	4000.000	1.0000
149	Waveform 1	1	62927.664843750	62927.676218750	1400.000	4000.000	1.0000
149	Spectrogram 1	1	62927.664843750	62927.676218750	1400.000	4000.000	1.0000
150	Waveform 1	1	62928.909593750	62928.917718750	1400.000	4000.000	1.0000
150	Spectrogram 1	1	62928.909593750	62928.917718750	1400.000	4000.000	1.0000
151	Waveform 1	1	62929.000593750	62929.026593750	1400.000	4000.000	1.0000
151	Spectrogram 1	1	62929.000593750	62929.026593750	1400.000	4000.000	1.0000
152	Waveform 1	1	62929.102968750	62929.130593750	1400.000	4000.000	1.0000
152	Spectrogram 1	1	62929.102968750	62929.130593750	1400.000	4000.000	1.0000
153	Waveform 1	1	62933.609093750	62933.618843750	1400.000	4000.000	1.0000
153	Spectrogram 1	1	62933.609093750	62933.618843750	1400.000	4000.000	1.0000
154	Waveform 1	1	62943.734468750	62943.742593750	1400.000	4000.000	1.0000
154	Spectrogram 1	1	62943.734468750	62943.742593750	1400.000	4000.000	1.0000
155	Waveform 1	1	62952.116218750	62952.143843750	1400.000	4000.000	0.7059
155	Spectrogram 1	1	62952.116218750	62952.143843750	1400.000	4000.000	0.7059
156	Waveform 1	1	62960.413468750	62960.429718750	1400.000	4000.000	1.0000
156	Spectrogram 1	1	62960.413468750	62960.429718750	1400.000	4000.000	1.0000
157	Waveform 1	1	62993.703218750	62993.711343750	1400.000	4000.000	1.0000
157	Spectrogram 1	1	62993.703218750	62993.711343750	1400.000	4000.000	1.0000
158	Waveform 1	1	62994.577468750	62994.608343750	1400.000	4000.000	1.0000
158	Spectrogram 1	1	62994.577468750	62994.608343750	1400.000	4000.000	1.0000
159	Waveform 1	1	63102.834968750	63102.843093750	1400.000	4000.000	1.0000
159	Spectrogram 1	1	63102.834968750	63102.843093750	1400.000	4000.000	1.0000
160	Waveform 1	1	63125.459843750	63125.467968750	1400.000	4000.000	1.0000
160	Spectrogram 1	1	63125.459843750	63125.467968750	1400.000	4000.000	1.0000
161	Waveform 1	1	63215.021718750	63215.031468750	1400.000	4000.000	1.0000
161	Spectrogram 1	1	63215.021718750	63215.031468750	1400.000	4000.000	1.0000
162	Waveform 1	1	63343.633968750	63343.643718750	1400.000	4000.000	1.0000
162	Spectrogram 1	1	63343.633968750	63343.643718750	1400.000	4000.000	1.0000
163	Waveform 1	1	63409.955093750	63409.969718750	1400.000	4000.000	1.0000
163	Spectrogram 1	1	63409.955093750	63409.969718750	1400.000	4000.000	1.0000
164	Waveform 1	1	63415.471968750	63415.486593750	1400.000	4000.000	1.0000
164	Spectrogram 1	1	63415.471968750	63415.486593750	1400.000	4000.000	1.0000
165	Waveform 1	1	63522.957593750	63522.965718750	1400.000	4000.000	1.0000
165	Spectrogram 1	1	63522.957593750	63522.965718750	1400.000	4000.000	1.0000
166	Waveform 1	1	63541.090968750	63541.102343750	1400.000	4000.000	1.0000
166	Spectrogram 1	1	63541.090968750	63541.102343750	1400.000	4000.000	1.0000
167	Waveform 1	1	63577.991468750	63578.002843750	1400.000	4000.000	1.0000
167	Spectrogram 1	1	63577.991468750	63578.002843750	1400.000	4000.000	1.0000
168	Waveform 1	1	63605.705843750	63605.715593750	1400.000	4000.000	1.0000
168	Spectrogram 1	1	63605.705843750	63605.715593750	1400.000	4000.000	1.0000
169	Waveform 1	1	63637.550968750	63637.560718750	1400.000	4000.000	1.0000
169	Spectrogram 1	1	63637.550968750	63637.560718750	1400.000	4000.000	1.0000
170	Waveform 1	1	63650.191843750	63650.206468750	1400.000	4000.000	1.0000
170	Spectrogram 1	1	63650.191843750	63650.206468750	1400.000	4000.000	1.0000
171	Waveform 1	1	63663.557468750	63663.572093750	1400.000	4000.000	1.0000
171	Spectrogram 1	1	63663.557468750	63663.572093750	1400.000	4000.000	1.0000
172	Waveform 1	1	63767.689093750	63767.703718750	1400.000	4000.000	1.0000
172	Spectrogram 1	1	63767.689093750	63767.703718750	1400.000	4000.000	1.0000
173	Waveform 1	1	63814.669468750	63814.680843750	1400.000	4000.000	1.0000
173	Spectrogram 1	1	63814.669468750	63814.680843750	1400.000	4000.000	1.0000
174	Waveform 1	1	63828.156968750	63828.173218750	1400.000	4000.000	1.0000
174	Spectrogram 1	1	63828.156968750	63828.173218750	1400.000	4000.000	1.0000
175	Waveform 1	1	63828.212218750	63828.221968750	1400.000	4000.000	1.0000
175	Spectrogram 1	1	63828.212218750	63828.221968750	1400.000	4000.000	1.0000
176	Waveform 1	1	63833.875343750	63833.883468750	1400.000	4000.000	1.0000
176	Spectrogram 1	1	63833.875343750	63833.883468750	1400.000	4000.000	1.0000
177	Waveform 1	1	63905.601218750	63905.610968750	1400.000	4000.000	1.0000
177	Spectrogram 1	1	63905.601218750	63905.610968750	1400.000	4000.000	1.0000
178	Waveform 1	1	63914.972593750	63914.983968750	1400.000	4000.000	1.0000
178	Spectrogram 1	1	63914.972593750	63914.983968750	1400.000	4000.000	1.0000
179	Waveform 1	1	63926.282593750	63926.292343750	1400.000	4000.000	1.0000
179	Spectrogram 1	1	63926.282593750	63926.292343750	1400.000	4000.000	1.0000
180	Waveform 1	1	63968.911218750	63968.920968750	1400.000	4000.000	1.0000
180	Spectrogram 1	1	63968.911218750	63968.920968750	1400.000	4000.000	1.0000
181	Waveform 1	1	64041.571468750	64041.581218750	1400.000	4000.000	1.0000
181	Spectrogram 1	1	64041.571468750	64041.581218750	1400.000	4000.000	1.0000
182	Waveform 1	1	64049.382843750	64049.397468750	1400.000	4000.000	1.0000
182	Spectrogram 1	1	64049.382843750	64049.397468750	1400.000	4000.000	1.0000
183	Waveform 1	1	64051.818718750	64051.830093750	1400.000	4000.000	1.0000
183	Spectrogram 1	1	64051.818718750	64051.830093750	1400.000	4000.000	1.0000
184	Waveform 1	1	64054.238343750	64054.246468750	1400.000	4000.000	1.0000
184	Spectrogram 1	1	64054.238343750	64054.246468750	1400.000	4000.000	1.0000
185	Waveform 1	1	64058.204968750	64058.213093750	1400.000	4000.000	1.0000
185	Spectrogram 1	1	64058.204968750	64058.213093750	1400.000	4000.000	1.0000
186	Waveform 1	1	64071.624218750	64071.638843750	1400.000	4000.000	1.0000
186	Spectrogram 1	1	64071.624218750	64071.638843750	1400.000	4000.000	1.0000
187	Waveform 1	1	64118.521718750	64118.533093750	1400.000	4000.000	1.0000
187	Spectrogram 1	1	64118.521718750	64118.533093750	1400.000	4000.000	1.0000
188	Waveform 1	1	64142.063093750	64142.076093750	1400.000	4000.000	1.0000
188	Spectrogram 1	1	64142.063093750	64142.076093750	1400.000	4000.000	1.0000
189	Waveform 1	1	64165.968468750	64165.979843750	1400.000	4000.000	1.0000
189	Spectrogram 1	1	64165.968468750	64165.979843750	1400.000	4000.000	1.0000
190	Waveform 1	1	64233.885343750	64233.898343750	1400.000	4000.000	1.0000
190	Spectrogram 1	1	64233.885343750	64233.898343750	1400.000	4000.000	1.0000
191	Waveform 1	1	64311.662718750	64311.670843750	1400.000	4000.000	1.0000
191	Spectrogram 1	1	64311.662718750	64311.670843750	1400.000	4000.000	1.0000
192	Waveform 1	1	64384.171843750	64384.188093750	1400.000	4000.000	1.0000
192	Spectrogram 1	1	64384.171843750	64384.188093750	1400.000	4000.000	1.0000
193	Waveform 1	1	64467.106968750	64467.123218750	1400.000	4000.000	1.0000
193	Spectrogram 1	1	64467.106968750	64467.123218750	1400.000	4000.000	1.0000
194	Waveform 1	1	64467.539218750	64467.547343750	1400.000	4000.000	1.0000
194	Spectrogram 1	1	64467.539218750	64467.547343750	1400.000	4000.000	1.0000
195	Waveform 1	1	64545.875593750	64545.883718750	1400.000	4000.000	1.0000
195	Spectrogram 1	1	64545.875593750	64545.883718750	1400.000	4000.000	1.0000
196	Waveform 1	1	64590.727218750	64590.741843750	1400.000	4000.000	1.0000
196	Spectrogram 1	1	64590.727218750	64590.741843750	1400.000	4000.000	1.0000
197	Waveform 1	1	64590.821468750	64590.849093750	1400.000	4000.000	1.0000
197	Spectrogram 1	1	64590.821468750	64590.849093750	1400.000	4000.000	1.0000
198	Waveform 1	1	64592.103593750	64592.113343750	1400.000	4000.000	1.0000
198	Spectrogram 1	1	64592.103593750	64592.113343750	1400.000	4000.000	1.0000
199	Waveform 1	1	64948.230468750	64948.245093750	1400.000	4000.000	1.0000
199	Spectrogram 1	1	64948.230468750	64948.245093750	1400.000	4000.000	1.0000
200	Waveform 1	1	65360.876468750	65360.899218750	1400.000	4000.000	1.0000
200	Spectrogram 1	1	65360.876468750	65360.899218750	1400.000	4000.000	1.0000
201	Waveform 1	1	65366.247093750	65366.255218750	1400.000	4000.000	1.0000
201	Spectrogram 1	1	65366.247093750	65366.255218750	1400.000	4000.000	1.0000
202	Waveform 1	1	69849.071218750	69849.080968750	1400.000	4000.000	1.0000
202	Spectrogram 1	1	69849.071218750	69849.080968750	1400.000	4000.000	1.0000
203	Waveform 1	1	70921.047968750	70921.059343750	1400.000	4000.000	1.0000
203	Spectrogram 1	1	70921.047968750	70921.059343750	1400.000	4000.000	1.0000
204	Waveform 1	1	71544.370343750	71544.384968750	1400.000	4000.000	1.0000
204	Spectrogram 1	1	71544.370343750	71544.384968750	1400.000	4000.000	1.0000
205	Waveform 1	1	71786.787843750	71786.807343750	1400.000	4000.000	1.0000
205	Spectrogram 1	1	71786.787843750	71786.807343750	1400.000	4000.000	1.0000
206	Waveform 1	1	72768.598218750	72768.606343750	1400.000	4000.000	1.0000
206	Spectrogram 1	1	72768.598218750	72768.606343750	1400.000	4000.000	1.0000
207	Waveform 1	1	72877.344843750	72877.354593750	1400.000	4000.000	1.0000
207	Spectrogram 1	1	72877.344843750	72877.354593750	1400.000	4000.000	1.0000
208	Waveform 1	1	72879.575968750	72879.585718750	1400.000	4000.000	1.0000
208	Spectrogram 1	1	72879.575968750	72879.585718750	1400.000	4000.000	1.0000
209	Waveform 1	1	72996.046218750	72996.054343750	1400.000	4000.000	1.0000
209	Spectrogram 1	1	72996.046218750	72996.054343750	1400.000	4000.000	1.0000
210	Waveform 1	1	73014.810093750	73014.821468750	1400.000	4000.000	1.0000
210	Spectrogram 1	1	73014.810093750	73014.821468750	1400.000	4000.000	1.0000
211	Waveform 1	1	73081.160468750	73081.170218750	1400.000	4000.000	1.0000
211	Spectrogram 1	1	73081.160468750	73081.170218750	1400.000	4000.000	1.0000
212	Waveform 1	1	73134.998343750	73135.008093750	1400.000	4000.000	1.0000
212	Spectrogram 1	1	73134.998343750	73135.008093750	1400.000	4000.000	1.0000
213	Waveform 1	1	73135.094218750	73135.102343750	1400.000	4000.000	1.0000
213	Spectrogram 1	1	73135.094218750	73135.102343750	1400.000	4000.000	1.0000
214	Waveform 1	1	73173.541718750	73173.556343750	1400.000	4000.000	1.0000
214	Spectrogram 1	1	73173.541718750	73173.556343750	1400.000	4000.000	1.0000
215	Waveform 1	1	73184.113968750	73184.122093750	1400.000	4000.000	1.0000
215	Spectrogram 1	1	73184.113968750	73184.122093750	1400.000	4000.000	1.0000
216	Waveform 1	1	73195.646593750	73195.662843750	1400.000	4000.000	1.0000
216	Spectrogram 1	1	73195.646593750	73195.662843750	1400.000	4000.000	1.0000
217	Waveform 1	1	73206.886718750	73206.896468750	1400.000	4000.000	1.0000
217	Spectrogram 1	1	73206.886718750	73206.896468750	1400.000	4000.000	1.0000
218	Waveform 1	1	73227.493343750	73227.503093750	1400.000	4000.000	1.0000
218	Spectrogram 1	1	73227.493343750	73227.503093750	1400.000	4000.000	1.0000
219	Waveform 1	1	73311.890968750	73311.900718750	1400.000	4000.000	1.0000
219	Spectrogram 1	1	73311.890968750	73311.900718750	1400.000	4000.000	1.0000
220	Waveform 1	1	73481.532843750	73481.540968750	1400.000	4000.000	1.0000
220	Spectrogram 1	1	73481.532843750	73481.540968750	1400.000	4000.000	1.0000
221	Waveform 1	1	73608.222718750	73608.238968750	1400.000	4000.000	1.0000
221	Spectrogram 1	1	73608.222718750	73608.238968750	1400.000	4000.000	1.0000
222	Waveform 1	1	73608.318593750	73608.329968750	1400.000	4000.000	1.0000
222	Spectrogram 1	1	73608.318593750	73608.329968750	1400.000	4000.000	1.0000
223	Waveform 1	1	73610.455468750	73610.463593750	1400.000	4000.000	1.0000
223	Spectrogram 1	1	73610.455468750	73610.463593750	1400.000	4000.000	1.0000
224	Waveform 1	1	73655.825468750	73655.843343750	1400.000	4000.000	1.0000
224	Spectrogram 1	1	73655.825468750	73655.843343750	1400.000	4000.000	1.0000
225	Waveform 1	1	73671.178468750	73671.188218750	1400.000	4000.000	1.0000
225	Spectrogram 1	1	73671.178468750	73671.188218750	1400.000	4000.000	1.0000
226	Waveform 1	1	73736.201218750	73736.215843750	1400.000	4000.000	1.0000
226	Spectrogram 1	1	73736.201218750	73736.215843750	1400.000	4000.000	1.0000
227	Waveform 1	1	73748.699093750	73748.713718750	1400.000	4000.000	1.0000
227	Spectrogram 1	1	73748.699093750	73748.713718750	1400.000	4000.000	1.0000
228	Waveform 1	1	73760.389343750	73760.399093750	1400.000	4000.000	1.0000
228	Spectrogram 1	1	73760.389343750	73760.399093750	1400.000	4000.000	1.0000
229	Waveform 1	1	73786.163468750	73786.178093750	1400.000	4000.000	1.0000
229	Spectrogram 1	1	73786.163468750	73786.178093750	1400.000	4000.000	1.0000
230	Waveform 1	1	73838.337343750	73838.345468750	1400.000	4000.000	1.0000
230	Spectrogram 1	1	73838.337343750	73838.345468750	1400.000	4000.000	1.0000
231	Waveform 1	1	73874.280718750	73874.293718750	1400.000	4000.000	1.0000
231	Spectrogram 1	1	73874.280718750	73874.293718750	1400.000	4000.000	1.0000
232	Waveform 1	1	73980.245343750	73980.256718750	1400.000	4000.000	1.0000
232	Spectrogram 1	1	73980.245343750	73980.256718750	1400.000	4000.000	1.0000
233	Waveform 1	1	74030.766593750	74030.776343750	1400.000	4000.000	1.0000
233	Spectrogram 1	1	74030.766593750	74030.776343750	1400.000	4000.000	1.0000
234	Waveform 1	1	74187.800093750	74187.819593750	1400.000	4000.000	1.0000
234	Spectrogram 1	1	74187.800093750	74187.819593750	1400.000	4000.000	1.0000
235	Waveform 1	1	74202.857343750	74202.873593750	1400.000	4000.000	1.0000
235	Spectrogram 1	1	74202.857343750	74202.873593750	1400.000	4000.000	1.0000
236	Waveform 1	1	78866.270968750	78866.283968750	1400.000	4000.000	1.0000
236	Spectrogram 1	1	78866.270968750	78866.283968750	1400.000	4000.000	1.0000
