Selection	View	Channel	Begin Time (s)	End Time (s)	Low Freq (Hz)	High Freq (Hz)	Occupancy
1	Waveform 1	1	0.454718750	0.477468750	1400.000	4000.000	1.0000
1	Spectrogram 1	1	0.454718750	0.477468750	1400.000	4000.000	1.0000
2	Waveform 1	1	43.777218750	43.790218750	1400.000	4000.000	1.0000
2	Spectrogram 1	1	43.777218750	43.790218750	1400.000	4000.000	1.0000
3	Waveform 1	1	80.851593750	80.864593750	1400.000	4000.000	1.0000
3	Spectrogram 1	1	80.851593750	80.864593750	1400.000	4000.000	1.0000
4	Waveform 1	1	80.958843750	80.988093750	1400.000	4000.000	1.0000
4	Spectrogram 1	1	80.958843750	80.988093750	1400.000	4000.000	1.0000
5	Waveform 1	1	81.727468750	81.753468750	1400.000	4000.000	0.7500
5	Spectrogram 1	1	81.727468750	81.753468750	1400.000	4000.000	0.7500
6	Waveform 1	1	83.602718750	83.612468750	1400.000	4000.000	1.0000
6	Spectrogram 1	1	83.602718750	83.612468750	1400.000	4000.000	1.0000
7	Waveform 1	1	86.847843750	86.862468750	1400.000	4000.000	1.0000
7	Spectrogram 1	1	86.847843750	86.862468750	1400.000	4000.000	1.0000
8	Waveform 1	1	88.373718750	88.404593750	1400.000	4000.000	1.0000
8	Spectrogram 1	1	88.373718750	88.404593750	1400.000	4000.000	1.0000
9	Waveform 1	1	91.732593750	91.747218750	1400.000	4000.000	1.0000
9	Spectrogram 1	1	91.732593750	91.747218750	1400.000	4000.000	1.0000
10	Waveform 1	1	94.984218750	94.997218750	1400.000	4000.000	1.0000
10	Spectrogram 1	1	94.984218750	94.997218750	1400.000	4000.000	1.0000
11	Waveform 1	1	96.074593750	96.100593750	1400.000	4000.000	1.0000
11	Spectrogram 1	1	96.074593750	96.100593750	1400.000	4000.000	1.0000
12	Waveform 1	1	103.447218750	103.458593750	1400.000	4000.000	1.0000
12	Spectrogram 1	1	103.447218750	103.458593750	1400.000	4000.000	1.0000
13	Waveform 1	1	104.914593750	104.934093750	1400.000	4000.000	1.0000
13	Spectrogram 1	1	104.914593750	104.934093750	1400.000	4000.000	1.0000
14	Waveform 1	1	105.686468750	105.701093750	1400.000	4000.000	1.0000
14	Spectrogram 1	1	105.686468750	105.701093750	1400.000	4000.000	1.0000
15	Waveform 1	1	106.979968750	107.010843750	1400.000	4000.000	1.0000
15	Spectrogram 1	1	106.979968750	107.010843750	1400.000	4000.000	1.0000
16	Waveform 1	1	109.932593750	109.947218750	1400.000	4000.000	1.0000
16	Spectrogram 1	1	109.932593750	109.947218750	1400.000	4000.000	1.0000
17	Waveform 1	1	113.676593750	113.689593750	1400.000	4000.000	1.0000
17	Spectrogram 1	1	113.676593750	113.689593750	1400.000	4000.000	1.0000
18	Waveform 1	1	115.067593750	115.090343750	1400.000	4000.000	1.0000
18	Spectrogram 1	1	115.067593750	115.090343750	1400.000	4000.000	1.0000
19	Waveform 1	1	119.949093750	119.971843750	1400.000	4000.000	1.0000
19	Spectrogram 1	1	119.949093750	119.971843750	1400.000	4000.000	1.0000
20	Waveform 1	1	120.343968750	120.356968750	1400.000	4000.000	1.0000
20	Spectrogram 1	1	120.343968750	120.356968750	1400.000	4000.000	1.0000
21	Waveform 1	1	121.882843750	121.899093750	1400.000	4000.000	1.0000
21	Spectrogram 1	1	121.882843750	121.899093750	1400.000	4000.000	1.0000
22	Waveform 1	1	124.393468750	124.409718750	1400.000	4000.000	1.0000
22	Spectrogram 1	1	124.393468750	124.409718750	1400.000	4000.000	1.0000
23	Waveform 1	1	125.540718750	125.558593750	1400.000	4000.000	1.0000
23	Spectrogram 1	1	125.540718750	125.558593750	1400.000	4000.000	1.0000
24	Waveform 1	1	126.548218750	126.570968750	1400.000	4000.000	1.0000
24	Spectrogram 1	1	126.548218750	126.570968750	1400.000	4000.000	1.0000
25	Waveform 1	1	126.788718750	126.801718750	1400.000	4000.000	1.0000
25	Spectrogram 1	1	126.788718750	126.801718750	1400.000	4000.000	1.0000
26	Waveform 1	1	128.657468750	128.680218750	1400.000	4000.000	1.0000
26	Spectrogram 1	1	128.657468750	128.680218750	1400.000	4000.000	1.0000
27	Waveform 1	1	131.619843750	131.639343750	1400.000	4000.000	1.0000
27	Spectrogram 1	1	131.619843750	131.639343750	1400.000	4000.000	1.0000
28	Waveform 1	1	132.121968750	132.143093750	1400.000	4000.000	1.0000
28	Spectrogram 1	1	132.121968750	132.143093750	1400.000	4000.000	1.0000
29	Waveform 1	1	146.093718750	146.106718750	1400.000	4000.000	1.0000
29	Spectrogram 1	1	146.093718750	146.106718750	1400.000	4000.000	1.0000
30	Waveform 1	1	148.555593750	148.570218750	1400.000	4000.000	1.0000
30	Spectrogram 1	1	148.555593750	148.570218750	1400.000	4000.000	1.0000
31	Waveform 1	1	152.806593750	152.837468750	1400.000	4000.000	1.0000
31	Spectrogram 1	1	152.806593750	152.837468750	1400.000	4000.000	1.0000
32	Waveform 1	1	153.544343750	153.560593750	1400.000	4000.000	1.0000
32	Spectrogram 1	1	153.544343750	153.560593750	1400.000	4000.000	1.0000
33	Waveform 1	1	156.144343750	156.155718750	1400.000	4000.000	1.0000
33	Spectrogram 1	1	156.144343750	156.155718750	1400.000	4000.000	1.0000
34	Waveform 1	1	161.124968750	161.142843750	1400.000	4000.000	1.0000
34	Spectrogram 1	1	161.124968750	161.142843750	1400.000	4000.000	1.0000
35	Waveform 1	1	171.845093750	171.874343750	1400.000	4000.000	1.0000
35	Spectrogram 1	1	171.845093750	171.874343750	1400.000	4000.000	1.0000
36	Waveform 1	1	175.182843750	175.190968750	1400.000	4000.000	1.0000
36	Spectrogram 1	1	175.182843750	175.190968750	1400.000	4000.000	1.0000
37	Waveform 1	1	177.527718750	177.537468750	1400.000	4000.000	1.0000
37	Spectrogram 1	1	177.527718750	177.537468750	1400.000	4000.000	1.0000
38	Waveform 1	1	179.157593750	179.183593750	1400.000	4000.000	1.0000
38	Spectrogram 1	1	179.157593750	179.183593750	1400.000	4000.000	1.0000
39	Waveform 1	1	179.671093750	179.684093750	1400.000	4000.000	1.0000
39	Spectrogram 1	1	179.671093750	179.684093750	1400.000	4000.000	1.0000
40	Waveform 1	1	179.831968750	179.853093750	1400.000	4000.000	1.0000
40	Spectrogram 1	1	179.831968750	179.853093750	1400.000	4000.000	1.0000
41	Waveform 1	1	181.577218750	181.599968750	1400.000	4000.000	1.0000
41	Spectrogram 1	1	181.577218750	181.599968750	1400.000	4000.000	1.0000
42	Waveform 1	1	183.192468750	183.213593750	1400.000	4000.000	1.0000
42	Spectrogram 1	1	183.192468750	183.213593750	1400.000	4000.000	1.0000
43	Waveform 1	1	183.348468750	183.361468750	1400.000	4000.000	1.0000
43	Spectrogram 1	1	183.348468750	183.361468750	1400.000	4000.000	1.0000
44	Waveform 1	1	184.274718750	184.295843750	1400.000	4000.000	1.0000
44	Spectrogram 1	1	184.274718750	184.295843750	1400.000	4000.000	1.0000
45	Waveform 1	1	184.559093750	184.576968750	1400.000	4000.000	1.0000
45	Spectrogram 1	1	184.559093750	184.576968750	1400.000	4000.000	1.0000
46	Waveform 1	1	193.624968750	193.654218750	1400.000	4000.000	1.0000
46	Spectrogram 1	1	193.624968750	193.654218750	1400.000	4000.000	1.0000
47	Waveform 1	1	193.767968750	193.785843750	1400.000	4000.000	1.0000
47	Spectrogram 1	1	193.767968750	193.785843750	1400.000	4000.000	1.0000
48	Waveform 1	1	193.850843750	193.865468750	1400.000	4000.000	1.0000
48	Spectrogram 1	1	193.850843750	193.865468750	1400.000	4000.000	1.0000
49	Waveform 1	1	195.155718750	195.175218750	1400.000	4000.000	1.0000
49	Spectrogram 1	1	195.155718750	195.175218750	1400.000	4000.000	1.0000
50	Waveform 1	1	203.376593750	203.402593750	1400.000	4000.000	1.0000
50	Spectrogram 1	1	203.376593750	203.402593750	1400.000	4000.000	1.0000
51	Waveform 1	1	206.776093750	206.792343750	1400.000	4000.000	1.0000
51	Spectrogram 1	1	206.776093750	206.792343750	1400.000	4000.000	1.0000
52	Waveform 1	1	208.480718750	208.495343750	1400.000	4000.000	1.0000
52	Spectrogram 1	1	208.480718750	208.495343750	1400.000	4000.000	1.0000
53	Waveform 1	1	210.588343750	210.617593750	1400.000	4000.000	1.0000
53	Spectrogram 1	1	210.588343750	210.617593750	1400.000	4000.000	1.0000
54	Waveform 1	1	212.496093750	212.513968750	1400.000	4000.000	1.0000
54	Spectrogram 1	1	212.496093750	212.513968750	1400.000	4000.000	1.0000
55	Waveform 1	1	214.787343750	214.797093750	1400.000	4000.000	1.0000
55	Spectrogram 1	1	214.787343750	214.797093750	1400.000	4000.000	1.0000
56	Waveform 1	1	246.362718750	246.380593750	1400.000	4000.000	1.0000
56	Spectrogram 1	1	246.362718750	246.380593750	1400.000	4000.000	1.0000
57	Waveform 1	1	309.238843750	309.255093750	1400.000	4000.000	1.0000
57	Spectrogram 1	1	309.238843750	309.255093750	1400.000	4000.000	1.0000
58	Waveform 1	1	330.303718750	330.323218750	1400.000	4000.000	1.0000
58	Spectrogram 1	1	330.303718750	330.323218750	1400.000	4000.000	1.0000
59	Waveform 1	1	330.435343750	330.443468750	1400.000	4000.000	1.0000
59	Spectrogram 1	1	330.435343750	330.443468750	1400.000	4000.000	1.0000
60	Waveform 1	1	453.854093750	453.867093750	1400.000	4000.000	1.0000
60	Spectrogram 1	1	453.854093750	453.867093750	1400.000	4000.000	1.0000
61	Waveform 1	1	466.056218750	466.083843750	1400.000	4000.000	1.0000
61	Spectrogram 1	1	466.056218750	466.083843750	1400.000	4000.000	1.0000
62	Waveform 1	1	671.608968750	671.630093750	1400.000	4000.000	1.0000
62	Spectrogram 1	1	671.608968750	671.630093750	1400.000	4000.000	1.0000
63	Waveform 1	1	682.876718750	682.894593750	1400.000	4000.000	1.0000
63	Spectrogram 1	1	682.876718750	682.894593750	1400.000	4000.000	1.0000
64	Waveform 1	1	799.992093750	800.006718750	1400.000	4000.000	1.0000
64	Spectrogram 1	1	799.992093750	800.006718750	1400.000	4000.000	1.0000
65	Waveform 1	1	806.638343750	806.651343750	1400.000	4000.000	1.0000
65	Spectrogram 1	1	806.638343750	806.651343750	1400.000	4000.000	1.0000
66	Waveform 1	1	855.105593750	855.113718750	1400.000	4000.000	1.0000
66	Spectrogram 1	1	855.105593750	855.113718750	1400.000	4000.000	1.0000
67	Waveform 1	1	982.045718750	982.055468750	1400.000	4000.000	1.0000
67	Spectrogram 1	1	982.045718750	982.055468750	1400.000	4000.000	1.0000
68	Waveform 1	1	983.097093750	983.105218750	1400.000	4000.000	1.0000
68	Spectrogram 1	1	983.097093750	983.105218750	1400.000	4000.000	1.0000
69	Waveform 1	1	983.571593750	983.579718750	1400.000	4000.000	1.0000
69	Spectrogram 1	1	983.571593750	983.579718750	1400.000	4000.000	1.0000
70	Waveform 1	1	991.074218750	991.087218750	1400.000	4000.000	1.0000
70	Spectrogram 1	1	991.074218750	991.087218750	1400.000	4000.000	1.0000
71	Waveform 1	1	991.135968750	991.145718750	1400.000	4000.000	1.0000
71	Spectrogram 1	1	991.135968750	991.145718750	1400.000	4000.000	1.0000
72	Waveform 1	1	994.488343750	994.504593750	1400.000	4000.000	1.0000
72	Spectrogram 1	1	994.488343750	994.504593750	1400.000	4000.000	1.0000
73	Waveform 1	1	1018.964093750	1018.990093750	1400.000	4000.000	1.0000
73	Spectrogram 1	1	1018.964093750	1018.990093750	1400.000	4000.000	1.0000
74	Waveform 1	1	1019.068093750	1019.085968750	1400.000	4000.000	1.0000
74	Spectrogram 1	1	1019.068093750	1019.085968750	1400.000	4000.000	1.0000
75	Waveform 1	1	1195.853468750	1195.861593750	1400.000	4000.000	1.0000
75	Spectrogram 1	1	1195.853468750	1195.861593750	1400.000	4000.000	1.0000
76	Waveform 1	1	1244.744843750	1244.756218750	1400.000	4000.000	1.0000
76	Spectrogram 1	1	1244.744843750	1244.756218750	1400.000	4000.000	1.0000
77	Waveform 1	1	1334.839718750	1334.849468750	1400.000	4000.000	1.0000
77	Spectrogram 1	1	1334.839718750	1334.849468750	1400.000	4000.000	1.0000
78	Waveform 1	1	1597.127718750	1597.137468750	1400.000	4000.000	1.0000
78	Spectrogram 1	1	1597.127718750	1597.137468750	1400.000	4000.000	1.0000
79	Waveform 1	1	2267.108718750	2267.124968750	1400.000	4000.000	1.0000
79	Spectrogram 1	1	2267.108718750	2267.124968750	1400.000	4000.000	1.0000
80	Waveform 1	1	2267.241968750	2267.254968750	1400.000	4000.000	1.0000
80	Spectrogram 1	1	2267.241968750	2267.254968750	1400.000	4000.000	1.0000
81	Waveform 1	1	2267.417468750	2267.427218750	1400.000	4000.000	1.0000
81	Spectrogram 1	1	2267.417468750	2267.427218750	1400.000	4000.000	1.0000
82	Waveform 1	1	2294.660593750	2294.670343750	1400.000	4000.000	1.0000
82	Spectrogram 1	1	2294.660593750	2294.670343750	1400.000	4000.000	1.0000
83	Waveform 1	1	2304.568218750	2304.582843750	1400.000	4000.000	1.0000
83	Spectrogram 1	1	2304.568218750	2304.582843750	1400.000	4000.000	1.0000
84	Waveform 1	1	2304.691718750	2304.709593750	1400.000	4000.000	1.0000
84	Spectrogram 1	1	2304.691718750	2304.709593750	1400.000	4000.000	1.0000
85	Waveform 1	1	2511.198343750	2511.208093750	1400.000	4000.000	1.0000
85	Spectrogram 1	1	2511.198343750	2511.208093750	1400.000	4000.000	1.0000
86	Waveform 1	1	2574.682218750	2574.690343750	1400.000	4000.000	1.0000
86	Spectrogram 1	1	2574.682218750	2574.690343750	1400.000	4000.000	1.0000
87	Waveform 1	1	2620.520218750	2620.533218750	1400.000	4000.000	1.0000
87	Spectrogram 1	1	2620.520218750	2620.533218750	1400.000	4000.000	1.0000
88	Waveform 1	1	2634.127968750	2634.145843750	1400.000	4000.000	1.0000
88	Spectrogram 1	1	2634.127968750	2634.145843750	1400.000	4000.000	1.0000
89	Waveform 1	1	2642.118093750	2642.127843750	1400.000	4000.000	1.0000
89	Spectrogram 1	1	2642.118093750	2642.127843750	1400.000	4000.000	1.0000
90	Waveform 1	1	2701.177093750	2701.188468750	1400.000	4000.000	1.0000
90	Spectrogram 1	1	2701.177093750	2701.188468750	1400.000	4000.000	1.0000
91	Waveform 1	1	2843.455593750	2843.486468750	1400.000	4000.000	1.0000
91	Spectrogram 1	1	2843.455593750	2843.486468750	1400.000	4000.000	1.0000
92	Waveform 1	1	3226.079718750	3226.092718750	1400.000	4000.000	1.0000
92	Spectrogram 1	1	3226.079718750	3226.092718750	1400.000	4000.000	1.0000
93	Waveform 1	1	3678.812843750	3678.837218750	1400.000	4000.000	1.0000
93	Spectrogram 1	1	3678.812843750	3678.837218750	1400.000	4000.000	1.0000
94	Waveform 1	1	3784.796968750	3784.806718750	1400.000	4000.000	1.0000
94	Spectrogram 1	1	3784.796968750	3784.806718750	1400.000	4000.000	1.0000
95	Waveform 1	1	3826.741468750	3826.760968750	1400.000	4000.000	1.0000
95	Spectrogram 1	1	3826.741468750	3826.760968750	1400.000	4000.000	1.0000
96	Waveform 1	1	3895.020718750	3895.048343750	1400.000	4000.000	1.0000
96	Spectrogram 1	1	3895.020718750	3895.048343750	1400.000	4000.000	1.0000
97	Waveform 1	1	4213.185968750	4213.198968750	1400.000	4000.000	1.0000
97	Spectrogram 1	1	4213.185968750	4213.198968750	1400.000	4000.000	1.0000
98	Waveform 1	1	4213.262343750	4213.272093750	1400.000	4000.000	1.0000
98	Spectrogram 1	1	4213.262343750	4213.272093750	1400.000	4000.000	1.0000
99	Waveform 1	1	4214.932843750	4214.949093750	1400.000	4000.000	1.0000
99	Spectrogram 1	1	4214.932843750	4214.949093750	1400.000	4000.000	1.0000
100	Waveform 1	1	4215.350468750	4215.360218750	1400.000	4000.000	1.0000
100	Spectrogram 1	1	4215.350468750	4215.360218750	1400.000	4000.000	1.0000
101	Waveform 1	1	4247.372718750	4247.385718750	1400.000	4000.000	1.0000
101	Spectrogram 1	1	4247.372718750	4247.385718750	1400.000	4000.000	1.0000
102	Waveform 1	1	4270.871843750	4270.888093750	1400.000	4000.000	1.0000
102	Spectrogram 1	1	4270.871843750	4270.888093750	1400.000	4000.000	1.0000
103	Waveform 1	1	4454.072718750	4454.087343750	1400.000	4000.000	1.0000
103	Spectrogram 1	1	4454.072718750	4454.087343750	1400.000	4000.000	1.0000
104	Waveform 1	1	4464.194843750	4464.209468750	1400.000	4000.000	1.0000
104	Spectrogram 1	1	4464.194843750	4464.209468750	1400.000	4000.000	1.0000
105	Waveform 1	1	4465.892968750	4465.914093750	1400.000	4000.000	1.0000
105	Spectrogram 1	1	4465.892968750	4465.914093750	1400.000	4000.000	1.0000
106	Waveform 1	1	4466.162718750	4466.178968750	1400.000	4000.000	1.0000
106	Spectrogram 1	1	4466.162718750	4466.178968750	1400.000	4000.000	1.0000
107	Waveform 1	1	4468.197218750	4468.208593750	1400.000	4000.000	1.0000
107	Spectrogram 1	1	4468.197218750	4468.208593750	1400.000	4000.000	1.0000
108	Waveform 1	1	4636.709718750	4636.730843750	1400.000	4000.000	1.0000
108	Spectrogram 1	1	4636.709718750	4636.730843750	1400.000	4000.000	1.0000
109	Waveform 1	1	4781.256718750	4781.269718750	1400.000	4000.000	1.0000
109	Spectrogram 1	1	4781.256718750	4781.269718750	1400.000	4000.000	1.0000
110	Waveform 1	1	4848.499218750	4848.517093750	1400.000	4000.000	1.0000
110	Spectrogram 1	1	4848.499218750	4848.517093750	1400.000	4000.000	1.0000
111	Waveform 1	1	4890.495718750	4890.503843750	1400.000	4000.000	1.0000
111	Spectrogram 1	1	4890.495718750	4890.503843750	1400.000	4000.000	1.0000
112	Waveform 1	1	5052.166968750	5052.189718750	1400.000	4000.000	1.0000
112	Spectrogram 1	1	5052.166968750	5052.189718750	1400.000	4000.000	1.0000
113	Waveform 1	1	5343.233718750	5343.249968750	1400.000	4000.000	1.0000
113	Spectrogram 1	1	5343.233718750	5343.249968750	1400.000	4000.000	1.0000
114	Waveform 1	1	6906.309843750	6906.326093750	1400.000	4000.000	1.0000
114	Spectrogram 1	1	6906.309843750	6906.326093750	1400.000	4000.000	1.0000
115	Waveform 1	1	8216.535968750	8216.548968750	1400.000	4000.000	1.0000
115	Spectrogram 1	1	8216.535968750	8216.548968750	1400.000	4000.000	1.0000
116	Waveform 1	1	8911.091843750	8911.099968750	1400.000	4000.000	1.0000
116	Spectrogram 1	1	8911.091843750	8911.099968750	1400.000	4000.000	1.0000
117	Waveform 1	1	13242.123093750	13242.136093750	1400.000	4000.000	1.0000
117	Spectrogram 1	1	13242.123093750	13242.136093750	1400.000	4000.000	1.0000
118	Waveform 1	1	13900.379718750	13900.397593750	1400.000	4000.000	1.0000
118	Spectrogram 1	1	13900.379718750	13900.397593750	1400.000	4000.000	1.0000
119	Waveform 1	1	13900.436593750	13900.444718750	1400.000	4000.000	1.0000
119	Spectrogram 1	1	13900.436593750	13900.444718750	1400.000	4000.000	1.0000
120	Waveform 1	1	13908.169968750	13908.178093750	1400.000	4000.000	1.0000
120	Spectrogram 1	1	13908.169968750	13908.178093750	1400.000	4000.000	1.0000
121	Waveform 1	1	14054.367968750	14054.376093750	1400.000	4000.000	1.0000
121	Spectrogram 1	1	14054.367968750	14054.376093750	1400.000	4000.000	1.0000
122	Waveform 1	1	14179.629468750	14179.644093750	1400.000	4000.000	1.0000
122	Spectrogram 1	1	14179.629468750	14179.644093750	1400.000	4000.000	1.0000
123	Waveform 1	1	14187.504218750	14187.517218750	1400.000	4000.000	1.0000
123	Spectrogram 1	1	14187.504218750	14187.517218750	1400.000	4000.000	1.0000
124	Waveform 1	1	14367.089468750	14367.121968750	1400.000	4000.000	1.0000
124	Spectrogram 1	1	14367.089468750	14367.121968750	1400.000	4000.000	1.0000
125	Waveform 1	1	14431.322468750	14431.330593750	1400.000	4000.000	1.0000
125	Spectrogram 1	1	14431.322468750	14431.330593750	1400.000	4000.000	1.0000
126	Waveform 1	1	14691.112843750	14691.122593750	1400.000	4000.000	1.0000
126	Spectrogram 1	1	14691.112843750	14691.122593750	1400.000	4000.000	1.0000
127	Waveform 1	1	14868.403593750	14868.421468750	1400.000	4000.000	1.0000
127	Spectrogram 1	1	14868.403593750	14868.421468750	1400.000	4000.000	1.0000
128	Waveform 1	1	15145.870718750	15145.882093750	1400.000	4000.000	1.0000
128	Spectrogram 1	1	15145.870718750	15145.882093750	1400.000	4000.000	1.0000
129	Waveform 1	1	15874.982218750	15875.000093750	1400.000	4000.000	1.0000
129	Spectrogram 1	1	15874.982218750	15875.000093750	1400.000	4000.000	1.0000
130	Waveform 1	1	15875.060218750	15875.079718750	1400.000	4000.000	1.0000
130	Spectrogram 1	1	15875.060218750	15875.079718750	1400.000	4000.000	1.0000
131	Waveform 1	1	16509.757593750	16509.788468750	1400.000	4000.000	1.0000
131	Spectrogram 1	1	16509.757593750	16509.788468750	1400.000	4000.000	1.0000
132	Waveform 1	1	16687.132843750	16687.155593750	1400.000	4000.000	1.0000
132	Spectrogram 1	1	16687.132843750	16687.155593750	1400.000	4000.000	1.0000
133	Waveform 1	1	16707.216218750	16707.227593750	1400.000	4000.000	1.0000
133	Spectrogram 1	1	16707.216218750	16707.227593750	1400.000	4000.000	1.0000
134	Waveform 1	1	16864.704718750	16864.712843750	1400.000	4000.000	1.0000
134	Spectrogram 1	1	16864.704718750	16864.712843750	1400.000	4000.000	1.0000
135	Waveform 1	1	20538.403968750	20538.421843750	1400.000	4000.000	1.0000
135	Spectrogram 1	1	20538.403968750	20538.421843750	1400.000	4000.000	1.0000
136	Waveform 1	1	20554.012093750	20554.020218750	1400.000	4000.000	1.0000
136	Spectrogram 1	1	20554.012093750	20554.020218750	1400.000	4000.000	1.0000
137	Waveform 1	1	20619.642593750	20619.658843750	1400.000	4000.000	1.0000
137	Spectrogram 1	1	20619.642593750	20619.658843750	1400.000	4000.000	1.0000
138	Waveform 1	1	20622.595218750	20622.611468750	1400.000	4000.000	1.0000
138	Spectrogram 1	1	20622.595218750	20622.611468750	1400.000	4000.000	1.0000
139	Waveform 1	1	20677.824093750	20677.837093750	1400.000	4000.000	1.0000
139	Spectrogram 1	1	20677.824093750	20677.837093750	1400.000	4000.000	1.0000
140	Waveform 1	1	22494.491218750	22494.499343750	1400.000	4000.000	1.0000
140	Spectrogram 1	1	22494.491218750	22494.499343750	1400.000	4000.000	1.0000
141	Waveform 1	1	22497.386968750	22497.395093750	1400.000	4000.000	1.0000
141	Spectrogram 1	1	22497.386968750	22497.395093750	1400.000	4000.000	1.0000
142	Waveform 1	1	23447.064593750	23447.072718750	1400.000	4000.000	1.0000
142	Spectrogram 1	1	23447.064593750	23447.072718750	1400.000	4000.000	1.0000
143	Waveform 1	1	27467.106593750	27467.116343750	1400.000	4000.000	1.0000
143	Spectrogram 1	1	27467.106593750	27467.116343750	1400.000	4000.000	1.0000
144	Waveform 1	1	27628.941968750	27628.956593750	1400.000	4000.000	1.0000
144	Spectrogram 1	1	27628.941968750	27628.956593750	1400.000	4000.000	1.0000
145	Waveform 1	1	27779.013968750	27779.022093750	1400.000	4000.000	1.0000
145	Spectrogram 1	1	27779.013968750	27779.022093750	1400.000	4000.000	1.0000
146	Waveform 1	1	27865.772718750	27865.790593750	1400.000	4000.000	1.0000
146	Spectrogram 1	1	27865.772718750	27865.790593750	1400.000	4000.000	1.0000
147	Waveform 1	1	27902.494468750	27902.513968750	1400.000	4000.000	1.0000
147	Spectrogram 1	1	27902.494468750	27902.513968750	1400.000	4000.000	1.0000
148	Waveform 1	1	28328.738468750	28328.769343750	1400.000	4000.000	0.8947
148	Spectrogram 1	1	28328.738468750	28328.769343750	1400.000	4000.000	0.8947
149	Waveform 1	1	29324.978843750	29324.986968750	1400.000	4000.000	1.0000
149	Spectrogram 1	1	29324.978843750	29324.986968750	1400.000	4000.000	1.0000
150	Waveform 1	1	30475.829843750	30475.837968750	1400.000	4000.000	1.0000
150	Spectrogram 1	1	30475.829843750	30475.837968750	1400.000	4000.000	1.0000
151	Waveform 1	1	31913.412093750	31913.433218750	1400.000	4000.000	1.0000
151	Spectrogram 1	1	31913.412093750	31913.433218750	1400.000	4000.000	1.0000
152	Waveform 1	1	33070.358468750	33070.379593750	1400.000	4000.000	1.0000
152	Spectrogram 1	1	33070.358468750	33070.379593750	1400.000	4000.000	1.0000
153	Waveform 1	1	33686.374843750	33686.399218750	1400.000	4000.000	1.0000
153	Spectrogram 1	1	33686.374843750	33686.399218750	1400.000	4000.000	1.0000
154	Waveform 1	1	33686.506468750	33686.514593750	1400.000	4000.000	1.0000
154	Spectrogram 1	1	33686.506468750	33686.514593750	1400.000	4000.000	1.0000
155	Waveform 1	1	33813.706593750	33813.714718750	1400.000	4000.000	1.0000
155	Spectrogram 1	1	33813.706593750	33813.714718750	1400.000	4000.000	1.0000
156	Waveform 1	1	33978.566093750	33978.574218750	1400.000	4000.000	1.0000
156	Spectrogram 1	1	33978.566093750	33978.574218750	1400.000	4000.000	1.0000
157	Waveform 1	1	34952.439968750	34952.448093750	1400.000	4000.000	1.0000
157	Spectrogram 1	1	34952.439968750	34952.448093750	1400.000	4000.000	1.0000
158	Waveform 1	1	35239.413343750	35239.431218750	1400.000	4000.000	1.0000
158	Spectrogram 1	1	35239.413343750	35239.431218750	1400.000	4000.000	1.0000
159	Waveform 1	1	35552.970093750	35552.992843750	1400.000	4000.000	1.0000
159	Spectrogram 1	1	35552.970093750	35552.992843750	1400.000	4000.000	1.0000
160	Waveform 1	1	35762.752718750	35762.760843750	1400.000	4000.000	1.0000
160	Spectrogram 1	1	35762.752718750	35762.760843750	1400.000	4000.000	1.0000
161	Waveform 1	1	37069.186093750	37069.218593750	1400.000	4000.000	1.0000
161	Spectrogram 1	1	37069.186093750	37069.218593750	1400.000	4000.000	1.0000
162	Waveform 1	1	37179.986718750	37180.009468750	1400.000	4000.000	1.0000
162	Spectrogram 1	1	37179.986718750	37180.009468750	1400.000	4000.000	1.0000
163	Waveform 1	1	37280.119218750	37280.127343750	1400.000	4000.000	1.0000
163	Spectrogram 1	1	37280.119218750	37280.127343750	1400.000	4000.000	1.0000
164	Waveform 1	1	38379.662468750	38379.673843750	1400.000	4000.000	1.0000
164	Spectrogram 1	1	38379.662468750	38379.673843750	1400.000	4000.000	1.0000
165	Waveform 1	1	42716.171593750	42716.182968750	1400.000	4000.000	1.0000
165	Spectrogram 1	1	42716.171593750	42716.182968750	1400.000	4000.000	1.0000
166	Waveform 1	1	42940.215218750	42940.231468750	1400.000	4000.000	1.0000
166	Spectrogram 1	1	42940.215218750	42940.231468750	1400.000	4000.000	1.0000
167	Waveform 1	1	42970.141218750	42970.150968750	1400.000	4000.000	1.0000
167	Spectrogram 1	1	42970.141218750	42970.150968750	1400.000	4000.000	1.0000
168	Waveform 1	1	44443.336968750	44443.345093750	1400.000	4000.000	1.0000
168	Spectrogram 1	1	44443.336968750	44443.345093750	1400.000	4000.000	1.0000
169	Waveform 1	1	45448.610718750	45448.628593750	1400.000	4000.000	1.0000
169	Spectrogram 1	1	45448.610718750	45448.628593750	1400.000	4000.000	1.0000
170	Waveform 1	1	45604.607468750	45604.617218750	1400.000	4000.000	1.0000
170	Spectrogram 1	1	45604.607468750	45604.617218750	1400.000	4000.000	1.0000
171	Waveform 1	1	45610.290093750	45610.299843750	1400.000	4000.000	1.0000
171	Spectrogram 1	1	45610.290093750	45610.299843750	1400.000	4000.000	1.0000
172	Waveform 1	1	45645.633843750	45645.648468750	1400.000	4000.000	1.0000
172	Spectrogram 1	1	45645.633843750	45645.648468750	1400.000	4000.000	1.0000
173	Waveform 1	1	46094.440968750	46094.449093750	1400.000	4000.000	1.0000
173	Spectrogram 1	1	46094.440968750	46094.449093750	1400.000	4000.000	1.0000
174	Waveform 1	1	46343.434843750	46343.449468750	1400.000	4000.000	1.0000
174	Spectrogram 1	1	46343.434843750	46343.449468750	1400.000	4000.000	1.0000
175	Waveform 1	1	46411.018593750	46411.026718750	1400.000	4000.000	1.0000
175	Spectrogram 1	1	46411.018593750	46411.026718750	1400.000	4000.000	1.0000
176	Waveform 1	1	46611.629718750	46611.644343750	1400.000	4000.000	1.0000
176	Spectrogram 1	1	46611.629718750	46611.644343750	1400.000	4000.000	1.0000
177	Waveform 1	1	46726.570843750	46726.582218750	1400.000	4000.000	1.0000
177	Spectrogram 1	1	46726.570843750	46726.582218750	1400.000	4000.000	1.0000
178	Waveform 1	1	47282.671843750	47282.686468750	1400.000	4000.000	1.0000
178	Spectrogram 1	1	47282.671843750	47282.686468750	1400.000	4000.000	1.0000
179	Waveform 1	1	47589.003843750	47589.018468750	1400.000	4000.000	1.0000
179	Spectrogram 1	1	47589.003843750	47589.018468750	1400.000	4000.000	1.0000
180	Waveform 1	1	48090.748593750	48090.764843750	1400.000	4000.000	1.0000
180	Spectrogram 1	1	48090.748593750	48090.764843750	1400.000	4000.000	1.0000
181	Waveform 1	1	48294.991593750	48295.009468750	1400.000	4000.000	1.0000
181	Spectrogram 1	1	48294.991593750	48295.009468750	1400.000	4000.000	1.0000
182	Waveform 1	1	48295.121593750	48295.134593750	1400.000	4000.000	1.0000
182	Spectrogram 1	1	48295.121593750	48295.134593750	1400.000	4000.000	1.0000
183	Waveform 1	1	48319.647718750	48319.657468750	1400.000	4000.000	1.0000
183	Spectrogram 1	1	48319.647718750	48319.657468750	1400.000	4000.000	1.0000
184	Waveform 1	1	48448.324968750	48448.336343750	1400.000	4000.000	1.0000
184	Spectrogram 1	1	48448.324968750	48448.336343750	1400.000	4000.000	1.0000
185	Waveform 1	1	48625.914718750	48625.934218750	1400.000	4000.000	1.0000
185	Spectrogram 1	1	48625.914718750	48625.934218750	1400.000	4000.000	1.0000
186	Waveform 1	1	48719.615468750	48719.626843750	1400.000	4000.000	1.0000
186	Spectrogram 1	1	48719.615468750	48719.626843750	1400.000	4000.000	1.0000
187	Waveform 1	1	48719.792593750	48719.812093750	1400.000	4000.000	1.0000
187	Spectrogram 1	1	48719.792593750	48719.812093750	1400.000	4000.000	1.0000
188	Waveform 1	1	48988.533468750	48988.543218750	1400.000	4000.000	1.0000
188	Spectrogram 1	1	48988.533468750	48988.543218750	1400.000	4000.000	1.0000
189	Waveform 1	1	49636.347843750	49636.362468750	1400.000	4000.000	1.0000
189	Spectrogram 1	1	49636.347843750	49636.362468750	1400.000	4000.000	1.0000
190	Waveform 1	1	49970.499843750	49970.511218750	1400.000	4000.000	1.0000
190	Spectrogram 1	1	49970.499843750	49970.511218750	1400.000	4000.000	1.0000
191	Waveform 1	1	50955.651218750	50955.667468750	1400.000	4000.000	1.0000
191	Spectrogram 1	1	50955.651218750	50955.667468750	1400.000	4000.000	1.0000
192	Waveform 1	1	51223.826593750	51223.849343750	1400.000	4000.000	1.0000
192	Spectrogram 1	1	51223.826593750	51223.849343750	1400.000	4000.000	1.0000
193	Waveform 1	1	51474.955718750	51474.970343750	1400.000	4000.000	1.0000
193	Spectrogram 1	1	51474.955718750	51474.970343750	1400.000	4000.000	1.0000
194	Waveform 1	1	51527.976218750	51527.985968750	1400.000	4000.000	1.0000
194	Spectrogram 1	1	51527.976218750	51527.985968750	1400.000	4000.000	1.0000
195	Waveform 1	1	51528.096468750	51528.106218750	1400.000	4000.000	1.0000
195	Spectrogram 1	1	51528.096468750	51528.106218750	1400.000	4000.000	1.0000
196	Waveform 1	1	51532.184968750	51532.201218750	1400.000	4000.000	1.0000
196	Spectrogram 1	1	51532.184968750	51532.201218750	1400.000	4000.000	1.0000
197	Waveform 1	1	51538.567968750	51538.589093750	1400.000	4000.000	1.0000
197	Spectrogram 1	1	51538.567968750	51538.589093750	1400.000	4000.000	1.0000
198	Waveform 1	1	51585.913968750	51585.928593750	1400.000	4000.000	1.0000
198	Spectrogram 1	1	51585.913968750	51585.928593750	1400.000	4000.000	1.0000
199	Waveform 1	1	51585.974093750	51585.982218750	1400.000	4000.000	1.0000
199	Spectrogram 1	1	51585.974093750	51585.982218750	1400.000	4000.000	1.0000
200	Waveform 1	1	51586.399843750	51586.420968750	1400.000	4000.000	1.0000
200	Spectrogram 1	1	51586.399843750	51586.420968750	1400.000	4000.000	1.0000
201	Waveform 1	1	51613.720968750	51613.732343750	1400.000	4000.000	1.0000
201	Spectrogram 1	1	51613.720968750	51613.732343750	1400.000	4000.000	1.0000
202	Waveform 1	1	51624.138843750	51624.153468750	1400.000	4000.000	1.0000
202	Spectrogram 1	1	51624.138843750	51624.153468750	1400.000	4000.000	1.0000
203	Waveform 1	1	51662.492093750	51662.503468750	1400.000	4000.000	1.0000
203	Spectrogram 1	1	51662.492093750	51662.503468750	1400.000	4000.000	1.0000
204	Waveform 1	1	51676.293218750	51676.306218750	1400.000	4000.000	1.0000
204	Spectrogram 1	1	51676.293218750	51676.306218750	1400.000	4000.000	1.0000
205	Waveform 1	1	51836.664468750	51836.682343750	1400.000	4000.000	1.0000
205	Spectrogram 1	1	51836.664468750	51836.682343750	1400.000	4000.000	1.0000
206	Waveform 1	1	52411.904718750	52411.933968750	1400.000	4000.000	1.0000
206	Spectrogram 1	1	52411.904718750	52411.933968750	1400.000	4000.000	1.0000
207	Waveform 1	1	52646.908968750	52646.931718750	1400.000	4000.000	1.0000
207	Spectrogram 1	1	52646.908968750	52646.931718750	1400.000	4000.000	1.0000
208	Waveform 1	1	52679.797343750	52679.816843750	1400.000	4000.000	1.0000
208	Spectrogram 1	1	52679.797343750	52679.816843750	1400.000	4000.000	1.0000
209	Waveform 1	1	52709.742843750	52709.754218750	1400.000	4000.000	1.0000
209	Spectrogram 1	1	52709.742843750	52709.754218750	1400.000	4000.000	1.0000
210	Waveform 1	1	52930.279718750	52930.289468750	1400.000	4000.000	1.0000
210	Spectrogram 1	1	52930.279718750	52930.289468750	1400.000	4000.000	1.0000
211	Waveform 1	1	52952.472343750	52952.480468750	1400.000	4000.000	1.0000
211	Spectrogram 1	1	52952.472343750	52952.480468750	1400.000	4000.000	1.0000
212	Waveform 1	1	53603.330343750	53603.340093750	1400.000	4000.000	1.0000
212	Spectrogram 1	1	53603.330343750	53603.340093750	1400.000	4000.000	1.0000
213	Waveform 1	1	54013.813468750	54013.821593750	1400.000	4000.000	1.0000
213	Spectrogram 1	1	54013.813468750	54013.821593750	1400.000	4000.000	1.0000
214	Waveform 1	1	54200.283843750	54200.306593750	1400.000	4000.000	1.0000
214	Spectrogram 1	1	54200.283843750	54200.306593750	1400.000	4000.000	1.0000
215	Waveform 1	1	54229.987218750	54230.018093750	1400.000	4000.000	1.0000
215	Spectrogram 1	1	54229.987218750	54230.018093750	1400.000	4000.000	1.0000
216	Waveform 1	1	54232.067218750	54232.080218750	1400.000	4000.000	1.0000
216	Spectrogram 1	1	54232.067218750	54232.080218750	1400.000	4000.000	1.0000
217	Waveform 1	1	54496.743968750	54496.766718750	1400.000	4000.000	1.0000
217	Spectrogram 1	1	54496.743968750	54496.766718750	1400.000	4000.000	1.0000
218	Waveform 1	1	54519.095843750	54519.110468750	1400.000	4000.000	1.0000
218	Spectrogram 1	1	54519.095843750	54519.110468750	1400.000	4000.000	1.0000
219	Waveform 1	1	54585.140718750	54585.168343750	1400.000	4000.000	1.0000
219	Spectrogram 1	1	54585.140718750	54585.168343750	1400.000	4000.000	1.0000
220	Waveform 1	1	54675.167343750	54675.191718750	1400.000	4000.000	1.0000
220	Spectrogram 1	1	54675.167343750	54675.191718750	1400.000	4000.000	1.0000
221	Waveform 1	1	54687.307718750	54687.327218750	1400.000	4000.000	1.0000
221	Spectrogram 1	1	54687.307718750	54687.327218750	1400.000	4000.000	1.0000
222	Waveform 1	1	54709.475968750	54709.490593750	1400.000	4000.000	1.0000
222	Spectrogram 1	1	54709.475968750	54709.490593750	1400.000	4000.000	1.0000
223	Waveform 1	1	54709.978093750	54709.989468750	1400.000	4000.000	1.0000
223	Spectrogram 1	1	54709.978093750	54709.989468750	1400.000	4000.000	1.0000
224	Waveform 1	1	54734.455468750	54734.468468750	1400.000	4000.000	1.0000
224	Spectrogram 1	1	54734.455468750	54734.468468750	1400.000	4000.000	1.0000
225	Waveform 1	1	54744.304593750	54744.319218750	1400.000	4000.000	1.0000
225	Spectrogram 1	1	54744.304593750	54744.319218750	1400.000	4000.000	1.0000
226	Waveform 1	1	54770.101468750	54770.132343750	1400.000	4000.000	1.0000
226	Spectrogram 1	1	54770.101468750	54770.132343750	1400.000	4000.000	1.0000
227	Waveform 1	1	54770.169718750	54770.181093750	1400.000	4000.000	1.0000
227	Spectrogram 1	1	54770.169718750	54770.181093750	1400.000	4000.000	1.0000
228	Waveform 1	1	55105.290218750	55105.301593750	1400.000	4000.000	1.0000
228	Spectrogram 1	1	55105.290218750	55105.301593750	1400.000	4000.000	1.0000
229	Waveform 1	1	55105.923968750	55105.941843750	1400.000	4000.000	1.0000
229	Spectrogram 1	1	55105.923968750	55105.941843750	1400.000	4000.000	1.0000
230	Waveform 1	1	55106.036093750	55106.060468750	1400.000	4000.000	1.0000
230	Spectrogram 1	1	55106.036093750	55106.060468750	1400.000	4000.000	1.0000
231	Waveform 1	1	55106.187218750	55106.214843750	1400.000	4000.000	1.0000
231	Spectrogram 1	1	55106.187218750	55106.214843750	1400.000	4000.000	1.0000
232	Waveform 1	1	55106.694218750	55106.702343750	1400.000	4000.000	1.0000
232	Spectrogram 1	1	55106.694218750	55106.702343750	1400.000	4000.000	1.0000
233	Waveform 1	1	55258.617093750	55258.643093750	1400.000	4000.000	1.0000
233	Spectrogram 1	1	55258.617093750	55258.643093750	1400.000	4000.000	1.0000
234	Waveform 1	1	55646.670343750	55646.680093750	1400.000	4000.000	1.0000
234	Spectrogram 1	1	55646.670343750	55646.680093750	1400.000	4000.000	1.0000
235	Waveform 1	1	55646.756468750	55646.774343750	1400.000	4000.000	1.0000
235	Spectrogram 1	1	55646.756468750	55646.774343750	1400.000	4000.000	1.0000
236	Waveform 1	1	56261.583343750	56261.593093750	1400.000	4000.000	1.0000
236	Spectrogram 1	1	56261.583343750	56261.593093750	1400.000	4000.000	1.0000
237	Waveform 1	1	56261.632093750	56261.649968750	1400.000	4000.000	1.0000
237	Spectrogram 1	1	56261.632093750	56261.649968750	1400.000	4000.000	1.0000
238	Waveform 1	1	56440.024593750	56440.048968750	1400.000	4000.000	1.0000
238	Spectrogram 1	1	56440.024593750	56440.048968750	1400.000	4000.000	1.0000
239	Waveform 1	1	56941.743343750	56941.753093750	1400.000	4000.000	1.0000
239	Spectrogram 1	1	56941.743343750	56941.753093750	1400.000	4000.000	1.0000
240	Waveform 1	1	57220.299218750	57220.312218750	1400.000	4000.000	1.0000
240	Spectrogram 1	1	57220.299218750	57220.312218750	1400.000	4000.000	1.0000
241	Waveform 1	1	57809.483593750	57809.494968750	1400.000	4000.000	1.0000
241	Spectrogram 1	1	57809.483593750	57809.494968750	1400.000	4000.000	1.0000
242	Waveform 1	1	57989.475093750	57989.483218750	1400.000	4000.000	1.0000
242	Spectrogram 1	1	57989.475093750	57989.483218750	1400.000	4000.000	1.0000
243	Waveform 1	1	58027.989218750	58027.998968750	1400.000	4000.000	1.0000
243	Spectrogram 1	1	58027.989218750	58027.998968750	1400.000	4000.000	1.0000
244	Waveform 1	1	58040.688593750	58040.698343750	1400.000	4000.000	1.0000
244	Spectrogram 1	1	58040.688593750	58040.698343750	1400.000	4000.000	1.0000
245	Waveform 1	1	58116.262468750	58116.280343750	1400.000	4000.000	1.0000
245	Spectrogram 1	1	58116.262468750	58116.280343750	1400.000	4000.000	1.0000
246	Waveform 1	1	58124.309468750	58124.324093750	1400.000	4000.000	1.0000
246	Spectrogram 1	1	58124.309468750	58124.324093750	1400.000	4000.000	1.0000
247	Waveform 1	1	58228.306218750	58228.317593750	1400.000	4000.000	1.0000
247	Spectrogram 1	1	58228.306218750	58228.317593750	1400.000	4000.000	1.0000
248	Waveform 1	1	58232.475968750	58232.490593750	1400.000	4000.000	1.0000
248	Spectrogram 1	1	58232.475968750	58232.490593750	1400.000	4000.000	1.0000
249	Waveform 1	1	58450.131718750	58450.164218750	1400.000	4000.000	1.0000
249	Spectrogram 1	1	58450.131718750	58450.164218750	1400.000	4000.000	1.0000
250	Waveform 1	1	58484.919718750	58484.931093750	1400.000	4000.000	1.0000
250	Spectrogram 1	1	58484.919718750	58484.931093750	1400.000	4000.000	1.0000
251	Waveform 1	1	58567.932843750	58567.950718750	1400.000	4000.000	1.0000
251	Spectrogram 1	1	58567.932843750	58567.950718750	1400.000	4000.000	1.0000
252	Waveform 1	1	58568.023843750	58568.040093750	1400.000	4000.000	1.0000
252	Spectrogram 1	1	58568.023843750	58568.040093750	1400.000	4000.000	1.0000
253	Waveform 1	1	58653.419218750	58653.438718750	1400.000	4000.000	1.0000
253	Spectrogram 1	1	58653.419218750	58653.438718750	1400.000	4000.000	1.0000
254	Waveform 1	1	58676.260218750	58676.276468750	1400.000	4000.000	1.0000
254	Spectrogram 1	1	58676.260218750	58676.276468750	1400.000	4000.000	1.0000
255	Waveform 1	1	58705.570343750	58705.581718750	1400.000	4000.000	1.0000
255	Spectrogram 1	1	58705.570343750	58705.581718750	1400.000	4000.000	1.0000
256	Waveform 1	1	59091.070718750	59091.085343750	1400.000	4000.000	1.0000
256	Spectrogram 1	1	59091.070718750	59091.085343750	1400.000	4000.000	1.0000
257	Waveform 1	1	59265.165093750	59265.182968750	1400.000	4000.000	1.0000
257	Spectrogram 1	1	59265.165093750	59265.182968750	1400.000	4000.000	1.0000
258	Waveform 1	1	59322.077468750	59322.100218750	1400.000	4000.000	1.0000
258	Spectrogram 1	1	59322.077468750	59322.100218750	1400.000	4000.000	1.0000
259	Waveform 1	1	59342.419218750	59342.435468750	1400.000	4000.000	1.0000
259	Spectrogram 1	1	59342.419218750	59342.435468750	1400.000	4000.000	1.0000
260	Waveform 1	1	59346.889593750	59346.897718750	1400.000	4000.000	1.0000
260	Spectrogram 1	1	59346.889593750	59346.897718750	1400.000	4000.000	1.0000
261	Waveform 1	1	59439.867218750	59439.888343750	1400.000	4000.000	1.0000
261	Spectrogram 1	1	59439.867218750	59439.888343750	1400.000	4000.000	1.0000
262	Waveform 1	1	59450.996843750	59451.019593750	1400.000	4000.000	1.0000
262	Spectrogram 1	1	59450.996843750	59451.019593750	1400.000	4000.000	1.0000
263	Waveform 1	1	59467.516593750	59467.524718750	1400.000	4000.000	1.0000
263	Spectrogram 1	1	59467.516593750	59467.524718750	1400.000	4000.000	1.0000
264	Waveform 1	1	59506.737593750	59506.750593750	1400.000	4000.000	1.0000
264	Spectrogram 1	1	59506.737593750	59506.750593750	1400.000	4000.000	1.0000
265	Waveform 1	1	59545.404468750	59545.422343750	1400.000	4000.000	1.0000
265	Spectrogram 1	1	59545.404468750	59545.422343750	1400.000	4000.000	1.0000
266	Waveform 1	1	59551.166718750	59551.191093750	1400.000	4000.000	1.0000
266	Spectrogram 1	1	59551.166718750	59551.191093750	1400.000	4000.000	1.0000
267	Waveform 1	1	59769.101968750	59769.111718750	1400.000	4000.000	1.0000
267	Spectrogram 1	1	59769.101968750	59769.111718750	1400.000	4000.000	1.0000
268	Waveform 1	1	59792.683968750	59792.701843750	1400.000	4000.000	1.0000
268	Spectrogram 1	1	59792.683968750	59792.701843750	1400.000	4000.000	1.0000
269	Waveform 1	1	59824.503093750	59824.527468750	1400.000	4000.000	1.0000
269	Spectrogram 1	1	59824.503093750	59824.527468750	1400.000	4000.000	1.0000
270	Waveform 1	1	60893.384218750	60893.397218750	1400.000	4000.000	1.0000
270	Spectrogram 1	1	60893.384218750	60893.397218750	1400.000	4000.000	1.0000
271	Waveform 1	1	60905.355593750	60905.388093750	1400.000	4000.000	1.0000
271	Spectrogram 1	1	60905.355593750	60905.388093750	1400.000	4000.000	1.0000
272	Waveform 1	1	60956.583718750	60956.596718750	1400.000	4000.000	1.0000
272	Spectrogram 1	1	60956.583718750	60956.596718750	1400.000	4000.000	1.0000
273	Waveform 1	1	61041.147093750	61041.156843750	1400.000	4000.000	1.0000
273	Spectrogram 1	1	61041.147093750	61041.156843750	1400.000	4000.000	1.0000
274	Waveform 1	1	61287.030718750	61287.043718750	1400.000	4000.000	1.0000
274	Spectrogram 1	1	61287.030718750	61287.043718750	1400.000	4000.000	1.0000
275	Waveform 1	1	61291.034718750	61291.052593750	1400.000	4000.000	1.0000
275	Spectrogram 1	1	61291.034718750	61291.052593750	1400.000	4000.000	1.0000
276	Waveform 1	1	61291.254093750	61291.267093750	1400.000	4000.000	1.0000
276	Spectrogram 1	1	61291.254093750	61291.267093750	1400.000	4000.000	1.0000
277	Waveform 1	1	61291.553093750	61291.566093750	1400.000	4000.000	1.0000
277	Spectrogram 1	1	61291.553093750	61291.566093750	1400.000	4000.000	1.0000
278	Waveform 1	1	62023.711468750	62023.719593750	1400.000	4000.000	1.0000
278	Spectrogram 1	1	62023.711468750	62023.719593750	1400.000	4000.000	1.0000
279	Waveform 1	1	62055.255968750	62055.264093750	1400.000	4000.000	1.0000
279	Spectrogram 1	1	62055.255968750	62055.264093750	1400.000	4000.000	1.0000
280	Waveform 1	1	62472.078218750	62472.091218750	1400.000	4000.000	1.0000
280	Spectrogram 1	1	62472.078218750	62472.091218750	1400.000	4000.000	1.0000
281	Waveform 1	1	62520.784343750	62520.803843750	1400.000	4000.000	1.0000
281	Spectrogram 1	1	62520.784343750	62520.803843750	1400.000	4000.000	1.0000
282	Waveform 1	1	62634.932468750	62634.945468750	1400.000	4000.000	1.0000
282	Spectrogram 1	1	62634.932468750	62634.945468750	1400.000	4000.000	1.0000
283	Waveform 1	1	62831.884093750	62831.901968750	1400.000	4000.000	1.0000
283	Spectrogram 1	1	62831.884093750	62831.901968750	1400.000	4000.000	1.0000
284	Waveform 1	1	62911.146718750	62911.161343750	1400.000	4000.000	1.0000
284	Spectrogram 1	1	62911.146718750	62911.161343750	1400.000	4000.000	1.0000
285	Waveform 1	1	63151.857968750	63151.866093750	1400.000	4000.000	1.0000
285	Spectrogram 1	1	63151.857968750	63151.866093750	1400.000	4000.000	1.0000
286	Waveform 1	1	63245.006218750	63245.020843750	1400.000	4000.000	1.0000
286	Spectrogram 1	1	63245.006218750	63245.020843750	1400.000	4000.000	1.0000
287	Waveform 1	1	63247.414468750	63247.425843750	1400.000	4000.000	1.0000
287	Spectrogram 1	1	63247.414468750	63247.425843750	1400.000	4000.000	1.0000
288	Waveform 1	1	63556.365968750	63556.378968750	1400.000	4000.000	1.0000
288	Spectrogram 1	1	63556.365968750	63556.378968750	1400.000	4000.000	1.0000
289	Waveform 1	1	64092.606218750	64092.624093750	1400.000	4000.000	1.0000
289	Spectrogram 1	1	64092.606218750	64092.624093750	1400.000	4000.000	1.0000
290	Waveform 1	1	64261.305593750	64261.321843750	1400.000	4000.000	1.0000
290	Spectrogram 1	1	64261.305593750	64261.321843750	1400.000	4000.000	1.0000
291	Waveform 1	1	64322.085468750	64322.103343750	1400.000	4000.000	1.0000
291	Spectrogram 1	1	64322.085468750	64322.103343750	1400.000	4000.000	1.0000
292	Waveform 1	1	64412.554093750	64412.583343750	1400.000	4000.000	1.0000
292	Spectrogram 1	1	64412.554093750	64412.583343750	1400.000	4000.000	1.0000
293	Waveform 1	1	64486.215343750	64486.223468750	1400.000	4000.000	1.0000
293	Spectrogram 1	1	64486.215343750	64486.223468750	1400.000	4000.000	1.0000
294	Waveform 1	1	64554.882968750	64554.894343750	1400.000	4000.000	1.0000
294	Spectrogram 1	1	64554.882968750	64554.894343750	1400.000	4000.000	1.0000
295	Waveform 1	1	64574.132718750	64574.145718750	1400.000	4000.000	1.0000
295	Spectrogram 1	1	64574.132718750	64574.145718750	1400.000	4000.000	1.0000
296	Waveform 1	1	64661.136843750	64661.149843750	1400.000	4000.000	1.0000
296	Spectrogram 1	1	64661.136843750	64661.149843750	1400.000	4000.000	1.0000
297	Waveform 1	1	64661.302593750	64661.313968750	1400.000	4000.000	1.0000
297	Spectrogram 1	1	64661.302593750	64661.313968750	1400.000	4000.000	1.0000
298	Waveform 1	1	64687.656843750	64687.664968750	1400.000	4000.000	1.0000
298	Spectrogram 1	1	64687.656843750	64687.664968750	1400.000	4000.000	1.0000
299	Waveform 1	1	64688.184968750	64688.196343750	1400.000	4000.000	1.0000
299	Spectrogram 1	1	64688.184968750	64688.196343750	1400.000	4000.000	1.0000
300	Waveform 1	1	65089.303218750	65089.324343750	1400.000	4000.000	1.0000
300	Spectrogram 1	1	65089.303218750	65089.324343750	1400.000	4000.000	1.0000
301	Waveform 1	1	65155.092968750	65155.107593750	1400.000	4000.000	1.0000
301	Spectrogram 1	1	65155.092968750	65155.107593750	1400.000	4000.000	1.0000
302	Waveform 1	1	65979.249093750	65979.258843750	1400.000	4000.000	1.0000
302	Spectrogram 1	1	65979.249093750	65979.258843750	1400.000	4000.000	1.0000
303	Waveform 1	1	65993.791218750	65993.804218750	1400.000	4000.000	1.0000
303	Spectrogram 1	1	65993.791218750	65993.804218750	1400.000	4000.000	1.0000
304	Waveform 1	1	66013.343218750	66013.369218750	1400.000	4000.000	1.0000
304	Spectrogram 1	1	66013.343218750	66013.369218750	1400.000	4000.000	1.0000
305	Waveform 1	1	66185.186968750	66185.199968750	1400.000	4000.000	1.0000
305	Spectrogram 1	1	66185.186968750	66185.199968750	1400.000	4000.000	1.0000
306	Waveform 1	1	66464.657718750	66464.680468750	1400.000	4000.000	1.0000
306	Spectrogram 1	1	66464.657718750	66464.680468750	1400.000	4000.000	1.0000
307	Waveform 1	1	67617.088218750	67617.110968750	1400.000	4000.000	1.0000
307	Spectrogram 1	1	67617.088218750	67617.110968750	1400.000	4000.000	1.0000
308	Waveform 1	1	67621.810468750	67621.838093750	1400.000	4000.000	1.0000
308	Spectrogram 1	1	67621.810468750	67621.838093750	1400.000	4000.000	1.0000
309	Waveform 1	1	67623.554093750	67623.571968750	1400.000	4000.000	1.0000
309	Spectrogram 1	1	67623.554093750	67623.571968750	1400.000	4000.000	1.0000
310	Waveform 1	1	67654.926343750	67654.945843750	1400.000	4000.000	1.0000
310	Spectrogram 1	1	67654.926343750	67654.945843750	1400.000	4000.000	1.0000
311	Waveform 1	1	68499.562343750	68499.570468750	1400.000	4000.000	1.0000
311	Spectrogram 1	1	68499.562343750	68499.570468750	1400.000	4000.000	1.0000
312	Waveform 1	1	69939.947718750	69939.962343750	1400.000	4000.000	1.0000
312	Spectrogram 1	1	69939.947718750	69939.962343750	1400.000	4000.000	1.0000
313	Waveform 1	1	70149.051093750	70149.065718750	1400.000	4000.000	1.0000
313	Spectrogram 1	1	70149.051093750	70149.065718750	1400.000	4000.000	1.0000
314	Waveform 1	1	70257.485718750	70257.506843750	1400.000	4000.000	1.0000
314	Spectrogram 1	1	70257.485718750	70257.506843750	1400.000	4000.000	1.0000
315	Waveform 1	1	71030.217093750	71030.233343750	1400.000	4000.000	1.0000
315	Spectrogram 1	1	71030.217093750	71030.233343750	1400.000	4000.000	1.0000
316	Waveform 1	1	71376.603718750	71376.621593750	1400.000	4000.000	1.0000
316	Spectrogram 1	1	71376.603718750	71376.621593750	1400.000	4000.000	1.0000
317	Waveform 1	1	71637.390218750	71637.406468750	1400.000	4000.000	1.0000
317	Spectrogram 1	1	71637.390218750	71637.406468750	1400.000	4000.000	1.0000
318	Waveform 1	1	71801.328343750	71801.351093750	1400.000	4000.000	1.0000
318	Spectrogram 1	1	71801.328343750	71801.351093750	1400.000	4000.000	1.0000
319	Waveform 1	1	71920.921843750	71920.931593750	1400.000	4000.000	1.0000
319	Spectrogram 1	1	71920.921843750	71920.931593750	1400.000	4000.000	1.0000
320	Waveform 1	1	71986.711593750	71986.731093750	1400.000	4000.000	1.0000
320	Spectrogram 1	1	71986.711593750	71986.731093750	1400.000	4000.000	1.0000
321	Waveform 1	1	72106.467593750	72106.495218750	1400.000	4000.000	1.0000
321	Spectrogram 1	1	72106.467593750	72106.495218750	1400.000	4000.000	1.0000
322	Waveform 1	1	72106.828343750	72106.852718750	1400.000	4000.000	1.0000
322	Spectrogram 1	1	72106.828343750	72106.852718750	1400.000	4000.000	1.0000
323	Waveform 1	1	72741.728843750	72741.743468750	1400.000	4000.000	1.0000
323	Spectrogram 1	1	72741.728843750	72741.743468750	1400.000	4000.000	1.0000
324	Waveform 1	1	73380.038593750	73380.059718750	1400.000	4000.000	1.0000
324	Spectrogram 1	1	73380.038593750	73380.059718750	1400.000	4000.000	1.0000
325	Waveform 1	1	74960.411218750	74960.427468750	1400.000	4000.000	1.0000
325	Spectrogram 1	1	74960.411218750	74960.427468750	1400.000	4000.000	1.0000
326	Waveform 1	1	75491.115093750	75491.126468750	1400.000	4000.000	1.0000
326	Spectrogram 1	1	75491.115093750	75491.126468750	1400.000	4000.000	1.0000
327	Waveform 1	1	77086.346718750	77086.354843750	1400.000	4000.000	1.0000
327	Spectrogram 1	1	77086.346718750	77086.354843750	1400.000	4000.000	1.0000
328	Waveform 1	1	78572.953593750	78572.976343750	1400.000	4000.000	1.0000
328	Spectrogram 1	1	78572.953593750	78572.976343750	1400.000	4000.000	1.0000
329	Waveform 1	1	79082.642968750	79082.673843750	1400.000	4000.000	0.8421
329	Spectrogram 1	1	79082.642968750	79082.673843750	1400.000	4000.000	0.8421
330	Waveform 1	1	81828.918968750	81828.941718750	1400.000	4000.000	1.0000
330	Spectrogram 1	1	81828.918968750	81828.941718750	1400.000	4000.000	1.0000
331	Waveform 1	1	82878.395968750	82878.412218750	1400.000	4000.000	1.0000
331	Spectrogram 1	1	82878.395968750	82878.412218750	1400.000	4000.000	1.0000
