Selection	View	Channel	Begin Time (s)	End Time (s)	Low Freq (Hz)	High Freq (Hz)	Occupancy
1	Waveform 1	1	1424.417843750	1424.432468750	1400.000	4000.000	1.0000
1	Spectrogram 1	1	1424.417843750	1424.432468750	1400.000	4000.000	1.0000
2	Waveform 1	1	4103.972968750	4103.985968750	1400.000	4000.000	1.0000
2	Spectrogram 1	1	4103.972968750	4103.985968750	1400.000	4000.000	1.0000
3	Waveform 1	1	4578.266593750	4578.274718750	1400.000	4000.000	1.0000
3	Spectrogram 1	1	4578.266593750	4578.274718750	1400.000	4000.000	1.0000
4	Waveform 1	1	7178.464843750	7178.472968750	1400.000	4000.000	1.0000
4	Spectrogram 1	1	7178.464843750	7178.472968750	1400.000	4000.000	1.0000
5	Waveform 1	1	7257.714468750	7257.742093750	1400.000	4000.000	1.0000
5	Spectrogram 1	1	7257.714468750	7257.742093750	1400.000	4000.000	1.0000
6	Waveform 1	1	7313.034343750	7313.047343750	1400.000	4000.000	1.0000
6	Spectrogram 1	1	7313.034343750	7313.047343750	1400.000	4000.000	1.0000
7	Waveform 1	1	7313.385343750	7313.395093750	1400.000	4000.000	1.0000
7	Spectrogram 1	1	7313.385343750	7313.395093750	1400.000	4000.000	1.0000
8	Waveform 1	1	7313.477968750	7313.494218750	1400.000	4000.000	1.0000
8	Spectrogram 1	1	7313.477968750	7313.494218750	1400.000	4000.000	1.0000
9	Waveform 1	1	7313.749343750	7313.770468750	1400.000	4000.000	1.0000
9	Spectrogram 1	1	7313.749343750	7313.770468750	1400.000	4000.000	1.0000
10	Waveform 1	1	7314.626843750	7314.643093750	1400.000	4000.000	1.0000
10	Spectrogram 1	1	7314.626843750	7314.643093750	1400.000	4000.000	1.0000
11	Waveform 1	1	7314.766593750	7314.779593750	1400.000	4000.000	1.0000
11	Spectrogram 1	1	7314.766593750	7314.779593750	1400.000	4000.000	1.0000
12	Waveform 1	1	7319.028968750	7319.056593750	1400.000	4000.000	1.0000
12	Spectrogram 1	1	7319.028968750	7319.056593750	1400.000	4000.000	1.0000
13	Waveform 1	1	7319.973093750	7319.992593750	1400.000	4000.000	1.0000
13	Spectrogram 1	1	7319.973093750	7319.992593750	1400.000	4000.000	1.0000
14	Waveform 1	1	7321.588343750	7321.602968750	1400.000	4000.000	1.0000
14	Spectrogram 1	1	7321.588343750	7321.602968750	1400.000	4000.000	1.0000
15	Waveform 1	1	7378.393468750	7378.403218750	1400.000	4000.000	1.0000
15	Spectrogram 1	1	7378.393468750	7378.403218750	1400.000	4000.000	1.0000
16	Waveform 1	1	8999.626718750	8999.642968750	1400.000	4000.000	1.0000
16	Spectrogram 1	1	8999.626718750	8999.642968750	1400.000	4000.000	1.0000
17	Waveform 1	1	9384.993843750	9385.013343750	1400.000	4000.000	1.0000
17	Spectrogram 1	1	9384.993843750	9385.013343750	1400.000	4000.000	1.0000
18	Waveform 1	1	10040.221468750	10040.236093750	1400.000	4000.000	1.0000
18	Spectrogram 1	1	10040.221468750	10040.236093750	1400.000	4000.000	1.0000
19	Waveform 1	1	10747.180968750	10747.198843750	1400.000	4000.000	1.0000
19	Spectrogram 1	1	10747.180968750	10747.198843750	1400.000	4000.000	1.0000
20	Waveform 1	1	10769.995968750	10770.020343750	1400.000	4000.000	1.0000
20	Spectrogram 1	1	10769.995968750	10770.020343750	1400.000	4000.000	1.0000
21	Waveform 1	1	10770.795468750	10770.813343750	1400.000	4000.000	1.0000
21	Spectrogram 1	1	10770.795468750	10770.813343750	1400.000	4000.000	1.0000
22	Waveform 1	1	10788.893093750	10788.912593750	1400.000	4000.000	1.0000
22	Spectrogram 1	1	10788.893093750	10788.912593750	1400.000	4000.000	1.0000
23	Waveform 1	1	10808.191593750	10808.222468750	1400.000	4000.000	1.0000
23	Spectrogram 1	1	10808.191593750	10808.222468750	1400.000	4000.000	1.0000
24	Waveform 1	1	12012.030593750	12012.038718750	1400.000	4000.000	1.0000
24	Spectrogram 1	1	12012.030593750	12012.038718750	1400.000	4000.000	1.0000
25	Waveform 1	1	12662.560343750	12662.574968750	1400.000	4000.000	1.0000
25	Spectrogram 1	1	12662.560343750	12662.574968750	1400.000	4000.000	1.0000
26	Waveform 1	1	13631.720093750	13631.733093750	1400.000	4000.000	1.0000
26	Spectrogram 1	1	13631.720093750	13631.733093750	1400.000	4000.000	1.0000
27	Waveform 1	1	14227.926093750	14227.934218750	1400.000	4000.000	1.0000
27	Spectrogram 1	1	14227.926093750	14227.934218750	1400.000	4000.000	1.0000
28	Waveform 1	1	14564.843843750	14564.851968750	1400.000	4000.000	1.0000
28	Spectrogram 1	1	14564.843843750	14564.851968750	1400.000	4000.000	1.0000
29	Waveform 1	1	14951.870093750	14951.894468750	1400.000	4000.000	1.0000
29	Spectrogram 1	1	14951.870093750	14951.894468750	1400.000	4000.000	1.0000
30	Waveform 1	1	15943.922843750	15943.935843750	1400.000	4000.000	1.0000
30	Spectrogram 1	1	15943.922843750	15943.935843750	1400.000	4000.000	1.0000
31	Waveform 1	1	15943.989468750	15943.999218750	1400.000	4000.000	1.0000
31	Spectrogram 1	1	15943.989468750	15943.999218750	1400.000	4000.000	1.0000
32	Waveform 1	1	20210.373343750	20210.386343750	1400.000	4000.000	1.0000
32	Spectrogram 1	1	20210.373343750	20210.386343750	1400.000	4000.000	1.0000
33	Waveform 1	1	20210.449718750	20210.465968750	1400.000	4000.000	1.0000
33	Spectrogram 1	1	20210.449718750	20210.465968750	1400.000	4000.000	1.0000
34	Waveform 1	1	20833.676218750	20833.689218750	1400.000	4000.000	1.0000
34	Spectrogram 1	1	20833.676218750	20833.689218750	1400.000	4000.000	1.0000
35	Waveform 1	1	24517.471593750	24517.484593750	1400.000	4000.000	1.0000
35	Spectrogram 1	1	24517.471593750	24517.484593750	1400.000	4000.000	1.0000
36	Waveform 1	1	34964.167593750	34964.185468750	1400.000	4000.000	1.0000
36	Spectrogram 1	1	34964.167593750	34964.185468750	1400.000	4000.000	1.0000
37	Waveform 1	1	35732.199468750	35732.214093750	1400.000	4000.000	1.0000
37	Spectrogram 1	1	35732.199468750	35732.214093750	1400.000	4000.000	1.0000
38	Waveform 1	1	36779.193468750	36779.209718750	1400.000	4000.000	1.0000
38	Spectrogram 1	1	36779.193468750	36779.209718750	1400.000	4000.000	1.0000
39	Waveform 1	1	38119.628343750	38119.636468750	1400.000	4000.000	1.0000
39	Spectrogram 1	1	38119.628343750	38119.636468750	1400.000	4000.000	1.0000
40	Waveform 1	1	38148.931968750	38148.951468750	1400.000	4000.000	1.0000
40	Spectrogram 1	1	38148.931968750	38148.951468750	1400.000	4000.000	1.0000
41	Waveform 1	1	38189.053218750	38189.072718750	1400.000	4000.000	1.0000
41	Spectrogram 1	1	38189.053218750	38189.072718750	1400.000	4000.000	1.0000
42	Waveform 1	1	38382.992093750	38383.011593750	1400.000	4000.000	1.0000
42	Spectrogram 1	1	38382.992093750	38383.011593750	1400.000	4000.000	1.0000
43	Waveform 1	1	38950.685843750	38950.695593750	1400.000	4000.000	1.0000
43	Spectrogram 1	1	38950.685843750	38950.695593750	1400.000	4000.000	1.0000
44	Waveform 1	1	40224.973468750	40224.983218750	1400.000	4000.000	1.0000
44	Spectrogram 1	1	40224.973468750	40224.983218750	1400.000	4000.000	1.0000
45	Waveform 1	1	40669.524718750	40669.539343750	1400.000	4000.000	1.0000
45	Spectrogram 1	1	40669.524718750	40669.539343750	1400.000	4000.000	1.0000
46	Waveform 1	1	41714.297343750	41714.318468750	1400.000	4000.000	1.0000
46	Spectrogram 1	1	41714.297343750	41714.318468750	1400.000	4000.000	1.0000
47	Waveform 1	1	41714.402968750	41714.424093750	1400.000	4000.000	1.0000
47	Spectrogram 1	1	41714.402968750	41714.424093750	1400.000	4000.000	1.0000
48	Waveform 1	1	43574.049718750	43574.059468750	1400.000	4000.000	1.0000
48	Spectrogram 1	1	43574.049718750	43574.059468750	1400.000	4000.000	1.0000
49	Waveform 1	1	43584.477343750	43584.496843750	1400.000	4000.000	1.0000
49	Spectrogram 1	1	43584.477343750	43584.496843750	1400.000	4000.000	1.0000
50	Waveform 1	1	43594.137968750	43594.157468750	1400.000	4000.000	1.0000
50	Spectrogram 1	1	43594.137968750	43594.157468750	1400.000	4000.000	1.0000
51	Waveform 1	1	44053.388968750	44053.397093750	1400.000	4000.000	1.0000
51	Spectrogram 1	1	44053.388968750	44053.397093750	1400.000	4000.000	1.0000
52	Waveform 1	1	45703.565093750	45703.579718750	1400.000	4000.000	1.0000
52	Spectrogram 1	1	45703.565093750	45703.579718750	1400.000	4000.000	1.0000
53	Waveform 1	1	45736.290968750	45736.303968750	1400.000	4000.000	1.0000
53	Spectrogram 1	1	45736.290968750	45736.303968750	1400.000	4000.000	1.0000
54	Waveform 1	1	48316.586218750	48316.618718750	1400.000	4000.000	1.0000
54	Spectrogram 1	1	48316.586218750	48316.618718750	1400.000	4000.000	1.0000
55	Waveform 1	1	49626.760343750	49626.781468750	1400.000	4000.000	1.0000
55	Spectrogram 1	1	49626.760343750	49626.781468750	1400.000	4000.000	1.0000
56	Waveform 1	1	51100.144593750	51100.160843750	1400.000	4000.000	1.0000
56	Spectrogram 1	1	51100.144593750	51100.160843750	1400.000	4000.000	1.0000
57	Waveform 1	1	51108.048593750	51108.061593750	1400.000	4000.000	1.0000
57	Spectrogram 1	1	51108.048593750	51108.061593750	1400.000	4000.000	1.0000
58	Waveform 1	1	54927.487593750	54927.497343750	1400.000	4000.000	1.0000
58	Spectrogram 1	1	54927.487593750	54927.497343750	1400.000	4000.000	1.0000
59	Waveform 1	1	54961.879093750	54961.890468750	1400.000	4000.000	1.0000
59	Spectrogram 1	1	54961.879093750	54961.890468750	1400.000	4000.000	1.0000
60	Waveform 1	1	55186.959468750	55186.969218750	1400.000	4000.000	1.0000
60	Spectrogram 1	1	55186.959468750	55186.969218750	1400.000	4000.000	1.0000
61	Waveform 1	1	57156.670718750	57156.688593750	1400.000	4000.000	1.0000
61	Spectrogram 1	1	57156.670718750	57156.688593750	1400.000	4000.000	1.0000
62	Waveform 1	1	59820.845218750	59820.863093750	1400.000	4000.000	1.0000
62	Spectrogram 1	1	59820.845218750	59820.863093750	1400.000	4000.000	1.0000
63	Waveform 1	1	59820.944343750	59820.955718750	1400.000	4000.000	1.0000
63	Spectrogram 1	1	59820.944343750	59820.955718750	1400.000	4000.000	1.0000
64	Waveform 1	1	59821.054843750	59821.072718750	1400.000	4000.000	1.0000
64	Spectrogram 1	1	59821.054843750	59821.072718750	1400.000	4000.000	1.0000
65	Waveform 1	1	59821.204343750	59821.215718750	1400.000	4000.000	1.0000
65	Spectrogram 1	1	59821.204343750	59821.215718750	1400.000	4000.000	1.0000
66	Waveform 1	1	59916.495968750	59916.504093750	1400.000	4000.000	1.0000
66	Spectrogram 1	1	59916.495968750	59916.504093750	1400.000	4000.000	1.0000
67	Waveform 1	1	59932.087843750	59932.100843750	1400.000	4000.000	1.0000
67	Spectrogram 1	1	59932.087843750	59932.100843750	1400.000	4000.000	1.0000
68	Waveform 1	1	59966.389968750	59966.404593750	1400.000	4000.000	1.0000
68	Spectrogram 1	1	59966.389968750	59966.404593750	1400.000	4000.000	1.0000
69	Waveform 1	1	59983.676718750	59983.688093750	1400.000	4000.000	1.0000
69	Spectrogram 1	1	59983.676718750	59983.688093750	1400.000	4000.000	1.0000
70	Waveform 1	1	59993.026968750	59993.035093750	1400.000	4000.000	1.0000
70	Spectrogram 1	1	59993.026968750	59993.035093750	1400.000	4000.000	1.0000
71	Waveform 1	1	60718.069468750	60718.090593750	1400.000	4000.000	1.0000
71	Spectrogram 1	1	60718.069468750	60718.090593750	1400.000	4000.000	1.0000
72	Waveform 1	1	60734.993843750	60735.008468750	1400.000	4000.000	1.0000
72	Spectrogram 1	1	60734.993843750	60735.008468750	1400.000	4000.000	1.0000
73	Waveform 1	1	63039.440468750	63039.448593750	1400.000	4000.000	1.0000
73	Spectrogram 1	1	63039.440468750	63039.448593750	1400.000	4000.000	1.0000
74	Waveform 1	1	63390.099218750	63390.125218750	1400.000	4000.000	1.0000
74	Spectrogram 1	1	63390.099218750	63390.125218750	1400.000	4000.000	1.0000
75	Waveform 1	1	63638.389468750	63638.417093750	1400.000	4000.000	1.0000
75	Spectrogram 1	1	63638.389468750	63638.417093750	1400.000	4000.000	1.0000
76	Waveform 1	1	64196.347843750	64196.362468750	1400.000	4000.000	1.0000
76	Spectrogram 1	1	64196.347843750	64196.362468750	1400.000	4000.000	1.0000
77	Waveform 1	1	64201.455218750	64201.466593750	1400.000	4000.000	1.0000
77	Spectrogram 1	1	64201.455218750	64201.466593750	1400.000	4000.000	1.0000
78	Waveform 1	1	64203.080218750	64203.094843750	1400.000	4000.000	1.0000
78	Spectrogram 1	1	64203.080218750	64203.094843750	1400.000	4000.000	1.0000
79	Waveform 1	1	64307.439343750	64307.455593750	1400.000	4000.000	1.0000
79	Spectrogram 1	1	64307.439343750	64307.455593750	1400.000	4000.000	1.0000
80	Waveform 1	1	64660.065968750	64660.075718750	1400.000	4000.000	1.0000
80	Spectrogram 1	1	64660.065968750	64660.075718750	1400.000	4000.000	1.0000
81	Waveform 1	1	64722.425343750	64722.436718750	1400.000	4000.000	1.0000
81	Spectrogram 1	1	64722.425343750	64722.436718750	1400.000	4000.000	1.0000
82	Waveform 1	1	64809.926718750	64809.941343750	1400.000	4000.000	1.0000
82	Spectrogram 1	1	64809.926718750	64809.941343750	1400.000	4000.000	1.0000
83	Waveform 1	1	64845.865218750	64845.878218750	1400.000	4000.000	1.0000
83	Spectrogram 1	1	64845.865218750	64845.878218750	1400.000	4000.000	1.0000
84	Waveform 1	1	64906.710093750	64906.729593750	1400.000	4000.000	1.0000
84	Spectrogram 1	1	64906.710093750	64906.729593750	1400.000	4000.000	1.0000
85	Waveform 1	1	65659.187468750	65659.203718750	1400.000	4000.000	1.0000
85	Spectrogram 1	1	65659.187468750	65659.203718750	1400.000	4000.000	1.0000
86	Waveform 1	1	65743.778468750	65743.797968750	1400.000	4000.000	1.0000
86	Spectrogram 1	1	65743.778468750	65743.797968750	1400.000	4000.000	1.0000
87	Waveform 1	1	65743.832093750	65743.851593750	1400.000	4000.000	1.0000
87	Spectrogram 1	1	65743.832093750	65743.851593750	1400.000	4000.000	1.0000
88	Waveform 1	1	65754.006218750	65754.014343750	1400.000	4000.000	1.0000
88	Spectrogram 1	1	65754.006218750	65754.014343750	1400.000	4000.000	1.0000
89	Waveform 1	1	65761.003468750	65761.019718750	1400.000	4000.000	1.0000
89	Spectrogram 1	1	65761.003468750	65761.019718750	1400.000	4000.000	1.0000
90	Waveform 1	1	65768.198968750	65768.215218750	1400.000	4000.000	1.0000
90	Spectrogram 1	1	65768.198968750	65768.215218750	1400.000	4000.000	1.0000
91	Waveform 1	1	65768.556468750	65768.569468750	1400.000	4000.000	1.0000
91	Spectrogram 1	1	65768.556468750	65768.569468750	1400.000	4000.000	1.0000
92	Waveform 1	1	66200.825968750	66200.834093750	1400.000	4000.000	1.0000
92	Spectrogram 1	1	66200.825968750	66200.834093750	1400.000	4000.000	1.0000
93	Waveform 1	1	66214.417468750	66214.425593750	1400.000	4000.000	1.0000
93	Spectrogram 1	1	66214.417468750	66214.425593750	1400.000	4000.000	1.0000
94	Waveform 1	1	66222.392968750	66222.407593750	1400.000	4000.000	1.0000
94	Spectrogram 1	1	66222.392968750	66222.407593750	1400.000	4000.000	1.0000
95	Waveform 1	1	66782.710843750	66782.735218750	1400.000	4000.000	1.0000
95	Spectrogram 1	1	66782.710843750	66782.735218750	1400.000	4000.000	1.0000
96	Waveform 1	1	68375.438343750	68375.449718750	1400.000	4000.000	1.0000
96	Spectrogram 1	1	68375.438343750	68375.449718750	1400.000	4000.000	1.0000
97	Waveform 1	1	68788.973218750	68788.984593750	1400.000	4000.000	1.0000
97	Spectrogram 1	1	68788.973218750	68788.984593750	1400.000	4000.000	1.0000
98	Waveform 1	1	70406.938593750	70406.956468750	1400.000	4000.000	1.0000
98	Spectrogram 1	1	70406.938593750	70406.956468750	1400.000	4000.000	1.0000
99	Waveform 1	1	72428.549093750	72428.557218750	1400.000	4000.000	1.0000
99	Spectrogram 1	1	72428.549093750	72428.557218750	1400.000	4000.000	1.0000
100	Waveform 1	1	72432.923593750	72432.939843750	1400.000	4000.000	1.0000
100	Spectrogram 1	1	72432.923593750	72432.939843750	1400.000	4000.000	1.0000
101	Waveform 1	1	72529.791468750	72529.802843750	1400.000	4000.000	1.0000
101	Spectrogram 1	1	72529.791468750	72529.802843750	1400.000	4000.000	1.0000
102	Waveform 1	1	72530.379718750	72530.392718750	1400.000	4000.000	1.0000
102	Spectrogram 1	1	72530.379718750	72530.392718750	1400.000	4000.000	1.0000
103	Waveform 1	1	72549.658718750	72549.673343750	1400.000	4000.000	1.0000
103	Spectrogram 1	1	72549.658718750	72549.673343750	1400.000	4000.000	1.0000
104	Waveform 1	1	72594.331593750	72594.341343750	1400.000	4000.000	1.0000
104	Spectrogram 1	1	72594.331593750	72594.341343750	1400.000	4000.000	1.0000
105	Waveform 1	1	72622.260468750	72622.286468750	1400.000	4000.000	1.0000
105	Spectrogram 1	1	72622.260468750	72622.286468750	1400.000	4000.000	1.0000
106	Waveform 1	1	72715.182843750	72715.199093750	1400.000	4000.000	1.0000
106	Spectrogram 1	1	72715.182843750	72715.199093750	1400.000	4000.000	1.0000
107	Waveform 1	1	72832.629718750	72832.642718750	1400.000	4000.000	1.0000
107	Spectrogram 1	1	72832.629718750	72832.642718750	1400.000	4000.000	1.0000
108	Waveform 1	1	73150.853468750	73150.861593750	1400.000	4000.000	1.0000
108	Spectrogram 1	1	73150.853468750	73150.861593750	1400.000	4000.000	1.0000
109	Waveform 1	1	73177.422218750	73177.438468750	1400.000	4000.000	1.0000
109	Spectrogram 1	1	73177.422218750	73177.438468750	1400.000	4000.000	1.0000
110	Waveform 1	1	74021.590218750	74021.598343750	1400.000	4000.000	1.0000
110	Spectrogram 1	1	74021.590218750	74021.598343750	1400.000	4000.000	1.0000
111	Waveform 1	1	76436.769218750	76436.782218750	1400.000	4000.000	1.0000
111	Spectrogram 1	1	76436.769218750	76436.782218750	1400.000	4000.000	1.0000
112	Waveform 1	1	77775.192343750	77775.215093750	1400.000	4000.000	1.0000
112	Spectrogram 1	1	77775.192343750	77775.215093750	1400.000	4000.000	1.0000
113	Waveform 1	1	80494.208968750	80494.233343750	1400.000	4000.000	1.0000
113	Spectrogram 1	1	80494.208968750	80494.233343750	1400.000	4000.000	1.0000
114	Waveform 1	1	80494.654218750	80494.672093750	1400.000	4000.000	1.0000
114	Spectrogram 1	1	80494.654218750	80494.672093750	1400.000	4000.000	1.0000
115	Waveform 1	1	83153.836718750	83153.854593750	1400.000	4000.000	1.0000
115	Spectrogram 1	1	83153.836718750	83153.854593750	1400.000	4000.000	1.0000
