Selection	View	Channel	Begin Time (s)	End Time (s)	Low Freq (Hz)	High Freq (Hz)	Occupancy
1	Waveform 1	1	259.840468750	259.858343750	1400.000	4000.000	1.0000
1	Spectrogram 1	1	259.840468750	259.858343750	1400.000	4000.000	1.0000
2	Waveform 1	1	398.782843750	398.815343750	1400.000	4000.000	1.0000
2	Spectrogram 1	1	398.782843750	398.815343750	1400.000	4000.000	1.0000
3	Waveform 1	1	1593.736343750	1593.757468750	1400.000	4000.000	1.0000
3	Spectrogram 1	1	1593.736343750	1593.757468750	1400.000	4000.000	1.0000
4	Waveform 1	1	2950.222968750	2950.253843750	1400.000	4000.000	1.0000
4	Spectrogram 1	1	2950.222968750	2950.253843750	1400.000	4000.000	1.0000
5	Waveform 1	1	2976.560968750	2976.588593750	1400.000	4000.000	1.0000
5	Spectrogram 1	1	2976.560968750	2976.588593750	1400.000	4000.000	1.0000
6	Waveform 1	1	2977.451468750	2977.475843750	1400.000	4000.000	1.0000
6	Spectrogram 1	1	2977.451468750	2977.475843750	1400.000	4000.000	1.0000
7	Waveform 1	1	3007.434343750	3007.461968750	1400.000	4000.000	1.0000
7	Spectrogram 1	1	3007.434343750	3007.461968750	1400.000	4000.000	1.0000
8	Waveform 1	1	3007.578968750	3007.604968750	1400.000	4000.000	1.0000
8	Spectrogram 1	1	3007.578968750	3007.604968750	1400.000	4000.000	1.0000
9	Waveform 1	1	3017.756343750	3017.769343750	1400.000	4000.000	1.0000
9	Spectrogram 1	1	3017.756343750	3017.769343750	1400.000	4000.000	1.0000
10	Waveform 1	1	3044.412843750	3044.437218750	1400.000	4000.000	1.0000
10	Spectrogram 1	1	3044.412843750	3044.437218750	1400.000	4000.000	1.0000
11	Waveform 1	1	3351.411093750	3351.427343750	1400.000	4000.000	1.0000
11	Spectrogram 1	1	3351.411093750	3351.427343750	1400.000	4000.000	1.0000
12	Waveform 1	1	5272.393468750	5272.414593750	1400.000	4000.000	1.0000
12	Spectrogram 1	1	5272.393468750	5272.414593750	1400.000	4000.000	1.0000
13	Waveform 1	1	7310.635843750	7310.655343750	1400.000	4000.000	1.0000
13	Spectrogram 1	1	7310.635843750	7310.655343750	1400.000	4000.000	1.0000
14	Waveform 1	1	7725.395968750	7725.405718750	1400.000	4000.000	1.0000
14	Spectrogram 1	1	7725.395968750	7725.405718750	1400.000	4000.000	1.0000
15	Waveform 1	1	7990.521218750	7990.543968750	1400.000	4000.000	0.7857
15	Spectrogram 1	1	7990.521218750	7990.543968750	1400.000	4000.000	0.7857
16	Waveform 1	1	9860.975843750	9860.983968750	1400.000	4000.000	1.0000
16	Spectrogram 1	1	9860.975843750	9860.983968750	1400.000	4000.000	1.0000
17	Waveform 1	1	10194.905218750	10194.921468750	1400.000	4000.000	1.0000
17	Spectrogram 1	1	10194.905218750	10194.921468750	1400.000	4000.000	1.0000
18	Waveform 1	1	14742.118343750	14742.134593750	1400.000	4000.000	1.0000
18	Spectrogram 1	1	14742.118343750	14742.134593750	1400.000	4000.000	1.0000
19	Waveform 1	1	15984.905343750	15984.918343750	1400.000	4000.000	1.0000
19	Spectrogram 1	1	15984.905343750	15984.918343750	1400.000	4000.000	1.0000
20	Waveform 1	1	15988.442968750	15988.457593750	1400.000	4000.000	1.0000
20	Spectrogram 1	1	15988.442968750	15988.457593750	1400.000	4000.000	1.0000
21	Waveform 1	1	15991.603593750	15991.616593750	1400.000	4000.000	1.0000
21	Spectrogram 1	1	15991.603593750	15991.616593750	1400.000	4000.000	1.0000
22	Waveform 1	1	16013.961968750	16013.987968750	1400.000	4000.000	1.0000
22	Spectrogram 1	1	16013.961968750	16013.987968750	1400.000	4000.000	1.0000
23	Waveform 1	1	18246.645343750	18246.656718750	1400.000	4000.000	1.0000
23	Spectrogram 1	1	18246.645343750	18246.656718750	1400.000	4000.000	1.0000
24	Waveform 1	1	20621.103468750	20621.118093750	1400.000	4000.000	1.0000
24	Spectrogram 1	1	20621.103468750	20621.118093750	1400.000	4000.000	1.0000
25	Waveform 1	1	20753.490593750	20753.505218750	1400.000	4000.000	1.0000
25	Spectrogram 1	1	20753.490593750	20753.505218750	1400.000	4000.000	1.0000
26	Waveform 1	1	21086.826843750	21086.841468750	1400.000	4000.000	1.0000
26	Spectrogram 1	1	21086.826843750	21086.841468750	1400.000	4000.000	1.0000
27	Waveform 1	1	21892.214218750	21892.246718750	1400.000	4000.000	0.8000
27	Spectrogram 1	1	21892.214218750	21892.246718750	1400.000	4000.000	0.8000
28	Waveform 1	1	22559.700843750	22559.708968750	1400.000	4000.000	1.0000
28	Spectrogram 1	1	22559.700843750	22559.708968750	1400.000	4000.000	1.0000
29	Waveform 1	1	24592.683093750	24592.694468750	1400.000	4000.000	1.0000
29	Spectrogram 1	1	24592.683093750	24592.694468750	1400.000	4000.000	1.0000
30	Waveform 1	1	24676.370593750	24676.380343750	1400.000	4000.000	1.0000
30	Spectrogram 1	1	24676.370593750	24676.380343750	1400.000	4000.000	1.0000
31	Waveform 1	1	24750.551843750	24750.563218750	1400.000	4000.000	1.0000
31	Spectrogram 1	1	24750.551843750	24750.563218750	1400.000	4000.000	1.0000
32	Waveform 1	1	24841.912593750	24841.923968750	1400.000	4000.000	1.0000
32	Spectrogram 1	1	24841.912593750	24841.923968750	1400.000	4000.000	1.0000
33	Waveform 1	1	24874.388218750	24874.396343750	1400.000	4000.000	1.0000
33	Spectrogram 1	1	24874.388218750	24874.396343750	1400.000	4000.000	1.0000
34	Waveform 1	1	24874.773343750	24874.784718750	1400.000	4000.000	1.0000
34	Spectrogram 1	1	24874.773343750	24874.784718750	1400.000	4000.000	1.0000
35	Waveform 1	1	24875.342093750	24875.355093750	1400.000	4000.000	1.0000
35	Spectrogram 1	1	24875.342093750	24875.355093750	1400.000	4000.000	1.0000
36	Waveform 1	1	24875.540343750	24875.551718750	1400.000	4000.000	1.0000
36	Spectrogram 1	1	24875.540343750	24875.551718750	1400.000	4000.000	1.0000
37	Waveform 1	1	24884.373843750	24884.381968750	1400.000	4000.000	1.0000
37	Spectrogram 1	1	24884.373843750	24884.381968750	1400.000	4000.000	1.0000
38	Waveform 1	1	24885.100218750	24885.109968750	1400.000	4000.000	1.0000
38	Spectrogram 1	1	24885.100218750	24885.109968750	1400.000	4000.000	1.0000
39	Waveform 1	1	24904.439343750	24904.449093750	1400.000	4000.000	1.0000
39	Spectrogram 1	1	24904.439343750	24904.449093750	1400.000	4000.000	1.0000
40	Waveform 1	1	24938.824343750	24938.834093750	1400.000	4000.000	1.0000
40	Spectrogram 1	1	24938.824343750	24938.834093750	1400.000	4000.000	1.0000
41	Waveform 1	1	24947.677343750	24947.690343750	1400.000	4000.000	1.0000
41	Spectrogram 1	1	24947.677343750	24947.690343750	1400.000	4000.000	1.0000
42	Waveform 1	1	25115.845343750	25115.858343750	1400.000	4000.000	1.0000
42	Spectrogram 1	1	25115.845343750	25115.858343750	1400.000	4000.000	1.0000
43	Waveform 1	1	25123.445468750	25123.455218750	1400.000	4000.000	1.0000
43	Spectrogram 1	1	25123.445468750	25123.455218750	1400.000	4000.000	1.0000
44	Waveform 1	1	25339.773593750	25339.781718750	1400.000	4000.000	1.0000
44	Spectrogram 1	1	25339.773593750	25339.781718750	1400.000	4000.000	1.0000
45	Waveform 1	1	25517.746843750	25517.761468750	1400.000	4000.000	1.0000
45	Spectrogram 1	1	25517.746843750	25517.761468750	1400.000	4000.000	1.0000
46	Waveform 1	1	26023.183593750	26023.203093750	1400.000	4000.000	1.0000
46	Spectrogram 1	1	26023.183593750	26023.203093750	1400.000	4000.000	1.0000
47	Waveform 1	1	26023.383468750	26023.391593750	1400.000	4000.000	1.0000
47	Spectrogram 1	1	26023.383468750	26023.391593750	1400.000	4000.000	1.0000
48	Waveform 1	1	26023.433843750	26023.446843750	1400.000	4000.000	1.0000
48	Spectrogram 1	1	26023.433843750	26023.446843750	1400.000	4000.000	1.0000
49	Waveform 1	1	26023.570343750	26023.589843750	1400.000	4000.000	1.0000
49	Spectrogram 1	1	26023.570343750	26023.589843750	1400.000	4000.000	1.0000
50	Waveform 1	1	26023.623968750	26023.635343750	1400.000	4000.000	1.0000
50	Spectrogram 1	1	26023.623968750	26023.635343750	1400.000	4000.000	1.0000
51	Waveform 1	1	26050.698093750	26050.719218750	1400.000	4000.000	1.0000
51	Spectrogram 1	1	26050.698093750	26050.719218750	1400.000	4000.000	1.0000
52	Waveform 1	1	26288.016343750	26288.027718750	1400.000	4000.000	1.0000
52	Spectrogram 1	1	26288.016343750	26288.027718750	1400.000	4000.000	1.0000
53	Waveform 1	1	26288.193468750	26288.208093750	1400.000	4000.000	1.0000
53	Spectrogram 1	1	26288.193468750	26288.208093750	1400.000	4000.000	1.0000
54	Waveform 1	1	26839.789968750	26839.804593750	1400.000	4000.000	1.0000
54	Spectrogram 1	1	26839.789968750	26839.804593750	1400.000	4000.000	1.0000
55	Waveform 1	1	27129.101718750	27129.121218750	1400.000	4000.000	1.0000
55	Spectrogram 1	1	27129.101718750	27129.121218750	1400.000	4000.000	1.0000
56	Waveform 1	1	28805.757218750	28805.766968750	1400.000	4000.000	1.0000
56	Spectrogram 1	1	28805.757218750	28805.766968750	1400.000	4000.000	1.0000
57	Waveform 1	1	36784.078218750	36784.087968750	1400.000	4000.000	1.0000
57	Spectrogram 1	1	36784.078218750	36784.087968750	1400.000	4000.000	1.0000
58	Waveform 1	1	37061.051343750	37061.070843750	1400.000	4000.000	1.0000
58	Spectrogram 1	1	37061.051343750	37061.070843750	1400.000	4000.000	1.0000
59	Waveform 1	1	41983.402218750	41983.413593750	1400.000	4000.000	1.0000
59	Spectrogram 1	1	41983.402218750	41983.413593750	1400.000	4000.000	1.0000
60	Waveform 1	1	42834.515468750	42834.523593750	1400.000	4000.000	1.0000
60	Spectrogram 1	1	42834.515468750	42834.523593750	1400.000	4000.000	1.0000
61	Waveform 1	1	43259.540718750	43259.550468750	1400.000	4000.000	1.0000
61	Spectrogram 1	1	43259.540718750	43259.550468750	1400.000	4000.000	1.0000
62	Waveform 1	1	43321.344343750	43321.368718750	1400.000	4000.000	1.0000
62	Spectrogram 1	1	43321.344343750	43321.368718750	1400.000	4000.000	1.0000
63	Waveform 1	1	43424.419718750	43424.427843750	1400.000	4000.000	1.0000
63	Spectrogram 1	1	43424.419718750	43424.427843750	1400.000	4000.000	1.0000
64	Waveform 1	1	43585.666843750	43585.676593750	1400.000	4000.000	1.0000
64	Spectrogram 1	1	43585.666843750	43585.676593750	1400.000	4000.000	1.0000
65	Waveform 1	1	43833.749093750	43833.758843750	1400.000	4000.000	1.0000
65	Spectrogram 1	1	43833.749093750	43833.758843750	1400.000	4000.000	1.0000
66	Waveform 1	1	44118.577468750	44118.600218750	1400.000	4000.000	1.0000
66	Spectrogram 1	1	44118.577468750	44118.600218750	1400.000	4000.000	1.0000
67	Waveform 1	1	44216.204218750	44216.228593750	1400.000	4000.000	1.0000
67	Spectrogram 1	1	44216.204218750	44216.228593750	1400.000	4000.000	1.0000
68	Waveform 1	1	44217.067093750	44217.091468750	1400.000	4000.000	1.0000
68	Spectrogram 1	1	44217.067093750	44217.091468750	1400.000	4000.000	1.0000
69	Waveform 1	1	44412.406718750	44412.431093750	1400.000	4000.000	1.0000
69	Spectrogram 1	1	44412.406718750	44412.431093750	1400.000	4000.000	1.0000
70	Waveform 1	1	44413.269593750	44413.279343750	1400.000	4000.000	1.0000
70	Spectrogram 1	1	44413.269593750	44413.279343750	1400.000	4000.000	1.0000
71	Waveform 1	1	44445.714343750	44445.730593750	1400.000	4000.000	1.0000
71	Spectrogram 1	1	44445.714343750	44445.730593750	1400.000	4000.000	1.0000
72	Waveform 1	1	44498.018218750	44498.029593750	1400.000	4000.000	1.0000
72	Spectrogram 1	1	44498.018218750	44498.029593750	1400.000	4000.000	1.0000
73	Waveform 1	1	44507.032093750	44507.046718750	1400.000	4000.000	1.0000
73	Spectrogram 1	1	44507.032093750	44507.046718750	1400.000	4000.000	1.0000
74	Waveform 1	1	44528.756718750	44528.777843750	1400.000	4000.000	1.0000
74	Spectrogram 1	1	44528.756718750	44528.777843750	1400.000	4000.000	1.0000
75	Waveform 1	1	44533.691843750	44533.704843750	1400.000	4000.000	1.0000
75	Spectrogram 1	1	44533.691843750	44533.704843750	1400.000	4000.000	1.0000
76	Waveform 1	1	44567.168468750	44567.186343750	1400.000	4000.000	1.0000
76	Spectrogram 1	1	44567.168468750	44567.186343750	1400.000	4000.000	1.0000
77	Waveform 1	1	44622.254343750	44622.265718750	1400.000	4000.000	1.0000
77	Spectrogram 1	1	44622.254343750	44622.265718750	1400.000	4000.000	1.0000
78	Waveform 1	1	44634.085968750	44634.102218750	1400.000	4000.000	1.0000
78	Spectrogram 1	1	44634.085968750	44634.102218750	1400.000	4000.000	1.0000
79	Waveform 1	1	44643.603593750	44643.623093750	1400.000	4000.000	1.0000
79	Spectrogram 1	1	44643.603593750	44643.623093750	1400.000	4000.000	1.0000
80	Waveform 1	1	44713.567968750	44713.584218750	1400.000	4000.000	1.0000
80	Spectrogram 1	1	44713.567968750	44713.584218750	1400.000	4000.000	1.0000
81	Waveform 1	1	44718.889843750	44718.904468750	1400.000	4000.000	1.0000
81	Spectrogram 1	1	44718.889843750	44718.904468750	1400.000	4000.000	1.0000
82	Waveform 1	1	44847.638593750	44847.649968750	1400.000	4000.000	1.0000
82	Spectrogram 1	1	44847.638593750	44847.649968750	1400.000	4000.000	1.0000
83	Waveform 1	1	44899.129968750	44899.139718750	1400.000	4000.000	1.0000
83	Spectrogram 1	1	44899.129968750	44899.139718750	1400.000	4000.000	1.0000
84	Waveform 1	1	44910.979468750	44910.994093750	1400.000	4000.000	1.0000
84	Spectrogram 1	1	44910.979468750	44910.994093750	1400.000	4000.000	1.0000
85	Waveform 1	1	44939.659093750	44939.668843750	1400.000	4000.000	1.0000
85	Spectrogram 1	1	44939.659093750	44939.668843750	1400.000	4000.000	1.0000
86	Waveform 1	1	45080.915468750	45080.938218750	1400.000	4000.000	1.0000
86	Spectrogram 1	1	45080.915468750	45080.938218750	1400.000	4000.000	1.0000
87	Waveform 1	1	45115.922843750	45115.934218750	1400.000	4000.000	1.0000
87	Spectrogram 1	1	45115.922843750	45115.934218750	1400.000	4000.000	1.0000
88	Waveform 1	1	45214.352343750	45214.365343750	1400.000	4000.000	1.0000
88	Spectrogram 1	1	45214.352343750	45214.365343750	1400.000	4000.000	1.0000
89	Waveform 1	1	45231.494468750	45231.517218750	1400.000	4000.000	1.0000
89	Spectrogram 1	1	45231.494468750	45231.517218750	1400.000	4000.000	1.0000
90	Waveform 1	1	45286.003468750	45286.019718750	1400.000	4000.000	1.0000
90	Spectrogram 1	1	45286.003468750	45286.019718750	1400.000	4000.000	1.0000
91	Waveform 1	1	45333.828843750	45333.843468750	1400.000	4000.000	1.0000
91	Spectrogram 1	1	45333.828843750	45333.843468750	1400.000	4000.000	1.0000
92	Waveform 1	1	45334.290343750	45334.304968750	1400.000	4000.000	1.0000
92	Spectrogram 1	1	45334.290343750	45334.304968750	1400.000	4000.000	1.0000
93	Waveform 1	1	45334.374843750	45334.389468750	1400.000	4000.000	1.0000
93	Spectrogram 1	1	45334.374843750	45334.389468750	1400.000	4000.000	1.0000
94	Waveform 1	1	45337.285218750	45337.299843750	1400.000	4000.000	1.0000
94	Spectrogram 1	1	45337.285218750	45337.299843750	1400.000	4000.000	1.0000
95	Waveform 1	1	45792.676843750	45792.694718750	1400.000	4000.000	1.0000
95	Spectrogram 1	1	45792.676843750	45792.694718750	1400.000	4000.000	1.0000
96	Waveform 1	1	45954.014968750	45954.029593750	1400.000	4000.000	1.0000
96	Spectrogram 1	1	45954.014968750	45954.029593750	1400.000	4000.000	1.0000
97	Waveform 1	1	45957.281218750	45957.310468750	1400.000	4000.000	1.0000
97	Spectrogram 1	1	45957.281218750	45957.310468750	1400.000	4000.000	1.0000
98	Waveform 1	1	46764.355343750	46764.365093750	1400.000	4000.000	1.0000
98	Spectrogram 1	1	46764.355343750	46764.365093750	1400.000	4000.000	1.0000
99	Waveform 1	1	46829.451218750	46829.464218750	1400.000	4000.000	1.0000
99	Spectrogram 1	1	46829.451218750	46829.464218750	1400.000	4000.000	1.0000
100	Waveform 1	1	46829.815218750	46829.826593750	1400.000	4000.000	1.0000
100	Spectrogram 1	1	46829.815218750	46829.826593750	1400.000	4000.000	1.0000
101	Waveform 1	1	46872.850093750	46872.859843750	1400.000	4000.000	1.0000
101	Spectrogram 1	1	46872.850093750	46872.859843750	1400.000	4000.000	1.0000
102	Waveform 1	1	46933.228593750	46933.252968750	1400.000	4000.000	1.0000
102	Spectrogram 1	1	46933.228593750	46933.252968750	1400.000	4000.000	1.0000
103	Waveform 1	1	46976.087968750	46976.097718750	1400.000	4000.000	1.0000
103	Spectrogram 1	1	46976.087968750	46976.097718750	1400.000	4000.000	1.0000
104	Waveform 1	1	46985.173343750	46985.184718750	1400.000	4000.000	1.0000
104	Spectrogram 1	1	46985.173343750	46985.184718750	1400.000	4000.000	1.0000
105	Waveform 1	1	47003.764968750	47003.779593750	1400.000	4000.000	1.0000
105	Spectrogram 1	1	47003.764968750	47003.779593750	1400.000	4000.000	1.0000
106	Waveform 1	1	47032.113093750	47032.122843750	1400.000	4000.000	1.0000
106	Spectrogram 1	1	47032.113093750	47032.122843750	1400.000	4000.000	1.0000
107	Waveform 1	1	47054.630718750	47054.642093750	1400.000	4000.000	1.0000
107	Spectrogram 1	1	47054.630718750	47054.642093750	1400.000	4000.000	1.0000
108	Waveform 1	1	47092.899468750	47092.912468750	1400.000	4000.000	1.0000
108	Spectrogram 1	1	47092.899468750	47092.912468750	1400.000	4000.000	1.0000
109	Waveform 1	1	47093.312218750	47093.323593750	1400.000	4000.000	1.0000
109	Spectrogram 1	1	47093.312218750	47093.323593750	1400.000	4000.000	1.0000
110	Waveform 1	1	47104.282593750	47104.297218750	1400.000	4000.000	1.0000
110	Spectrogram 1	1	47104.282593750	47104.297218750	1400.000	4000.000	1.0000
111	Waveform 1	1	47108.606718750	47108.618093750	1400.000	4000.000	1.0000
111	Spectrogram 1	1	47108.606718750	47108.618093750	1400.000	4000.000	1.0000
112	Waveform 1	1	47111.637343750	47111.653593750	1400.000	4000.000	1.0000
112	Spectrogram 1	1	47111.637343750	47111.653593750	1400.000	4000.000	1.0000
113	Waveform 1	1	47112.477468750	47112.487218750	1400.000	4000.000	1.0000
113	Spectrogram 1	1	47112.477468750	47112.487218750	1400.000	4000.000	1.0000
114	Waveform 1	1	47113.853843750	47113.868468750	1400.000	4000.000	1.0000
114	Spectrogram 1	1	47113.853843750	47113.868468750	1400.000	4000.000	1.0000
115	Waveform 1	1	47119.484468750	47119.495843750	1400.000	4000.000	1.0000
115	Spectrogram 1	1	47119.484468750	47119.495843750	1400.000	4000.000	1.0000
116	Waveform 1	1	47124.201843750	47124.209968750	1400.000	4000.000	1.0000
116	Spectrogram 1	1	47124.201843750	47124.209968750	1400.000	4000.000	1.0000
117	Waveform 1	1	47197.175718750	47197.183843750	1400.000	4000.000	1.0000
117	Spectrogram 1	1	47197.175718750	47197.183843750	1400.000	4000.000	1.0000
118	Waveform 1	1	47240.663968750	47240.680218750	1400.000	4000.000	1.0000
118	Spectrogram 1	1	47240.663968750	47240.680218750	1400.000	4000.000	1.0000
119	Waveform 1	1	47247.508468750	47247.524718750	1400.000	4000.000	1.0000
119	Spectrogram 1	1	47247.508468750	47247.524718750	1400.000	4000.000	1.0000
120	Waveform 1	1	47261.631343750	47261.644343750	1400.000	4000.000	1.0000
120	Spectrogram 1	1	47261.631343750	47261.644343750	1400.000	4000.000	1.0000
121	Waveform 1	1	47291.576843750	47291.589843750	1400.000	4000.000	1.0000
121	Spectrogram 1	1	47291.576843750	47291.589843750	1400.000	4000.000	1.0000
122	Waveform 1	1	47306.235968750	47306.250593750	1400.000	4000.000	1.0000
122	Spectrogram 1	1	47306.235968750	47306.250593750	1400.000	4000.000	1.0000
123	Waveform 1	1	47320.407593750	47320.415718750	1400.000	4000.000	1.0000
123	Spectrogram 1	1	47320.407593750	47320.415718750	1400.000	4000.000	1.0000
124	Waveform 1	1	47369.641843750	47369.656468750	1400.000	4000.000	1.0000
124	Spectrogram 1	1	47369.641843750	47369.656468750	1400.000	4000.000	1.0000
125	Waveform 1	1	47372.297093750	47372.313343750	1400.000	4000.000	1.0000
125	Spectrogram 1	1	47372.297093750	47372.313343750	1400.000	4000.000	1.0000
126	Waveform 1	1	47373.337093750	47373.348468750	1400.000	4000.000	1.0000
126	Spectrogram 1	1	47373.337093750	47373.348468750	1400.000	4000.000	1.0000
127	Waveform 1	1	47376.484718750	47376.496093750	1400.000	4000.000	1.0000
127	Spectrogram 1	1	47376.484718750	47376.496093750	1400.000	4000.000	1.0000
128	Waveform 1	1	47379.115593750	47379.125343750	1400.000	4000.000	1.0000
128	Spectrogram 1	1	47379.115593750	47379.125343750	1400.000	4000.000	1.0000
129	Waveform 1	1	47380.179968750	47380.188093750	1400.000	4000.000	1.0000
129	Spectrogram 1	1	47380.179968750	47380.188093750	1400.000	4000.000	1.0000
130	Waveform 1	1	47388.564968750	47388.574718750	1400.000	4000.000	1.0000
130	Spectrogram 1	1	47388.564968750	47388.574718750	1400.000	4000.000	1.0000
131	Waveform 1	1	47392.752593750	47392.763968750	1400.000	4000.000	1.0000
131	Spectrogram 1	1	47392.752593750	47392.763968750	1400.000	4000.000	1.0000
132	Waveform 1	1	47416.371968750	47416.383343750	1400.000	4000.000	1.0000
132	Spectrogram 1	1	47416.371968750	47416.383343750	1400.000	4000.000	1.0000
133	Waveform 1	1	47430.020343750	47430.030093750	1400.000	4000.000	1.0000
133	Spectrogram 1	1	47430.020343750	47430.030093750	1400.000	4000.000	1.0000
134	Waveform 1	1	47432.119843750	47432.127968750	1400.000	4000.000	1.0000
134	Spectrogram 1	1	47432.119843750	47432.127968750	1400.000	4000.000	1.0000
135	Waveform 1	1	47434.212843750	47434.224218750	1400.000	4000.000	1.0000
135	Spectrogram 1	1	47434.212843750	47434.224218750	1400.000	4000.000	1.0000
136	Waveform 1	1	47441.028093750	47441.037843750	1400.000	4000.000	1.0000
136	Spectrogram 1	1	47441.028093750	47441.037843750	1400.000	4000.000	1.0000
137	Waveform 1	1	47452.053718750	47452.065093750	1400.000	4000.000	1.0000
137	Spectrogram 1	1	47452.053718750	47452.065093750	1400.000	4000.000	1.0000
138	Waveform 1	1	47454.689468750	47454.702468750	1400.000	4000.000	1.0000
138	Spectrogram 1	1	47454.689468750	47454.702468750	1400.000	4000.000	1.0000
139	Waveform 1	1	47455.685593750	47455.695343750	1400.000	4000.000	1.0000
139	Spectrogram 1	1	47455.685593750	47455.695343750	1400.000	4000.000	1.0000
140	Waveform 1	1	47470.404843750	47470.422718750	1400.000	4000.000	1.0000
140	Spectrogram 1	1	47470.404843750	47470.422718750	1400.000	4000.000	1.0000
141	Waveform 1	1	47471.478968750	47471.495218750	1400.000	4000.000	1.0000
141	Spectrogram 1	1	47471.478968750	47471.495218750	1400.000	4000.000	1.0000
142	Waveform 1	1	47472.000593750	47472.013593750	1400.000	4000.000	1.0000
142	Spectrogram 1	1	47472.000593750	47472.013593750	1400.000	4000.000	1.0000
143	Waveform 1	1	47475.669843750	47475.684468750	1400.000	4000.000	1.0000
143	Spectrogram 1	1	47475.669843750	47475.684468750	1400.000	4000.000	1.0000
144	Waveform 1	1	47476.766718750	47476.776468750	1400.000	4000.000	1.0000
144	Spectrogram 1	1	47476.766718750	47476.776468750	1400.000	4000.000	1.0000
145	Waveform 1	1	47478.853218750	47478.866218750	1400.000	4000.000	1.0000
145	Spectrogram 1	1	47478.853218750	47478.866218750	1400.000	4000.000	1.0000
146	Waveform 1	1	47487.197593750	47487.212218750	1400.000	4000.000	1.0000
146	Spectrogram 1	1	47487.197593750	47487.212218750	1400.000	4000.000	1.0000
147	Waveform 1	1	47488.796593750	47488.809593750	1400.000	4000.000	1.0000
147	Spectrogram 1	1	47488.796593750	47488.809593750	1400.000	4000.000	1.0000
148	Waveform 1	1	47490.922093750	47490.938343750	1400.000	4000.000	1.0000
148	Spectrogram 1	1	47490.922093750	47490.938343750	1400.000	4000.000	1.0000
149	Waveform 1	1	47496.144843750	47496.161093750	1400.000	4000.000	1.0000
149	Spectrogram 1	1	47496.144843750	47496.161093750	1400.000	4000.000	1.0000
150	Waveform 1	1	47498.257343750	47498.271968750	1400.000	4000.000	1.0000
150	Spectrogram 1	1	47498.257343750	47498.271968750	1400.000	4000.000	1.0000
151	Waveform 1	1	47499.308718750	47499.328218750	1400.000	4000.000	1.0000
151	Spectrogram 1	1	47499.308718750	47499.328218750	1400.000	4000.000	1.0000
152	Waveform 1	1	47499.864468750	47499.872593750	1400.000	4000.000	1.0000
152	Spectrogram 1	1	47499.864468750	47499.872593750	1400.000	4000.000	1.0000
153	Waveform 1	1	47504.037468750	47504.069968750	1400.000	4000.000	0.9500
153	Spectrogram 1	1	47504.037468750	47504.069968750	1400.000	4000.000	0.9500
154	Waveform 1	1	47504.542843750	47504.552593750	1400.000	4000.000	1.0000
154	Spectrogram 1	1	47504.542843750	47504.552593750	1400.000	4000.000	1.0000
155	Waveform 1	1	47505.028718750	47505.038468750	1400.000	4000.000	1.0000
155	Spectrogram 1	1	47505.028718750	47505.038468750	1400.000	4000.000	1.0000
156	Waveform 1	1	47510.813718750	47510.823468750	1400.000	4000.000	1.0000
156	Spectrogram 1	1	47510.813718750	47510.823468750	1400.000	4000.000	1.0000
157	Waveform 1	1	47511.895968750	47511.905718750	1400.000	4000.000	1.0000
157	Spectrogram 1	1	47511.895968750	47511.905718750	1400.000	4000.000	1.0000
158	Waveform 1	1	47512.958718750	47512.966843750	1400.000	4000.000	1.0000
158	Spectrogram 1	1	47512.958718750	47512.966843750	1400.000	4000.000	1.0000
159	Waveform 1	1	47513.995468750	47514.026343750	1400.000	4000.000	1.0000
159	Spectrogram 1	1	47513.995468750	47514.026343750	1400.000	4000.000	1.0000
160	Waveform 1	1	47515.547343750	47515.560343750	1400.000	4000.000	1.0000
160	Spectrogram 1	1	47515.547343750	47515.560343750	1400.000	4000.000	1.0000
161	Waveform 1	1	47518.719343750	47518.732343750	1400.000	4000.000	1.0000
161	Spectrogram 1	1	47518.719343750	47518.732343750	1400.000	4000.000	1.0000
162	Waveform 1	1	47519.720343750	47519.730093750	1400.000	4000.000	1.0000
162	Spectrogram 1	1	47519.720343750	47519.730093750	1400.000	4000.000	1.0000
163	Waveform 1	1	47531.337468750	47531.350468750	1400.000	4000.000	1.0000
163	Spectrogram 1	1	47531.337468750	47531.350468750	1400.000	4000.000	1.0000
164	Waveform 1	1	47538.134843750	47538.157593750	1400.000	4000.000	1.0000
164	Spectrogram 1	1	47538.134843750	47538.157593750	1400.000	4000.000	1.0000
165	Waveform 1	1	47538.545968750	47538.560593750	1400.000	4000.000	1.0000
165	Spectrogram 1	1	47538.545968750	47538.560593750	1400.000	4000.000	1.0000
166	Waveform 1	1	47540.239218750	47540.252218750	1400.000	4000.000	1.0000
166	Spectrogram 1	1	47540.239218750	47540.252218750	1400.000	4000.000	1.0000
167	Waveform 1	1	47545.510718750	47545.525343750	1400.000	4000.000	1.0000
167	Spectrogram 1	1	47545.510718750	47545.525343750	1400.000	4000.000	1.0000
168	Waveform 1	1	47549.722718750	47549.737343750	1400.000	4000.000	1.0000
168	Spectrogram 1	1	47549.722718750	47549.737343750	1400.000	4000.000	1.0000
169	Waveform 1	1	47550.226468750	47550.245968750	1400.000	4000.000	1.0000
169	Spectrogram 1	1	47550.226468750	47550.245968750	1400.000	4000.000	1.0000
170	Waveform 1	1	47555.324093750	47555.335468750	1400.000	4000.000	1.0000
170	Spectrogram 1	1	47555.324093750	47555.335468750	1400.000	4000.000	1.0000
171	Waveform 1	1	47556.510343750	47556.531468750	1400.000	4000.000	1.0000
171	Spectrogram 1	1	47556.510343750	47556.531468750	1400.000	4000.000	1.0000
172	Waveform 1	1	47557.558468750	47557.586093750	1400.000	4000.000	0.7059
172	Spectrogram 1	1	47557.558468750	47557.586093750	1400.000	4000.000	0.7059
173	Waveform 1	1	47558.601718750	47558.616343750	1400.000	4000.000	1.0000
173	Spectrogram 1	1	47558.601718750	47558.616343750	1400.000	4000.000	1.0000
174	Waveform 1	1	47562.308343750	47562.319718750	1400.000	4000.000	1.0000
174	Spectrogram 1	1	47562.308343750	47562.319718750	1400.000	4000.000	1.0000
175	Waveform 1	1	47571.234468750	47571.242593750	1400.000	4000.000	1.0000
175	Spectrogram 1	1	47571.234468750	47571.242593750	1400.000	4000.000	1.0000
176	Waveform 1	1	47573.327468750	47573.337218750	1400.000	4000.000	1.0000
176	Spectrogram 1	1	47573.327468750	47573.337218750	1400.000	4000.000	1.0000
177	Waveform 1	1	47574.388593750	47574.399968750	1400.000	4000.000	1.0000
177	Spectrogram 1	1	47574.388593750	47574.399968750	1400.000	4000.000	1.0000
178	Waveform 1	1	47575.987593750	47575.997343750	1400.000	4000.000	1.0000
178	Spectrogram 1	1	47575.987593750	47575.997343750	1400.000	4000.000	1.0000
179	Waveform 1	1	47579.630843750	47579.650343750	1400.000	4000.000	1.0000
179	Spectrogram 1	1	47579.630843750	47579.650343750	1400.000	4000.000	1.0000
180	Waveform 1	1	47583.313093750	47583.321218750	1400.000	4000.000	1.0000
180	Spectrogram 1	1	47583.313093750	47583.321218750	1400.000	4000.000	1.0000
181	Waveform 1	1	47584.364468750	47584.375843750	1400.000	4000.000	1.0000
181	Spectrogram 1	1	47584.364468750	47584.375843750	1400.000	4000.000	1.0000
182	Waveform 1	1	47586.481843750	47586.491593750	1400.000	4000.000	1.0000
182	Spectrogram 1	1	47586.481843750	47586.491593750	1400.000	4000.000	1.0000
183	Waveform 1	1	47594.878218750	47594.887968750	1400.000	4000.000	1.0000
183	Spectrogram 1	1	47594.878218750	47594.887968750	1400.000	4000.000	1.0000
184	Waveform 1	1	47597.507468750	47597.517218750	1400.000	4000.000	1.0000
184	Spectrogram 1	1	47597.507468750	47597.517218750	1400.000	4000.000	1.0000
185	Waveform 1	1	47601.191343750	47601.199468750	1400.000	4000.000	1.0000
185	Spectrogram 1	1	47601.191343750	47601.199468750	1400.000	4000.000	1.0000
186	Waveform 1	1	47601.721093750	47601.732468750	1400.000	4000.000	1.0000
186	Spectrogram 1	1	47601.721093750	47601.732468750	1400.000	4000.000	1.0000
187	Waveform 1	1	47603.300593750	47603.313593750	1400.000	4000.000	1.0000
187	Spectrogram 1	1	47603.300593750	47603.313593750	1400.000	4000.000	1.0000
188	Waveform 1	1	47614.324593750	47614.339218750	1400.000	4000.000	1.0000
188	Spectrogram 1	1	47614.324593750	47614.339218750	1400.000	4000.000	1.0000
189	Waveform 1	1	47616.432218750	47616.445218750	1400.000	4000.000	1.0000
189	Spectrogram 1	1	47616.432218750	47616.445218750	1400.000	4000.000	1.0000
190	Waveform 1	1	47622.249718750	47622.257843750	1400.000	4000.000	1.0000
190	Spectrogram 1	1	47622.249718750	47622.257843750	1400.000	4000.000	1.0000
191	Waveform 1	1	47628.018468750	47628.028218750	1400.000	4000.000	1.0000
191	Spectrogram 1	1	47628.018468750	47628.028218750	1400.000	4000.000	1.0000
192	Waveform 1	1	47629.536218750	47629.544343750	1400.000	4000.000	1.0000
192	Spectrogram 1	1	47629.536218750	47629.544343750	1400.000	4000.000	1.0000
193	Waveform 1	1	47645.368593750	47645.376718750	1400.000	4000.000	1.0000
193	Spectrogram 1	1	47645.368593750	47645.376718750	1400.000	4000.000	1.0000
194	Waveform 1	1	47655.880718750	47655.896968750	1400.000	4000.000	1.0000
194	Spectrogram 1	1	47655.880718750	47655.896968750	1400.000	4000.000	1.0000
195	Waveform 1	1	47657.403343750	47657.413093750	1400.000	4000.000	1.0000
195	Spectrogram 1	1	47657.403343750	47657.413093750	1400.000	4000.000	1.0000
196	Waveform 1	1	47659.000718750	47659.033218750	1400.000	4000.000	0.7500
196	Spectrogram 1	1	47659.000718750	47659.033218750	1400.000	4000.000	0.7500
197	Waveform 1	1	47661.119718750	47661.132718750	1400.000	4000.000	1.0000
197	Spectrogram 1	1	47661.119718750	47661.132718750	1400.000	4000.000	1.0000
198	Waveform 1	1	47661.642968750	47661.652718750	1400.000	4000.000	1.0000
198	Spectrogram 1	1	47661.642968750	47661.652718750	1400.000	4000.000	1.0000
199	Waveform 1	1	47662.169468750	47662.177593750	1400.000	4000.000	1.0000
199	Spectrogram 1	1	47662.169468750	47662.177593750	1400.000	4000.000	1.0000
200	Waveform 1	1	47663.552343750	47663.565343750	1400.000	4000.000	1.0000
200	Spectrogram 1	1	47663.552343750	47663.565343750	1400.000	4000.000	1.0000
201	Waveform 1	1	47664.267343750	47664.285218750	1400.000	4000.000	1.0000
201	Spectrogram 1	1	47664.267343750	47664.285218750	1400.000	4000.000	1.0000
202	Waveform 1	1	47665.828968750	47665.840343750	1400.000	4000.000	1.0000
202	Spectrogram 1	1	47665.828968750	47665.840343750	1400.000	4000.000	1.0000
203	Waveform 1	1	47666.899843750	47666.917718750	1400.000	4000.000	1.0000
203	Spectrogram 1	1	47666.899843750	47666.917718750	1400.000	4000.000	1.0000
204	Waveform 1	1	47669.551843750	47669.563218750	1400.000	4000.000	1.0000
204	Spectrogram 1	1	47669.551843750	47669.563218750	1400.000	4000.000	1.0000
205	Waveform 1	1	47671.053343750	47671.066343750	1400.000	4000.000	1.0000
205	Spectrogram 1	1	47671.053343750	47671.066343750	1400.000	4000.000	1.0000
206	Waveform 1	1	47671.576593750	47671.587968750	1400.000	4000.000	1.0000
206	Spectrogram 1	1	47671.576593750	47671.587968750	1400.000	4000.000	1.0000
207	Waveform 1	1	47672.627968750	47672.644218750	1400.000	4000.000	1.0000
207	Spectrogram 1	1	47672.627968750	47672.644218750	1400.000	4000.000	1.0000
208	Waveform 1	1	47673.268218750	47673.279593750	1400.000	4000.000	1.0000
208	Spectrogram 1	1	47673.268218750	47673.279593750	1400.000	4000.000	1.0000
209	Waveform 1	1	47675.847093750	47675.858468750	1400.000	4000.000	1.0000
209	Spectrogram 1	1	47675.847093750	47675.858468750	1400.000	4000.000	1.0000
210	Waveform 1	1	47679.865718750	47679.875468750	1400.000	4000.000	1.0000
210	Spectrogram 1	1	47679.865718750	47679.875468750	1400.000	4000.000	1.0000
211	Waveform 1	1	47680.892718750	47680.904093750	1400.000	4000.000	1.0000
211	Spectrogram 1	1	47680.892718750	47680.904093750	1400.000	4000.000	1.0000
212	Waveform 1	1	47685.491468750	47685.507718750	1400.000	4000.000	1.0000
212	Spectrogram 1	1	47685.491468750	47685.507718750	1400.000	4000.000	1.0000
213	Waveform 1	1	47686.700468750	47686.716718750	1400.000	4000.000	1.0000
213	Spectrogram 1	1	47686.700468750	47686.716718750	1400.000	4000.000	1.0000
214	Waveform 1	1	47690.520843750	47690.540343750	1400.000	4000.000	1.0000
214	Spectrogram 1	1	47690.520843750	47690.540343750	1400.000	4000.000	1.0000
215	Waveform 1	1	47692.667468750	47692.683718750	1400.000	4000.000	1.0000
215	Spectrogram 1	1	47692.667468750	47692.683718750	1400.000	4000.000	1.0000
216	Waveform 1	1	47696.799843750	47696.811218750	1400.000	4000.000	1.0000
216	Spectrogram 1	1	47696.799843750	47696.811218750	1400.000	4000.000	1.0000
217	Waveform 1	1	47698.403718750	47698.419968750	1400.000	4000.000	1.0000
217	Spectrogram 1	1	47698.403718750	47698.419968750	1400.000	4000.000	1.0000
218	Waveform 1	1	47699.940968750	47699.973468750	1400.000	4000.000	1.0000
218	Spectrogram 1	1	47699.940968750	47699.973468750	1400.000	4000.000	1.0000
219	Waveform 1	1	47701.045968750	47701.073593750	1400.000	4000.000	0.7647
219	Spectrogram 1	1	47701.045968750	47701.073593750	1400.000	4000.000	0.7647
220	Waveform 1	1	47702.094093750	47702.108718750	1400.000	4000.000	1.0000
220	Spectrogram 1	1	47702.094093750	47702.108718750	1400.000	4000.000	1.0000
221	Waveform 1	1	47705.829968750	47705.841343750	1400.000	4000.000	1.0000
221	Spectrogram 1	1	47705.829968750	47705.841343750	1400.000	4000.000	1.0000
222	Waveform 1	1	47707.895343750	47707.909968750	1400.000	4000.000	1.0000
222	Spectrogram 1	1	47707.895343750	47707.909968750	1400.000	4000.000	1.0000
223	Waveform 1	1	47708.962968750	47708.972718750	1400.000	4000.000	1.0000
223	Spectrogram 1	1	47708.962968750	47708.972718750	1400.000	4000.000	1.0000
224	Waveform 1	1	47709.611343750	47709.621093750	1400.000	4000.000	1.0000
224	Spectrogram 1	1	47709.611343750	47709.621093750	1400.000	4000.000	1.0000
225	Waveform 1	1	47711.580843750	47711.590593750	1400.000	4000.000	1.0000
225	Spectrogram 1	1	47711.580843750	47711.590593750	1400.000	4000.000	1.0000
226	Waveform 1	1	47715.284218750	47715.292343750	1400.000	4000.000	1.0000
226	Spectrogram 1	1	47715.284218750	47715.292343750	1400.000	4000.000	1.0000
227	Waveform 1	1	47715.783093750	47715.800968750	1400.000	4000.000	1.0000
227	Spectrogram 1	1	47715.783093750	47715.800968750	1400.000	4000.000	1.0000
228	Waveform 1	1	47718.435093750	47718.444843750	1400.000	4000.000	1.0000
228	Spectrogram 1	1	47718.435093750	47718.444843750	1400.000	4000.000	1.0000
229	Waveform 1	1	47719.483218750	47719.494593750	1400.000	4000.000	1.0000
229	Spectrogram 1	1	47719.483218750	47719.494593750	1400.000	4000.000	1.0000
230	Waveform 1	1	47720.523218750	47720.536218750	1400.000	4000.000	1.0000
230	Spectrogram 1	1	47720.523218750	47720.536218750	1400.000	4000.000	1.0000
231	Waveform 1	1	47721.556718750	47721.579468750	1400.000	4000.000	1.0000
231	Spectrogram 1	1	47721.556718750	47721.579468750	1400.000	4000.000	1.0000
232	Waveform 1	1	47722.611343750	47722.627593750	1400.000	4000.000	1.0000
232	Spectrogram 1	1	47722.611343750	47722.627593750	1400.000	4000.000	1.0000
233	Waveform 1	1	47723.652968750	47723.672468750	1400.000	4000.000	1.0000
233	Spectrogram 1	1	47723.652968750	47723.672468750	1400.000	4000.000	1.0000
234	Waveform 1	1	47724.177843750	47724.197343750	1400.000	4000.000	1.0000
234	Spectrogram 1	1	47724.177843750	47724.197343750	1400.000	4000.000	1.0000
235	Waveform 1	1	47725.750843750	47725.760593750	1400.000	4000.000	1.0000
235	Spectrogram 1	1	47725.750843750	47725.760593750	1400.000	4000.000	1.0000
236	Waveform 1	1	47726.444718750	47726.454468750	1400.000	4000.000	1.0000
236	Spectrogram 1	1	47726.444718750	47726.454468750	1400.000	4000.000	1.0000
237	Waveform 1	1	47726.781093750	47726.813593750	1400.000	4000.000	1.0000
237	Spectrogram 1	1	47726.781093750	47726.813593750	1400.000	4000.000	1.0000
238	Waveform 1	1	47727.344968750	47727.354718750	1400.000	4000.000	1.0000
238	Spectrogram 1	1	47727.344968750	47727.354718750	1400.000	4000.000	1.0000
239	Waveform 1	1	47728.401218750	47728.422343750	1400.000	4000.000	1.0000
239	Spectrogram 1	1	47728.401218750	47728.422343750	1400.000	4000.000	1.0000
240	Waveform 1	1	47729.426593750	47729.444468750	1400.000	4000.000	1.0000
240	Spectrogram 1	1	47729.426593750	47729.444468750	1400.000	4000.000	1.0000
241	Waveform 1	1	47734.186218750	47734.194343750	1400.000	4000.000	1.0000
241	Spectrogram 1	1	47734.186218750	47734.194343750	1400.000	4000.000	1.0000
242	Waveform 1	1	47734.366593750	47734.374718750	1400.000	4000.000	1.0000
242	Spectrogram 1	1	47734.366593750	47734.374718750	1400.000	4000.000	1.0000
243	Waveform 1	1	47734.507968750	47734.525843750	1400.000	4000.000	1.0000
243	Spectrogram 1	1	47734.507968750	47734.525843750	1400.000	4000.000	1.0000
244	Waveform 1	1	47734.894718750	47734.902843750	1400.000	4000.000	1.0000
244	Spectrogram 1	1	47734.894718750	47734.902843750	1400.000	4000.000	1.0000
245	Waveform 1	1	47735.062093750	47735.081593750	1400.000	4000.000	1.0000
245	Spectrogram 1	1	47735.062093750	47735.081593750	1400.000	4000.000	1.0000
246	Waveform 1	1	47735.232718750	47735.250593750	1400.000	4000.000	1.0000
246	Spectrogram 1	1	47735.232718750	47735.250593750	1400.000	4000.000	1.0000
247	Waveform 1	1	47736.280843750	47736.313343750	1400.000	4000.000	1.0000
247	Spectrogram 1	1	47736.280843750	47736.313343750	1400.000	4000.000	1.0000
248	Waveform 1	1	47736.997468750	47737.010468750	1400.000	4000.000	1.0000
248	Spectrogram 1	1	47736.997468750	47737.010468750	1400.000	4000.000	1.0000
249	Waveform 1	1	47737.315968750	47737.328968750	1400.000	4000.000	1.0000
249	Spectrogram 1	1	47737.315968750	47737.328968750	1400.000	4000.000	1.0000
250	Waveform 1	1	47737.896093750	47737.913968750	1400.000	4000.000	1.0000
250	Spectrogram 1	1	47737.896093750	47737.913968750	1400.000	4000.000	1.0000
251	Waveform 1	1	47738.048843750	47738.060218750	1400.000	4000.000	1.0000
251	Spectrogram 1	1	47738.048843750	47738.060218750	1400.000	4000.000	1.0000
252	Waveform 1	1	47738.378718750	47738.396593750	1400.000	4000.000	1.0000
252	Spectrogram 1	1	47738.378718750	47738.396593750	1400.000	4000.000	1.0000
253	Waveform 1	1	47738.892218750	47738.905218750	1400.000	4000.000	1.0000
253	Spectrogram 1	1	47738.892218750	47738.905218750	1400.000	4000.000	1.0000
254	Waveform 1	1	47739.436593750	47739.454468750	1400.000	4000.000	1.0000
254	Spectrogram 1	1	47739.436593750	47739.454468750	1400.000	4000.000	1.0000
255	Waveform 1	1	47739.964718750	47739.976093750	1400.000	4000.000	1.0000
255	Spectrogram 1	1	47739.964718750	47739.976093750	1400.000	4000.000	1.0000
256	Waveform 1	1	47746.268093750	47746.287593750	1400.000	4000.000	1.0000
256	Spectrogram 1	1	47746.268093750	47746.287593750	1400.000	4000.000	1.0000
257	Waveform 1	1	47747.342218750	47747.356843750	1400.000	4000.000	1.0000
257	Spectrogram 1	1	47747.342218750	47747.356843750	1400.000	4000.000	1.0000
258	Waveform 1	1	47757.305093750	47757.327843750	1400.000	4000.000	1.0000
258	Spectrogram 1	1	47757.305093750	47757.327843750	1400.000	4000.000	1.0000
259	Waveform 1	1	47757.810468750	47757.823468750	1400.000	4000.000	1.0000
259	Spectrogram 1	1	47757.810468750	47757.823468750	1400.000	4000.000	1.0000
260	Waveform 1	1	47759.411093750	47759.424093750	1400.000	4000.000	1.0000
260	Spectrogram 1	1	47759.411093750	47759.424093750	1400.000	4000.000	1.0000
261	Waveform 1	1	47760.992218750	47761.000343750	1400.000	4000.000	1.0000
261	Spectrogram 1	1	47760.992218750	47761.000343750	1400.000	4000.000	1.0000
262	Waveform 1	1	47770.789343750	47770.800718750	1400.000	4000.000	1.0000
262	Spectrogram 1	1	47770.789343750	47770.800718750	1400.000	4000.000	1.0000
263	Waveform 1	1	47770.979468750	47770.995718750	1400.000	4000.000	1.0000
263	Spectrogram 1	1	47770.979468750	47770.995718750	1400.000	4000.000	1.0000
264	Waveform 1	1	47771.445843750	47771.462093750	1400.000	4000.000	1.0000
264	Spectrogram 1	1	47771.445843750	47771.462093750	1400.000	4000.000	1.0000
265	Waveform 1	1	47772.495593750	47772.508593750	1400.000	4000.000	1.0000
265	Spectrogram 1	1	47772.495593750	47772.508593750	1400.000	4000.000	1.0000
266	Waveform 1	1	47773.048093750	47773.056218750	1400.000	4000.000	1.0000
266	Spectrogram 1	1	47773.048093750	47773.056218750	1400.000	4000.000	1.0000
267	Waveform 1	1	47773.585968750	47773.598968750	1400.000	4000.000	1.0000
267	Spectrogram 1	1	47773.585968750	47773.598968750	1400.000	4000.000	1.0000
268	Waveform 1	1	47775.703343750	47775.724468750	1400.000	4000.000	1.0000
268	Spectrogram 1	1	47775.703343750	47775.724468750	1400.000	4000.000	1.0000
269	Waveform 1	1	47777.794718750	47777.825593750	1400.000	4000.000	0.8947
269	Spectrogram 1	1	47777.794718750	47777.825593750	1400.000	4000.000	0.8947
270	Waveform 1	1	47795.193593750	47795.204968750	1400.000	4000.000	1.0000
270	Spectrogram 1	1	47795.193593750	47795.204968750	1400.000	4000.000	1.0000
271	Waveform 1	1	47797.288218750	47797.296343750	1400.000	4000.000	1.0000
271	Spectrogram 1	1	47797.288218750	47797.296343750	1400.000	4000.000	1.0000
272	Waveform 1	1	47800.988343750	47801.001343750	1400.000	4000.000	1.0000
272	Spectrogram 1	1	47800.988343750	47801.001343750	1400.000	4000.000	1.0000
273	Waveform 1	1	47806.695343750	47806.705093750	1400.000	4000.000	1.0000
273	Spectrogram 1	1	47806.695343750	47806.705093750	1400.000	4000.000	1.0000
274	Waveform 1	1	47809.919343750	47809.950218750	1400.000	4000.000	1.0000
274	Spectrogram 1	1	47809.919343750	47809.950218750	1400.000	4000.000	1.0000
275	Waveform 1	1	47810.307718750	47810.330468750	1400.000	4000.000	1.0000
275	Spectrogram 1	1	47810.307718750	47810.330468750	1400.000	4000.000	1.0000
276	Waveform 1	1	47810.975593750	47810.990218750	1400.000	4000.000	1.0000
276	Spectrogram 1	1	47810.975593750	47810.990218750	1400.000	4000.000	1.0000
277	Waveform 1	1	47811.311968750	47811.324968750	1400.000	4000.000	1.0000
277	Spectrogram 1	1	47811.311968750	47811.324968750	1400.000	4000.000	1.0000
278	Waveform 1	1	47820.294968750	47820.307968750	1400.000	4000.000	1.0000
278	Spectrogram 1	1	47820.294968750	47820.307968750	1400.000	4000.000	1.0000
279	Waveform 1	1	47822.511468750	47822.539093750	1400.000	4000.000	0.7059
279	Spectrogram 1	1	47822.511468750	47822.539093750	1400.000	4000.000	0.7059
280	Waveform 1	1	47824.138093750	47824.154343750	1400.000	4000.000	1.0000
280	Spectrogram 1	1	47824.138093750	47824.154343750	1400.000	4000.000	1.0000
281	Waveform 1	1	47824.628843750	47824.643468750	1400.000	4000.000	1.0000
281	Spectrogram 1	1	47824.628843750	47824.643468750	1400.000	4000.000	1.0000
282	Waveform 1	1	47836.804968750	47836.816343750	1400.000	4000.000	1.0000
282	Spectrogram 1	1	47836.804968750	47836.816343750	1400.000	4000.000	1.0000
283	Waveform 1	1	47837.285968750	47837.294093750	1400.000	4000.000	1.0000
283	Spectrogram 1	1	47837.285968750	47837.294093750	1400.000	4000.000	1.0000
284	Waveform 1	1	47839.929843750	47839.941218750	1400.000	4000.000	1.0000
284	Spectrogram 1	1	47839.929843750	47839.941218750	1400.000	4000.000	1.0000
285	Waveform 1	1	47846.748343750	47846.769468750	1400.000	4000.000	1.0000
285	Spectrogram 1	1	47846.748343750	47846.769468750	1400.000	4000.000	1.0000
286	Waveform 1	1	47848.379843750	47848.389593750	1400.000	4000.000	1.0000
286	Spectrogram 1	1	47848.379843750	47848.389593750	1400.000	4000.000	1.0000
287	Waveform 1	1	47849.959343750	47849.973968750	1400.000	4000.000	1.0000
287	Spectrogram 1	1	47849.959343750	47849.973968750	1400.000	4000.000	1.0000
288	Waveform 1	1	47851.026968750	47851.036718750	1400.000	4000.000	1.0000
288	Spectrogram 1	1	47851.026968750	47851.036718750	1400.000	4000.000	1.0000
289	Waveform 1	1	47852.063718750	47852.089718750	1400.000	4000.000	1.0000
289	Spectrogram 1	1	47852.063718750	47852.089718750	1400.000	4000.000	1.0000
290	Waveform 1	1	47852.447218750	47852.458593750	1400.000	4000.000	1.0000
290	Spectrogram 1	1	47852.447218750	47852.458593750	1400.000	4000.000	1.0000
291	Waveform 1	1	47853.649718750	47853.669218750	1400.000	4000.000	1.0000
291	Spectrogram 1	1	47853.649718750	47853.669218750	1400.000	4000.000	1.0000
292	Waveform 1	1	47854.194093750	47854.208718750	1400.000	4000.000	1.0000
292	Spectrogram 1	1	47854.194093750	47854.208718750	1400.000	4000.000	1.0000
293	Waveform 1	1	47856.820093750	47856.831468750	1400.000	4000.000	1.0000
293	Spectrogram 1	1	47856.820093750	47856.831468750	1400.000	4000.000	1.0000
294	Waveform 1	1	47859.463968750	47859.478593750	1400.000	4000.000	1.0000
294	Spectrogram 1	1	47859.463968750	47859.478593750	1400.000	4000.000	1.0000
295	Waveform 1	1	47861.568343750	47861.587843750	1400.000	4000.000	1.0000
295	Spectrogram 1	1	47861.568343750	47861.587843750	1400.000	4000.000	1.0000
296	Waveform 1	1	47864.761468750	47864.776093750	1400.000	4000.000	1.0000
296	Spectrogram 1	1	47864.761468750	47864.776093750	1400.000	4000.000	1.0000
297	Waveform 1	1	47868.367343750	47868.381968750	1400.000	4000.000	1.0000
297	Spectrogram 1	1	47868.367343750	47868.381968750	1400.000	4000.000	1.0000
298	Waveform 1	1	47888.933343750	47888.943093750	1400.000	4000.000	1.0000
298	Spectrogram 1	1	47888.933343750	47888.943093750	1400.000	4000.000	1.0000
299	Waveform 1	1	47910.948843750	47910.961843750	1400.000	4000.000	1.0000
299	Spectrogram 1	1	47910.948843750	47910.961843750	1400.000	4000.000	1.0000
300	Waveform 1	1	47912.682718750	47912.695718750	1400.000	4000.000	1.0000
300	Spectrogram 1	1	47912.682718750	47912.695718750	1400.000	4000.000	1.0000
301	Waveform 1	1	47917.427718750	47917.439093750	1400.000	4000.000	1.0000
301	Spectrogram 1	1	47917.427718750	47917.439093750	1400.000	4000.000	1.0000
302	Waveform 1	1	47920.620843750	47920.628968750	1400.000	4000.000	1.0000
302	Spectrogram 1	1	47920.620843750	47920.628968750	1400.000	4000.000	1.0000
303	Waveform 1	1	47922.141843750	47922.159718750	1400.000	4000.000	1.0000
303	Spectrogram 1	1	47922.141843750	47922.159718750	1400.000	4000.000	1.0000
304	Waveform 1	1	47939.589468750	47939.608968750	1400.000	4000.000	1.0000
304	Spectrogram 1	1	47939.589468750	47939.608968750	1400.000	4000.000	1.0000
305	Waveform 1	1	47942.233343750	47942.244718750	1400.000	4000.000	1.0000
305	Spectrogram 1	1	47942.233343750	47942.244718750	1400.000	4000.000	1.0000
306	Waveform 1	1	47942.763093750	47942.771218750	1400.000	4000.000	1.0000
306	Spectrogram 1	1	47942.763093750	47942.771218750	1400.000	4000.000	1.0000
307	Waveform 1	1	47943.307468750	47943.323718750	1400.000	4000.000	1.0000
307	Spectrogram 1	1	47943.307468750	47943.323718750	1400.000	4000.000	1.0000
308	Waveform 1	1	47945.218468750	47945.229843750	1400.000	4000.000	1.0000
308	Spectrogram 1	1	47945.218468750	47945.229843750	1400.000	4000.000	1.0000
309	Waveform 1	1	47945.390718750	47945.406968750	1400.000	4000.000	1.0000
309	Spectrogram 1	1	47945.390718750	47945.406968750	1400.000	4000.000	1.0000
310	Waveform 1	1	47947.352093750	47947.361843750	1400.000	4000.000	1.0000
310	Spectrogram 1	1	47947.352093750	47947.361843750	1400.000	4000.000	1.0000
311	Waveform 1	1	47959.087843750	47959.095968750	1400.000	4000.000	1.0000
311	Spectrogram 1	1	47959.087843750	47959.095968750	1400.000	4000.000	1.0000
312	Waveform 1	1	47964.130218750	47964.138343750	1400.000	4000.000	1.0000
312	Spectrogram 1	1	47964.130218750	47964.138343750	1400.000	4000.000	1.0000
313	Waveform 1	1	47965.426968750	47965.436718750	1400.000	4000.000	1.0000
313	Spectrogram 1	1	47965.426968750	47965.436718750	1400.000	4000.000	1.0000
314	Waveform 1	1	47966.481593750	47966.489718750	1400.000	4000.000	1.0000
314	Spectrogram 1	1	47966.481593750	47966.489718750	1400.000	4000.000	1.0000
315	Waveform 1	1	47970.178468750	47970.191468750	1400.000	4000.000	1.0000
315	Spectrogram 1	1	47970.178468750	47970.191468750	1400.000	4000.000	1.0000
316	Waveform 1	1	47974.382343750	47974.398593750	1400.000	4000.000	1.0000
316	Spectrogram 1	1	47974.382343750	47974.398593750	1400.000	4000.000	1.0000
317	Waveform 1	1	47975.423968750	47975.438593750	1400.000	4000.000	1.0000
317	Spectrogram 1	1	47975.423968750	47975.438593750	1400.000	4000.000	1.0000
318	Waveform 1	1	47977.534843750	47977.546218750	1400.000	4000.000	1.0000
318	Spectrogram 1	1	47977.534843750	47977.546218750	1400.000	4000.000	1.0000
319	Waveform 1	1	47989.969343750	47989.979093750	1400.000	4000.000	1.0000
319	Spectrogram 1	1	47989.969343750	47989.979093750	1400.000	4000.000	1.0000
320	Waveform 1	1	47992.338593750	47992.361343750	1400.000	4000.000	0.7143
320	Spectrogram 1	1	47992.338593750	47992.361343750	1400.000	4000.000	0.7143
321	Waveform 1	1	47995.409843750	47995.422843750	1400.000	4000.000	1.0000
321	Spectrogram 1	1	47995.409843750	47995.422843750	1400.000	4000.000	1.0000
322	Waveform 1	1	47996.469343750	47996.477468750	1400.000	4000.000	1.0000
322	Spectrogram 1	1	47996.469343750	47996.477468750	1400.000	4000.000	1.0000
323	Waveform 1	1	47998.567218750	47998.578593750	1400.000	4000.000	1.0000
323	Spectrogram 1	1	47998.567218750	47998.578593750	1400.000	4000.000	1.0000
324	Waveform 1	1	47999.150593750	47999.165218750	1400.000	4000.000	1.0000
324	Spectrogram 1	1	47999.150593750	47999.165218750	1400.000	4000.000	1.0000
325	Waveform 1	1	47999.685218750	47999.699843750	1400.000	4000.000	1.0000
325	Spectrogram 1	1	47999.685218750	47999.699843750	1400.000	4000.000	1.0000
326	Waveform 1	1	48000.206843750	48000.218218750	1400.000	4000.000	1.0000
326	Spectrogram 1	1	48000.206843750	48000.218218750	1400.000	4000.000	1.0000
327	Waveform 1	1	48000.733343750	48000.754468750	1400.000	4000.000	1.0000
327	Spectrogram 1	1	48000.733343750	48000.754468750	1400.000	4000.000	1.0000
328	Waveform 1	1	48001.204593750	48001.219218750	1400.000	4000.000	1.0000
328	Spectrogram 1	1	48001.204593750	48001.219218750	1400.000	4000.000	1.0000
329	Waveform 1	1	48001.261468750	48001.280968750	1400.000	4000.000	1.0000
329	Spectrogram 1	1	48001.261468750	48001.280968750	1400.000	4000.000	1.0000
330	Waveform 1	1	48001.771718750	48001.781468750	1400.000	4000.000	1.0000
330	Spectrogram 1	1	48001.771718750	48001.781468750	1400.000	4000.000	1.0000
331	Waveform 1	1	48001.991093750	48002.007343750	1400.000	4000.000	1.0000
331	Spectrogram 1	1	48001.991093750	48002.007343750	1400.000	4000.000	1.0000
332	Waveform 1	1	48004.238468750	48004.249843750	1400.000	4000.000	1.0000
332	Spectrogram 1	1	48004.238468750	48004.249843750	1400.000	4000.000	1.0000
333	Waveform 1	1	48004.738968750	48004.750343750	1400.000	4000.000	1.0000
333	Spectrogram 1	1	48004.738968750	48004.750343750	1400.000	4000.000	1.0000
334	Waveform 1	1	48004.950218750	48004.966468750	1400.000	4000.000	1.0000
334	Spectrogram 1	1	48004.950218750	48004.966468750	1400.000	4000.000	1.0000
335	Waveform 1	1	48007.052968750	48007.070843750	1400.000	4000.000	1.0000
335	Spectrogram 1	1	48007.052968750	48007.070843750	1400.000	4000.000	1.0000
336	Waveform 1	1	48008.089718750	48008.109218750	1400.000	4000.000	1.0000
336	Spectrogram 1	1	48008.089718750	48008.109218750	1400.000	4000.000	1.0000
337	Waveform 1	1	48008.642218750	48008.673093750	1400.000	4000.000	1.0000
337	Spectrogram 1	1	48008.642218750	48008.673093750	1400.000	4000.000	1.0000
338	Waveform 1	1	48009.160593750	48009.191468750	1400.000	4000.000	0.8947
338	Spectrogram 1	1	48009.160593750	48009.191468750	1400.000	4000.000	0.8947
339	Waveform 1	1	48011.804468750	48011.814218750	1400.000	4000.000	1.0000
339	Spectrogram 1	1	48011.804468750	48011.814218750	1400.000	4000.000	1.0000
340	Waveform 1	1	48013.736593750	48013.747968750	1400.000	4000.000	1.0000
340	Spectrogram 1	1	48013.736593750	48013.747968750	1400.000	4000.000	1.0000
341	Waveform 1	1	48013.871468750	48013.879593750	1400.000	4000.000	1.0000
341	Spectrogram 1	1	48013.871468750	48013.879593750	1400.000	4000.000	1.0000
342	Waveform 1	1	48013.946218750	48013.960843750	1400.000	4000.000	1.0000
342	Spectrogram 1	1	48013.946218750	48013.960843750	1400.000	4000.000	1.0000
343	Waveform 1	1	48014.446718750	48014.456468750	1400.000	4000.000	1.0000
343	Spectrogram 1	1	48014.446718750	48014.456468750	1400.000	4000.000	1.0000
344	Waveform 1	1	48014.843218750	48014.851343750	1400.000	4000.000	1.0000
344	Spectrogram 1	1	48014.843218750	48014.851343750	1400.000	4000.000	1.0000
345	Waveform 1	1	48015.982343750	48015.996968750	1400.000	4000.000	1.0000
345	Spectrogram 1	1	48015.982343750	48015.996968750	1400.000	4000.000	1.0000
346	Waveform 1	1	48016.552718750	48016.564093750	1400.000	4000.000	1.0000
346	Spectrogram 1	1	48016.552718750	48016.564093750	1400.000	4000.000	1.0000
347	Waveform 1	1	48017.607343750	48017.618718750	1400.000	4000.000	1.0000
347	Spectrogram 1	1	48017.607343750	48017.618718750	1400.000	4000.000	1.0000
348	Waveform 1	1	48018.099718750	48018.114343750	1400.000	4000.000	1.0000
348	Spectrogram 1	1	48018.099718750	48018.114343750	1400.000	4000.000	1.0000
349	Waveform 1	1	48019.684093750	48019.695468750	1400.000	4000.000	1.0000
349	Spectrogram 1	1	48019.684093750	48019.695468750	1400.000	4000.000	1.0000
350	Waveform 1	1	48019.739343750	48019.768593750	1400.000	4000.000	1.0000
350	Spectrogram 1	1	48019.739343750	48019.768593750	1400.000	4000.000	1.0000
351	Waveform 1	1	48020.800468750	48020.810218750	1400.000	4000.000	1.0000
351	Spectrogram 1	1	48020.800468750	48020.810218750	1400.000	4000.000	1.0000
352	Waveform 1	1	48023.746593750	48023.756343750	1400.000	4000.000	1.0000
352	Spectrogram 1	1	48023.746593750	48023.756343750	1400.000	4000.000	1.0000
353	Waveform 1	1	48025.553593750	48025.579593750	1400.000	4000.000	1.0000
353	Spectrogram 1	1	48025.553593750	48025.579593750	1400.000	4000.000	1.0000
354	Waveform 1	1	48028.177968750	48028.207218750	1400.000	4000.000	0.7778
354	Spectrogram 1	1	48028.177968750	48028.207218750	1400.000	4000.000	0.7778
355	Waveform 1	1	48028.678468750	48028.707718750	1400.000	4000.000	0.8889
355	Spectrogram 1	1	48028.678468750	48028.707718750	1400.000	4000.000	0.8889
356	Waveform 1	1	48029.734718750	48029.767218750	1400.000	4000.000	0.8500
356	Spectrogram 1	1	48029.734718750	48029.767218750	1400.000	4000.000	0.8500
357	Waveform 1	1	48030.283968750	48030.292093750	1400.000	4000.000	1.0000
357	Spectrogram 1	1	48030.283968750	48030.292093750	1400.000	4000.000	1.0000
358	Waveform 1	1	48030.807218750	48030.820218750	1400.000	4000.000	1.0000
358	Spectrogram 1	1	48030.807218750	48030.820218750	1400.000	4000.000	1.0000
359	Waveform 1	1	48032.916468750	48032.932718750	1400.000	4000.000	1.0000
359	Spectrogram 1	1	48032.916468750	48032.932718750	1400.000	4000.000	1.0000
360	Waveform 1	1	48034.502468750	48034.512218750	1400.000	4000.000	1.0000
360	Spectrogram 1	1	48034.502468750	48034.512218750	1400.000	4000.000	1.0000
361	Waveform 1	1	48035.032218750	48035.063093750	1400.000	4000.000	0.7368
361	Spectrogram 1	1	48035.032218750	48035.063093750	1400.000	4000.000	0.7368
362	Waveform 1	1	48036.616593750	48036.636093750	1400.000	4000.000	1.0000
362	Spectrogram 1	1	48036.616593750	48036.636093750	1400.000	4000.000	1.0000
363	Waveform 1	1	48038.704718750	48038.716093750	1400.000	4000.000	1.0000
363	Spectrogram 1	1	48038.704718750	48038.716093750	1400.000	4000.000	1.0000
364	Waveform 1	1	48039.733343750	48039.743093750	1400.000	4000.000	1.0000
364	Spectrogram 1	1	48039.733343750	48039.743093750	1400.000	4000.000	1.0000
365	Waveform 1	1	48040.825343750	48040.854593750	1400.000	4000.000	1.0000
365	Spectrogram 1	1	48040.825343750	48040.854593750	1400.000	4000.000	1.0000
366	Waveform 1	1	48043.992468750	48044.002218750	1400.000	4000.000	1.0000
366	Spectrogram 1	1	48043.992468750	48044.002218750	1400.000	4000.000	1.0000
367	Waveform 1	1	48049.787218750	48049.801843750	1400.000	4000.000	1.0000
367	Spectrogram 1	1	48049.787218750	48049.801843750	1400.000	4000.000	1.0000
368	Waveform 1	1	48050.809343750	48050.819093750	1400.000	4000.000	1.0000
368	Spectrogram 1	1	48050.809343750	48050.819093750	1400.000	4000.000	1.0000
369	Waveform 1	1	48051.161968750	48051.176593750	1400.000	4000.000	1.0000
369	Spectrogram 1	1	48051.161968750	48051.176593750	1400.000	4000.000	1.0000
370	Waveform 1	1	48052.942968750	48052.959218750	1400.000	4000.000	1.0000
370	Spectrogram 1	1	48052.942968750	48052.959218750	1400.000	4000.000	1.0000
371	Waveform 1	1	48053.467843750	48053.498718750	1400.000	4000.000	1.0000
371	Spectrogram 1	1	48053.467843750	48053.498718750	1400.000	4000.000	1.0000
372	Waveform 1	1	48053.994343750	48054.008968750	1400.000	4000.000	1.0000
372	Spectrogram 1	1	48053.994343750	48054.008968750	1400.000	4000.000	1.0000
373	Waveform 1	1	48056.111718750	48056.139343750	1400.000	4000.000	1.0000
373	Spectrogram 1	1	48056.111718750	48056.139343750	1400.000	4000.000	1.0000
374	Waveform 1	1	48056.657718750	48056.677218750	1400.000	4000.000	1.0000
374	Spectrogram 1	1	48056.657718750	48056.677218750	1400.000	4000.000	1.0000
375	Waveform 1	1	48059.234968750	48059.246343750	1400.000	4000.000	1.0000
375	Spectrogram 1	1	48059.234968750	48059.246343750	1400.000	4000.000	1.0000
376	Waveform 1	1	48059.803718750	48059.818343750	1400.000	4000.000	1.0000
376	Spectrogram 1	1	48059.803718750	48059.818343750	1400.000	4000.000	1.0000
377	Waveform 1	1	48060.885968750	48060.902218750	1400.000	4000.000	1.0000
377	Spectrogram 1	1	48060.885968750	48060.902218750	1400.000	4000.000	1.0000
378	Waveform 1	1	48065.643968750	48065.653718750	1400.000	4000.000	1.0000
378	Spectrogram 1	1	48065.643968750	48065.653718750	1400.000	4000.000	1.0000
379	Waveform 1	1	48068.809468750	48068.820843750	1400.000	4000.000	1.0000
379	Spectrogram 1	1	48068.809468750	48068.820843750	1400.000	4000.000	1.0000
380	Waveform 1	1	48069.093843750	48069.103593750	1400.000	4000.000	1.0000
380	Spectrogram 1	1	48069.093843750	48069.103593750	1400.000	4000.000	1.0000
381	Waveform 1	1	48069.849468750	48069.859218750	1400.000	4000.000	1.0000
381	Spectrogram 1	1	48069.849468750	48069.859218750	1400.000	4000.000	1.0000
382	Waveform 1	1	48070.395468750	48070.405218750	1400.000	4000.000	1.0000
382	Spectrogram 1	1	48070.395468750	48070.405218750	1400.000	4000.000	1.0000
383	Waveform 1	1	48071.414343750	48071.427343750	1400.000	4000.000	1.0000
383	Spectrogram 1	1	48071.414343750	48071.427343750	1400.000	4000.000	1.0000
384	Waveform 1	1	48072.975968750	48072.988968750	1400.000	4000.000	1.0000
384	Spectrogram 1	1	48072.975968750	48072.988968750	1400.000	4000.000	1.0000
385	Waveform 1	1	48081.968718750	48081.976843750	1400.000	4000.000	1.0000
385	Spectrogram 1	1	48081.968718750	48081.976843750	1400.000	4000.000	1.0000
386	Waveform 1	1	48088.816468750	48088.832718750	1400.000	4000.000	1.0000
386	Spectrogram 1	1	48088.816468750	48088.832718750	1400.000	4000.000	1.0000
387	Waveform 1	1	48090.395968750	48090.412218750	1400.000	4000.000	1.0000
387	Spectrogram 1	1	48090.395968750	48090.412218750	1400.000	4000.000	1.0000
388	Waveform 1	1	48092.508468750	48092.521468750	1400.000	4000.000	1.0000
388	Spectrogram 1	1	48092.508468750	48092.521468750	1400.000	4000.000	1.0000
389	Waveform 1	1	48093.567968750	48093.580968750	1400.000	4000.000	1.0000
389	Spectrogram 1	1	48093.567968750	48093.580968750	1400.000	4000.000	1.0000
390	Waveform 1	1	48095.171843750	48095.184843750	1400.000	4000.000	1.0000
390	Spectrogram 1	1	48095.171843750	48095.184843750	1400.000	4000.000	1.0000
391	Waveform 1	1	48097.817343750	48097.841718750	1400.000	4000.000	1.0000
391	Spectrogram 1	1	48097.817343750	48097.841718750	1400.000	4000.000	1.0000
392	Waveform 1	1	48100.219093750	48100.235343750	1400.000	4000.000	1.0000
392	Spectrogram 1	1	48100.219093750	48100.235343750	1400.000	4000.000	1.0000
393	Waveform 1	1	48102.492468750	48102.505468750	1400.000	4000.000	1.0000
393	Spectrogram 1	1	48102.492468750	48102.505468750	1400.000	4000.000	1.0000
394	Waveform 1	1	48105.172093750	48105.181843750	1400.000	4000.000	1.0000
394	Spectrogram 1	1	48105.172093750	48105.181843750	1400.000	4000.000	1.0000
395	Waveform 1	1	48107.292718750	48107.302468750	1400.000	4000.000	1.0000
395	Spectrogram 1	1	48107.292718750	48107.302468750	1400.000	4000.000	1.0000
396	Waveform 1	1	48109.405218750	48109.413343750	1400.000	4000.000	1.0000
396	Spectrogram 1	1	48109.405218750	48109.413343750	1400.000	4000.000	1.0000
397	Waveform 1	1	48110.518343750	48110.528093750	1400.000	4000.000	1.0000
397	Spectrogram 1	1	48110.518343750	48110.528093750	1400.000	4000.000	1.0000
398	Waveform 1	1	48114.644218750	48114.657218750	1400.000	4000.000	1.0000
398	Spectrogram 1	1	48114.644218750	48114.657218750	1400.000	4000.000	1.0000
399	Waveform 1	1	48115.260093750	48115.268218750	1400.000	4000.000	1.0000
399	Spectrogram 1	1	48115.260093750	48115.268218750	1400.000	4000.000	1.0000
400	Waveform 1	1	48119.457468750	48119.465593750	1400.000	4000.000	1.0000
400	Spectrogram 1	1	48119.457468750	48119.465593750	1400.000	4000.000	1.0000
401	Waveform 1	1	48122.028218750	48122.036343750	1400.000	4000.000	1.0000
401	Spectrogram 1	1	48122.028218750	48122.036343750	1400.000	4000.000	1.0000
402	Waveform 1	1	48123.113718750	48123.129968750	1400.000	4000.000	1.0000
402	Spectrogram 1	1	48123.113718750	48123.129968750	1400.000	4000.000	1.0000
403	Waveform 1	1	48124.186218750	48124.197593750	1400.000	4000.000	1.0000
403	Spectrogram 1	1	48124.186218750	48124.197593750	1400.000	4000.000	1.0000
404	Waveform 1	1	48125.712093750	48125.728343750	1400.000	4000.000	1.0000
404	Spectrogram 1	1	48125.712093750	48125.728343750	1400.000	4000.000	1.0000
405	Waveform 1	1	48127.899343750	48127.909093750	1400.000	4000.000	1.0000
405	Spectrogram 1	1	48127.899343750	48127.909093750	1400.000	4000.000	1.0000
406	Waveform 1	1	48130.502593750	48130.512343750	1400.000	4000.000	1.0000
406	Spectrogram 1	1	48130.502593750	48130.512343750	1400.000	4000.000	1.0000
407	Waveform 1	1	48131.540968750	48131.552343750	1400.000	4000.000	1.0000
407	Spectrogram 1	1	48131.540968750	48131.552343750	1400.000	4000.000	1.0000
408	Waveform 1	1	48133.131843750	48133.143218750	1400.000	4000.000	1.0000
408	Spectrogram 1	1	48133.131843750	48133.143218750	1400.000	4000.000	1.0000
409	Waveform 1	1	48147.872218750	48147.883593750	1400.000	4000.000	1.0000
409	Spectrogram 1	1	48147.872218750	48147.883593750	1400.000	4000.000	1.0000
410	Waveform 1	1	48149.979843750	48149.992843750	1400.000	4000.000	1.0000
410	Spectrogram 1	1	48149.979843750	48149.992843750	1400.000	4000.000	1.0000
411	Waveform 1	1	48150.576218750	48150.584343750	1400.000	4000.000	1.0000
411	Spectrogram 1	1	48150.576218750	48150.584343750	1400.000	4000.000	1.0000
412	Waveform 1	1	48151.822593750	48151.835593750	1400.000	4000.000	1.0000
412	Spectrogram 1	1	48151.822593750	48151.835593750	1400.000	4000.000	1.0000
413	Waveform 1	1	48153.033218750	48153.041343750	1400.000	4000.000	1.0000
413	Spectrogram 1	1	48153.033218750	48153.041343750	1400.000	4000.000	1.0000
414	Waveform 1	1	48153.749843750	48153.759593750	1400.000	4000.000	1.0000
414	Spectrogram 1	1	48153.749843750	48153.759593750	1400.000	4000.000	1.0000
415	Waveform 1	1	48155.332593750	48155.353718750	1400.000	4000.000	1.0000
415	Spectrogram 1	1	48155.332593750	48155.353718750	1400.000	4000.000	1.0000
416	Waveform 1	1	48162.731218750	48162.752343750	1400.000	4000.000	1.0000
416	Spectrogram 1	1	48162.731218750	48162.752343750	1400.000	4000.000	1.0000
417	Waveform 1	1	48165.352343750	48165.365343750	1400.000	4000.000	1.0000
417	Spectrogram 1	1	48165.352343750	48165.365343750	1400.000	4000.000	1.0000
418	Waveform 1	1	48184.350218750	48184.363218750	1400.000	4000.000	1.0000
418	Spectrogram 1	1	48184.350218750	48184.363218750	1400.000	4000.000	1.0000
419	Waveform 1	1	48188.027593750	48188.037343750	1400.000	4000.000	1.0000
419	Spectrogram 1	1	48188.027593750	48188.037343750	1400.000	4000.000	1.0000
420	Waveform 1	1	48190.161218750	48190.170968750	1400.000	4000.000	1.0000
420	Spectrogram 1	1	48190.161218750	48190.170968750	1400.000	4000.000	1.0000
421	Waveform 1	1	48192.202218750	48192.210343750	1400.000	4000.000	1.0000
421	Spectrogram 1	1	48192.202218750	48192.210343750	1400.000	4000.000	1.0000
422	Waveform 1	1	48214.450093750	48214.464718750	1400.000	4000.000	1.0000
422	Spectrogram 1	1	48214.450093750	48214.464718750	1400.000	4000.000	1.0000
423	Waveform 1	1	48215.506343750	48215.516093750	1400.000	4000.000	1.0000
423	Spectrogram 1	1	48215.506343750	48215.516093750	1400.000	4000.000	1.0000
424	Waveform 1	1	48252.375968750	48252.384093750	1400.000	4000.000	1.0000
424	Spectrogram 1	1	48252.375968750	48252.384093750	1400.000	4000.000	1.0000
425	Waveform 1	1	48255.149843750	48255.169343750	1400.000	4000.000	1.0000
425	Spectrogram 1	1	48255.149843750	48255.169343750	1400.000	4000.000	1.0000
426	Waveform 1	1	48255.250593750	48255.270093750	1400.000	4000.000	1.0000
426	Spectrogram 1	1	48255.250593750	48255.270093750	1400.000	4000.000	1.0000
427	Waveform 1	1	48255.614593750	48255.622718750	1400.000	4000.000	1.0000
427	Spectrogram 1	1	48255.614593750	48255.622718750	1400.000	4000.000	1.0000
428	Waveform 1	1	48259.855843750	48259.865593750	1400.000	4000.000	1.0000
428	Spectrogram 1	1	48259.855843750	48259.865593750	1400.000	4000.000	1.0000
429	Waveform 1	1	48260.912093750	48260.920218750	1400.000	4000.000	1.0000
429	Spectrogram 1	1	48260.912093750	48260.920218750	1400.000	4000.000	1.0000
430	Waveform 1	1	48271.455093750	48271.469718750	1400.000	4000.000	1.0000
430	Spectrogram 1	1	48271.455093750	48271.469718750	1400.000	4000.000	1.0000
431	Waveform 1	1	48290.399343750	48290.410718750	1400.000	4000.000	1.0000
431	Spectrogram 1	1	48290.399343750	48290.410718750	1400.000	4000.000	1.0000
432	Waveform 1	1	48290.773093750	48290.786093750	1400.000	4000.000	1.0000
432	Spectrogram 1	1	48290.773093750	48290.786093750	1400.000	4000.000	1.0000
433	Waveform 1	1	48290.984343750	48291.000593750	1400.000	4000.000	1.0000
433	Spectrogram 1	1	48290.984343750	48291.000593750	1400.000	4000.000	1.0000
434	Waveform 1	1	48292.550843750	48292.560593750	1400.000	4000.000	1.0000
434	Spectrogram 1	1	48292.550843750	48292.560593750	1400.000	4000.000	1.0000
435	Waveform 1	1	48293.572968750	48293.581093750	1400.000	4000.000	1.0000
435	Spectrogram 1	1	48293.572968750	48293.581093750	1400.000	4000.000	1.0000
436	Waveform 1	1	48298.337468750	48298.348843750	1400.000	4000.000	1.0000
436	Spectrogram 1	1	48298.337468750	48298.348843750	1400.000	4000.000	1.0000
437	Waveform 1	1	48299.455468750	48299.466843750	1400.000	4000.000	1.0000
437	Spectrogram 1	1	48299.455468750	48299.466843750	1400.000	4000.000	1.0000
438	Waveform 1	1	48395.242718750	48395.258968750	1400.000	4000.000	1.0000
438	Spectrogram 1	1	48395.242718750	48395.258968750	1400.000	4000.000	1.0000
439	Waveform 1	1	48603.163093750	48603.171218750	1400.000	4000.000	1.0000
439	Spectrogram 1	1	48603.163093750	48603.171218750	1400.000	4000.000	1.0000
440	Waveform 1	1	48796.733093750	48796.742843750	1400.000	4000.000	1.0000
440	Spectrogram 1	1	48796.733093750	48796.742843750	1400.000	4000.000	1.0000
441	Waveform 1	1	48819.489593750	48819.499343750	1400.000	4000.000	1.0000
441	Spectrogram 1	1	48819.489593750	48819.499343750	1400.000	4000.000	1.0000
442	Waveform 1	1	49044.032093750	49044.054843750	1400.000	4000.000	1.0000
442	Spectrogram 1	1	49044.032093750	49044.054843750	1400.000	4000.000	1.0000
443	Waveform 1	1	49181.742718750	49181.754093750	1400.000	4000.000	1.0000
443	Spectrogram 1	1	49181.742718750	49181.754093750	1400.000	4000.000	1.0000
444	Waveform 1	1	49201.315843750	49201.333718750	1400.000	4000.000	1.0000
444	Spectrogram 1	1	49201.315843750	49201.333718750	1400.000	4000.000	1.0000
445	Waveform 1	1	49232.488218750	49232.504468750	1400.000	4000.000	1.0000
445	Spectrogram 1	1	49232.488218750	49232.504468750	1400.000	4000.000	1.0000
446	Waveform 1	1	49235.702468750	49235.710593750	1400.000	4000.000	1.0000
446	Spectrogram 1	1	49235.702468750	49235.710593750	1400.000	4000.000	1.0000
447	Waveform 1	1	49237.306343750	49237.319343750	1400.000	4000.000	1.0000
447	Spectrogram 1	1	49237.306343750	49237.319343750	1400.000	4000.000	1.0000
448	Waveform 1	1	49245.785593750	49245.796968750	1400.000	4000.000	1.0000
448	Spectrogram 1	1	49245.785593750	49245.796968750	1400.000	4000.000	1.0000
449	Waveform 1	1	49246.071593750	49246.082968750	1400.000	4000.000	1.0000
449	Spectrogram 1	1	49246.071593750	49246.082968750	1400.000	4000.000	1.0000
450	Waveform 1	1	49247.902968750	49247.920843750	1400.000	4000.000	1.0000
450	Spectrogram 1	1	49247.902968750	49247.920843750	1400.000	4000.000	1.0000
451	Waveform 1	1	49248.437593750	49248.448968750	1400.000	4000.000	1.0000
451	Spectrogram 1	1	49248.437593750	49248.448968750	1400.000	4000.000	1.0000
452	Waveform 1	1	49248.946218750	49248.973843750	1400.000	4000.000	1.0000
452	Spectrogram 1	1	49248.946218750	49248.973843750	1400.000	4000.000	1.0000
453	Waveform 1	1	49249.763593750	49249.776593750	1400.000	4000.000	1.0000
453	Spectrogram 1	1	49249.763593750	49249.776593750	1400.000	4000.000	1.0000
454	Waveform 1	1	49250.314468750	49250.327468750	1400.000	4000.000	1.0000
454	Spectrogram 1	1	49250.314468750	49250.327468750	1400.000	4000.000	1.0000
455	Waveform 1	1	49250.535468750	49250.548468750	1400.000	4000.000	1.0000
455	Spectrogram 1	1	49250.535468750	49250.548468750	1400.000	4000.000	1.0000
456	Waveform 1	1	49251.066843750	49251.078218750	1400.000	4000.000	1.0000
456	Spectrogram 1	1	49251.066843750	49251.078218750	1400.000	4000.000	1.0000
457	Waveform 1	1	49251.588468750	49251.606343750	1400.000	4000.000	1.0000
457	Spectrogram 1	1	49251.588468750	49251.606343750	1400.000	4000.000	1.0000
458	Waveform 1	1	49251.898843750	49251.911843750	1400.000	4000.000	1.0000
458	Spectrogram 1	1	49251.898843750	49251.911843750	1400.000	4000.000	1.0000
459	Waveform 1	1	49252.950218750	49252.963218750	1400.000	4000.000	1.0000
459	Spectrogram 1	1	49252.950218750	49252.963218750	1400.000	4000.000	1.0000
460	Waveform 1	1	49253.128968750	49253.140343750	1400.000	4000.000	1.0000
460	Spectrogram 1	1	49253.128968750	49253.140343750	1400.000	4000.000	1.0000
461	Waveform 1	1	49253.449093750	49253.462093750	1400.000	4000.000	1.0000
461	Spectrogram 1	1	49253.449093750	49253.462093750	1400.000	4000.000	1.0000
462	Waveform 1	1	49254.011343750	49254.025968750	1400.000	4000.000	1.0000
462	Spectrogram 1	1	49254.011343750	49254.025968750	1400.000	4000.000	1.0000
463	Waveform 1	1	49258.769343750	49258.793718750	1400.000	4000.000	1.0000
463	Spectrogram 1	1	49258.769343750	49258.793718750	1400.000	4000.000	1.0000
464	Waveform 1	1	49259.472968750	49259.500593750	1400.000	4000.000	1.0000
464	Spectrogram 1	1	49259.472968750	49259.500593750	1400.000	4000.000	1.0000
465	Waveform 1	1	49259.794718750	49259.804468750	1400.000	4000.000	1.0000
465	Spectrogram 1	1	49259.794718750	49259.804468750	1400.000	4000.000	1.0000
466	Waveform 1	1	49260.025468750	49260.035218750	1400.000	4000.000	1.0000
466	Spectrogram 1	1	49260.025468750	49260.035218750	1400.000	4000.000	1.0000
467	Waveform 1	1	49260.282218750	49260.309843750	1400.000	4000.000	1.0000
467	Spectrogram 1	1	49260.282218750	49260.309843750	1400.000	4000.000	1.0000
468	Waveform 1	1	49261.952718750	49261.964093750	1400.000	4000.000	1.0000
468	Spectrogram 1	1	49261.952718750	49261.964093750	1400.000	4000.000	1.0000
469	Waveform 1	1	49264.635593750	49264.645343750	1400.000	4000.000	1.0000
469	Spectrogram 1	1	49264.635593750	49264.645343750	1400.000	4000.000	1.0000
470	Waveform 1	1	49264.794843750	49264.814343750	1400.000	4000.000	1.0000
470	Spectrogram 1	1	49264.794843750	49264.814343750	1400.000	4000.000	1.0000
471	Waveform 1	1	49265.669093750	49265.683718750	1400.000	4000.000	1.0000
471	Spectrogram 1	1	49265.669093750	49265.683718750	1400.000	4000.000	1.0000
472	Waveform 1	1	49266.180968750	49266.195593750	1400.000	4000.000	1.0000
472	Spectrogram 1	1	49266.180968750	49266.195593750	1400.000	4000.000	1.0000
473	Waveform 1	1	49266.735093750	49266.744843750	1400.000	4000.000	1.0000
473	Spectrogram 1	1	49266.735093750	49266.744843750	1400.000	4000.000	1.0000
474	Waveform 1	1	49269.890843750	49269.900593750	1400.000	4000.000	1.0000
474	Spectrogram 1	1	49269.890843750	49269.900593750	1400.000	4000.000	1.0000
475	Waveform 1	1	49271.418343750	49271.428093750	1400.000	4000.000	1.0000
475	Spectrogram 1	1	49271.418343750	49271.428093750	1400.000	4000.000	1.0000
476	Waveform 1	1	49273.577968750	49273.592593750	1400.000	4000.000	1.0000
476	Spectrogram 1	1	49273.577968750	49273.592593750	1400.000	4000.000	1.0000
477	Waveform 1	1	49274.052468750	49274.060593750	1400.000	4000.000	1.0000
477	Spectrogram 1	1	49274.052468750	49274.060593750	1400.000	4000.000	1.0000
478	Waveform 1	1	49274.122343750	49274.138593750	1400.000	4000.000	1.0000
478	Spectrogram 1	1	49274.122343750	49274.138593750	1400.000	4000.000	1.0000
479	Waveform 1	1	49274.660218750	49274.668343750	1400.000	4000.000	1.0000
479	Spectrogram 1	1	49274.660218750	49274.668343750	1400.000	4000.000	1.0000
480	Waveform 1	1	49275.196468750	49275.209468750	1400.000	4000.000	1.0000
480	Spectrogram 1	1	49275.196468750	49275.209468750	1400.000	4000.000	1.0000
481	Waveform 1	1	49275.376843750	49275.388218750	1400.000	4000.000	1.0000
481	Spectrogram 1	1	49275.376843750	49275.388218750	1400.000	4000.000	1.0000
482	Waveform 1	1	49275.731093750	49275.739218750	1400.000	4000.000	1.0000
482	Spectrogram 1	1	49275.731093750	49275.739218750	1400.000	4000.000	1.0000
483	Waveform 1	1	49276.688218750	49276.697968750	1400.000	4000.000	1.0000
483	Spectrogram 1	1	49276.688218750	49276.697968750	1400.000	4000.000	1.0000
484	Waveform 1	1	49276.964468750	49276.987218750	1400.000	4000.000	1.0000
484	Spectrogram 1	1	49276.964468750	49276.987218750	1400.000	4000.000	1.0000
485	Waveform 1	1	49278.399343750	49278.407468750	1400.000	4000.000	1.0000
485	Spectrogram 1	1	49278.399343750	49278.407468750	1400.000	4000.000	1.0000
486	Waveform 1	1	49278.556968750	49278.578093750	1400.000	4000.000	1.0000
486	Spectrogram 1	1	49278.556968750	49278.578093750	1400.000	4000.000	1.0000
487	Waveform 1	1	49278.924218750	49278.935593750	1400.000	4000.000	1.0000
487	Spectrogram 1	1	49278.924218750	49278.935593750	1400.000	4000.000	1.0000
488	Waveform 1	1	49279.054218750	49279.062343750	1400.000	4000.000	1.0000
488	Spectrogram 1	1	49279.054218750	49279.062343750	1400.000	4000.000	1.0000
489	Waveform 1	1	49279.559593750	49279.574218750	1400.000	4000.000	1.0000
489	Spectrogram 1	1	49279.559593750	49279.574218750	1400.000	4000.000	1.0000
490	Waveform 1	1	49280.009718750	49280.019468750	1400.000	4000.000	1.0000
490	Spectrogram 1	1	49280.009718750	49280.019468750	1400.000	4000.000	1.0000
491	Waveform 1	1	49280.151093750	49280.164093750	1400.000	4000.000	1.0000
491	Spectrogram 1	1	49280.151093750	49280.164093750	1400.000	4000.000	1.0000
492	Waveform 1	1	49280.427343750	49280.440343750	1400.000	4000.000	1.0000
492	Spectrogram 1	1	49280.427343750	49280.440343750	1400.000	4000.000	1.0000
493	Waveform 1	1	49280.659718750	49280.671093750	1400.000	4000.000	1.0000
493	Spectrogram 1	1	49280.659718750	49280.671093750	1400.000	4000.000	1.0000
494	Waveform 1	1	49281.561593750	49281.579468750	1400.000	4000.000	1.0000
494	Spectrogram 1	1	49281.561593750	49281.579468750	1400.000	4000.000	1.0000
495	Waveform 1	1	49282.065343750	49282.073468750	1400.000	4000.000	1.0000
495	Spectrogram 1	1	49282.065343750	49282.073468750	1400.000	4000.000	1.0000
496	Waveform 1	1	49282.751093750	49282.764093750	1400.000	4000.000	1.0000
496	Spectrogram 1	1	49282.751093750	49282.764093750	1400.000	4000.000	1.0000
497	Waveform 1	1	49283.175218750	49283.186593750	1400.000	4000.000	1.0000
497	Spectrogram 1	1	49283.175218750	49283.186593750	1400.000	4000.000	1.0000
498	Waveform 1	1	49284.377718750	49284.393968750	1400.000	4000.000	1.0000
498	Spectrogram 1	1	49284.377718750	49284.393968750	1400.000	4000.000	1.0000
499	Waveform 1	1	49288.620593750	49288.630343750	1400.000	4000.000	1.0000
499	Spectrogram 1	1	49288.620593750	49288.630343750	1400.000	4000.000	1.0000
500	Waveform 1	1	49296.872343750	49296.883718750	1400.000	4000.000	1.0000
500	Spectrogram 1	1	49296.872343750	49296.883718750	1400.000	4000.000	1.0000
501	Waveform 1	1	49302.364843750	49302.376218750	1400.000	4000.000	1.0000
501	Spectrogram 1	1	49302.364843750	49302.376218750	1400.000	4000.000	1.0000
502	Waveform 1	1	49302.852343750	49302.863718750	1400.000	4000.000	1.0000
502	Spectrogram 1	1	49302.852343750	49302.863718750	1400.000	4000.000	1.0000
503	Waveform 1	1	49303.201718750	49303.213093750	1400.000	4000.000	1.0000
503	Spectrogram 1	1	49303.201718750	49303.213093750	1400.000	4000.000	1.0000
504	Waveform 1	1	49303.908593750	49303.928093750	1400.000	4000.000	1.0000
504	Spectrogram 1	1	49303.908593750	49303.928093750	1400.000	4000.000	1.0000
505	Waveform 1	1	49305.371093750	49305.382468750	1400.000	4000.000	1.0000
505	Spectrogram 1	1	49305.371093750	49305.382468750	1400.000	4000.000	1.0000
506	Waveform 1	1	49309.583093750	49309.591218750	1400.000	4000.000	1.0000
506	Spectrogram 1	1	49309.583093750	49309.591218750	1400.000	4000.000	1.0000
507	Waveform 1	1	49310.306218750	49310.319218750	1400.000	4000.000	1.0000
507	Spectrogram 1	1	49310.306218750	49310.319218750	1400.000	4000.000	1.0000
508	Waveform 1	1	49313.416468750	49313.429468750	1400.000	4000.000	1.0000
508	Spectrogram 1	1	49313.416468750	49313.429468750	1400.000	4000.000	1.0000
509	Waveform 1	1	49316.438968750	49316.456843750	1400.000	4000.000	1.0000
509	Spectrogram 1	1	49316.438968750	49316.456843750	1400.000	4000.000	1.0000
510	Waveform 1	1	49333.631468750	49333.642843750	1400.000	4000.000	1.0000
510	Spectrogram 1	1	49333.631468750	49333.642843750	1400.000	4000.000	1.0000
511	Waveform 1	1	49339.257218750	49339.265343750	1400.000	4000.000	1.0000
511	Spectrogram 1	1	49339.257218750	49339.265343750	1400.000	4000.000	1.0000
512	Waveform 1	1	49345.734468750	49345.750718750	1400.000	4000.000	1.0000
512	Spectrogram 1	1	49345.734468750	49345.750718750	1400.000	4000.000	1.0000
513	Waveform 1	1	49572.813593750	49572.824968750	1400.000	4000.000	1.0000
513	Spectrogram 1	1	49572.813593750	49572.824968750	1400.000	4000.000	1.0000
514	Waveform 1	1	50227.698343750	50227.712968750	1400.000	4000.000	1.0000
514	Spectrogram 1	1	50227.698343750	50227.712968750	1400.000	4000.000	1.0000
515	Waveform 1	1	50480.793718750	50480.809968750	1400.000	4000.000	1.0000
515	Spectrogram 1	1	50480.793718750	50480.809968750	1400.000	4000.000	1.0000
516	Waveform 1	1	51105.762218750	51105.770343750	1400.000	4000.000	1.0000
516	Spectrogram 1	1	51105.762218750	51105.770343750	1400.000	4000.000	1.0000
517	Waveform 1	1	51879.130593750	51879.161468750	1400.000	4000.000	1.0000
517	Spectrogram 1	1	51879.130593750	51879.161468750	1400.000	4000.000	1.0000
518	Waveform 1	1	51879.198843750	51879.208593750	1400.000	4000.000	1.0000
518	Spectrogram 1	1	51879.198843750	51879.208593750	1400.000	4000.000	1.0000
519	Waveform 1	1	52518.363343750	52518.389343750	1400.000	4000.000	1.0000
519	Spectrogram 1	1	52518.363343750	52518.389343750	1400.000	4000.000	1.0000
520	Waveform 1	1	53422.835093750	53422.865968750	1400.000	4000.000	1.0000
520	Spectrogram 1	1	53422.835093750	53422.865968750	1400.000	4000.000	1.0000
521	Waveform 1	1	53460.512343750	53460.538343750	1400.000	4000.000	1.0000
521	Spectrogram 1	1	53460.512343750	53460.538343750	1400.000	4000.000	1.0000
522	Waveform 1	1	53461.383343750	53461.393093750	1400.000	4000.000	1.0000
522	Spectrogram 1	1	53461.383343750	53461.393093750	1400.000	4000.000	1.0000
523	Waveform 1	1	53627.383593750	53627.401468750	1400.000	4000.000	1.0000
523	Spectrogram 1	1	53627.383593750	53627.401468750	1400.000	4000.000	1.0000
524	Waveform 1	1	53991.622468750	53991.630593750	1400.000	4000.000	1.0000
524	Spectrogram 1	1	53991.622468750	53991.630593750	1400.000	4000.000	1.0000
525	Waveform 1	1	54045.721968750	54045.741468750	1400.000	4000.000	1.0000
525	Spectrogram 1	1	54045.721968750	54045.741468750	1400.000	4000.000	1.0000
526	Waveform 1	1	54082.260093750	54082.271468750	1400.000	4000.000	1.0000
526	Spectrogram 1	1	54082.260093750	54082.271468750	1400.000	4000.000	1.0000
527	Waveform 1	1	54168.718218750	54168.745843750	1400.000	4000.000	0.7647
527	Spectrogram 1	1	54168.718218750	54168.745843750	1400.000	4000.000	0.7647
528	Waveform 1	1	54368.040718750	54368.058593750	1400.000	4000.000	1.0000
528	Spectrogram 1	1	54368.040718750	54368.058593750	1400.000	4000.000	1.0000
529	Waveform 1	1	54532.136468750	54532.146218750	1400.000	4000.000	1.0000
529	Spectrogram 1	1	54532.136468750	54532.146218750	1400.000	4000.000	1.0000
530	Waveform 1	1	55029.077718750	55029.093968750	1400.000	4000.000	1.0000
530	Spectrogram 1	1	55029.077718750	55029.093968750	1400.000	4000.000	1.0000
531	Waveform 1	1	55106.676343750	55106.708843750	1400.000	4000.000	1.0000
531	Spectrogram 1	1	55106.676343750	55106.708843750	1400.000	4000.000	1.0000
532	Waveform 1	1	55116.616468750	55116.642468750	1400.000	4000.000	1.0000
532	Spectrogram 1	1	55116.616468750	55116.642468750	1400.000	4000.000	1.0000
533	Waveform 1	1	55268.836718750	55268.862718750	1400.000	4000.000	1.0000
533	Spectrogram 1	1	55268.836718750	55268.862718750	1400.000	4000.000	1.0000
534	Waveform 1	1	55348.726593750	55348.736343750	1400.000	4000.000	1.0000
534	Spectrogram 1	1	55348.726593750	55348.736343750	1400.000	4000.000	1.0000
535	Waveform 1	1	55365.433218750	55365.449468750	1400.000	4000.000	1.0000
535	Spectrogram 1	1	55365.433218750	55365.449468750	1400.000	4000.000	1.0000
536	Waveform 1	1	55380.865843750	55380.882093750	1400.000	4000.000	1.0000
536	Spectrogram 1	1	55380.865843750	55380.882093750	1400.000	4000.000	1.0000
537	Waveform 1	1	56968.544468750	56968.560718750	1400.000	4000.000	1.0000
537	Spectrogram 1	1	56968.544468750	56968.560718750	1400.000	4000.000	1.0000
538	Waveform 1	1	58429.676218750	58429.689218750	1400.000	4000.000	1.0000
538	Spectrogram 1	1	58429.676218750	58429.689218750	1400.000	4000.000	1.0000
539	Waveform 1	1	59693.216093750	59693.225843750	1400.000	4000.000	1.0000
539	Spectrogram 1	1	59693.216093750	59693.225843750	1400.000	4000.000	1.0000
540	Waveform 1	1	60288.078218750	60288.100968750	1400.000	4000.000	1.0000
540	Spectrogram 1	1	60288.078218750	60288.100968750	1400.000	4000.000	1.0000
541	Waveform 1	1	60288.390218750	60288.419468750	1400.000	4000.000	1.0000
541	Spectrogram 1	1	60288.390218750	60288.419468750	1400.000	4000.000	1.0000
542	Waveform 1	1	60396.946718750	60396.962968750	1400.000	4000.000	1.0000
542	Spectrogram 1	1	60396.946718750	60396.962968750	1400.000	4000.000	1.0000
543	Waveform 1	1	61629.640843750	61629.661968750	1400.000	4000.000	1.0000
543	Spectrogram 1	1	61629.640843750	61629.661968750	1400.000	4000.000	1.0000
544	Waveform 1	1	62865.570343750	62865.591468750	1400.000	4000.000	1.0000
544	Spectrogram 1	1	62865.570343750	62865.591468750	1400.000	4000.000	1.0000
545	Waveform 1	1	63956.577468750	63956.588843750	1400.000	4000.000	1.0000
545	Spectrogram 1	1	63956.577468750	63956.588843750	1400.000	4000.000	1.0000
546	Waveform 1	1	65252.355718750	65252.365468750	1400.000	4000.000	1.0000
546	Spectrogram 1	1	65252.355718750	65252.365468750	1400.000	4000.000	1.0000
547	Waveform 1	1	65627.935468750	65627.943593750	1400.000	4000.000	1.0000
547	Spectrogram 1	1	65627.935468750	65627.943593750	1400.000	4000.000	1.0000
548	Waveform 1	1	66497.788218750	66497.801218750	1400.000	4000.000	1.0000
548	Spectrogram 1	1	66497.788218750	66497.801218750	1400.000	4000.000	1.0000
549	Waveform 1	1	67023.215718750	67023.231968750	1400.000	4000.000	1.0000
549	Spectrogram 1	1	67023.215718750	67023.231968750	1400.000	4000.000	1.0000
550	Waveform 1	1	68815.998593750	68816.016468750	1400.000	4000.000	1.0000
550	Spectrogram 1	1	68815.998593750	68816.016468750	1400.000	4000.000	1.0000
551	Waveform 1	1	68945.257593750	68945.285218750	1400.000	4000.000	0.7059
551	Spectrogram 1	1	68945.257593750	68945.285218750	1400.000	4000.000	0.7059
552	Waveform 1	1	70275.219343750	70275.232343750	1400.000	4000.000	1.0000
552	Spectrogram 1	1	70275.219343750	70275.232343750	1400.000	4000.000	1.0000
553	Waveform 1	1	71467.829593750	71467.844218750	1400.000	4000.000	1.0000
553	Spectrogram 1	1	71467.829593750	71467.844218750	1400.000	4000.000	1.0000
554	Waveform 1	1	74049.772593750	74049.800218750	1400.000	4000.000	1.0000
554	Spectrogram 1	1	74049.772593750	74049.800218750	1400.000	4000.000	1.0000
555	Waveform 1	1	75696.628843750	75696.640218750	1400.000	4000.000	1.0000
555	Spectrogram 1	1	75696.628843750	75696.640218750	1400.000	4000.000	1.0000
556	Waveform 1	1	76094.488968750	76094.498718750	1400.000	4000.000	1.0000
556	Spectrogram 1	1	76094.488968750	76094.498718750	1400.000	4000.000	1.0000
557	Waveform 1	1	76173.621593750	76173.637843750	1400.000	4000.000	1.0000
557	Spectrogram 1	1	76173.621593750	76173.637843750	1400.000	4000.000	1.0000
558	Waveform 1	1	76283.872968750	76283.887593750	1400.000	4000.000	1.0000
558	Spectrogram 1	1	76283.872968750	76283.887593750	1400.000	4000.000	1.0000
559	Waveform 1	1	78993.079468750	78993.087593750	1400.000	4000.000	1.0000
559	Spectrogram 1	1	78993.079468750	78993.087593750	1400.000	4000.000	1.0000
560	Waveform 1	1	79439.938218750	79439.962593750	1400.000	4000.000	1.0000
560	Spectrogram 1	1	79439.938218750	79439.962593750	1400.000	4000.000	1.0000
561	Waveform 1	1	79985.289843750	79985.312593750	1400.000	4000.000	1.0000
561	Spectrogram 1	1	79985.289843750	79985.312593750	1400.000	4000.000	1.0000
562	Waveform 1	1	83884.828343750	83884.846218750	1400.000	4000.000	1.0000
562	Spectrogram 1	1	83884.828343750	83884.846218750	1400.000	4000.000	1.0000
563	Waveform 1	1	83916.600343750	83916.626343750	1400.000	4000.000	1.0000
563	Spectrogram 1	1	83916.600343750	83916.626343750	1400.000	4000.000	1.0000
564	Waveform 1	1	83936.397718750	83936.415593750	1400.000	4000.000	1.0000
564	Spectrogram 1	1	83936.397718750	83936.415593750	1400.000	4000.000	1.0000
565	Waveform 1	1	84098.996843750	84099.013093750	1400.000	4000.000	1.0000
565	Spectrogram 1	1	84098.996843750	84099.013093750	1400.000	4000.000	1.0000
566	Waveform 1	1	84400.149968750	84400.158093750	1400.000	4000.000	1.0000
566	Spectrogram 1	1	84400.149968750	84400.158093750	1400.000	4000.000	1.0000
567	Waveform 1	1	84771.841093750	84771.855718750	1400.000	4000.000	1.0000
567	Spectrogram 1	1	84771.841093750	84771.855718750	1400.000	4000.000	1.0000
568	Waveform 1	1	84771.940218750	84771.951593750	1400.000	4000.000	1.0000
568	Spectrogram 1	1	84771.940218750	84771.951593750	1400.000	4000.000	1.0000
569	Waveform 1	1	84831.506218750	84831.517593750	1400.000	4000.000	1.0000
569	Spectrogram 1	1	84831.506218750	84831.517593750	1400.000	4000.000	1.0000
570	Waveform 1	1	85199.511843750	85199.523218750	1400.000	4000.000	1.0000
570	Spectrogram 1	1	85199.511843750	85199.523218750	1400.000	4000.000	1.0000
571	Waveform 1	1	85895.130468750	85895.156468750	1400.000	4000.000	1.0000
571	Spectrogram 1	1	85895.130468750	85895.156468750	1400.000	4000.000	1.0000
