Selection	View	Channel	Begin Time (s)	End Time (s)	Low Freq (Hz)	High Freq (Hz)	Occupancy
1	Waveform 1	1	6700.220843750	6700.232218750	1400.000	4000.000	1.0000
1	Spectrogram 1	1	6700.220843750	6700.232218750	1400.000	4000.000	1.0000
2	Waveform 1	1	6717.544968750	6717.569343750	1400.000	4000.000	1.0000
2	Spectrogram 1	1	6717.544968750	6717.569343750	1400.000	4000.000	1.0000
3	Waveform 1	1	6717.626218750	6717.639218750	1400.000	4000.000	1.0000
3	Spectrogram 1	1	6717.626218750	6717.639218750	1400.000	4000.000	1.0000
4	Waveform 1	1	6718.165718750	6718.196593750	1400.000	4000.000	1.0000
4	Spectrogram 1	1	6718.165718750	6718.196593750	1400.000	4000.000	1.0000
5	Waveform 1	1	6726.763593750	6726.773343750	1400.000	4000.000	1.0000
5	Spectrogram 1	1	6726.763593750	6726.773343750	1400.000	4000.000	1.0000
6	Waveform 1	1	10711.855093750	10711.872968750	1400.000	4000.000	1.0000
6	Spectrogram 1	1	10711.855093750	10711.872968750	1400.000	4000.000	1.0000
7	Waveform 1	1	11275.691093750	11275.700843750	1400.000	4000.000	1.0000
7	Spectrogram 1	1	11275.691093750	11275.700843750	1400.000	4000.000	1.0000
8	Waveform 1	1	11309.710468750	11309.718593750	1400.000	4000.000	1.0000
8	Spectrogram 1	1	11309.710468750	11309.718593750	1400.000	4000.000	1.0000
9	Waveform 1	1	11314.268593750	11314.278343750	1400.000	4000.000	1.0000
9	Spectrogram 1	1	11314.268593750	11314.278343750	1400.000	4000.000	1.0000
10	Waveform 1	1	11327.370968750	11327.379093750	1400.000	4000.000	1.0000
10	Spectrogram 1	1	11327.370968750	11327.379093750	1400.000	4000.000	1.0000
11	Waveform 1	1	11331.025593750	11331.035343750	1400.000	4000.000	1.0000
11	Spectrogram 1	1	11331.025593750	11331.035343750	1400.000	4000.000	1.0000
12	Waveform 1	1	11348.458593750	11348.466718750	1400.000	4000.000	1.0000
12	Spectrogram 1	1	11348.458593750	11348.466718750	1400.000	4000.000	1.0000
13	Waveform 1	1	11350.569468750	11350.577593750	1400.000	4000.000	1.0000
13	Spectrogram 1	1	11350.569468750	11350.577593750	1400.000	4000.000	1.0000
14	Waveform 1	1	11350.611718750	11350.619843750	1400.000	4000.000	1.0000
14	Spectrogram 1	1	11350.611718750	11350.619843750	1400.000	4000.000	1.0000
15	Waveform 1	1	11363.655593750	11363.666968750	1400.000	4000.000	1.0000
15	Spectrogram 1	1	11363.655593750	11363.666968750	1400.000	4000.000	1.0000
16	Waveform 1	1	11363.704343750	11363.715718750	1400.000	4000.000	1.0000
16	Spectrogram 1	1	11363.704343750	11363.715718750	1400.000	4000.000	1.0000
17	Waveform 1	1	11367.810718750	11367.818843750	1400.000	4000.000	1.0000
17	Spectrogram 1	1	11367.810718750	11367.818843750	1400.000	4000.000	1.0000
18	Waveform 1	1	11375.748843750	11375.760218750	1400.000	4000.000	1.0000
18	Spectrogram 1	1	11375.748843750	11375.760218750	1400.000	4000.000	1.0000
19	Waveform 1	1	11375.797593750	11375.807343750	1400.000	4000.000	1.0000
19	Spectrogram 1	1	11375.797593750	11375.807343750	1400.000	4000.000	1.0000
20	Waveform 1	1	11389.735218750	11389.746593750	1400.000	4000.000	1.0000
20	Spectrogram 1	1	11389.735218750	11389.746593750	1400.000	4000.000	1.0000
21	Waveform 1	1	11389.788843750	11389.801843750	1400.000	4000.000	1.0000
21	Spectrogram 1	1	11389.788843750	11389.801843750	1400.000	4000.000	1.0000
22	Waveform 1	1	11411.541093750	11411.549218750	1400.000	4000.000	1.0000
22	Spectrogram 1	1	11411.541093750	11411.549218750	1400.000	4000.000	1.0000
23	Waveform 1	1	11412.576218750	11412.585968750	1400.000	4000.000	1.0000
23	Spectrogram 1	1	11412.576218750	11412.585968750	1400.000	4000.000	1.0000
24	Waveform 1	1	11424.968468750	11424.984718750	1400.000	4000.000	1.0000
24	Spectrogram 1	1	11424.968468750	11424.984718750	1400.000	4000.000	1.0000
25	Waveform 1	1	11425.036718750	11425.048093750	1400.000	4000.000	1.0000
25	Spectrogram 1	1	11425.036718750	11425.048093750	1400.000	4000.000	1.0000
26	Waveform 1	1	11427.240218750	11427.248343750	1400.000	4000.000	1.0000
26	Spectrogram 1	1	11427.240218750	11427.248343750	1400.000	4000.000	1.0000
27	Waveform 1	1	11435.608968750	11435.621968750	1400.000	4000.000	1.0000
27	Spectrogram 1	1	11435.608968750	11435.621968750	1400.000	4000.000	1.0000
28	Waveform 1	1	11484.870843750	11484.880593750	1400.000	4000.000	1.0000
28	Spectrogram 1	1	11484.870843750	11484.880593750	1400.000	4000.000	1.0000
29	Waveform 1	1	11494.156093750	11494.173968750	1400.000	4000.000	1.0000
29	Spectrogram 1	1	11494.156093750	11494.173968750	1400.000	4000.000	1.0000
30	Waveform 1	1	11494.242218750	11494.255218750	1400.000	4000.000	1.0000
30	Spectrogram 1	1	11494.242218750	11494.255218750	1400.000	4000.000	1.0000
31	Waveform 1	1	11508.030343750	11508.040093750	1400.000	4000.000	1.0000
31	Spectrogram 1	1	11508.030343750	11508.040093750	1400.000	4000.000	1.0000
32	Waveform 1	1	11511.876718750	11511.901093750	1400.000	4000.000	1.0000
32	Spectrogram 1	1	11511.876718750	11511.901093750	1400.000	4000.000	1.0000
33	Waveform 1	1	11529.745218750	11529.761468750	1400.000	4000.000	1.0000
33	Spectrogram 1	1	11529.745218750	11529.761468750	1400.000	4000.000	1.0000
34	Waveform 1	1	11591.410718750	11591.426968750	1400.000	4000.000	1.0000
34	Spectrogram 1	1	11591.410718750	11591.426968750	1400.000	4000.000	1.0000
35	Waveform 1	1	11724.260968750	11724.272343750	1400.000	4000.000	1.0000
35	Spectrogram 1	1	11724.260968750	11724.272343750	1400.000	4000.000	1.0000
36	Waveform 1	1	11724.324343750	11724.337343750	1400.000	4000.000	1.0000
36	Spectrogram 1	1	11724.324343750	11724.337343750	1400.000	4000.000	1.0000
37	Waveform 1	1	11828.616843750	11828.631468750	1400.000	4000.000	1.0000
37	Spectrogram 1	1	11828.616843750	11828.631468750	1400.000	4000.000	1.0000
38	Waveform 1	1	11832.328343750	11832.338093750	1400.000	4000.000	1.0000
38	Spectrogram 1	1	11832.328343750	11832.338093750	1400.000	4000.000	1.0000
39	Waveform 1	1	12014.117093750	12014.125218750	1400.000	4000.000	1.0000
39	Spectrogram 1	1	12014.117093750	12014.125218750	1400.000	4000.000	1.0000
40	Waveform 1	1	12552.869593750	12552.884218750	1400.000	4000.000	1.0000
40	Spectrogram 1	1	12552.869593750	12552.884218750	1400.000	4000.000	1.0000
41	Waveform 1	1	12638.518468750	12638.539593750	1400.000	4000.000	1.0000
41	Spectrogram 1	1	12638.518468750	12638.539593750	1400.000	4000.000	1.0000
42	Waveform 1	1	13250.382968750	13250.391093750	1400.000	4000.000	1.0000
42	Spectrogram 1	1	13250.382968750	13250.391093750	1400.000	4000.000	1.0000
43	Waveform 1	1	15408.400843750	15408.428468750	1400.000	4000.000	1.0000
43	Spectrogram 1	1	15408.400843750	15408.428468750	1400.000	4000.000	1.0000
44	Waveform 1	1	15409.000468750	15409.032968750	1400.000	4000.000	1.0000
44	Spectrogram 1	1	15409.000468750	15409.032968750	1400.000	4000.000	1.0000
45	Waveform 1	1	15918.457468750	15918.468843750	1400.000	4000.000	1.0000
45	Spectrogram 1	1	15918.457468750	15918.468843750	1400.000	4000.000	1.0000
46	Waveform 1	1	18736.007593750	18736.025468750	1400.000	4000.000	1.0000
46	Spectrogram 1	1	18736.007593750	18736.025468750	1400.000	4000.000	1.0000
47	Waveform 1	1	19204.020593750	19204.033593750	1400.000	4000.000	1.0000
47	Spectrogram 1	1	19204.020593750	19204.033593750	1400.000	4000.000	1.0000
48	Waveform 1	1	19217.655968750	19217.668968750	1400.000	4000.000	1.0000
48	Spectrogram 1	1	19217.655968750	19217.668968750	1400.000	4000.000	1.0000
49	Waveform 1	1	19224.428968750	19224.441968750	1400.000	4000.000	1.0000
49	Spectrogram 1	1	19224.428968750	19224.441968750	1400.000	4000.000	1.0000
50	Waveform 1	1	19231.166218750	19231.177593750	1400.000	4000.000	1.0000
50	Spectrogram 1	1	19231.166218750	19231.177593750	1400.000	4000.000	1.0000
51	Waveform 1	1	19237.945718750	19237.953843750	1400.000	4000.000	1.0000
51	Spectrogram 1	1	19237.945718750	19237.953843750	1400.000	4000.000	1.0000
52	Waveform 1	1	23462.492343750	23462.508593750	1400.000	4000.000	1.0000
52	Spectrogram 1	1	23462.492343750	23462.508593750	1400.000	4000.000	1.0000
53	Waveform 1	1	23518.506093750	23518.514218750	1400.000	4000.000	1.0000
53	Spectrogram 1	1	23518.506093750	23518.514218750	1400.000	4000.000	1.0000
54	Waveform 1	1	24810.951468750	24810.969343750	1400.000	4000.000	1.0000
54	Spectrogram 1	1	24810.951468750	24810.969343750	1400.000	4000.000	1.0000
55	Waveform 1	1	24821.161343750	24821.180843750	1400.000	4000.000	1.0000
55	Spectrogram 1	1	24821.161343750	24821.180843750	1400.000	4000.000	1.0000
56	Waveform 1	1	24840.848218750	24840.857968750	1400.000	4000.000	1.0000
56	Spectrogram 1	1	24840.848218750	24840.857968750	1400.000	4000.000	1.0000
57	Waveform 1	1	24840.914843750	24840.931093750	1400.000	4000.000	1.0000
57	Spectrogram 1	1	24840.914843750	24840.931093750	1400.000	4000.000	1.0000
58	Waveform 1	1	24864.537468750	24864.558593750	1400.000	4000.000	1.0000
58	Spectrogram 1	1	24864.537468750	24864.558593750	1400.000	4000.000	1.0000
59	Waveform 1	1	24864.621968750	24864.649593750	1400.000	4000.000	1.0000
59	Spectrogram 1	1	24864.621968750	24864.649593750	1400.000	4000.000	1.0000
60	Waveform 1	1	24883.189218750	24883.205468750	1400.000	4000.000	1.0000
60	Spectrogram 1	1	24883.189218750	24883.205468750	1400.000	4000.000	1.0000
61	Waveform 1	1	24910.138218750	24910.152843750	1400.000	4000.000	1.0000
61	Spectrogram 1	1	24910.138218750	24910.152843750	1400.000	4000.000	1.0000
62	Waveform 1	1	24930.793593750	24930.814718750	1400.000	4000.000	1.0000
62	Spectrogram 1	1	24930.793593750	24930.814718750	1400.000	4000.000	1.0000
63	Waveform 1	1	26788.634968750	26788.646343750	1400.000	4000.000	1.0000
63	Spectrogram 1	1	26788.634968750	26788.646343750	1400.000	4000.000	1.0000
64	Waveform 1	1	33325.069093750	33325.080468750	1400.000	4000.000	1.0000
64	Spectrogram 1	1	33325.069093750	33325.080468750	1400.000	4000.000	1.0000
65	Waveform 1	1	33586.052218750	33586.063593750	1400.000	4000.000	1.0000
65	Spectrogram 1	1	33586.052218750	33586.063593750	1400.000	4000.000	1.0000
66	Waveform 1	1	33802.583468750	33802.598093750	1400.000	4000.000	1.0000
66	Spectrogram 1	1	33802.583468750	33802.598093750	1400.000	4000.000	1.0000
67	Waveform 1	1	33895.505843750	33895.520468750	1400.000	4000.000	1.0000
67	Spectrogram 1	1	33895.505843750	33895.520468750	1400.000	4000.000	1.0000
68	Waveform 1	1	33926.619718750	33926.627843750	1400.000	4000.000	1.0000
68	Spectrogram 1	1	33926.619718750	33926.627843750	1400.000	4000.000	1.0000
69	Waveform 1	1	36770.491593750	36770.504593750	1400.000	4000.000	1.0000
69	Spectrogram 1	1	36770.491593750	36770.504593750	1400.000	4000.000	1.0000
70	Waveform 1	1	36812.983718750	36812.995093750	1400.000	4000.000	1.0000
70	Spectrogram 1	1	36812.983718750	36812.995093750	1400.000	4000.000	1.0000
71	Waveform 1	1	36849.736343750	36849.757468750	1400.000	4000.000	1.0000
71	Spectrogram 1	1	36849.736343750	36849.757468750	1400.000	4000.000	1.0000
72	Waveform 1	1	37020.372718750	37020.387343750	1400.000	4000.000	1.0000
72	Spectrogram 1	1	37020.372718750	37020.387343750	1400.000	4000.000	1.0000
73	Waveform 1	1	40784.610468750	40784.618593750	1400.000	4000.000	1.0000
73	Spectrogram 1	1	40784.610468750	40784.618593750	1400.000	4000.000	1.0000
74	Waveform 1	1	41424.624843750	41424.632968750	1400.000	4000.000	1.0000
74	Spectrogram 1	1	41424.624843750	41424.632968750	1400.000	4000.000	1.0000
75	Waveform 1	1	41960.827718750	41960.837468750	1400.000	4000.000	1.0000
75	Spectrogram 1	1	41960.827718750	41960.837468750	1400.000	4000.000	1.0000
76	Waveform 1	1	42920.022968750	42920.048968750	1400.000	4000.000	1.0000
76	Spectrogram 1	1	42920.022968750	42920.048968750	1400.000	4000.000	1.0000
77	Waveform 1	1	42934.202718750	42934.230343750	1400.000	4000.000	1.0000
77	Spectrogram 1	1	42934.202718750	42934.230343750	1400.000	4000.000	1.0000
78	Waveform 1	1	42949.144593750	42949.167343750	1400.000	4000.000	1.0000
78	Spectrogram 1	1	42949.144593750	42949.167343750	1400.000	4000.000	1.0000
79	Waveform 1	1	42985.663218750	42985.684343750	1400.000	4000.000	1.0000
79	Spectrogram 1	1	42985.663218750	42985.684343750	1400.000	4000.000	1.0000
80	Waveform 1	1	43038.753593750	43038.764968750	1400.000	4000.000	1.0000
80	Spectrogram 1	1	43038.753593750	43038.764968750	1400.000	4000.000	1.0000
81	Waveform 1	1	43135.233093750	43135.246093750	1400.000	4000.000	1.0000
81	Spectrogram 1	1	43135.233093750	43135.246093750	1400.000	4000.000	1.0000
82	Waveform 1	1	43143.731843750	43143.757843750	1400.000	4000.000	1.0000
82	Spectrogram 1	1	43143.731843750	43143.757843750	1400.000	4000.000	1.0000
83	Waveform 1	1	43144.580093750	43144.591468750	1400.000	4000.000	1.0000
83	Spectrogram 1	1	43144.580093750	43144.591468750	1400.000	4000.000	1.0000
84	Waveform 1	1	43164.665093750	43164.674843750	1400.000	4000.000	1.0000
84	Spectrogram 1	1	43164.665093750	43164.674843750	1400.000	4000.000	1.0000
85	Waveform 1	1	43178.095718750	43178.128218750	1400.000	4000.000	1.0000
85	Spectrogram 1	1	43178.095718750	43178.128218750	1400.000	4000.000	1.0000
86	Waveform 1	1	43187.930218750	43187.938343750	1400.000	4000.000	1.0000
86	Spectrogram 1	1	43187.930218750	43187.938343750	1400.000	4000.000	1.0000
87	Waveform 1	1	43207.524468750	43207.547218750	1400.000	4000.000	1.0000
87	Spectrogram 1	1	43207.524468750	43207.547218750	1400.000	4000.000	1.0000
88	Waveform 1	1	46688.947218750	46688.963468750	1400.000	4000.000	1.0000
88	Spectrogram 1	1	46688.947218750	46688.963468750	1400.000	4000.000	1.0000
89	Waveform 1	1	46695.538218750	46695.551218750	1400.000	4000.000	1.0000
89	Spectrogram 1	1	46695.538218750	46695.551218750	1400.000	4000.000	1.0000
90	Waveform 1	1	46702.203968750	46702.218593750	1400.000	4000.000	1.0000
90	Spectrogram 1	1	46702.203968750	46702.218593750	1400.000	4000.000	1.0000
91	Waveform 1	1	46715.437968750	46715.446093750	1400.000	4000.000	1.0000
91	Spectrogram 1	1	46715.437968750	46715.446093750	1400.000	4000.000	1.0000
92	Waveform 1	1	46772.709468750	46772.728968750	1400.000	4000.000	1.0000
92	Spectrogram 1	1	46772.709468750	46772.728968750	1400.000	4000.000	1.0000
93	Waveform 1	1	46779.230593750	46779.241968750	1400.000	4000.000	1.0000
93	Spectrogram 1	1	46779.230593750	46779.241968750	1400.000	4000.000	1.0000
94	Waveform 1	1	46792.485718750	46792.501968750	1400.000	4000.000	1.0000
94	Spectrogram 1	1	46792.485718750	46792.501968750	1400.000	4000.000	1.0000
95	Waveform 1	1	46799.014968750	46799.032843750	1400.000	4000.000	1.0000
95	Spectrogram 1	1	46799.014968750	46799.032843750	1400.000	4000.000	1.0000
96	Waveform 1	1	47797.700968750	47797.723718750	1400.000	4000.000	1.0000
96	Spectrogram 1	1	47797.700968750	47797.723718750	1400.000	4000.000	1.0000
97	Waveform 1	1	55430.602218750	55430.611968750	1400.000	4000.000	1.0000
97	Spectrogram 1	1	55430.602218750	55430.611968750	1400.000	4000.000	1.0000
98	Waveform 1	1	55430.735468750	55430.753343750	1400.000	4000.000	1.0000
98	Spectrogram 1	1	55430.735468750	55430.753343750	1400.000	4000.000	1.0000
99	Waveform 1	1	55431.317218750	55431.336718750	1400.000	4000.000	1.0000
99	Spectrogram 1	1	55431.317218750	55431.336718750	1400.000	4000.000	1.0000
100	Waveform 1	1	55431.599968750	55431.617843750	1400.000	4000.000	1.0000
100	Spectrogram 1	1	55431.599968750	55431.617843750	1400.000	4000.000	1.0000
101	Waveform 1	1	55432.607468750	55432.625343750	1400.000	4000.000	1.0000
101	Spectrogram 1	1	55432.607468750	55432.625343750	1400.000	4000.000	1.0000
102	Waveform 1	1	55432.687093750	55432.703343750	1400.000	4000.000	1.0000
102	Spectrogram 1	1	55432.687093750	55432.703343750	1400.000	4000.000	1.0000
103	Waveform 1	1	55433.034843750	55433.064093750	1400.000	4000.000	0.8889
103	Spectrogram 1	1	55433.034843750	55433.064093750	1400.000	4000.000	0.8889
104	Waveform 1	1	55433.998468750	55434.019593750	1400.000	4000.000	1.0000
104	Spectrogram 1	1	55433.998468750	55434.019593750	1400.000	4000.000	1.0000
105	Waveform 1	1	55440.046718750	55440.072718750	1400.000	4000.000	1.0000
105	Spectrogram 1	1	55440.046718750	55440.072718750	1400.000	4000.000	1.0000
106	Waveform 1	1	55440.953468750	55440.964843750	1400.000	4000.000	1.0000
106	Spectrogram 1	1	55440.953468750	55440.964843750	1400.000	4000.000	1.0000
107	Waveform 1	1	55442.768593750	55442.783218750	1400.000	4000.000	1.0000
107	Spectrogram 1	1	55442.768593750	55442.783218750	1400.000	4000.000	1.0000
108	Waveform 1	1	55443.673718750	55443.699718750	1400.000	4000.000	1.0000
108	Spectrogram 1	1	55443.673718750	55443.699718750	1400.000	4000.000	1.0000
109	Waveform 1	1	55443.805343750	55443.816718750	1400.000	4000.000	1.0000
109	Spectrogram 1	1	55443.805343750	55443.816718750	1400.000	4000.000	1.0000
110	Waveform 1	1	55444.138468750	55444.156343750	1400.000	4000.000	1.0000
110	Spectrogram 1	1	55444.138468750	55444.156343750	1400.000	4000.000	1.0000
111	Waveform 1	1	55444.349718750	55444.367593750	1400.000	4000.000	1.0000
111	Spectrogram 1	1	55444.349718750	55444.367593750	1400.000	4000.000	1.0000
112	Waveform 1	1	55445.158968750	55445.168718750	1400.000	4000.000	1.0000
112	Spectrogram 1	1	55445.158968750	55445.168718750	1400.000	4000.000	1.0000
113	Waveform 1	1	55448.478843750	55448.493468750	1400.000	4000.000	1.0000
113	Spectrogram 1	1	55448.478843750	55448.493468750	1400.000	4000.000	1.0000
114	Waveform 1	1	55449.153218750	55449.172718750	1400.000	4000.000	1.0000
114	Spectrogram 1	1	55449.153218750	55449.172718750	1400.000	4000.000	1.0000
115	Waveform 1	1	55450.588093750	55450.614093750	1400.000	4000.000	1.0000
115	Spectrogram 1	1	55450.588093750	55450.614093750	1400.000	4000.000	1.0000
116	Waveform 1	1	55455.276218750	55455.284343750	1400.000	4000.000	1.0000
116	Spectrogram 1	1	55455.276218750	55455.284343750	1400.000	4000.000	1.0000
117	Waveform 1	1	55456.878468750	55456.888218750	1400.000	4000.000	1.0000
117	Spectrogram 1	1	55456.878468750	55456.888218750	1400.000	4000.000	1.0000
118	Waveform 1	1	55471.979593750	55471.999093750	1400.000	4000.000	1.0000
118	Spectrogram 1	1	55471.979593750	55471.999093750	1400.000	4000.000	1.0000
119	Waveform 1	1	55472.146968750	55472.155093750	1400.000	4000.000	1.0000
119	Spectrogram 1	1	55472.146968750	55472.155093750	1400.000	4000.000	1.0000
120	Waveform 1	1	55472.385843750	55472.411843750	1400.000	4000.000	1.0000
120	Spectrogram 1	1	55472.385843750	55472.411843750	1400.000	4000.000	1.0000
121	Waveform 1	1	55474.350468750	55474.371593750	1400.000	4000.000	1.0000
121	Spectrogram 1	1	55474.350468750	55474.371593750	1400.000	4000.000	1.0000
122	Waveform 1	1	55474.486968750	55474.511343750	1400.000	4000.000	1.0000
122	Spectrogram 1	1	55474.486968750	55474.511343750	1400.000	4000.000	1.0000
123	Waveform 1	1	55484.643218750	55484.657843750	1400.000	4000.000	1.0000
123	Spectrogram 1	1	55484.643218750	55484.657843750	1400.000	4000.000	1.0000
124	Waveform 1	1	55487.202593750	55487.225343750	1400.000	4000.000	1.0000
124	Spectrogram 1	1	55487.202593750	55487.225343750	1400.000	4000.000	1.0000
125	Waveform 1	1	55491.144843750	55491.164343750	1400.000	4000.000	1.0000
125	Spectrogram 1	1	55491.144843750	55491.164343750	1400.000	4000.000	1.0000
126	Waveform 1	1	55491.279718750	55491.294343750	1400.000	4000.000	1.0000
126	Spectrogram 1	1	55491.279718750	55491.294343750	1400.000	4000.000	1.0000
127	Waveform 1	1	55491.479593750	55491.510468750	1400.000	4000.000	1.0000
127	Spectrogram 1	1	55491.479593750	55491.510468750	1400.000	4000.000	1.0000
128	Waveform 1	1	55491.591718750	55491.619343750	1400.000	4000.000	1.0000
128	Spectrogram 1	1	55491.591718750	55491.619343750	1400.000	4000.000	1.0000
129	Waveform 1	1	55494.385093750	55494.402968750	1400.000	4000.000	1.0000
129	Spectrogram 1	1	55494.385093750	55494.402968750	1400.000	4000.000	1.0000
130	Waveform 1	1	55496.934718750	55496.950968750	1400.000	4000.000	1.0000
130	Spectrogram 1	1	55496.934718750	55496.950968750	1400.000	4000.000	1.0000
131	Waveform 1	1	55512.882468750	55512.903593750	1400.000	4000.000	1.0000
131	Spectrogram 1	1	55512.882468750	55512.903593750	1400.000	4000.000	1.0000
132	Waveform 1	1	55514.063843750	55514.078468750	1400.000	4000.000	1.0000
132	Spectrogram 1	1	55514.063843750	55514.078468750	1400.000	4000.000	1.0000
133	Waveform 1	1	55516.264093750	55516.275468750	1400.000	4000.000	1.0000
133	Spectrogram 1	1	55516.264093750	55516.275468750	1400.000	4000.000	1.0000
134	Waveform 1	1	55517.164343750	55517.177343750	1400.000	4000.000	1.0000
134	Spectrogram 1	1	55517.164343750	55517.177343750	1400.000	4000.000	1.0000
135	Waveform 1	1	55525.721593750	55525.734593750	1400.000	4000.000	1.0000
135	Spectrogram 1	1	55525.721593750	55525.734593750	1400.000	4000.000	1.0000
136	Waveform 1	1	55529.277093750	55529.298218750	1400.000	4000.000	1.0000
136	Spectrogram 1	1	55529.277093750	55529.298218750	1400.000	4000.000	1.0000
137	Waveform 1	1	55544.487093750	55544.508218750	1400.000	4000.000	1.0000
137	Spectrogram 1	1	55544.487093750	55544.508218750	1400.000	4000.000	1.0000
138	Waveform 1	1	55549.381593750	55549.396218750	1400.000	4000.000	1.0000
138	Spectrogram 1	1	55549.381593750	55549.396218750	1400.000	4000.000	1.0000
139	Waveform 1	1	55553.780468750	55553.803218750	1400.000	4000.000	1.0000
139	Spectrogram 1	1	55553.780468750	55553.803218750	1400.000	4000.000	1.0000
140	Waveform 1	1	55565.704718750	55565.716093750	1400.000	4000.000	1.0000
140	Spectrogram 1	1	55565.704718750	55565.716093750	1400.000	4000.000	1.0000
141	Waveform 1	1	55570.121468750	55570.149093750	1400.000	4000.000	1.0000
141	Spectrogram 1	1	55570.121468750	55570.149093750	1400.000	4000.000	1.0000
142	Waveform 1	1	55573.928843750	55573.943468750	1400.000	4000.000	1.0000
142	Spectrogram 1	1	55573.928843750	55573.943468750	1400.000	4000.000	1.0000
143	Waveform 1	1	55574.591843750	55574.611343750	1400.000	4000.000	1.0000
143	Spectrogram 1	1	55574.591843750	55574.611343750	1400.000	4000.000	1.0000
144	Waveform 1	1	55574.767343750	55574.775468750	1400.000	4000.000	1.0000
144	Spectrogram 1	1	55574.767343750	55574.775468750	1400.000	4000.000	1.0000
145	Waveform 1	1	55576.701093750	55576.714093750	1400.000	4000.000	1.0000
145	Spectrogram 1	1	55576.701093750	55576.714093750	1400.000	4000.000	1.0000
146	Waveform 1	1	55576.883093750	55576.905843750	1400.000	4000.000	1.0000
146	Spectrogram 1	1	55576.883093750	55576.905843750	1400.000	4000.000	1.0000
147	Waveform 1	1	55581.481843750	55581.496468750	1400.000	4000.000	1.0000
147	Spectrogram 1	1	55581.481843750	55581.496468750	1400.000	4000.000	1.0000
148	Waveform 1	1	55599.433218750	55599.444593750	1400.000	4000.000	1.0000
148	Spectrogram 1	1	55599.433218750	55599.444593750	1400.000	4000.000	1.0000
149	Waveform 1	1	55603.157718750	55603.170718750	1400.000	4000.000	1.0000
149	Spectrogram 1	1	55603.157718750	55603.170718750	1400.000	4000.000	1.0000
150	Waveform 1	1	55608.040843750	55608.060343750	1400.000	4000.000	1.0000
150	Spectrogram 1	1	55608.040843750	55608.060343750	1400.000	4000.000	1.0000
151	Waveform 1	1	55608.541343750	55608.562468750	1400.000	4000.000	1.0000
151	Spectrogram 1	1	55608.541343750	55608.562468750	1400.000	4000.000	1.0000
152	Waveform 1	1	55609.178343750	55609.189718750	1400.000	4000.000	1.0000
152	Spectrogram 1	1	55609.178343750	55609.189718750	1400.000	4000.000	1.0000
153	Waveform 1	1	55621.076593750	55621.107468750	1400.000	4000.000	1.0000
153	Spectrogram 1	1	55621.076593750	55621.107468750	1400.000	4000.000	1.0000
154	Waveform 1	1	55632.722968750	55632.748968750	1400.000	4000.000	1.0000
154	Spectrogram 1	1	55632.722968750	55632.748968750	1400.000	4000.000	1.0000
155	Waveform 1	1	55646.964468750	55646.982343750	1400.000	4000.000	1.0000
155	Spectrogram 1	1	55646.964468750	55646.982343750	1400.000	4000.000	1.0000
156	Waveform 1	1	55661.989218750	55662.002218750	1400.000	4000.000	1.0000
156	Spectrogram 1	1	55661.989218750	55662.002218750	1400.000	4000.000	1.0000
157	Waveform 1	1	55670.515593750	55670.544843750	1400.000	4000.000	1.0000
157	Spectrogram 1	1	55670.515593750	55670.544843750	1400.000	4000.000	1.0000
158	Waveform 1	1	55670.598468750	55670.608218750	1400.000	4000.000	1.0000
158	Spectrogram 1	1	55670.598468750	55670.608218750	1400.000	4000.000	1.0000
159	Waveform 1	1	55673.997968750	55674.010968750	1400.000	4000.000	1.0000
159	Spectrogram 1	1	55673.997968750	55674.010968750	1400.000	4000.000	1.0000
160	Waveform 1	1	55674.342468750	55674.357093750	1400.000	4000.000	1.0000
160	Spectrogram 1	1	55674.342468750	55674.357093750	1400.000	4000.000	1.0000
161	Waveform 1	1	55676.723093750	55676.737718750	1400.000	4000.000	1.0000
161	Spectrogram 1	1	55676.723093750	55676.737718750	1400.000	4000.000	1.0000
162	Waveform 1	1	55679.362093750	55679.371843750	1400.000	4000.000	1.0000
162	Spectrogram 1	1	55679.362093750	55679.371843750	1400.000	4000.000	1.0000
163	Waveform 1	1	55681.869468750	55681.884093750	1400.000	4000.000	1.0000
163	Spectrogram 1	1	55681.869468750	55681.884093750	1400.000	4000.000	1.0000
164	Waveform 1	1	55683.692718750	55683.715468750	1400.000	4000.000	1.0000
164	Spectrogram 1	1	55683.692718750	55683.715468750	1400.000	4000.000	1.0000
165	Waveform 1	1	55686.970343750	55686.984968750	1400.000	4000.000	1.0000
165	Spectrogram 1	1	55686.970343750	55686.984968750	1400.000	4000.000	1.0000
166	Waveform 1	1	55691.491093750	55691.518718750	1400.000	4000.000	1.0000
166	Spectrogram 1	1	55691.491093750	55691.518718750	1400.000	4000.000	1.0000
167	Waveform 1	1	55704.331843750	55704.349718750	1400.000	4000.000	1.0000
167	Spectrogram 1	1	55704.331843750	55704.349718750	1400.000	4000.000	1.0000
168	Waveform 1	1	55704.430968750	55704.458593750	1400.000	4000.000	1.0000
168	Spectrogram 1	1	55704.430968750	55704.458593750	1400.000	4000.000	1.0000
169	Waveform 1	1	55705.261343750	55705.277593750	1400.000	4000.000	1.0000
169	Spectrogram 1	1	55705.261343750	55705.277593750	1400.000	4000.000	1.0000
170	Waveform 1	1	55706.117718750	55706.132343750	1400.000	4000.000	1.0000
170	Spectrogram 1	1	55706.117718750	55706.132343750	1400.000	4000.000	1.0000
171	Waveform 1	1	55717.728343750	55717.741343750	1400.000	4000.000	1.0000
171	Spectrogram 1	1	55717.728343750	55717.741343750	1400.000	4000.000	1.0000
172	Waveform 1	1	55719.345218750	55719.359843750	1400.000	4000.000	1.0000
172	Spectrogram 1	1	55719.345218750	55719.359843750	1400.000	4000.000	1.0000
173	Waveform 1	1	55730.239218750	55730.253843750	1400.000	4000.000	1.0000
173	Spectrogram 1	1	55730.239218750	55730.253843750	1400.000	4000.000	1.0000
174	Waveform 1	1	60021.451468750	60021.477468750	1400.000	4000.000	1.0000
174	Spectrogram 1	1	60021.451468750	60021.477468750	1400.000	4000.000	1.0000
175	Waveform 1	1	60028.050593750	60028.065218750	1400.000	4000.000	1.0000
175	Spectrogram 1	1	60028.050593750	60028.065218750	1400.000	4000.000	1.0000
176	Waveform 1	1	63553.577468750	63553.590468750	1400.000	4000.000	1.0000
176	Spectrogram 1	1	63553.577468750	63553.590468750	1400.000	4000.000	1.0000
177	Waveform 1	1	63970.667843750	63970.677593750	1400.000	4000.000	1.0000
177	Spectrogram 1	1	63970.667843750	63970.677593750	1400.000	4000.000	1.0000
178	Waveform 1	1	64509.950093750	64509.964718750	1400.000	4000.000	1.0000
178	Spectrogram 1	1	64509.950093750	64509.964718750	1400.000	4000.000	1.0000
179	Waveform 1	1	64676.590593750	64676.603593750	1400.000	4000.000	1.0000
179	Spectrogram 1	1	64676.590593750	64676.603593750	1400.000	4000.000	1.0000
180	Waveform 1	1	65054.053718750	65054.069968750	1400.000	4000.000	1.0000
180	Spectrogram 1	1	65054.053718750	65054.069968750	1400.000	4000.000	1.0000
181	Waveform 1	1	65507.474218750	65507.485593750	1400.000	4000.000	1.0000
181	Spectrogram 1	1	65507.474218750	65507.485593750	1400.000	4000.000	1.0000
182	Waveform 1	1	65535.126843750	65535.139843750	1400.000	4000.000	1.0000
182	Spectrogram 1	1	65535.126843750	65535.139843750	1400.000	4000.000	1.0000
183	Waveform 1	1	65554.269343750	65554.285593750	1400.000	4000.000	1.0000
183	Spectrogram 1	1	65554.269343750	65554.285593750	1400.000	4000.000	1.0000
184	Waveform 1	1	65856.928843750	65856.941843750	1400.000	4000.000	1.0000
184	Spectrogram 1	1	65856.928843750	65856.941843750	1400.000	4000.000	1.0000
185	Waveform 1	1	65869.759843750	65869.771218750	1400.000	4000.000	1.0000
185	Spectrogram 1	1	65869.759843750	65869.771218750	1400.000	4000.000	1.0000
186	Waveform 1	1	65912.971843750	65912.999468750	1400.000	4000.000	1.0000
186	Spectrogram 1	1	65912.971843750	65912.999468750	1400.000	4000.000	1.0000
187	Waveform 1	1	65913.100218750	65913.108343750	1400.000	4000.000	1.0000
187	Spectrogram 1	1	65913.100218750	65913.108343750	1400.000	4000.000	1.0000
188	Waveform 1	1	65913.709593750	65913.725843750	1400.000	4000.000	1.0000
188	Spectrogram 1	1	65913.709593750	65913.725843750	1400.000	4000.000	1.0000
189	Waveform 1	1	66300.669218750	66300.680593750	1400.000	4000.000	1.0000
189	Spectrogram 1	1	66300.669218750	66300.680593750	1400.000	4000.000	1.0000
190	Waveform 1	1	66852.883218750	66852.897843750	1400.000	4000.000	1.0000
190	Spectrogram 1	1	66852.883218750	66852.897843750	1400.000	4000.000	1.0000
191	Waveform 1	1	66853.063593750	66853.073343750	1400.000	4000.000	1.0000
191	Spectrogram 1	1	66853.063593750	66853.073343750	1400.000	4000.000	1.0000
192	Waveform 1	1	66882.149468750	66882.175468750	1400.000	4000.000	1.0000
192	Spectrogram 1	1	66882.149468750	66882.175468750	1400.000	4000.000	1.0000
193	Waveform 1	1	66921.515093750	66921.529718750	1400.000	4000.000	1.0000
193	Spectrogram 1	1	66921.515093750	66921.529718750	1400.000	4000.000	1.0000
194	Waveform 1	1	66934.378593750	66934.389968750	1400.000	4000.000	1.0000
194	Spectrogram 1	1	66934.378593750	66934.389968750	1400.000	4000.000	1.0000
195	Waveform 1	1	66940.976093750	66941.002093750	1400.000	4000.000	1.0000
195	Spectrogram 1	1	66940.976093750	66941.002093750	1400.000	4000.000	1.0000
196	Waveform 1	1	66960.272968750	66960.287593750	1400.000	4000.000	1.0000
196	Spectrogram 1	1	66960.272968750	66960.287593750	1400.000	4000.000	1.0000
197	Waveform 1	1	66975.445593750	66975.455343750	1400.000	4000.000	1.0000
197	Spectrogram 1	1	66975.445593750	66975.455343750	1400.000	4000.000	1.0000
198	Waveform 1	1	67024.587218750	67024.595343750	1400.000	4000.000	1.0000
198	Spectrogram 1	1	67024.587218750	67024.595343750	1400.000	4000.000	1.0000
199	Waveform 1	1	67029.133968750	67029.148593750	1400.000	4000.000	1.0000
199	Spectrogram 1	1	67029.133968750	67029.148593750	1400.000	4000.000	1.0000
200	Waveform 1	1	67031.108343750	67031.116468750	1400.000	4000.000	1.0000
200	Spectrogram 1	1	67031.108343750	67031.116468750	1400.000	4000.000	1.0000
201	Waveform 1	1	67129.354218750	67129.365593750	1400.000	4000.000	1.0000
201	Spectrogram 1	1	67129.354218750	67129.365593750	1400.000	4000.000	1.0000
202	Waveform 1	1	67134.810968750	67134.832093750	1400.000	4000.000	1.0000
202	Spectrogram 1	1	67134.810968750	67134.832093750	1400.000	4000.000	1.0000
203	Waveform 1	1	67243.945968750	67243.954093750	1400.000	4000.000	1.0000
203	Spectrogram 1	1	67243.945968750	67243.954093750	1400.000	4000.000	1.0000
204	Waveform 1	1	67262.097218750	67262.106968750	1400.000	4000.000	1.0000
204	Spectrogram 1	1	67262.097218750	67262.106968750	1400.000	4000.000	1.0000
205	Waveform 1	1	67322.108468750	67322.118218750	1400.000	4000.000	1.0000
205	Spectrogram 1	1	67322.108468750	67322.118218750	1400.000	4000.000	1.0000
206	Waveform 1	1	67441.459843750	67441.467968750	1400.000	4000.000	1.0000
206	Spectrogram 1	1	67441.459843750	67441.467968750	1400.000	4000.000	1.0000
207	Waveform 1	1	67458.710843750	67458.727093750	1400.000	4000.000	1.0000
207	Spectrogram 1	1	67458.710843750	67458.727093750	1400.000	4000.000	1.0000
208	Waveform 1	1	67560.148218750	67560.174218750	1400.000	4000.000	1.0000
208	Spectrogram 1	1	67560.148218750	67560.174218750	1400.000	4000.000	1.0000
209	Waveform 1	1	67567.012218750	67567.021968750	1400.000	4000.000	1.0000
209	Spectrogram 1	1	67567.012218750	67567.021968750	1400.000	4000.000	1.0000
210	Waveform 1	1	67598.031843750	67598.039968750	1400.000	4000.000	1.0000
210	Spectrogram 1	1	67598.031843750	67598.039968750	1400.000	4000.000	1.0000
211	Waveform 1	1	67600.479093750	67600.487218750	1400.000	4000.000	1.0000
211	Spectrogram 1	1	67600.479093750	67600.487218750	1400.000	4000.000	1.0000
212	Waveform 1	1	67604.977093750	67604.999843750	1400.000	4000.000	1.0000
212	Spectrogram 1	1	67604.977093750	67604.999843750	1400.000	4000.000	1.0000
213	Waveform 1	1	67607.729843750	67607.749343750	1400.000	4000.000	1.0000
213	Spectrogram 1	1	67607.729843750	67607.749343750	1400.000	4000.000	1.0000
214	Waveform 1	1	67614.964343750	67614.982218750	1400.000	4000.000	1.0000
214	Spectrogram 1	1	67614.964343750	67614.982218750	1400.000	4000.000	1.0000
215	Waveform 1	1	67635.455593750	67635.466968750	1400.000	4000.000	1.0000
215	Spectrogram 1	1	67635.455593750	67635.466968750	1400.000	4000.000	1.0000
216	Waveform 1	1	67809.740093750	67809.748218750	1400.000	4000.000	1.0000
216	Spectrogram 1	1	67809.740093750	67809.748218750	1400.000	4000.000	1.0000
217	Waveform 1	1	67841.115593750	67841.130218750	1400.000	4000.000	1.0000
217	Spectrogram 1	1	67841.115593750	67841.130218750	1400.000	4000.000	1.0000
218	Waveform 1	1	67948.235593750	67948.243718750	1400.000	4000.000	1.0000
218	Spectrogram 1	1	67948.235593750	67948.243718750	1400.000	4000.000	1.0000
219	Waveform 1	1	67974.336343750	67974.357468750	1400.000	4000.000	1.0000
219	Spectrogram 1	1	67974.336343750	67974.357468750	1400.000	4000.000	1.0000
220	Waveform 1	1	67974.422468750	67974.443593750	1400.000	4000.000	1.0000
220	Spectrogram 1	1	67974.422468750	67974.443593750	1400.000	4000.000	1.0000
221	Waveform 1	1	67988.598968750	67988.610343750	1400.000	4000.000	1.0000
221	Spectrogram 1	1	67988.598968750	67988.610343750	1400.000	4000.000	1.0000
222	Waveform 1	1	67992.887343750	67992.897093750	1400.000	4000.000	1.0000
222	Spectrogram 1	1	67992.887343750	67992.897093750	1400.000	4000.000	1.0000
223	Waveform 1	1	67993.594218750	67993.623468750	1400.000	4000.000	1.0000
223	Spectrogram 1	1	67993.594218750	67993.623468750	1400.000	4000.000	1.0000
224	Waveform 1	1	67997.856593750	67997.872843750	1400.000	4000.000	1.0000
224	Spectrogram 1	1	67997.856593750	67997.872843750	1400.000	4000.000	1.0000
225	Waveform 1	1	68017.913968750	68017.933468750	1400.000	4000.000	1.0000
225	Spectrogram 1	1	68017.913968750	68017.933468750	1400.000	4000.000	1.0000
226	Waveform 1	1	68045.443093750	68045.456093750	1400.000	4000.000	1.0000
226	Spectrogram 1	1	68045.443093750	68045.456093750	1400.000	4000.000	1.0000
227	Waveform 1	1	68066.686718750	68066.699718750	1400.000	4000.000	1.0000
227	Spectrogram 1	1	68066.686718750	68066.699718750	1400.000	4000.000	1.0000
228	Waveform 1	1	68098.028093750	68098.036218750	1400.000	4000.000	1.0000
228	Spectrogram 1	1	68098.028093750	68098.036218750	1400.000	4000.000	1.0000
229	Waveform 1	1	68102.959968750	68102.976218750	1400.000	4000.000	1.0000
229	Spectrogram 1	1	68102.959968750	68102.976218750	1400.000	4000.000	1.0000
230	Waveform 1	1	68124.962468750	68124.970593750	1400.000	4000.000	1.0000
230	Spectrogram 1	1	68124.962468750	68124.970593750	1400.000	4000.000	1.0000
231	Waveform 1	1	68138.549093750	68138.557218750	1400.000	4000.000	1.0000
231	Spectrogram 1	1	68138.549093750	68138.557218750	1400.000	4000.000	1.0000
232	Waveform 1	1	68148.775218750	68148.783343750	1400.000	4000.000	1.0000
232	Spectrogram 1	1	68148.775218750	68148.783343750	1400.000	4000.000	1.0000
233	Waveform 1	1	68169.958718750	68169.966843750	1400.000	4000.000	1.0000
233	Spectrogram 1	1	68169.958718750	68169.966843750	1400.000	4000.000	1.0000
234	Waveform 1	1	68173.483343750	68173.494718750	1400.000	4000.000	1.0000
234	Spectrogram 1	1	68173.483343750	68173.494718750	1400.000	4000.000	1.0000
235	Waveform 1	1	68194.593718750	68194.601843750	1400.000	4000.000	1.0000
235	Spectrogram 1	1	68194.593718750	68194.601843750	1400.000	4000.000	1.0000
236	Waveform 1	1	68204.836093750	68204.847468750	1400.000	4000.000	1.0000
236	Spectrogram 1	1	68204.836093750	68204.847468750	1400.000	4000.000	1.0000
237	Waveform 1	1	68204.925468750	68204.936843750	1400.000	4000.000	1.0000
237	Spectrogram 1	1	68204.925468750	68204.936843750	1400.000	4000.000	1.0000
238	Waveform 1	1	68207.544968750	68207.566093750	1400.000	4000.000	1.0000
238	Spectrogram 1	1	68207.544968750	68207.566093750	1400.000	4000.000	1.0000
239	Waveform 1	1	68245.951843750	68245.969718750	1400.000	4000.000	1.0000
239	Spectrogram 1	1	68245.951843750	68245.969718750	1400.000	4000.000	1.0000
240	Waveform 1	1	68267.978718750	68267.986843750	1400.000	4000.000	1.0000
240	Spectrogram 1	1	68267.978718750	68267.986843750	1400.000	4000.000	1.0000
241	Waveform 1	1	68270.661593750	68270.692468750	1400.000	4000.000	1.0000
241	Spectrogram 1	1	68270.661593750	68270.692468750	1400.000	4000.000	1.0000
242	Waveform 1	1	68270.846843750	68270.856593750	1400.000	4000.000	1.0000
242	Spectrogram 1	1	68270.846843750	68270.856593750	1400.000	4000.000	1.0000
243	Waveform 1	1	68295.382718750	68295.407093750	1400.000	4000.000	1.0000
243	Spectrogram 1	1	68295.382718750	68295.407093750	1400.000	4000.000	1.0000
244	Waveform 1	1	68300.884968750	68300.899593750	1400.000	4000.000	1.0000
244	Spectrogram 1	1	68300.884968750	68300.899593750	1400.000	4000.000	1.0000
245	Waveform 1	1	68300.933718750	68300.949968750	1400.000	4000.000	1.0000
245	Spectrogram 1	1	68300.933718750	68300.949968750	1400.000	4000.000	1.0000
246	Waveform 1	1	68331.189593750	68331.200968750	1400.000	4000.000	1.0000
246	Spectrogram 1	1	68331.189593750	68331.200968750	1400.000	4000.000	1.0000
247	Waveform 1	1	68356.861343750	68356.875968750	1400.000	4000.000	1.0000
247	Spectrogram 1	1	68356.861343750	68356.875968750	1400.000	4000.000	1.0000
248	Waveform 1	1	68357.829843750	68357.839593750	1400.000	4000.000	1.0000
248	Spectrogram 1	1	68357.829843750	68357.839593750	1400.000	4000.000	1.0000
249	Waveform 1	1	68365.153718750	68365.161843750	1400.000	4000.000	1.0000
249	Spectrogram 1	1	68365.153718750	68365.161843750	1400.000	4000.000	1.0000
250	Waveform 1	1	68366.608093750	68366.617843750	1400.000	4000.000	1.0000
250	Spectrogram 1	1	68366.608093750	68366.617843750	1400.000	4000.000	1.0000
251	Waveform 1	1	68366.677968750	68366.689343750	1400.000	4000.000	1.0000
251	Spectrogram 1	1	68366.677968750	68366.689343750	1400.000	4000.000	1.0000
252	Waveform 1	1	68368.359843750	68368.369593750	1400.000	4000.000	1.0000
252	Spectrogram 1	1	68368.359843750	68368.369593750	1400.000	4000.000	1.0000
253	Waveform 1	1	68437.198093750	68437.206218750	1400.000	4000.000	1.0000
253	Spectrogram 1	1	68437.198093750	68437.206218750	1400.000	4000.000	1.0000
254	Waveform 1	1	68474.434968750	68474.443093750	1400.000	4000.000	1.0000
254	Spectrogram 1	1	68474.434968750	68474.443093750	1400.000	4000.000	1.0000
255	Waveform 1	1	68526.948468750	68526.964718750	1400.000	4000.000	1.0000
255	Spectrogram 1	1	68526.948468750	68526.964718750	1400.000	4000.000	1.0000
256	Waveform 1	1	68551.901968750	68551.926343750	1400.000	4000.000	1.0000
256	Spectrogram 1	1	68551.901968750	68551.926343750	1400.000	4000.000	1.0000
257	Waveform 1	1	68595.255343750	68595.269968750	1400.000	4000.000	1.0000
257	Spectrogram 1	1	68595.255343750	68595.269968750	1400.000	4000.000	1.0000
258	Waveform 1	1	68656.748593750	68656.761593750	1400.000	4000.000	1.0000
258	Spectrogram 1	1	68656.748593750	68656.761593750	1400.000	4000.000	1.0000
259	Waveform 1	1	68670.322218750	68670.331968750	1400.000	4000.000	1.0000
259	Spectrogram 1	1	68670.322218750	68670.331968750	1400.000	4000.000	1.0000
260	Waveform 1	1	68676.183593750	68676.207968750	1400.000	4000.000	1.0000
260	Spectrogram 1	1	68676.183593750	68676.207968750	1400.000	4000.000	1.0000
261	Waveform 1	1	68763.070718750	68763.080468750	1400.000	4000.000	1.0000
261	Spectrogram 1	1	68763.070718750	68763.080468750	1400.000	4000.000	1.0000
262	Waveform 1	1	68763.251093750	68763.265718750	1400.000	4000.000	1.0000
262	Spectrogram 1	1	68763.251093750	68763.265718750	1400.000	4000.000	1.0000
263	Waveform 1	1	68765.199468750	68765.223843750	1400.000	4000.000	1.0000
263	Spectrogram 1	1	68765.199468750	68765.223843750	1400.000	4000.000	1.0000
264	Waveform 1	1	68765.508218750	68765.519593750	1400.000	4000.000	1.0000
264	Spectrogram 1	1	68765.508218750	68765.519593750	1400.000	4000.000	1.0000
265	Waveform 1	1	68856.491968750	68856.500093750	1400.000	4000.000	1.0000
265	Spectrogram 1	1	68856.491968750	68856.500093750	1400.000	4000.000	1.0000
266	Waveform 1	1	68956.998218750	68957.006343750	1400.000	4000.000	1.0000
266	Spectrogram 1	1	68956.998218750	68957.006343750	1400.000	4000.000	1.0000
267	Waveform 1	1	68983.901718750	68983.921218750	1400.000	4000.000	1.0000
267	Spectrogram 1	1	68983.901718750	68983.921218750	1400.000	4000.000	1.0000
268	Waveform 1	1	69051.394468750	69051.420468750	1400.000	4000.000	1.0000
268	Spectrogram 1	1	69051.394468750	69051.420468750	1400.000	4000.000	1.0000
269	Waveform 1	1	69062.961218750	69062.982343750	1400.000	4000.000	1.0000
269	Spectrogram 1	1	69062.961218750	69062.982343750	1400.000	4000.000	1.0000
270	Waveform 1	1	69090.535843750	69090.543968750	1400.000	4000.000	1.0000
270	Spectrogram 1	1	69090.535843750	69090.543968750	1400.000	4000.000	1.0000
271	Waveform 1	1	69092.016218750	69092.038968750	1400.000	4000.000	1.0000
271	Spectrogram 1	1	69092.016218750	69092.038968750	1400.000	4000.000	1.0000
272	Waveform 1	1	69114.608593750	69114.624843750	1400.000	4000.000	1.0000
272	Spectrogram 1	1	69114.608593750	69114.624843750	1400.000	4000.000	1.0000
273	Waveform 1	1	69126.185093750	69126.204593750	1400.000	4000.000	1.0000
273	Spectrogram 1	1	69126.185093750	69126.204593750	1400.000	4000.000	1.0000
274	Waveform 1	1	69129.093843750	69129.101968750	1400.000	4000.000	1.0000
274	Spectrogram 1	1	69129.093843750	69129.101968750	1400.000	4000.000	1.0000
275	Waveform 1	1	69160.053343750	69160.072843750	1400.000	4000.000	1.0000
275	Spectrogram 1	1	69160.053343750	69160.072843750	1400.000	4000.000	1.0000
276	Waveform 1	1	69165.191593750	69165.212718750	1400.000	4000.000	1.0000
276	Spectrogram 1	1	69165.191593750	69165.212718750	1400.000	4000.000	1.0000
277	Waveform 1	1	69166.762968750	69166.772718750	1400.000	4000.000	1.0000
277	Spectrogram 1	1	69166.762968750	69166.772718750	1400.000	4000.000	1.0000
278	Waveform 1	1	69169.648968750	69169.666843750	1400.000	4000.000	1.0000
278	Spectrogram 1	1	69169.648968750	69169.666843750	1400.000	4000.000	1.0000
279	Waveform 1	1	69172.439093750	69172.461843750	1400.000	4000.000	1.0000
279	Spectrogram 1	1	69172.439093750	69172.461843750	1400.000	4000.000	1.0000
280	Waveform 1	1	69175.396593750	69175.417718750	1400.000	4000.000	1.0000
280	Spectrogram 1	1	69175.396593750	69175.417718750	1400.000	4000.000	1.0000
281	Waveform 1	1	69179.010593750	69179.026843750	1400.000	4000.000	1.0000
281	Spectrogram 1	1	69179.010593750	69179.026843750	1400.000	4000.000	1.0000
282	Waveform 1	1	69182.426343750	69182.452343750	1400.000	4000.000	1.0000
282	Spectrogram 1	1	69182.426343750	69182.452343750	1400.000	4000.000	1.0000
283	Waveform 1	1	69182.531968750	69182.544968750	1400.000	4000.000	1.0000
283	Spectrogram 1	1	69182.531968750	69182.544968750	1400.000	4000.000	1.0000
284	Waveform 1	1	69191.890343750	69191.911468750	1400.000	4000.000	1.0000
284	Spectrogram 1	1	69191.890343750	69191.911468750	1400.000	4000.000	1.0000
285	Waveform 1	1	69196.919718750	69196.942468750	1400.000	4000.000	1.0000
285	Spectrogram 1	1	69196.919718750	69196.942468750	1400.000	4000.000	1.0000
286	Waveform 1	1	69222.515093750	69222.528093750	1400.000	4000.000	1.0000
286	Spectrogram 1	1	69222.515093750	69222.528093750	1400.000	4000.000	1.0000
287	Waveform 1	1	69228.158718750	69228.174968750	1400.000	4000.000	1.0000
287	Spectrogram 1	1	69228.158718750	69228.174968750	1400.000	4000.000	1.0000
288	Waveform 1	1	69233.844593750	69233.855968750	1400.000	4000.000	1.0000
288	Spectrogram 1	1	69233.844593750	69233.855968750	1400.000	4000.000	1.0000
289	Waveform 1	1	69243.358968750	69243.380093750	1400.000	4000.000	1.0000
289	Spectrogram 1	1	69243.358968750	69243.380093750	1400.000	4000.000	1.0000
290	Waveform 1	1	69245.825718750	69245.845218750	1400.000	4000.000	1.0000
290	Spectrogram 1	1	69245.825718750	69245.845218750	1400.000	4000.000	1.0000
291	Waveform 1	1	69248.701968750	69248.718218750	1400.000	4000.000	1.0000
291	Spectrogram 1	1	69248.701968750	69248.718218750	1400.000	4000.000	1.0000
292	Waveform 1	1	69254.248093750	69254.265968750	1400.000	4000.000	1.0000
292	Spectrogram 1	1	69254.248093750	69254.265968750	1400.000	4000.000	1.0000
293	Waveform 1	1	69268.908843750	69268.920218750	1400.000	4000.000	1.0000
293	Spectrogram 1	1	69268.908843750	69268.920218750	1400.000	4000.000	1.0000
294	Waveform 1	1	69284.109093750	69284.130218750	1400.000	4000.000	1.0000
294	Spectrogram 1	1	69284.109093750	69284.130218750	1400.000	4000.000	1.0000
295	Waveform 1	1	69300.415968750	69300.440343750	1400.000	4000.000	1.0000
295	Spectrogram 1	1	69300.415968750	69300.440343750	1400.000	4000.000	1.0000
296	Waveform 1	1	69321.396343750	69321.406093750	1400.000	4000.000	1.0000
296	Spectrogram 1	1	69321.396343750	69321.406093750	1400.000	4000.000	1.0000
297	Waveform 1	1	69337.236843750	69337.249843750	1400.000	4000.000	1.0000
297	Spectrogram 1	1	69337.236843750	69337.249843750	1400.000	4000.000	1.0000
298	Waveform 1	1	69341.755968750	69341.778718750	1400.000	4000.000	1.0000
298	Spectrogram 1	1	69341.755968750	69341.778718750	1400.000	4000.000	1.0000
299	Waveform 1	1	69354.902218750	69354.910343750	1400.000	4000.000	1.0000
299	Spectrogram 1	1	69354.902218750	69354.910343750	1400.000	4000.000	1.0000
300	Waveform 1	1	69371.144093750	69371.157093750	1400.000	4000.000	1.0000
300	Spectrogram 1	1	69371.144093750	69371.157093750	1400.000	4000.000	1.0000
301	Waveform 1	1	69377.580718750	69377.595343750	1400.000	4000.000	1.0000
301	Spectrogram 1	1	69377.580718750	69377.595343750	1400.000	4000.000	1.0000
302	Waveform 1	1	69394.032218750	69394.046843750	1400.000	4000.000	1.0000
302	Spectrogram 1	1	69394.032218750	69394.046843750	1400.000	4000.000	1.0000
303	Waveform 1	1	69408.673468750	69408.689718750	1400.000	4000.000	1.0000
303	Spectrogram 1	1	69408.673468750	69408.689718750	1400.000	4000.000	1.0000
304	Waveform 1	1	69423.246468750	69423.262718750	1400.000	4000.000	1.0000
304	Spectrogram 1	1	69423.246468750	69423.262718750	1400.000	4000.000	1.0000
305	Waveform 1	1	70120.239843750	70120.254468750	1400.000	4000.000	1.0000
305	Spectrogram 1	1	70120.239843750	70120.254468750	1400.000	4000.000	1.0000
306	Waveform 1	1	70151.859093750	70151.873718750	1400.000	4000.000	1.0000
306	Spectrogram 1	1	70151.859093750	70151.873718750	1400.000	4000.000	1.0000
307	Waveform 1	1	70152.370968750	70152.380718750	1400.000	4000.000	1.0000
307	Spectrogram 1	1	70152.370968750	70152.380718750	1400.000	4000.000	1.0000
308	Waveform 1	1	70159.213843750	70159.226843750	1400.000	4000.000	1.0000
308	Spectrogram 1	1	70159.213843750	70159.226843750	1400.000	4000.000	1.0000
309	Waveform 1	1	70285.947593750	70285.965468750	1400.000	4000.000	1.0000
309	Spectrogram 1	1	70285.947593750	70285.965468750	1400.000	4000.000	1.0000
310	Waveform 1	1	70331.016968750	70331.025093750	1400.000	4000.000	1.0000
310	Spectrogram 1	1	70331.016968750	70331.025093750	1400.000	4000.000	1.0000
311	Waveform 1	1	70342.586968750	70342.601593750	1400.000	4000.000	1.0000
311	Spectrogram 1	1	70342.586968750	70342.601593750	1400.000	4000.000	1.0000
312	Waveform 1	1	70350.837093750	70350.845218750	1400.000	4000.000	1.0000
312	Spectrogram 1	1	70350.837093750	70350.845218750	1400.000	4000.000	1.0000
313	Waveform 1	1	70376.125343750	70376.138343750	1400.000	4000.000	1.0000
313	Spectrogram 1	1	70376.125343750	70376.138343750	1400.000	4000.000	1.0000
314	Waveform 1	1	71158.247593750	71158.260593750	1400.000	4000.000	1.0000
314	Spectrogram 1	1	71158.247593750	71158.260593750	1400.000	4000.000	1.0000
315	Waveform 1	1	71296.145093750	71296.161343750	1400.000	4000.000	1.0000
315	Spectrogram 1	1	71296.145093750	71296.161343750	1400.000	4000.000	1.0000
316	Waveform 1	1	71499.505718750	71499.525218750	1400.000	4000.000	1.0000
316	Spectrogram 1	1	71499.505718750	71499.525218750	1400.000	4000.000	1.0000
317	Waveform 1	1	71530.461968750	71530.473343750	1400.000	4000.000	1.0000
317	Spectrogram 1	1	71530.461968750	71530.473343750	1400.000	4000.000	1.0000
318	Waveform 1	1	71661.025843750	71661.035593750	1400.000	4000.000	1.0000
318	Spectrogram 1	1	71661.025843750	71661.035593750	1400.000	4000.000	1.0000
319	Waveform 1	1	71744.841718750	71744.853093750	1400.000	4000.000	1.0000
319	Spectrogram 1	1	71744.841718750	71744.853093750	1400.000	4000.000	1.0000
320	Waveform 1	1	72116.929343750	72116.947218750	1400.000	4000.000	1.0000
320	Spectrogram 1	1	72116.929343750	72116.947218750	1400.000	4000.000	1.0000
321	Waveform 1	1	72133.624593750	72133.632718750	1400.000	4000.000	1.0000
321	Spectrogram 1	1	72133.624593750	72133.632718750	1400.000	4000.000	1.0000
322	Waveform 1	1	72237.047718750	72237.060718750	1400.000	4000.000	1.0000
322	Spectrogram 1	1	72237.047718750	72237.060718750	1400.000	4000.000	1.0000
323	Waveform 1	1	72270.540593750	72270.548718750	1400.000	4000.000	1.0000
323	Spectrogram 1	1	72270.540593750	72270.548718750	1400.000	4000.000	1.0000
324	Waveform 1	1	72276.176093750	72276.189093750	1400.000	4000.000	1.0000
324	Spectrogram 1	1	72276.176093750	72276.189093750	1400.000	4000.000	1.0000
325	Waveform 1	1	72284.405093750	72284.413218750	1400.000	4000.000	1.0000
325	Spectrogram 1	1	72284.405093750	72284.413218750	1400.000	4000.000	1.0000
326	Waveform 1	1	72291.277218750	72291.291843750	1400.000	4000.000	1.0000
326	Spectrogram 1	1	72291.277218750	72291.291843750	1400.000	4000.000	1.0000
327	Waveform 1	1	72307.629593750	72307.645843750	1400.000	4000.000	1.0000
327	Spectrogram 1	1	72307.629593750	72307.645843750	1400.000	4000.000	1.0000
328	Waveform 1	1	72314.825093750	72314.842968750	1400.000	4000.000	1.0000
328	Spectrogram 1	1	72314.825093750	72314.842968750	1400.000	4000.000	1.0000
329	Waveform 1	1	72325.418468750	72325.426593750	1400.000	4000.000	1.0000
329	Spectrogram 1	1	72325.418468750	72325.426593750	1400.000	4000.000	1.0000
330	Waveform 1	1	72491.642968750	72491.654343750	1400.000	4000.000	1.0000
330	Spectrogram 1	1	72491.642968750	72491.654343750	1400.000	4000.000	1.0000
331	Waveform 1	1	72672.120343750	72672.139843750	1400.000	4000.000	1.0000
331	Spectrogram 1	1	72672.120343750	72672.139843750	1400.000	4000.000	1.0000
332	Waveform 1	1	72684.701093750	72684.710843750	1400.000	4000.000	1.0000
332	Spectrogram 1	1	72684.701093750	72684.710843750	1400.000	4000.000	1.0000
333	Waveform 1	1	72691.409093750	72691.426968750	1400.000	4000.000	1.0000
333	Spectrogram 1	1	72691.409093750	72691.426968750	1400.000	4000.000	1.0000
334	Waveform 1	1	72698.658218750	72698.666343750	1400.000	4000.000	1.0000
334	Spectrogram 1	1	72698.658218750	72698.666343750	1400.000	4000.000	1.0000
335	Waveform 1	1	72702.441218750	72702.454218750	1400.000	4000.000	1.0000
335	Spectrogram 1	1	72702.441218750	72702.454218750	1400.000	4000.000	1.0000
336	Waveform 1	1	72718.115968750	72718.124093750	1400.000	4000.000	1.0000
336	Spectrogram 1	1	72718.115968750	72718.124093750	1400.000	4000.000	1.0000
337	Waveform 1	1	72729.112343750	72729.136718750	1400.000	4000.000	1.0000
337	Spectrogram 1	1	72729.112343750	72729.136718750	1400.000	4000.000	1.0000
338	Waveform 1	1	72732.372093750	72732.389968750	1400.000	4000.000	1.0000
338	Spectrogram 1	1	72732.372093750	72732.389968750	1400.000	4000.000	1.0000
339	Waveform 1	1	72734.018218750	72734.044218750	1400.000	4000.000	1.0000
339	Spectrogram 1	1	72734.018218750	72734.044218750	1400.000	4000.000	1.0000
340	Waveform 1	1	72734.500843750	72734.531718750	1400.000	4000.000	1.0000
340	Spectrogram 1	1	72734.500843750	72734.531718750	1400.000	4000.000	1.0000
341	Waveform 1	1	72735.893468750	72735.917843750	1400.000	4000.000	1.0000
341	Spectrogram 1	1	72735.893468750	72735.917843750	1400.000	4000.000	1.0000
342	Waveform 1	1	72736.166468750	72736.179468750	1400.000	4000.000	1.0000
342	Spectrogram 1	1	72736.166468750	72736.179468750	1400.000	4000.000	1.0000
343	Waveform 1	1	72744.523843750	72744.549843750	1400.000	4000.000	1.0000
343	Spectrogram 1	1	72744.523843750	72744.549843750	1400.000	4000.000	1.0000
344	Waveform 1	1	72744.605093750	72744.619718750	1400.000	4000.000	1.0000
344	Spectrogram 1	1	72744.605093750	72744.619718750	1400.000	4000.000	1.0000
345	Waveform 1	1	72747.742968750	72747.764093750	1400.000	4000.000	1.0000
345	Spectrogram 1	1	72747.742968750	72747.764093750	1400.000	4000.000	1.0000
346	Waveform 1	1	72765.195468750	72765.211718750	1400.000	4000.000	1.0000
346	Spectrogram 1	1	72765.195468750	72765.211718750	1400.000	4000.000	1.0000
347	Waveform 1	1	72767.489968750	72767.522468750	1400.000	4000.000	1.0000
347	Spectrogram 1	1	72767.489968750	72767.522468750	1400.000	4000.000	1.0000
348	Waveform 1	1	72778.796718750	72778.814593750	1400.000	4000.000	1.0000
348	Spectrogram 1	1	72778.796718750	72778.814593750	1400.000	4000.000	1.0000
349	Waveform 1	1	72782.433468750	72782.451343750	1400.000	4000.000	1.0000
349	Spectrogram 1	1	72782.433468750	72782.451343750	1400.000	4000.000	1.0000
350	Waveform 1	1	72787.256468750	72787.274343750	1400.000	4000.000	1.0000
350	Spectrogram 1	1	72787.256468750	72787.274343750	1400.000	4000.000	1.0000
351	Waveform 1	1	72801.184343750	72801.203843750	1400.000	4000.000	1.0000
351	Spectrogram 1	1	72801.184343750	72801.203843750	1400.000	4000.000	1.0000
352	Waveform 1	1	72812.336718750	72812.362718750	1400.000	4000.000	1.0000
352	Spectrogram 1	1	72812.336718750	72812.362718750	1400.000	4000.000	1.0000
353	Waveform 1	1	72818.258218750	72818.287468750	1400.000	4000.000	1.0000
353	Spectrogram 1	1	72818.258218750	72818.287468750	1400.000	4000.000	1.0000
354	Waveform 1	1	72820.588468750	72820.598218750	1400.000	4000.000	1.0000
354	Spectrogram 1	1	72820.588468750	72820.598218750	1400.000	4000.000	1.0000
355	Waveform 1	1	72821.504968750	72821.513093750	1400.000	4000.000	1.0000
355	Spectrogram 1	1	72821.504968750	72821.513093750	1400.000	4000.000	1.0000
356	Waveform 1	1	72824.685093750	72824.694843750	1400.000	4000.000	1.0000
356	Spectrogram 1	1	72824.685093750	72824.694843750	1400.000	4000.000	1.0000
357	Waveform 1	1	72845.595593750	72845.621593750	1400.000	4000.000	1.0000
357	Spectrogram 1	1	72845.595593750	72845.621593750	1400.000	4000.000	1.0000
358	Waveform 1	1	72851.799843750	72851.814468750	1400.000	4000.000	1.0000
358	Spectrogram 1	1	72851.799843750	72851.814468750	1400.000	4000.000	1.0000
359	Waveform 1	1	72875.692218750	72875.700343750	1400.000	4000.000	1.0000
359	Spectrogram 1	1	72875.692218750	72875.700343750	1400.000	4000.000	1.0000
360	Waveform 1	1	72875.749093750	72875.763718750	1400.000	4000.000	1.0000
360	Spectrogram 1	1	72875.749093750	72875.763718750	1400.000	4000.000	1.0000
361	Waveform 1	1	72907.844468750	72907.862343750	1400.000	4000.000	1.0000
361	Spectrogram 1	1	72907.844468750	72907.862343750	1400.000	4000.000	1.0000
362	Waveform 1	1	72908.367718750	72908.382343750	1400.000	4000.000	1.0000
362	Spectrogram 1	1	72908.367718750	72908.382343750	1400.000	4000.000	1.0000
363	Waveform 1	1	72917.063093750	72917.071218750	1400.000	4000.000	1.0000
363	Spectrogram 1	1	72917.063093750	72917.071218750	1400.000	4000.000	1.0000
364	Waveform 1	1	72922.623843750	72922.640093750	1400.000	4000.000	1.0000
364	Spectrogram 1	1	72922.623843750	72922.640093750	1400.000	4000.000	1.0000
365	Waveform 1	1	72924.955718750	72924.970343750	1400.000	4000.000	1.0000
365	Spectrogram 1	1	72924.955718750	72924.970343750	1400.000	4000.000	1.0000
366	Waveform 1	1	72926.678218750	72926.691218750	1400.000	4000.000	1.0000
366	Spectrogram 1	1	72926.678218750	72926.691218750	1400.000	4000.000	1.0000
367	Waveform 1	1	72929.476468750	72929.489468750	1400.000	4000.000	1.0000
367	Spectrogram 1	1	72929.476468750	72929.489468750	1400.000	4000.000	1.0000
368	Waveform 1	1	73047.500218750	73047.514843750	1400.000	4000.000	1.0000
368	Spectrogram 1	1	73047.500218750	73047.514843750	1400.000	4000.000	1.0000
369	Waveform 1	1	73257.061843750	73257.069968750	1400.000	4000.000	1.0000
369	Spectrogram 1	1	73257.061843750	73257.069968750	1400.000	4000.000	1.0000
370	Waveform 1	1	73511.535218750	73511.551468750	1400.000	4000.000	1.0000
370	Spectrogram 1	1	73511.535218750	73511.551468750	1400.000	4000.000	1.0000
371	Waveform 1	1	75273.550343750	75273.563343750	1400.000	4000.000	1.0000
371	Spectrogram 1	1	75273.550343750	75273.563343750	1400.000	4000.000	1.0000
372	Waveform 1	1	75304.555343750	75304.565093750	1400.000	4000.000	1.0000
372	Spectrogram 1	1	75304.555343750	75304.565093750	1400.000	4000.000	1.0000
373	Waveform 1	1	75920.773218750	75920.800843750	1400.000	4000.000	1.0000
373	Spectrogram 1	1	75920.773218750	75920.800843750	1400.000	4000.000	1.0000
374	Waveform 1	1	76024.875593750	76024.895093750	1400.000	4000.000	1.0000
374	Spectrogram 1	1	76024.875593750	76024.895093750	1400.000	4000.000	1.0000
375	Waveform 1	1	77296.403968750	77296.412093750	1400.000	4000.000	1.0000
375	Spectrogram 1	1	77296.403968750	77296.412093750	1400.000	4000.000	1.0000
376	Waveform 1	1	81619.012843750	81619.022593750	1400.000	4000.000	1.0000
376	Spectrogram 1	1	81619.012843750	81619.022593750	1400.000	4000.000	1.0000
377	Waveform 1	1	83372.465843750	83372.473968750	1400.000	4000.000	1.0000
377	Spectrogram 1	1	83372.465843750	83372.473968750	1400.000	4000.000	1.0000
378	Waveform 1	1	84834.174468750	84834.198843750	1400.000	4000.000	1.0000
378	Spectrogram 1	1	84834.174468750	84834.198843750	1400.000	4000.000	1.0000
379	Waveform 1	1	84907.804843750	84907.814593750	1400.000	4000.000	1.0000
379	Spectrogram 1	1	84907.804843750	84907.814593750	1400.000	4000.000	1.0000
380	Waveform 1	1	84971.867218750	84971.885093750	1400.000	4000.000	1.0000
380	Spectrogram 1	1	84971.867218750	84971.885093750	1400.000	4000.000	1.0000
381	Waveform 1	1	85032.383843750	85032.408218750	1400.000	4000.000	1.0000
381	Spectrogram 1	1	85032.383843750	85032.408218750	1400.000	4000.000	1.0000
382	Waveform 1	1	85087.783343750	85087.799593750	1400.000	4000.000	1.0000
382	Spectrogram 1	1	85087.783343750	85087.799593750	1400.000	4000.000	1.0000
383	Waveform 1	1	85191.724843750	85191.736218750	1400.000	4000.000	1.0000
383	Spectrogram 1	1	85191.724843750	85191.736218750	1400.000	4000.000	1.0000
384	Waveform 1	1	86355.028218750	86355.044468750	1400.000	4000.000	1.0000
384	Spectrogram 1	1	86355.028218750	86355.044468750	1400.000	4000.000	1.0000
385	Waveform 1	1	86396.051343750	86396.062718750	1400.000	4000.000	1.0000
385	Spectrogram 1	1	86396.051343750	86396.062718750	1400.000	4000.000	1.0000
