Selection	View	Channel	Begin Time (s)	End Time (s)	Low Freq (Hz)	High Freq (Hz)	Occupancy
1	Waveform 1	1	2198.465468750	2198.473593750	1400.000	4000.000	1.0000
1	Spectrogram 1	1	2198.465468750	2198.473593750	1400.000	4000.000	1.0000
2	Waveform 1	1	2287.461843750	2287.471593750	1400.000	4000.000	1.0000
2	Spectrogram 1	1	2287.461843750	2287.471593750	1400.000	4000.000	1.0000
3	Waveform 1	1	2318.187343750	2318.195468750	1400.000	4000.000	1.0000
3	Spectrogram 1	1	2318.187343750	2318.195468750	1400.000	4000.000	1.0000
4	Waveform 1	1	4725.186093750	4725.195843750	1400.000	4000.000	1.0000
4	Spectrogram 1	1	4725.186093750	4725.195843750	1400.000	4000.000	1.0000
5	Waveform 1	1	5790.685593750	5790.700218750	1400.000	4000.000	1.0000
5	Spectrogram 1	1	5790.685593750	5790.700218750	1400.000	4000.000	1.0000
6	Waveform 1	1	8469.069093750	8469.085343750	1400.000	4000.000	1.0000
6	Spectrogram 1	1	8469.069093750	8469.085343750	1400.000	4000.000	1.0000
7	Waveform 1	1	12286.064093750	12286.073843750	1400.000	4000.000	1.0000
7	Spectrogram 1	1	12286.064093750	12286.073843750	1400.000	4000.000	1.0000
8	Waveform 1	1	12628.695343750	12628.706718750	1400.000	4000.000	1.0000
8	Spectrogram 1	1	12628.695343750	12628.706718750	1400.000	4000.000	1.0000
9	Waveform 1	1	12688.659468750	12688.688718750	1400.000	4000.000	1.0000
9	Spectrogram 1	1	12688.659468750	12688.688718750	1400.000	4000.000	1.0000
10	Waveform 1	1	13170.470343750	13170.480093750	1400.000	4000.000	1.0000
10	Spectrogram 1	1	13170.470343750	13170.480093750	1400.000	4000.000	1.0000
11	Waveform 1	1	14010.517343750	14010.530343750	1400.000	4000.000	1.0000
11	Spectrogram 1	1	14010.517343750	14010.530343750	1400.000	4000.000	1.0000
12	Waveform 1	1	14306.241343750	14306.251093750	1400.000	4000.000	1.0000
12	Spectrogram 1	1	14306.241343750	14306.251093750	1400.000	4000.000	1.0000
13	Waveform 1	1	14310.219343750	14310.230718750	1400.000	4000.000	1.0000
13	Spectrogram 1	1	14310.219343750	14310.230718750	1400.000	4000.000	1.0000
14	Waveform 1	1	14310.276218750	14310.284343750	1400.000	4000.000	1.0000
14	Spectrogram 1	1	14310.276218750	14310.284343750	1400.000	4000.000	1.0000
15	Waveform 1	1	15912.882093750	15912.890218750	1400.000	4000.000	1.0000
15	Spectrogram 1	1	15912.882093750	15912.890218750	1400.000	4000.000	1.0000
16	Waveform 1	1	16068.550593750	16068.565218750	1400.000	4000.000	1.0000
16	Spectrogram 1	1	16068.550593750	16068.565218750	1400.000	4000.000	1.0000
17	Waveform 1	1	16519.531968750	16519.549843750	1400.000	4000.000	1.0000
17	Spectrogram 1	1	16519.531968750	16519.549843750	1400.000	4000.000	1.0000
18	Waveform 1	1	18472.921718750	18472.941218750	1400.000	4000.000	1.0000
18	Spectrogram 1	1	18472.921718750	18472.941218750	1400.000	4000.000	1.0000
19	Waveform 1	1	18553.424218750	18553.442093750	1400.000	4000.000	1.0000
19	Spectrogram 1	1	18553.424218750	18553.442093750	1400.000	4000.000	1.0000
20	Waveform 1	1	19121.260968750	19121.277218750	1400.000	4000.000	1.0000
20	Spectrogram 1	1	19121.260968750	19121.277218750	1400.000	4000.000	1.0000
21	Waveform 1	1	19868.970593750	19868.981968750	1400.000	4000.000	1.0000
21	Spectrogram 1	1	19868.970593750	19868.981968750	1400.000	4000.000	1.0000
22	Waveform 1	1	19883.540343750	19883.561468750	1400.000	4000.000	1.0000
22	Spectrogram 1	1	19883.540343750	19883.561468750	1400.000	4000.000	1.0000
23	Waveform 1	1	19898.773093750	19898.781218750	1400.000	4000.000	1.0000
23	Spectrogram 1	1	19898.773093750	19898.781218750	1400.000	4000.000	1.0000
24	Waveform 1	1	19984.992343750	19985.005343750	1400.000	4000.000	1.0000
24	Spectrogram 1	1	19984.992343750	19985.005343750	1400.000	4000.000	1.0000
25	Waveform 1	1	21300.000843750	21300.012218750	1400.000	4000.000	1.0000
25	Spectrogram 1	1	21300.000843750	21300.012218750	1400.000	4000.000	1.0000
26	Waveform 1	1	21311.718718750	21311.728468750	1400.000	4000.000	1.0000
26	Spectrogram 1	1	21311.718718750	21311.728468750	1400.000	4000.000	1.0000
27	Waveform 1	1	21411.066343750	21411.079343750	1400.000	4000.000	1.0000
27	Spectrogram 1	1	21411.066343750	21411.079343750	1400.000	4000.000	1.0000
28	Waveform 1	1	21981.384468750	21981.395843750	1400.000	4000.000	1.0000
28	Spectrogram 1	1	21981.384468750	21981.395843750	1400.000	4000.000	1.0000
29	Waveform 1	1	22024.801218750	22024.828843750	1400.000	4000.000	1.0000
29	Spectrogram 1	1	22024.801218750	22024.828843750	1400.000	4000.000	1.0000
30	Waveform 1	1	22891.516093750	22891.532343750	1400.000	4000.000	1.0000
30	Spectrogram 1	1	22891.516093750	22891.532343750	1400.000	4000.000	1.0000
31	Waveform 1	1	24344.852718750	24344.868968750	1400.000	4000.000	1.0000
31	Spectrogram 1	1	24344.852718750	24344.868968750	1400.000	4000.000	1.0000
32	Waveform 1	1	25465.741968750	25465.756593750	1400.000	4000.000	1.0000
32	Spectrogram 1	1	25465.741968750	25465.756593750	1400.000	4000.000	1.0000
33	Waveform 1	1	25614.097968750	25614.117468750	1400.000	4000.000	1.0000
33	Spectrogram 1	1	25614.097968750	25614.117468750	1400.000	4000.000	1.0000
34	Waveform 1	1	25641.240343750	25641.251718750	1400.000	4000.000	1.0000
34	Spectrogram 1	1	25641.240343750	25641.251718750	1400.000	4000.000	1.0000
35	Waveform 1	1	26180.137468750	26180.147218750	1400.000	4000.000	1.0000
35	Spectrogram 1	1	26180.137468750	26180.147218750	1400.000	4000.000	1.0000
36	Waveform 1	1	26430.536968750	26430.549968750	1400.000	4000.000	1.0000
36	Spectrogram 1	1	26430.536968750	26430.549968750	1400.000	4000.000	1.0000
37	Waveform 1	1	26461.174718750	26461.187718750	1400.000	4000.000	1.0000
37	Spectrogram 1	1	26461.174718750	26461.187718750	1400.000	4000.000	1.0000
38	Waveform 1	1	29823.055968750	29823.077093750	1400.000	4000.000	1.0000
38	Spectrogram 1	1	29823.055968750	29823.077093750	1400.000	4000.000	1.0000
39	Waveform 1	1	29987.211843750	29987.224843750	1400.000	4000.000	1.0000
39	Spectrogram 1	1	29987.211843750	29987.224843750	1400.000	4000.000	1.0000
40	Waveform 1	1	30026.687968750	30026.705843750	1400.000	4000.000	1.0000
40	Spectrogram 1	1	30026.687968750	30026.705843750	1400.000	4000.000	1.0000
41	Waveform 1	1	30319.145718750	30319.160343750	1400.000	4000.000	1.0000
41	Spectrogram 1	1	30319.145718750	30319.160343750	1400.000	4000.000	1.0000
42	Waveform 1	1	33106.503343750	33106.513093750	1400.000	4000.000	1.0000
42	Spectrogram 1	1	33106.503343750	33106.513093750	1400.000	4000.000	1.0000
43	Waveform 1	1	33163.857718750	33163.865843750	1400.000	4000.000	1.0000
43	Spectrogram 1	1	33163.857718750	33163.865843750	1400.000	4000.000	1.0000
44	Waveform 1	1	33168.001468750	33168.009593750	1400.000	4000.000	1.0000
44	Spectrogram 1	1	33168.001468750	33168.009593750	1400.000	4000.000	1.0000
45	Waveform 1	1	33186.412718750	33186.424093750	1400.000	4000.000	1.0000
45	Spectrogram 1	1	33186.412718750	33186.424093750	1400.000	4000.000	1.0000
46	Waveform 1	1	33239.334093750	33239.342218750	1400.000	4000.000	1.0000
46	Spectrogram 1	1	33239.334093750	33239.342218750	1400.000	4000.000	1.0000
47	Waveform 1	1	33277.506968750	33277.519968750	1400.000	4000.000	1.0000
47	Spectrogram 1	1	33277.506968750	33277.519968750	1400.000	4000.000	1.0000
48	Waveform 1	1	35153.237968750	35153.247718750	1400.000	4000.000	1.0000
48	Spectrogram 1	1	35153.237968750	35153.247718750	1400.000	4000.000	1.0000
49	Waveform 1	1	35199.618718750	35199.633343750	1400.000	4000.000	1.0000
49	Spectrogram 1	1	35199.618718750	35199.633343750	1400.000	4000.000	1.0000
50	Waveform 1	1	35248.550718750	35248.571843750	1400.000	4000.000	1.0000
50	Spectrogram 1	1	35248.550718750	35248.571843750	1400.000	4000.000	1.0000
51	Waveform 1	1	35301.684968750	35301.694718750	1400.000	4000.000	1.0000
51	Spectrogram 1	1	35301.684968750	35301.694718750	1400.000	4000.000	1.0000
52	Waveform 1	1	35595.792093750	35595.813218750	1400.000	4000.000	1.0000
52	Spectrogram 1	1	35595.792093750	35595.813218750	1400.000	4000.000	1.0000
53	Waveform 1	1	35638.350843750	35638.376843750	1400.000	4000.000	1.0000
53	Spectrogram 1	1	35638.350843750	35638.376843750	1400.000	4000.000	1.0000
54	Waveform 1	1	35793.613093750	35793.621218750	1400.000	4000.000	1.0000
54	Spectrogram 1	1	35793.613093750	35793.621218750	1400.000	4000.000	1.0000
55	Waveform 1	1	35876.696093750	35876.713968750	1400.000	4000.000	1.0000
55	Spectrogram 1	1	35876.696093750	35876.713968750	1400.000	4000.000	1.0000
56	Waveform 1	1	35881.067343750	35881.078718750	1400.000	4000.000	1.0000
56	Spectrogram 1	1	35881.067343750	35881.078718750	1400.000	4000.000	1.0000
57	Waveform 1	1	35893.804093750	35893.815468750	1400.000	4000.000	1.0000
57	Spectrogram 1	1	35893.804093750	35893.815468750	1400.000	4000.000	1.0000
58	Waveform 1	1	35925.761343750	35925.772718750	1400.000	4000.000	1.0000
58	Spectrogram 1	1	35925.761343750	35925.772718750	1400.000	4000.000	1.0000
59	Waveform 1	1	35949.796718750	35949.809718750	1400.000	4000.000	1.0000
59	Spectrogram 1	1	35949.796718750	35949.809718750	1400.000	4000.000	1.0000
60	Waveform 1	1	35957.720218750	35957.741343750	1400.000	4000.000	1.0000
60	Spectrogram 1	1	35957.720218750	35957.741343750	1400.000	4000.000	1.0000
61	Waveform 1	1	35961.446343750	35961.467468750	1400.000	4000.000	1.0000
61	Spectrogram 1	1	35961.446343750	35961.467468750	1400.000	4000.000	1.0000
62	Waveform 1	1	35963.316718750	35963.331343750	1400.000	4000.000	1.0000
62	Spectrogram 1	1	35963.316718750	35963.331343750	1400.000	4000.000	1.0000
63	Waveform 1	1	36566.498843750	36566.508593750	1400.000	4000.000	1.0000
63	Spectrogram 1	1	36566.498843750	36566.508593750	1400.000	4000.000	1.0000
64	Waveform 1	1	36878.641843750	36878.649968750	1400.000	4000.000	1.0000
64	Spectrogram 1	1	36878.641843750	36878.649968750	1400.000	4000.000	1.0000
65	Waveform 1	1	36893.668218750	36893.681218750	1400.000	4000.000	1.0000
65	Spectrogram 1	1	36893.668218750	36893.681218750	1400.000	4000.000	1.0000
66	Waveform 1	1	36896.419343750	36896.430718750	1400.000	4000.000	1.0000
66	Spectrogram 1	1	36896.419343750	36896.430718750	1400.000	4000.000	1.0000
67	Waveform 1	1	36936.964718750	36936.974468750	1400.000	4000.000	1.0000
67	Spectrogram 1	1	36936.964718750	36936.974468750	1400.000	4000.000	1.0000
68	Waveform 1	1	36948.430718750	36948.443718750	1400.000	4000.000	1.0000
68	Spectrogram 1	1	36948.430718750	36948.443718750	1400.000	4000.000	1.0000
69	Waveform 1	1	37065.763843750	37065.778468750	1400.000	4000.000	1.0000
69	Spectrogram 1	1	37065.763843750	37065.778468750	1400.000	4000.000	1.0000
70	Waveform 1	1	37075.916843750	37075.934718750	1400.000	4000.000	1.0000
70	Spectrogram 1	1	37075.916843750	37075.934718750	1400.000	4000.000	1.0000
71	Waveform 1	1	37268.794593750	37268.802718750	1400.000	4000.000	1.0000
71	Spectrogram 1	1	37268.794593750	37268.802718750	1400.000	4000.000	1.0000
72	Waveform 1	1	37273.417718750	37273.432343750	1400.000	4000.000	1.0000
72	Spectrogram 1	1	37273.417718750	37273.432343750	1400.000	4000.000	1.0000
73	Waveform 1	1	37277.793843750	37277.806843750	1400.000	4000.000	1.0000
73	Spectrogram 1	1	37277.793843750	37277.806843750	1400.000	4000.000	1.0000
74	Waveform 1	1	37389.304593750	37389.325718750	1400.000	4000.000	1.0000
74	Spectrogram 1	1	37389.304593750	37389.325718750	1400.000	4000.000	1.0000
75	Waveform 1	1	37405.193843750	37405.203593750	1400.000	4000.000	1.0000
75	Spectrogram 1	1	37405.193843750	37405.203593750	1400.000	4000.000	1.0000
76	Waveform 1	1	37638.785968750	37638.798968750	1400.000	4000.000	1.0000
76	Spectrogram 1	1	37638.785968750	37638.798968750	1400.000	4000.000	1.0000
77	Waveform 1	1	37965.802593750	37965.818843750	1400.000	4000.000	1.0000
77	Spectrogram 1	1	37965.802593750	37965.818843750	1400.000	4000.000	1.0000
78	Waveform 1	1	38608.590843750	38608.600593750	1400.000	4000.000	1.0000
78	Spectrogram 1	1	38608.590843750	38608.600593750	1400.000	4000.000	1.0000
79	Waveform 1	1	38636.441718750	38636.451468750	1400.000	4000.000	1.0000
79	Spectrogram 1	1	38636.441718750	38636.451468750	1400.000	4000.000	1.0000
80	Waveform 1	1	38649.865843750	38649.880468750	1400.000	4000.000	1.0000
80	Spectrogram 1	1	38649.865843750	38649.880468750	1400.000	4000.000	1.0000
81	Waveform 1	1	38661.222968750	38661.253843750	1400.000	4000.000	1.0000
81	Spectrogram 1	1	38661.222968750	38661.253843750	1400.000	4000.000	1.0000
82	Waveform 1	1	38868.618468750	38868.628218750	1400.000	4000.000	1.0000
82	Spectrogram 1	1	38868.618468750	38868.628218750	1400.000	4000.000	1.0000
83	Waveform 1	1	38956.475718750	38956.490343750	1400.000	4000.000	1.0000
83	Spectrogram 1	1	38956.475718750	38956.490343750	1400.000	4000.000	1.0000
84	Waveform 1	1	39032.684968750	39032.715843750	1400.000	4000.000	1.0000
84	Spectrogram 1	1	39032.684968750	39032.715843750	1400.000	4000.000	1.0000
85	Waveform 1	1	39277.978718750	39277.998218750	1400.000	4000.000	1.0000
85	Spectrogram 1	1	39277.978718750	39277.998218750	1400.000	4000.000	1.0000
86	Waveform 1	1	40400.627843750	40400.635968750	1400.000	4000.000	1.0000
86	Spectrogram 1	1	40400.627843750	40400.635968750	1400.000	4000.000	1.0000
87	Waveform 1	1	40515.113968750	40515.138343750	1400.000	4000.000	1.0000
87	Spectrogram 1	1	40515.113968750	40515.138343750	1400.000	4000.000	1.0000
88	Waveform 1	1	44598.984343750	44599.002218750	1400.000	4000.000	1.0000
88	Spectrogram 1	1	44598.984343750	44599.002218750	1400.000	4000.000	1.0000
89	Waveform 1	1	44628.790093750	44628.817718750	1400.000	4000.000	1.0000
89	Spectrogram 1	1	44628.790093750	44628.817718750	1400.000	4000.000	1.0000
90	Waveform 1	1	47853.246718750	47853.274343750	1400.000	4000.000	1.0000
90	Spectrogram 1	1	47853.246718750	47853.274343750	1400.000	4000.000	1.0000
91	Waveform 1	1	48599.363843750	48599.375218750	1400.000	4000.000	1.0000
91	Spectrogram 1	1	48599.363843750	48599.375218750	1400.000	4000.000	1.0000
92	Waveform 1	1	49879.649343750	49879.667218750	1400.000	4000.000	1.0000
92	Spectrogram 1	1	49879.649343750	49879.667218750	1400.000	4000.000	1.0000
93	Waveform 1	1	49933.318218750	49933.339343750	1400.000	4000.000	1.0000
93	Spectrogram 1	1	49933.318218750	49933.339343750	1400.000	4000.000	1.0000
94	Waveform 1	1	49942.375968750	49942.387343750	1400.000	4000.000	1.0000
94	Spectrogram 1	1	49942.375968750	49942.387343750	1400.000	4000.000	1.0000
95	Waveform 1	1	49954.002843750	49954.010968750	1400.000	4000.000	1.0000
95	Spectrogram 1	1	49954.002843750	49954.010968750	1400.000	4000.000	1.0000
96	Waveform 1	1	55614.220718750	55614.228843750	1400.000	4000.000	1.0000
96	Spectrogram 1	1	55614.220718750	55614.228843750	1400.000	4000.000	1.0000
97	Waveform 1	1	55629.014718750	55629.024468750	1400.000	4000.000	1.0000
97	Spectrogram 1	1	55629.014718750	55629.024468750	1400.000	4000.000	1.0000
98	Waveform 1	1	55660.906968750	55660.915093750	1400.000	4000.000	1.0000
98	Spectrogram 1	1	55660.906968750	55660.915093750	1400.000	4000.000	1.0000
99	Waveform 1	1	55775.350843750	55775.360593750	1400.000	4000.000	1.0000
99	Spectrogram 1	1	55775.350843750	55775.360593750	1400.000	4000.000	1.0000
100	Waveform 1	1	55790.442218750	55790.450343750	1400.000	4000.000	1.0000
100	Spectrogram 1	1	55790.442218750	55790.450343750	1400.000	4000.000	1.0000
101	Waveform 1	1	55837.123593750	55837.133343750	1400.000	4000.000	1.0000
101	Spectrogram 1	1	55837.123593750	55837.133343750	1400.000	4000.000	1.0000
102	Waveform 1	1	55847.437468750	55847.447218750	1400.000	4000.000	1.0000
102	Spectrogram 1	1	55847.437468750	55847.447218750	1400.000	4000.000	1.0000
103	Waveform 1	1	55877.059593750	55877.070968750	1400.000	4000.000	1.0000
103	Spectrogram 1	1	55877.059593750	55877.070968750	1400.000	4000.000	1.0000
104	Waveform 1	1	57477.483093750	57477.492843750	1400.000	4000.000	1.0000
104	Spectrogram 1	1	57477.483093750	57477.492843750	1400.000	4000.000	1.0000
105	Waveform 1	1	57613.437093750	57613.446843750	1400.000	4000.000	1.0000
105	Spectrogram 1	1	57613.437093750	57613.446843750	1400.000	4000.000	1.0000
106	Waveform 1	1	57807.598593750	57807.622968750	1400.000	4000.000	1.0000
106	Spectrogram 1	1	57807.598593750	57807.622968750	1400.000	4000.000	1.0000
107	Waveform 1	1	57809.858968750	57809.881718750	1400.000	4000.000	1.0000
107	Spectrogram 1	1	57809.858968750	57809.881718750	1400.000	4000.000	1.0000
108	Waveform 1	1	57811.592843750	57811.613968750	1400.000	4000.000	1.0000
108	Spectrogram 1	1	57811.592843750	57811.613968750	1400.000	4000.000	1.0000
109	Waveform 1	1	57812.255843750	57812.276968750	1400.000	4000.000	1.0000
109	Spectrogram 1	1	57812.255843750	57812.276968750	1400.000	4000.000	1.0000
110	Waveform 1	1	57814.478843750	57814.498343750	1400.000	4000.000	1.0000
110	Spectrogram 1	1	57814.478843750	57814.498343750	1400.000	4000.000	1.0000
111	Waveform 1	1	57816.952093750	57816.971593750	1400.000	4000.000	1.0000
111	Spectrogram 1	1	57816.952093750	57816.971593750	1400.000	4000.000	1.0000
112	Waveform 1	1	57821.209593750	57821.235593750	1400.000	4000.000	1.0000
112	Spectrogram 1	1	57821.209593750	57821.235593750	1400.000	4000.000	1.0000
113	Waveform 1	1	57823.300968750	57823.322093750	1400.000	4000.000	1.0000
113	Spectrogram 1	1	57823.300968750	57823.322093750	1400.000	4000.000	1.0000
114	Waveform 1	1	57825.486593750	57825.517468750	1400.000	4000.000	1.0000
114	Spectrogram 1	1	57825.486593750	57825.517468750	1400.000	4000.000	1.0000
115	Waveform 1	1	57827.995593750	57828.018343750	1400.000	4000.000	1.0000
115	Spectrogram 1	1	57827.995593750	57828.018343750	1400.000	4000.000	1.0000
116	Waveform 1	1	57830.138968750	57830.148718750	1400.000	4000.000	1.0000
116	Spectrogram 1	1	57830.138968750	57830.148718750	1400.000	4000.000	1.0000
117	Waveform 1	1	57836.539843750	57836.554468750	1400.000	4000.000	1.0000
117	Spectrogram 1	1	57836.539843750	57836.554468750	1400.000	4000.000	1.0000
118	Waveform 1	1	57841.216593750	57841.236093750	1400.000	4000.000	1.0000
118	Spectrogram 1	1	57841.216593750	57841.236093750	1400.000	4000.000	1.0000
119	Waveform 1	1	57937.600218750	57937.614843750	1400.000	4000.000	1.0000
119	Spectrogram 1	1	57937.600218750	57937.614843750	1400.000	4000.000	1.0000
120	Waveform 1	1	57946.012843750	57946.029093750	1400.000	4000.000	1.0000
120	Spectrogram 1	1	57946.012843750	57946.029093750	1400.000	4000.000	1.0000
121	Waveform 1	1	57947.429843750	57947.447718750	1400.000	4000.000	1.0000
121	Spectrogram 1	1	57947.429843750	57947.447718750	1400.000	4000.000	1.0000
122	Waveform 1	1	57975.074343750	57975.092218750	1400.000	4000.000	1.0000
122	Spectrogram 1	1	57975.074343750	57975.092218750	1400.000	4000.000	1.0000
123	Waveform 1	1	57985.227343750	57985.238718750	1400.000	4000.000	1.0000
123	Spectrogram 1	1	57985.227343750	57985.238718750	1400.000	4000.000	1.0000
124	Waveform 1	1	57986.764593750	57986.775968750	1400.000	4000.000	1.0000
124	Spectrogram 1	1	57986.764593750	57986.775968750	1400.000	4000.000	1.0000
125	Waveform 1	1	57987.031093750	57987.045718750	1400.000	4000.000	1.0000
125	Spectrogram 1	1	57987.031093750	57987.045718750	1400.000	4000.000	1.0000
126	Waveform 1	1	57989.419843750	57989.434468750	1400.000	4000.000	1.0000
126	Spectrogram 1	1	57989.419843750	57989.434468750	1400.000	4000.000	1.0000
127	Waveform 1	1	57989.574218750	57989.596968750	1400.000	4000.000	1.0000
127	Spectrogram 1	1	57989.574218750	57989.596968750	1400.000	4000.000	1.0000
128	Waveform 1	1	57989.790343750	57989.817968750	1400.000	4000.000	1.0000
128	Spectrogram 1	1	57989.790343750	57989.817968750	1400.000	4000.000	1.0000
129	Waveform 1	1	57990.211218750	57990.237218750	1400.000	4000.000	1.0000
129	Spectrogram 1	1	57990.211218750	57990.237218750	1400.000	4000.000	1.0000
130	Waveform 1	1	57991.802093750	57991.811843750	1400.000	4000.000	1.0000
130	Spectrogram 1	1	57991.802093750	57991.811843750	1400.000	4000.000	1.0000
131	Waveform 1	1	57992.255468750	57992.276593750	1400.000	4000.000	1.0000
131	Spectrogram 1	1	57992.255468750	57992.276593750	1400.000	4000.000	1.0000
132	Waveform 1	1	58035.694968750	58035.707968750	1400.000	4000.000	1.0000
132	Spectrogram 1	1	58035.694968750	58035.707968750	1400.000	4000.000	1.0000
133	Waveform 1	1	58035.803843750	58035.813593750	1400.000	4000.000	1.0000
133	Spectrogram 1	1	58035.803843750	58035.813593750	1400.000	4000.000	1.0000
134	Waveform 1	1	58045.194718750	58045.204468750	1400.000	4000.000	1.0000
134	Spectrogram 1	1	58045.194718750	58045.204468750	1400.000	4000.000	1.0000
135	Waveform 1	1	58049.398593750	58049.414843750	1400.000	4000.000	1.0000
135	Spectrogram 1	1	58049.398593750	58049.414843750	1400.000	4000.000	1.0000
136	Waveform 1	1	58049.468468750	58049.481468750	1400.000	4000.000	1.0000
136	Spectrogram 1	1	58049.468468750	58049.481468750	1400.000	4000.000	1.0000
137	Waveform 1	1	58051.845843750	58051.853968750	1400.000	4000.000	1.0000
137	Spectrogram 1	1	58051.845843750	58051.853968750	1400.000	4000.000	1.0000
138	Waveform 1	1	58053.880343750	58053.894968750	1400.000	4000.000	1.0000
138	Spectrogram 1	1	58053.880343750	58053.894968750	1400.000	4000.000	1.0000
139	Waveform 1	1	58053.959968750	58053.974593750	1400.000	4000.000	1.0000
139	Spectrogram 1	1	58053.959968750	58053.974593750	1400.000	4000.000	1.0000
140	Waveform 1	1	58102.620593750	58102.628718750	1400.000	4000.000	1.0000
140	Spectrogram 1	1	58102.620593750	58102.628718750	1400.000	4000.000	1.0000
141	Waveform 1	1	58102.976468750	58102.997593750	1400.000	4000.000	1.0000
141	Spectrogram 1	1	58102.976468750	58102.997593750	1400.000	4000.000	1.0000
142	Waveform 1	1	58148.364343750	58148.378968750	1400.000	4000.000	1.0000
142	Spectrogram 1	1	58148.364343750	58148.378968750	1400.000	4000.000	1.0000
143	Waveform 1	1	58151.160968750	58151.170718750	1400.000	4000.000	1.0000
143	Spectrogram 1	1	58151.160968750	58151.170718750	1400.000	4000.000	1.0000
144	Waveform 1	1	58151.245468750	58151.255218750	1400.000	4000.000	1.0000
144	Spectrogram 1	1	58151.245468750	58151.255218750	1400.000	4000.000	1.0000
145	Waveform 1	1	58180.783093750	58180.797718750	1400.000	4000.000	1.0000
145	Spectrogram 1	1	58180.783093750	58180.797718750	1400.000	4000.000	1.0000
146	Waveform 1	1	58181.696343750	58181.709343750	1400.000	4000.000	1.0000
146	Spectrogram 1	1	58181.696343750	58181.709343750	1400.000	4000.000	1.0000
147	Waveform 1	1	58255.466468750	58255.476218750	1400.000	4000.000	1.0000
147	Spectrogram 1	1	58255.466468750	58255.476218750	1400.000	4000.000	1.0000
148	Waveform 1	1	58256.215593750	58256.241593750	1400.000	4000.000	1.0000
148	Spectrogram 1	1	58256.215593750	58256.241593750	1400.000	4000.000	1.0000
149	Waveform 1	1	58383.501843750	58383.514843750	1400.000	4000.000	1.0000
149	Spectrogram 1	1	58383.501843750	58383.514843750	1400.000	4000.000	1.0000
150	Waveform 1	1	58384.156718750	58384.184343750	1400.000	4000.000	1.0000
150	Spectrogram 1	1	58384.156718750	58384.184343750	1400.000	4000.000	1.0000
151	Waveform 1	1	58384.428093750	58384.447593750	1400.000	4000.000	1.0000
151	Spectrogram 1	1	58384.428093750	58384.447593750	1400.000	4000.000	1.0000
152	Waveform 1	1	58387.687843750	58387.702468750	1400.000	4000.000	1.0000
152	Spectrogram 1	1	58387.687843750	58387.702468750	1400.000	4000.000	1.0000
153	Waveform 1	1	58387.777218750	58387.795093750	1400.000	4000.000	1.0000
153	Spectrogram 1	1	58387.777218750	58387.795093750	1400.000	4000.000	1.0000
154	Waveform 1	1	58392.211843750	58392.236218750	1400.000	4000.000	1.0000
154	Spectrogram 1	1	58392.211843750	58392.236218750	1400.000	4000.000	1.0000
155	Waveform 1	1	58397.645843750	58397.655593750	1400.000	4000.000	1.0000
155	Spectrogram 1	1	58397.645843750	58397.655593750	1400.000	4000.000	1.0000
156	Waveform 1	1	58402.273843750	58402.291718750	1400.000	4000.000	1.0000
156	Spectrogram 1	1	58402.273843750	58402.291718750	1400.000	4000.000	1.0000
157	Waveform 1	1	58407.290218750	58407.299968750	1400.000	4000.000	1.0000
157	Spectrogram 1	1	58407.290218750	58407.299968750	1400.000	4000.000	1.0000
158	Waveform 1	1	58409.661093750	58409.675718750	1400.000	4000.000	1.0000
158	Spectrogram 1	1	58409.661093750	58409.675718750	1400.000	4000.000	1.0000
159	Waveform 1	1	58410.504468750	58410.514218750	1400.000	4000.000	1.0000
159	Spectrogram 1	1	58410.504468750	58410.514218750	1400.000	4000.000	1.0000
160	Waveform 1	1	58410.614968750	58410.637718750	1400.000	4000.000	1.0000
160	Spectrogram 1	1	58410.614968750	58410.637718750	1400.000	4000.000	1.0000
161	Waveform 1	1	58411.125218750	58411.154468750	1400.000	4000.000	1.0000
161	Spectrogram 1	1	58411.125218750	58411.154468750	1400.000	4000.000	1.0000
162	Waveform 1	1	58420.512843750	58420.529093750	1400.000	4000.000	1.0000
162	Spectrogram 1	1	58420.512843750	58420.529093750	1400.000	4000.000	1.0000
163	Waveform 1	1	58434.549593750	58434.559343750	1400.000	4000.000	1.0000
163	Spectrogram 1	1	58434.549593750	58434.559343750	1400.000	4000.000	1.0000
164	Waveform 1	1	58436.912343750	58436.922093750	1400.000	4000.000	1.0000
164	Spectrogram 1	1	58436.912343750	58436.922093750	1400.000	4000.000	1.0000
165	Waveform 1	1	58445.068218750	58445.082843750	1400.000	4000.000	1.0000
165	Spectrogram 1	1	58445.068218750	58445.082843750	1400.000	4000.000	1.0000
166	Waveform 1	1	58447.712093750	58447.729968750	1400.000	4000.000	1.0000
166	Spectrogram 1	1	58447.712093750	58447.729968750	1400.000	4000.000	1.0000
167	Waveform 1	1	58449.959468750	58449.974093750	1400.000	4000.000	1.0000
167	Spectrogram 1	1	58449.959468750	58449.974093750	1400.000	4000.000	1.0000
168	Waveform 1	1	58452.941343750	58452.952718750	1400.000	4000.000	1.0000
168	Spectrogram 1	1	58452.941343750	58452.952718750	1400.000	4000.000	1.0000
169	Waveform 1	1	58453.446718750	58453.458093750	1400.000	4000.000	1.0000
169	Spectrogram 1	1	58453.446718750	58453.458093750	1400.000	4000.000	1.0000
170	Waveform 1	1	58506.917343750	58506.944968750	1400.000	4000.000	1.0000
170	Spectrogram 1	1	58506.917343750	58506.944968750	1400.000	4000.000	1.0000
171	Waveform 1	1	58510.900218750	58510.919718750	1400.000	4000.000	1.0000
171	Spectrogram 1	1	58510.900218750	58510.919718750	1400.000	4000.000	1.0000
172	Waveform 1	1	58514.805093750	58514.829468750	1400.000	4000.000	1.0000
172	Spectrogram 1	1	58514.805093750	58514.829468750	1400.000	4000.000	1.0000
173	Waveform 1	1	58515.463218750	58515.484343750	1400.000	4000.000	1.0000
173	Spectrogram 1	1	58515.463218750	58515.484343750	1400.000	4000.000	1.0000
174	Waveform 1	1	58631.673468750	58631.686468750	1400.000	4000.000	1.0000
174	Spectrogram 1	1	58631.673468750	58631.686468750	1400.000	4000.000	1.0000
175	Waveform 1	1	58638.384718750	58638.400968750	1400.000	4000.000	1.0000
175	Spectrogram 1	1	58638.384718750	58638.400968750	1400.000	4000.000	1.0000
176	Waveform 1	1	58657.978968750	58657.991968750	1400.000	4000.000	1.0000
176	Spectrogram 1	1	58657.978968750	58657.991968750	1400.000	4000.000	1.0000
177	Waveform 1	1	58661.332968750	58661.347593750	1400.000	4000.000	1.0000
177	Spectrogram 1	1	58661.332968750	58661.347593750	1400.000	4000.000	1.0000
178	Waveform 1	1	58666.649968750	58666.661343750	1400.000	4000.000	1.0000
178	Spectrogram 1	1	58666.649968750	58666.661343750	1400.000	4000.000	1.0000
179	Waveform 1	1	58692.948968750	58692.958718750	1400.000	4000.000	1.0000
179	Spectrogram 1	1	58692.948968750	58692.958718750	1400.000	4000.000	1.0000
180	Waveform 1	1	58693.587593750	58693.600593750	1400.000	4000.000	1.0000
180	Spectrogram 1	1	58693.587593750	58693.600593750	1400.000	4000.000	1.0000
181	Waveform 1	1	58724.850968750	58724.867218750	1400.000	4000.000	1.0000
181	Spectrogram 1	1	58724.850968750	58724.867218750	1400.000	4000.000	1.0000
182	Waveform 1	1	58741.214718750	58741.227718750	1400.000	4000.000	1.0000
182	Spectrogram 1	1	58741.214718750	58741.227718750	1400.000	4000.000	1.0000
183	Waveform 1	1	58754.409718750	58754.419468750	1400.000	4000.000	1.0000
183	Spectrogram 1	1	58754.409718750	58754.419468750	1400.000	4000.000	1.0000
184	Waveform 1	1	58754.471468750	58754.495843750	1400.000	4000.000	1.0000
184	Spectrogram 1	1	58754.471468750	58754.495843750	1400.000	4000.000	1.0000
185	Waveform 1	1	58754.611218750	58754.624218750	1400.000	4000.000	1.0000
185	Spectrogram 1	1	58754.611218750	58754.624218750	1400.000	4000.000	1.0000
186	Waveform 1	1	58760.683843750	58760.695218750	1400.000	4000.000	1.0000
186	Spectrogram 1	1	58760.683843750	58760.695218750	1400.000	4000.000	1.0000
187	Waveform 1	1	58781.969718750	58781.979468750	1400.000	4000.000	1.0000
187	Spectrogram 1	1	58781.969718750	58781.979468750	1400.000	4000.000	1.0000
188	Waveform 1	1	58788.999468750	58789.009218750	1400.000	4000.000	1.0000
188	Spectrogram 1	1	58788.999468750	58789.009218750	1400.000	4000.000	1.0000
189	Waveform 1	1	58797.637968750	58797.646093750	1400.000	4000.000	1.0000
189	Spectrogram 1	1	58797.637968750	58797.646093750	1400.000	4000.000	1.0000
190	Waveform 1	1	58817.851343750	58817.864343750	1400.000	4000.000	1.0000
190	Spectrogram 1	1	58817.851343750	58817.864343750	1400.000	4000.000	1.0000
191	Waveform 1	1	58850.819343750	58850.829093750	1400.000	4000.000	1.0000
191	Spectrogram 1	1	58850.819343750	58850.829093750	1400.000	4000.000	1.0000
192	Waveform 1	1	58858.479593750	58858.487718750	1400.000	4000.000	1.0000
192	Spectrogram 1	1	58858.479593750	58858.487718750	1400.000	4000.000	1.0000
193	Waveform 1	1	58919.397593750	58919.407343750	1400.000	4000.000	1.0000
193	Spectrogram 1	1	58919.397593750	58919.407343750	1400.000	4000.000	1.0000
194	Waveform 1	1	59003.250843750	59003.268718750	1400.000	4000.000	1.0000
194	Spectrogram 1	1	59003.250843750	59003.268718750	1400.000	4000.000	1.0000
195	Waveform 1	1	59064.287468750	59064.300468750	1400.000	4000.000	1.0000
195	Spectrogram 1	1	59064.287468750	59064.300468750	1400.000	4000.000	1.0000
196	Waveform 1	1	59069.363968750	59069.383468750	1400.000	4000.000	1.0000
196	Spectrogram 1	1	59069.363968750	59069.383468750	1400.000	4000.000	1.0000
197	Waveform 1	1	59128.700843750	59128.728468750	1400.000	4000.000	0.7059
197	Spectrogram 1	1	59128.700843750	59128.728468750	1400.000	4000.000	0.7059
198	Waveform 1	1	59176.373468750	59176.383218750	1400.000	4000.000	1.0000
198	Spectrogram 1	1	59176.373468750	59176.383218750	1400.000	4000.000	1.0000
199	Waveform 1	1	59177.476843750	59177.491468750	1400.000	4000.000	1.0000
199	Spectrogram 1	1	59177.476843750	59177.491468750	1400.000	4000.000	1.0000
200	Waveform 1	1	59180.886093750	59180.897468750	1400.000	4000.000	1.0000
200	Spectrogram 1	1	59180.886093750	59180.897468750	1400.000	4000.000	1.0000
201	Waveform 1	1	59185.323968750	59185.335343750	1400.000	4000.000	1.0000
201	Spectrogram 1	1	59185.323968750	59185.335343750	1400.000	4000.000	1.0000
202	Waveform 1	1	59251.828718750	59251.844968750	1400.000	4000.000	1.0000
202	Spectrogram 1	1	59251.828718750	59251.844968750	1400.000	4000.000	1.0000
203	Waveform 1	1	59451.716718750	59451.736218750	1400.000	4000.000	1.0000
203	Spectrogram 1	1	59451.716718750	59451.736218750	1400.000	4000.000	1.0000
204	Waveform 1	1	59451.768718750	59451.780093750	1400.000	4000.000	1.0000
204	Spectrogram 1	1	59451.768718750	59451.780093750	1400.000	4000.000	1.0000
205	Waveform 1	1	59451.832093750	59451.840218750	1400.000	4000.000	1.0000
205	Spectrogram 1	1	59451.832093750	59451.840218750	1400.000	4000.000	1.0000
206	Waveform 1	1	59456.130218750	59456.141593750	1400.000	4000.000	1.0000
206	Spectrogram 1	1	59456.130218750	59456.141593750	1400.000	4000.000	1.0000
207	Waveform 1	1	59457.953468750	59457.966468750	1400.000	4000.000	1.0000
207	Spectrogram 1	1	59457.953468750	59457.966468750	1400.000	4000.000	1.0000
208	Waveform 1	1	59508.583593750	59508.611218750	1400.000	4000.000	1.0000
208	Spectrogram 1	1	59508.583593750	59508.611218750	1400.000	4000.000	1.0000
209	Waveform 1	1	59519.991093750	59520.023593750	1400.000	4000.000	1.0000
209	Spectrogram 1	1	59519.991093750	59520.023593750	1400.000	4000.000	1.0000
210	Waveform 1	1	59529.705343750	59529.715093750	1400.000	4000.000	1.0000
210	Spectrogram 1	1	59529.705343750	59529.715093750	1400.000	4000.000	1.0000
211	Waveform 1	1	59591.638968750	59591.669843750	1400.000	4000.000	1.0000
211	Spectrogram 1	1	59591.638968750	59591.669843750	1400.000	4000.000	1.0000
212	Waveform 1	1	59680.315218750	59680.328218750	1400.000	4000.000	1.0000
212	Spectrogram 1	1	59680.315218750	59680.328218750	1400.000	4000.000	1.0000
213	Waveform 1	1	59884.886468750	59884.901093750	1400.000	4000.000	1.0000
213	Spectrogram 1	1	59884.886468750	59884.901093750	1400.000	4000.000	1.0000
214	Waveform 1	1	59896.999218750	59897.020343750	1400.000	4000.000	1.0000
214	Spectrogram 1	1	59896.999218750	59897.020343750	1400.000	4000.000	1.0000
215	Waveform 1	1	59920.139218750	59920.153843750	1400.000	4000.000	1.0000
215	Spectrogram 1	1	59920.139218750	59920.153843750	1400.000	4000.000	1.0000
216	Waveform 1	1	59945.901968750	59945.914968750	1400.000	4000.000	1.0000
216	Spectrogram 1	1	59945.901968750	59945.914968750	1400.000	4000.000	1.0000
217	Waveform 1	1	59953.346093750	59953.355843750	1400.000	4000.000	1.0000
217	Spectrogram 1	1	59953.346093750	59953.355843750	1400.000	4000.000	1.0000
218	Waveform 1	1	59955.266843750	59955.284718750	1400.000	4000.000	1.0000
218	Spectrogram 1	1	59955.266843750	59955.284718750	1400.000	4000.000	1.0000
219	Waveform 1	1	59956.934093750	59956.947093750	1400.000	4000.000	1.0000
219	Spectrogram 1	1	59956.934093750	59956.947093750	1400.000	4000.000	1.0000
220	Waveform 1	1	59958.524968750	59958.544468750	1400.000	4000.000	1.0000
220	Spectrogram 1	1	59958.524968750	59958.544468750	1400.000	4000.000	1.0000
221	Waveform 1	1	59959.264343750	59959.282218750	1400.000	4000.000	1.0000
221	Spectrogram 1	1	59959.264343750	59959.282218750	1400.000	4000.000	1.0000
222	Waveform 1	1	59961.492218750	59961.521468750	1400.000	4000.000	1.0000
222	Spectrogram 1	1	59961.492218750	59961.521468750	1400.000	4000.000	1.0000
223	Waveform 1	1	59963.798093750	59963.814343750	1400.000	4000.000	1.0000
223	Spectrogram 1	1	59963.798093750	59963.814343750	1400.000	4000.000	1.0000
224	Waveform 1	1	59964.415593750	59964.426968750	1400.000	4000.000	1.0000
224	Spectrogram 1	1	59964.415593750	59964.426968750	1400.000	4000.000	1.0000
225	Waveform 1	1	59965.231343750	59965.247593750	1400.000	4000.000	1.0000
225	Spectrogram 1	1	59965.231343750	59965.247593750	1400.000	4000.000	1.0000
226	Waveform 1	1	59965.668468750	59965.678218750	1400.000	4000.000	1.0000
226	Spectrogram 1	1	59965.668468750	59965.678218750	1400.000	4000.000	1.0000
227	Waveform 1	1	59970.330593750	59970.353343750	1400.000	4000.000	1.0000
227	Spectrogram 1	1	59970.330593750	59970.353343750	1400.000	4000.000	1.0000
228	Waveform 1	1	59975.712593750	59975.738593750	1400.000	4000.000	1.0000
228	Spectrogram 1	1	59975.712593750	59975.738593750	1400.000	4000.000	1.0000
229	Waveform 1	1	59976.695718750	59976.715218750	1400.000	4000.000	1.0000
229	Spectrogram 1	1	59976.695718750	59976.715218750	1400.000	4000.000	1.0000
230	Waveform 1	1	59979.407843750	59979.419218750	1400.000	4000.000	1.0000
230	Spectrogram 1	1	59979.407843750	59979.419218750	1400.000	4000.000	1.0000
231	Waveform 1	1	59988.051218750	59988.062593750	1400.000	4000.000	1.0000
231	Spectrogram 1	1	59988.051218750	59988.062593750	1400.000	4000.000	1.0000
232	Waveform 1	1	59988.251093750	59988.272218750	1400.000	4000.000	1.0000
232	Spectrogram 1	1	59988.251093750	59988.272218750	1400.000	4000.000	1.0000
233	Waveform 1	1	60015.286218750	60015.302468750	1400.000	4000.000	1.0000
233	Spectrogram 1	1	60015.286218750	60015.302468750	1400.000	4000.000	1.0000
234	Waveform 1	1	60244.651718750	60244.664718750	1400.000	4000.000	1.0000
234	Spectrogram 1	1	60244.651718750	60244.664718750	1400.000	4000.000	1.0000
235	Waveform 1	1	60259.725218750	60259.746343750	1400.000	4000.000	1.0000
235	Spectrogram 1	1	60259.725218750	60259.746343750	1400.000	4000.000	1.0000
236	Waveform 1	1	60286.012843750	60286.037218750	1400.000	4000.000	0.7333
236	Spectrogram 1	1	60286.012843750	60286.037218750	1400.000	4000.000	0.7333
237	Waveform 1	1	60286.147718750	60286.168843750	1400.000	4000.000	1.0000
237	Spectrogram 1	1	60286.147718750	60286.168843750	1400.000	4000.000	1.0000
238	Waveform 1	1	60293.877843750	60293.885968750	1400.000	4000.000	1.0000
238	Spectrogram 1	1	60293.877843750	60293.885968750	1400.000	4000.000	1.0000
239	Waveform 1	1	60297.285468750	60297.300093750	1400.000	4000.000	1.0000
239	Spectrogram 1	1	60297.285468750	60297.300093750	1400.000	4000.000	1.0000
240	Waveform 1	1	60297.667343750	60297.694968750	1400.000	4000.000	1.0000
240	Spectrogram 1	1	60297.667343750	60297.694968750	1400.000	4000.000	1.0000
241	Waveform 1	1	60303.072093750	60303.080218750	1400.000	4000.000	1.0000
241	Spectrogram 1	1	60303.072093750	60303.080218750	1400.000	4000.000	1.0000
242	Waveform 1	1	60324.980343750	60324.994968750	1400.000	4000.000	1.0000
242	Spectrogram 1	1	60324.980343750	60324.994968750	1400.000	4000.000	1.0000
243	Waveform 1	1	60331.433218750	60331.442968750	1400.000	4000.000	1.0000
243	Spectrogram 1	1	60331.433218750	60331.442968750	1400.000	4000.000	1.0000
244	Waveform 1	1	60335.141468750	60335.152843750	1400.000	4000.000	1.0000
244	Spectrogram 1	1	60335.141468750	60335.152843750	1400.000	4000.000	1.0000
245	Waveform 1	1	60351.248468750	60351.274468750	1400.000	4000.000	1.0000
245	Spectrogram 1	1	60351.248468750	60351.274468750	1400.000	4000.000	1.0000
246	Waveform 1	1	60355.507593750	60355.522218750	1400.000	4000.000	1.0000
246	Spectrogram 1	1	60355.507593750	60355.522218750	1400.000	4000.000	1.0000
247	Waveform 1	1	60355.684718750	60355.699343750	1400.000	4000.000	1.0000
247	Spectrogram 1	1	60355.684718750	60355.699343750	1400.000	4000.000	1.0000
248	Waveform 1	1	60376.738218750	60376.759343750	1400.000	4000.000	1.0000
248	Spectrogram 1	1	60376.738218750	60376.759343750	1400.000	4000.000	1.0000
249	Waveform 1	1	60382.724718750	60382.739343750	1400.000	4000.000	1.0000
249	Spectrogram 1	1	60382.724718750	60382.739343750	1400.000	4000.000	1.0000
250	Waveform 1	1	60399.364718750	60399.385843750	1400.000	4000.000	1.0000
250	Spectrogram 1	1	60399.364718750	60399.385843750	1400.000	4000.000	1.0000
251	Waveform 1	1	60413.381968750	60413.398218750	1400.000	4000.000	1.0000
251	Spectrogram 1	1	60413.381968750	60413.398218750	1400.000	4000.000	1.0000
252	Waveform 1	1	60428.887718750	60428.900718750	1400.000	4000.000	1.0000
252	Spectrogram 1	1	60428.887718750	60428.900718750	1400.000	4000.000	1.0000
253	Waveform 1	1	60429.111968750	60429.128218750	1400.000	4000.000	1.0000
253	Spectrogram 1	1	60429.111968750	60429.128218750	1400.000	4000.000	1.0000
254	Waveform 1	1	60431.001843750	60431.034343750	1400.000	4000.000	1.0000
254	Spectrogram 1	1	60431.001843750	60431.034343750	1400.000	4000.000	1.0000
255	Waveform 1	1	60431.087968750	60431.100968750	1400.000	4000.000	1.0000
255	Spectrogram 1	1	60431.087968750	60431.100968750	1400.000	4000.000	1.0000
256	Waveform 1	1	60468.579968750	60468.610843750	1400.000	4000.000	1.0000
256	Spectrogram 1	1	60468.579968750	60468.610843750	1400.000	4000.000	1.0000
257	Waveform 1	1	60490.036468750	60490.046218750	1400.000	4000.000	1.0000
257	Spectrogram 1	1	60490.036468750	60490.046218750	1400.000	4000.000	1.0000
258	Waveform 1	1	60503.610093750	60503.624718750	1400.000	4000.000	1.0000
258	Spectrogram 1	1	60503.610093750	60503.624718750	1400.000	4000.000	1.0000
259	Waveform 1	1	60506.653718750	60506.663468750	1400.000	4000.000	1.0000
259	Spectrogram 1	1	60506.653718750	60506.663468750	1400.000	4000.000	1.0000
260	Waveform 1	1	60507.578343750	60507.586468750	1400.000	4000.000	1.0000
260	Spectrogram 1	1	60507.578343750	60507.586468750	1400.000	4000.000	1.0000
261	Waveform 1	1	60508.902718750	60508.920593750	1400.000	4000.000	1.0000
261	Spectrogram 1	1	60508.902718750	60508.920593750	1400.000	4000.000	1.0000
262	Waveform 1	1	60510.285593750	60510.308343750	1400.000	4000.000	1.0000
262	Spectrogram 1	1	60510.285593750	60510.308343750	1400.000	4000.000	1.0000
263	Waveform 1	1	60510.532593750	60510.550468750	1400.000	4000.000	1.0000
263	Spectrogram 1	1	60510.532593750	60510.550468750	1400.000	4000.000	1.0000
264	Waveform 1	1	60523.743843750	60523.753593750	1400.000	4000.000	1.0000
264	Spectrogram 1	1	60523.743843750	60523.753593750	1400.000	4000.000	1.0000
265	Waveform 1	1	60541.045218750	60541.063093750	1400.000	4000.000	1.0000
265	Spectrogram 1	1	60541.045218750	60541.063093750	1400.000	4000.000	1.0000
266	Waveform 1	1	60542.298093750	60542.315968750	1400.000	4000.000	1.0000
266	Spectrogram 1	1	60542.298093750	60542.315968750	1400.000	4000.000	1.0000
267	Waveform 1	1	60547.889718750	60547.901093750	1400.000	4000.000	1.0000
267	Spectrogram 1	1	60547.889718750	60547.901093750	1400.000	4000.000	1.0000
268	Waveform 1	1	60549.953468750	60549.985968750	1400.000	4000.000	1.0000
268	Spectrogram 1	1	60549.953468750	60549.985968750	1400.000	4000.000	1.0000
269	Waveform 1	1	60565.262593750	60565.272343750	1400.000	4000.000	1.0000
269	Spectrogram 1	1	60565.262593750	60565.272343750	1400.000	4000.000	1.0000
270	Waveform 1	1	60567.201218750	60567.222343750	1400.000	4000.000	1.0000
270	Spectrogram 1	1	60567.201218750	60567.222343750	1400.000	4000.000	1.0000
271	Waveform 1	1	60597.541593750	60597.549718750	1400.000	4000.000	1.0000
271	Spectrogram 1	1	60597.541593750	60597.549718750	1400.000	4000.000	1.0000
272	Waveform 1	1	60602.244343750	60602.257343750	1400.000	4000.000	1.0000
272	Spectrogram 1	1	60602.244343750	60602.257343750	1400.000	4000.000	1.0000
273	Waveform 1	1	60602.380843750	60602.398718750	1400.000	4000.000	1.0000
273	Spectrogram 1	1	60602.380843750	60602.398718750	1400.000	4000.000	1.0000
274	Waveform 1	1	60604.741968750	60604.750093750	1400.000	4000.000	1.0000
274	Spectrogram 1	1	60604.741968750	60604.750093750	1400.000	4000.000	1.0000
275	Waveform 1	1	60626.768843750	60626.778593750	1400.000	4000.000	1.0000
275	Spectrogram 1	1	60626.768843750	60626.778593750	1400.000	4000.000	1.0000
276	Waveform 1	1	60636.154843750	60636.166218750	1400.000	4000.000	1.0000
276	Spectrogram 1	1	60636.154843750	60636.166218750	1400.000	4000.000	1.0000
277	Waveform 1	1	60641.869968750	60641.886218750	1400.000	4000.000	1.0000
277	Spectrogram 1	1	60641.869968750	60641.886218750	1400.000	4000.000	1.0000
278	Waveform 1	1	60642.310343750	60642.320093750	1400.000	4000.000	1.0000
278	Spectrogram 1	1	60642.310343750	60642.320093750	1400.000	4000.000	1.0000
279	Waveform 1	1	60647.362468750	60647.373843750	1400.000	4000.000	1.0000
279	Spectrogram 1	1	60647.362468750	60647.373843750	1400.000	4000.000	1.0000
280	Waveform 1	1	60648.514593750	60648.522718750	1400.000	4000.000	1.0000
280	Spectrogram 1	1	60648.514593750	60648.522718750	1400.000	4000.000	1.0000
281	Waveform 1	1	60660.232468750	60660.240593750	1400.000	4000.000	1.0000
281	Spectrogram 1	1	60660.232468750	60660.240593750	1400.000	4000.000	1.0000
282	Waveform 1	1	60662.370968750	60662.390468750	1400.000	4000.000	1.0000
282	Spectrogram 1	1	60662.370968750	60662.390468750	1400.000	4000.000	1.0000
283	Waveform 1	1	60662.902343750	60662.925093750	1400.000	4000.000	1.0000
283	Spectrogram 1	1	60662.902343750	60662.925093750	1400.000	4000.000	1.0000
284	Waveform 1	1	60701.091468750	60701.099593750	1400.000	4000.000	1.0000
284	Spectrogram 1	1	60701.091468750	60701.099593750	1400.000	4000.000	1.0000
285	Waveform 1	1	60705.123093750	60705.142593750	1400.000	4000.000	1.0000
285	Spectrogram 1	1	60705.123093750	60705.142593750	1400.000	4000.000	1.0000
286	Waveform 1	1	60711.749843750	60711.757968750	1400.000	4000.000	1.0000
286	Spectrogram 1	1	60711.749843750	60711.757968750	1400.000	4000.000	1.0000
287	Waveform 1	1	60711.853843750	60711.881468750	1400.000	4000.000	1.0000
287	Spectrogram 1	1	60711.853843750	60711.881468750	1400.000	4000.000	1.0000
288	Waveform 1	1	60713.522718750	60713.551968750	1400.000	4000.000	1.0000
288	Spectrogram 1	1	60713.522718750	60713.551968750	1400.000	4000.000	1.0000
289	Waveform 1	1	60716.257593750	60716.288468750	1400.000	4000.000	0.7368
289	Spectrogram 1	1	60716.257593750	60716.288468750	1400.000	4000.000	0.7368
290	Waveform 1	1	60722.736468750	60722.755968750	1400.000	4000.000	1.0000
290	Spectrogram 1	1	60722.736468750	60722.755968750	1400.000	4000.000	1.0000
291	Waveform 1	1	60727.106093750	60727.122343750	1400.000	4000.000	1.0000
291	Spectrogram 1	1	60727.106093750	60727.122343750	1400.000	4000.000	1.0000
292	Waveform 1	1	60727.837343750	60727.845468750	1400.000	4000.000	1.0000
292	Spectrogram 1	1	60727.837343750	60727.845468750	1400.000	4000.000	1.0000
293	Waveform 1	1	60733.573593750	60733.594718750	1400.000	4000.000	1.0000
293	Spectrogram 1	1	60733.573593750	60733.594718750	1400.000	4000.000	1.0000
294	Waveform 1	1	60734.070843750	60734.088718750	1400.000	4000.000	1.0000
294	Spectrogram 1	1	60734.070843750	60734.088718750	1400.000	4000.000	1.0000
295	Waveform 1	1	60734.657468750	60734.670468750	1400.000	4000.000	1.0000
295	Spectrogram 1	1	60734.657468750	60734.670468750	1400.000	4000.000	1.0000
296	Waveform 1	1	60734.927218750	60734.943468750	1400.000	4000.000	1.0000
296	Spectrogram 1	1	60734.927218750	60734.943468750	1400.000	4000.000	1.0000
297	Waveform 1	1	60752.443093750	60752.456093750	1400.000	4000.000	1.0000
297	Spectrogram 1	1	60752.443093750	60752.456093750	1400.000	4000.000	1.0000
298	Waveform 1	1	60763.257468750	60763.265593750	1400.000	4000.000	1.0000
298	Spectrogram 1	1	60763.257468750	60763.265593750	1400.000	4000.000	1.0000
299	Waveform 1	1	60775.870718750	60775.880468750	1400.000	4000.000	1.0000
299	Spectrogram 1	1	60775.870718750	60775.880468750	1400.000	4000.000	1.0000
300	Waveform 1	1	60812.434843750	60812.454343750	1400.000	4000.000	1.0000
300	Spectrogram 1	1	60812.434843750	60812.454343750	1400.000	4000.000	1.0000
301	Waveform 1	1	60843.785968750	60843.800593750	1400.000	4000.000	1.0000
301	Spectrogram 1	1	60843.785968750	60843.800593750	1400.000	4000.000	1.0000
302	Waveform 1	1	60890.904468750	60890.912593750	1400.000	4000.000	1.0000
302	Spectrogram 1	1	60890.904468750	60890.912593750	1400.000	4000.000	1.0000
303	Waveform 1	1	60891.916843750	60891.934718750	1400.000	4000.000	1.0000
303	Spectrogram 1	1	60891.916843750	60891.934718750	1400.000	4000.000	1.0000
304	Waveform 1	1	60898.057718750	60898.070718750	1400.000	4000.000	1.0000
304	Spectrogram 1	1	60898.057718750	60898.070718750	1400.000	4000.000	1.0000
305	Waveform 1	1	60898.457468750	60898.468843750	1400.000	4000.000	1.0000
305	Spectrogram 1	1	60898.457468750	60898.468843750	1400.000	4000.000	1.0000
306	Waveform 1	1	60899.937843750	60899.954093750	1400.000	4000.000	1.0000
306	Spectrogram 1	1	60899.937843750	60899.954093750	1400.000	4000.000	1.0000
307	Waveform 1	1	60900.188093750	60900.196218750	1400.000	4000.000	1.0000
307	Spectrogram 1	1	60900.188093750	60900.196218750	1400.000	4000.000	1.0000
308	Waveform 1	1	60913.899843750	60913.909593750	1400.000	4000.000	1.0000
308	Spectrogram 1	1	60913.899843750	60913.909593750	1400.000	4000.000	1.0000
309	Waveform 1	1	60937.998593750	60938.008343750	1400.000	4000.000	1.0000
309	Spectrogram 1	1	60937.998593750	60938.008343750	1400.000	4000.000	1.0000
310	Waveform 1	1	60940.640843750	60940.660343750	1400.000	4000.000	1.0000
310	Spectrogram 1	1	60940.640843750	60940.660343750	1400.000	4000.000	1.0000
311	Waveform 1	1	60958.777468750	60958.793718750	1400.000	4000.000	1.0000
311	Spectrogram 1	1	60958.777468750	60958.793718750	1400.000	4000.000	1.0000
312	Waveform 1	1	60977.421093750	60977.442218750	1400.000	4000.000	1.0000
312	Spectrogram 1	1	60977.421093750	60977.442218750	1400.000	4000.000	1.0000
313	Waveform 1	1	60991.043468750	60991.067843750	1400.000	4000.000	1.0000
313	Spectrogram 1	1	60991.043468750	60991.067843750	1400.000	4000.000	1.0000
314	Waveform 1	1	60999.571468750	60999.592593750	1400.000	4000.000	1.0000
314	Spectrogram 1	1	60999.571468750	60999.592593750	1400.000	4000.000	1.0000
315	Waveform 1	1	61069.604093750	61069.623593750	1400.000	4000.000	1.0000
315	Spectrogram 1	1	61069.604093750	61069.623593750	1400.000	4000.000	1.0000
316	Waveform 1	1	61077.165218750	61077.174968750	1400.000	4000.000	1.0000
316	Spectrogram 1	1	61077.165218750	61077.174968750	1400.000	4000.000	1.0000
317	Waveform 1	1	61077.763218750	61077.771343750	1400.000	4000.000	1.0000
317	Spectrogram 1	1	61077.763218750	61077.771343750	1400.000	4000.000	1.0000
318	Waveform 1	1	61082.493593750	61082.504968750	1400.000	4000.000	1.0000
318	Spectrogram 1	1	61082.493593750	61082.504968750	1400.000	4000.000	1.0000
319	Waveform 1	1	61087.272718750	61087.288968750	1400.000	4000.000	1.0000
319	Spectrogram 1	1	61087.272718750	61087.288968750	1400.000	4000.000	1.0000
320	Waveform 1	1	61120.100968750	61120.109093750	1400.000	4000.000	1.0000
320	Spectrogram 1	1	61120.100968750	61120.109093750	1400.000	4000.000	1.0000
321	Waveform 1	1	61155.850968750	61155.862343750	1400.000	4000.000	1.0000
321	Spectrogram 1	1	61155.850968750	61155.862343750	1400.000	4000.000	1.0000
322	Waveform 1	1	61202.685093750	61202.704593750	1400.000	4000.000	1.0000
322	Spectrogram 1	1	61202.685093750	61202.704593750	1400.000	4000.000	1.0000
323	Waveform 1	1	61245.897093750	61245.919843750	1400.000	4000.000	1.0000
323	Spectrogram 1	1	61245.897093750	61245.919843750	1400.000	4000.000	1.0000
324	Waveform 1	1	61252.021718750	61252.044468750	1400.000	4000.000	1.0000
324	Spectrogram 1	1	61252.021718750	61252.044468750	1400.000	4000.000	1.0000
325	Waveform 1	1	61259.332593750	61259.343968750	1400.000	4000.000	1.0000
325	Spectrogram 1	1	61259.332593750	61259.343968750	1400.000	4000.000	1.0000
326	Waveform 1	1	61259.595843750	61259.616968750	1400.000	4000.000	1.0000
326	Spectrogram 1	1	61259.595843750	61259.616968750	1400.000	4000.000	1.0000
327	Waveform 1	1	61259.746968750	61259.776218750	1400.000	4000.000	1.0000
327	Spectrogram 1	1	61259.746968750	61259.776218750	1400.000	4000.000	1.0000
328	Waveform 1	1	61273.296218750	61273.304343750	1400.000	4000.000	1.0000
328	Spectrogram 1	1	61273.296218750	61273.304343750	1400.000	4000.000	1.0000
329	Waveform 1	1	61274.297218750	61274.328093750	1400.000	4000.000	1.0000
329	Spectrogram 1	1	61274.297218750	61274.328093750	1400.000	4000.000	1.0000
330	Waveform 1	1	61297.071593750	61297.079718750	1400.000	4000.000	1.0000
330	Spectrogram 1	1	61297.071593750	61297.079718750	1400.000	4000.000	1.0000
331	Waveform 1	1	61321.132968750	61321.158968750	1400.000	4000.000	1.0000
331	Spectrogram 1	1	61321.132968750	61321.158968750	1400.000	4000.000	1.0000
332	Waveform 1	1	61343.340218750	61343.348343750	1400.000	4000.000	1.0000
332	Spectrogram 1	1	61343.340218750	61343.348343750	1400.000	4000.000	1.0000
333	Waveform 1	1	61343.440968750	61343.462093750	1400.000	4000.000	1.0000
333	Spectrogram 1	1	61343.440968750	61343.462093750	1400.000	4000.000	1.0000
334	Waveform 1	1	61369.385718750	61369.397093750	1400.000	4000.000	1.0000
334	Spectrogram 1	1	61369.385718750	61369.397093750	1400.000	4000.000	1.0000
335	Waveform 1	1	61369.494593750	61369.509218750	1400.000	4000.000	1.0000
335	Spectrogram 1	1	61369.494593750	61369.509218750	1400.000	4000.000	1.0000
336	Waveform 1	1	61373.139468750	61373.147593750	1400.000	4000.000	1.0000
336	Spectrogram 1	1	61373.139468750	61373.147593750	1400.000	4000.000	1.0000
337	Waveform 1	1	61446.197843750	61446.212468750	1400.000	4000.000	1.0000
337	Spectrogram 1	1	61446.197843750	61446.212468750	1400.000	4000.000	1.0000
338	Waveform 1	1	61523.128593750	61523.141593750	1400.000	4000.000	1.0000
338	Spectrogram 1	1	61523.128593750	61523.141593750	1400.000	4000.000	1.0000
339	Waveform 1	1	61529.761843750	61529.789468750	1400.000	4000.000	1.0000
339	Spectrogram 1	1	61529.761843750	61529.789468750	1400.000	4000.000	1.0000
340	Waveform 1	1	61567.924968750	61567.942843750	1400.000	4000.000	1.0000
340	Spectrogram 1	1	61567.924968750	61567.942843750	1400.000	4000.000	1.0000
341	Waveform 1	1	61612.147718750	61612.155843750	1400.000	4000.000	1.0000
341	Spectrogram 1	1	61612.147718750	61612.155843750	1400.000	4000.000	1.0000
342	Waveform 1	1	61615.241718750	61615.254718750	1400.000	4000.000	1.0000
342	Spectrogram 1	1	61615.241718750	61615.254718750	1400.000	4000.000	1.0000
343	Waveform 1	1	61621.493093750	61621.507718750	1400.000	4000.000	1.0000
343	Spectrogram 1	1	61621.493093750	61621.507718750	1400.000	4000.000	1.0000
344	Waveform 1	1	61622.976718750	61622.989718750	1400.000	4000.000	1.0000
344	Spectrogram 1	1	61622.976718750	61622.989718750	1400.000	4000.000	1.0000
345	Waveform 1	1	61623.087218750	61623.095343750	1400.000	4000.000	1.0000
345	Spectrogram 1	1	61623.087218750	61623.095343750	1400.000	4000.000	1.0000
346	Waveform 1	1	61643.666218750	61643.688968750	1400.000	4000.000	1.0000
346	Spectrogram 1	1	61643.666218750	61643.688968750	1400.000	4000.000	1.0000
347	Waveform 1	1	61647.736843750	61647.751468750	1400.000	4000.000	1.0000
347	Spectrogram 1	1	61647.736843750	61647.751468750	1400.000	4000.000	1.0000
348	Waveform 1	1	61675.353718750	61675.363468750	1400.000	4000.000	1.0000
348	Spectrogram 1	1	61675.353718750	61675.363468750	1400.000	4000.000	1.0000
349	Waveform 1	1	61704.956343750	61704.972593750	1400.000	4000.000	1.0000
349	Spectrogram 1	1	61704.956343750	61704.972593750	1400.000	4000.000	1.0000
350	Waveform 1	1	61805.933843750	61805.958218750	1400.000	4000.000	1.0000
350	Spectrogram 1	1	61805.933843750	61805.958218750	1400.000	4000.000	1.0000
351	Waveform 1	1	61806.546468750	61806.577343750	1400.000	4000.000	1.0000
351	Spectrogram 1	1	61806.546468750	61806.577343750	1400.000	4000.000	1.0000
352	Waveform 1	1	61811.843968750	61811.861843750	1400.000	4000.000	1.0000
352	Spectrogram 1	1	61811.843968750	61811.861843750	1400.000	4000.000	1.0000
353	Waveform 1	1	61820.888718750	61820.903343750	1400.000	4000.000	1.0000
353	Spectrogram 1	1	61820.888718750	61820.903343750	1400.000	4000.000	1.0000
354	Waveform 1	1	61894.275343750	61894.291593750	1400.000	4000.000	1.0000
354	Spectrogram 1	1	61894.275343750	61894.291593750	1400.000	4000.000	1.0000
355	Waveform 1	1	61898.341093750	61898.354093750	1400.000	4000.000	1.0000
355	Spectrogram 1	1	61898.341093750	61898.354093750	1400.000	4000.000	1.0000
356	Waveform 1	1	61900.070093750	61900.081468750	1400.000	4000.000	1.0000
356	Spectrogram 1	1	61900.070093750	61900.081468750	1400.000	4000.000	1.0000
357	Waveform 1	1	61955.593093750	61955.619093750	1400.000	4000.000	0.8125
357	Spectrogram 1	1	61955.593093750	61955.619093750	1400.000	4000.000	0.8125
358	Waveform 1	1	62006.401968750	62006.421468750	1400.000	4000.000	1.0000
358	Spectrogram 1	1	62006.401968750	62006.421468750	1400.000	4000.000	1.0000
359	Waveform 1	1	62024.117718750	62024.142093750	1400.000	4000.000	1.0000
359	Spectrogram 1	1	62024.117718750	62024.142093750	1400.000	4000.000	1.0000
360	Waveform 1	1	62034.475468750	62034.483593750	1400.000	4000.000	1.0000
360	Spectrogram 1	1	62034.475468750	62034.483593750	1400.000	4000.000	1.0000
361	Waveform 1	1	62034.597343750	62034.613593750	1400.000	4000.000	1.0000
361	Spectrogram 1	1	62034.597343750	62034.613593750	1400.000	4000.000	1.0000
362	Waveform 1	1	62035.760843750	62035.780343750	1400.000	4000.000	1.0000
362	Spectrogram 1	1	62035.760843750	62035.780343750	1400.000	4000.000	1.0000
363	Waveform 1	1	62035.985093750	62035.994843750	1400.000	4000.000	1.0000
363	Spectrogram 1	1	62035.985093750	62035.994843750	1400.000	4000.000	1.0000
364	Waveform 1	1	62496.508468750	62496.518218750	1400.000	4000.000	1.0000
364	Spectrogram 1	1	62496.508468750	62496.518218750	1400.000	4000.000	1.0000
365	Waveform 1	1	62515.340593750	62515.356843750	1400.000	4000.000	1.0000
365	Spectrogram 1	1	62515.340593750	62515.356843750	1400.000	4000.000	1.0000
366	Waveform 1	1	62527.115343750	62527.125093750	1400.000	4000.000	1.0000
366	Spectrogram 1	1	62527.115343750	62527.125093750	1400.000	4000.000	1.0000
367	Waveform 1	1	62592.008093750	62592.027593750	1400.000	4000.000	1.0000
367	Spectrogram 1	1	62592.008093750	62592.027593750	1400.000	4000.000	1.0000
368	Waveform 1	1	62850.846218750	62850.855968750	1400.000	4000.000	1.0000
368	Spectrogram 1	1	62850.846218750	62850.855968750	1400.000	4000.000	1.0000
369	Waveform 1	1	62893.391968750	62893.419593750	1400.000	4000.000	1.0000
369	Spectrogram 1	1	62893.391968750	62893.419593750	1400.000	4000.000	1.0000
370	Waveform 1	1	62910.378093750	62910.394343750	1400.000	4000.000	1.0000
370	Spectrogram 1	1	62910.378093750	62910.394343750	1400.000	4000.000	1.0000
371	Waveform 1	1	63101.133593750	63101.146593750	1400.000	4000.000	1.0000
371	Spectrogram 1	1	63101.133593750	63101.146593750	1400.000	4000.000	1.0000
372	Waveform 1	1	63179.697468750	63179.707218750	1400.000	4000.000	1.0000
372	Spectrogram 1	1	63179.697468750	63179.707218750	1400.000	4000.000	1.0000
373	Waveform 1	1	63395.463343750	63395.487718750	1400.000	4000.000	1.0000
373	Spectrogram 1	1	63395.463343750	63395.487718750	1400.000	4000.000	1.0000
374	Waveform 1	1	64055.224718750	64055.232843750	1400.000	4000.000	1.0000
374	Spectrogram 1	1	64055.224718750	64055.232843750	1400.000	4000.000	1.0000
375	Waveform 1	1	64056.045343750	64056.059968750	1400.000	4000.000	1.0000
375	Spectrogram 1	1	64056.045343750	64056.059968750	1400.000	4000.000	1.0000
376	Waveform 1	1	64057.865343750	64057.875093750	1400.000	4000.000	1.0000
376	Spectrogram 1	1	64057.865343750	64057.875093750	1400.000	4000.000	1.0000
377	Waveform 1	1	64057.931968750	64057.941718750	1400.000	4000.000	1.0000
377	Spectrogram 1	1	64057.931968750	64057.941718750	1400.000	4000.000	1.0000
378	Waveform 1	1	64357.512093750	64357.525093750	1400.000	4000.000	1.0000
378	Spectrogram 1	1	64357.512093750	64357.525093750	1400.000	4000.000	1.0000
379	Waveform 1	1	64389.262968750	64389.280843750	1400.000	4000.000	1.0000
379	Spectrogram 1	1	64389.262968750	64389.280843750	1400.000	4000.000	1.0000
380	Waveform 1	1	64406.273468750	64406.288093750	1400.000	4000.000	1.0000
380	Spectrogram 1	1	64406.273468750	64406.288093750	1400.000	4000.000	1.0000
381	Waveform 1	1	69915.600343750	69915.611718750	1400.000	4000.000	1.0000
381	Spectrogram 1	1	69915.600343750	69915.611718750	1400.000	4000.000	1.0000
382	Waveform 1	1	70476.311468750	70476.324468750	1400.000	4000.000	1.0000
382	Spectrogram 1	1	70476.311468750	70476.324468750	1400.000	4000.000	1.0000
383	Waveform 1	1	71321.048218750	71321.064468750	1400.000	4000.000	1.0000
383	Spectrogram 1	1	71321.048218750	71321.064468750	1400.000	4000.000	1.0000
384	Waveform 1	1	71467.109718750	71467.122718750	1400.000	4000.000	1.0000
384	Spectrogram 1	1	71467.109718750	71467.122718750	1400.000	4000.000	1.0000
385	Waveform 1	1	71467.797093750	71467.808468750	1400.000	4000.000	1.0000
385	Spectrogram 1	1	71467.797093750	71467.808468750	1400.000	4000.000	1.0000
386	Waveform 1	1	71531.084343750	71531.097343750	1400.000	4000.000	1.0000
386	Spectrogram 1	1	71531.084343750	71531.097343750	1400.000	4000.000	1.0000
387	Waveform 1	1	71533.876093750	71533.885843750	1400.000	4000.000	1.0000
387	Spectrogram 1	1	71533.876093750	71533.885843750	1400.000	4000.000	1.0000
388	Waveform 1	1	71535.925218750	71535.944718750	1400.000	4000.000	1.0000
388	Spectrogram 1	1	71535.925218750	71535.944718750	1400.000	4000.000	1.0000
389	Waveform 1	1	71536.094218750	71536.118593750	1400.000	4000.000	1.0000
389	Spectrogram 1	1	71536.094218750	71536.118593750	1400.000	4000.000	1.0000
390	Waveform 1	1	71588.320093750	71588.349343750	1400.000	4000.000	1.0000
390	Spectrogram 1	1	71588.320093750	71588.349343750	1400.000	4000.000	1.0000
391	Waveform 1	1	71588.472843750	71588.500468750	1400.000	4000.000	1.0000
391	Spectrogram 1	1	71588.472843750	71588.500468750	1400.000	4000.000	1.0000
392	Waveform 1	1	71597.780843750	71597.811718750	1400.000	4000.000	1.0000
392	Spectrogram 1	1	71597.780843750	71597.811718750	1400.000	4000.000	1.0000
393	Waveform 1	1	72258.078468750	72258.104468750	1400.000	4000.000	1.0000
393	Spectrogram 1	1	72258.078468750	72258.104468750	1400.000	4000.000	1.0000
394	Waveform 1	1	72419.320718750	72419.333718750	1400.000	4000.000	1.0000
394	Spectrogram 1	1	72419.320718750	72419.333718750	1400.000	4000.000	1.0000
395	Waveform 1	1	72419.489718750	72419.509218750	1400.000	4000.000	1.0000
395	Spectrogram 1	1	72419.489718750	72419.509218750	1400.000	4000.000	1.0000
396	Waveform 1	1	72509.288843750	72509.300218750	1400.000	4000.000	1.0000
396	Spectrogram 1	1	72509.288843750	72509.300218750	1400.000	4000.000	1.0000
397	Waveform 1	1	72528.057593750	72528.073843750	1400.000	4000.000	1.0000
397	Spectrogram 1	1	72528.057593750	72528.073843750	1400.000	4000.000	1.0000
398	Waveform 1	1	72749.562968750	72749.577593750	1400.000	4000.000	1.0000
398	Spectrogram 1	1	72749.562968750	72749.577593750	1400.000	4000.000	1.0000
399	Waveform 1	1	73029.457843750	73029.475718750	1400.000	4000.000	1.0000
399	Spectrogram 1	1	73029.457843750	73029.475718750	1400.000	4000.000	1.0000
400	Waveform 1	1	73029.548843750	73029.568343750	1400.000	4000.000	1.0000
400	Spectrogram 1	1	73029.548843750	73029.568343750	1400.000	4000.000	1.0000
401	Waveform 1	1	73029.620343750	73029.628468750	1400.000	4000.000	1.0000
401	Spectrogram 1	1	73029.620343750	73029.628468750	1400.000	4000.000	1.0000
402	Waveform 1	1	74605.056218750	74605.072468750	1400.000	4000.000	1.0000
402	Spectrogram 1	1	74605.056218750	74605.072468750	1400.000	4000.000	1.0000
403	Waveform 1	1	75315.403843750	75315.411968750	1400.000	4000.000	1.0000
403	Spectrogram 1	1	75315.403843750	75315.411968750	1400.000	4000.000	1.0000
404	Waveform 1	1	75478.682218750	75478.698468750	1400.000	4000.000	1.0000
404	Spectrogram 1	1	75478.682218750	75478.698468750	1400.000	4000.000	1.0000
405	Waveform 1	1	75796.621593750	75796.652468750	1400.000	4000.000	1.0000
405	Spectrogram 1	1	75796.621593750	75796.652468750	1400.000	4000.000	1.0000
406	Waveform 1	1	78349.829718750	78349.852468750	1400.000	4000.000	1.0000
406	Spectrogram 1	1	78349.829718750	78349.852468750	1400.000	4000.000	1.0000
407	Waveform 1	1	81067.297718750	81067.313968750	1400.000	4000.000	1.0000
407	Spectrogram 1	1	81067.297718750	81067.313968750	1400.000	4000.000	1.0000
408	Waveform 1	1	81068.072843750	81068.097218750	1400.000	4000.000	1.0000
408	Spectrogram 1	1	81068.072843750	81068.097218750	1400.000	4000.000	1.0000
409	Waveform 1	1	81108.444343750	81108.457343750	1400.000	4000.000	1.0000
409	Spectrogram 1	1	81108.444343750	81108.457343750	1400.000	4000.000	1.0000
410	Waveform 1	1	81121.480093750	81121.493093750	1400.000	4000.000	1.0000
410	Spectrogram 1	1	81121.480093750	81121.493093750	1400.000	4000.000	1.0000
411	Waveform 1	1	81137.825968750	81137.838968750	1400.000	4000.000	1.0000
411	Spectrogram 1	1	81137.825968750	81137.838968750	1400.000	4000.000	1.0000
412	Waveform 1	1	82713.434093750	82713.443843750	1400.000	4000.000	1.0000
412	Spectrogram 1	1	82713.434093750	82713.443843750	1400.000	4000.000	1.0000
413	Waveform 1	1	82716.326593750	82716.344468750	1400.000	4000.000	1.0000
413	Spectrogram 1	1	82716.326593750	82716.344468750	1400.000	4000.000	1.0000
414	Waveform 1	1	82716.445218750	82716.474468750	1400.000	4000.000	1.0000
414	Spectrogram 1	1	82716.445218750	82716.474468750	1400.000	4000.000	1.0000
415	Waveform 1	1	82739.585218750	82739.601468750	1400.000	4000.000	1.0000
415	Spectrogram 1	1	82739.585218750	82739.601468750	1400.000	4000.000	1.0000
416	Waveform 1	1	82739.806218750	82739.817593750	1400.000	4000.000	1.0000
416	Spectrogram 1	1	82739.806218750	82739.817593750	1400.000	4000.000	1.0000
417	Waveform 1	1	82765.838718750	82765.851718750	1400.000	4000.000	1.0000
417	Spectrogram 1	1	82765.838718750	82765.851718750	1400.000	4000.000	1.0000
418	Waveform 1	1	82781.425718750	82781.435468750	1400.000	4000.000	1.0000
418	Spectrogram 1	1	82781.425718750	82781.435468750	1400.000	4000.000	1.0000
419	Waveform 1	1	82781.731218750	82781.753968750	1400.000	4000.000	1.0000
419	Spectrogram 1	1	82781.731218750	82781.753968750	1400.000	4000.000	1.0000
420	Waveform 1	1	82781.846593750	82781.864468750	1400.000	4000.000	1.0000
420	Spectrogram 1	1	82781.846593750	82781.864468750	1400.000	4000.000	1.0000
421	Waveform 1	1	82781.911593750	82781.919718750	1400.000	4000.000	1.0000
421	Spectrogram 1	1	82781.911593750	82781.919718750	1400.000	4000.000	1.0000
422	Waveform 1	1	82800.394343750	82800.404093750	1400.000	4000.000	1.0000
422	Spectrogram 1	1	82800.394343750	82800.404093750	1400.000	4000.000	1.0000
423	Waveform 1	1	82812.466468750	82812.477843750	1400.000	4000.000	1.0000
423	Spectrogram 1	1	82812.466468750	82812.477843750	1400.000	4000.000	1.0000
424	Waveform 1	1	82813.111593750	82813.134343750	1400.000	4000.000	1.0000
424	Spectrogram 1	1	82813.111593750	82813.134343750	1400.000	4000.000	1.0000
425	Waveform 1	1	82820.263218750	82820.271343750	1400.000	4000.000	1.0000
425	Spectrogram 1	1	82820.263218750	82820.271343750	1400.000	4000.000	1.0000
426	Waveform 1	1	82820.419218750	82820.438718750	1400.000	4000.000	1.0000
426	Spectrogram 1	1	82820.419218750	82820.438718750	1400.000	4000.000	1.0000
427	Waveform 1	1	82831.959968750	82831.977843750	1400.000	4000.000	1.0000
427	Spectrogram 1	1	82831.959968750	82831.977843750	1400.000	4000.000	1.0000
428	Waveform 1	1	82851.323468750	82851.336468750	1400.000	4000.000	1.0000
428	Spectrogram 1	1	82851.323468750	82851.336468750	1400.000	4000.000	1.0000
429	Waveform 1	1	82854.495468750	82854.516593750	1400.000	4000.000	1.0000
429	Spectrogram 1	1	82854.495468750	82854.516593750	1400.000	4000.000	1.0000
430	Waveform 1	1	82856.832218750	82856.845218750	1400.000	4000.000	1.0000
430	Spectrogram 1	1	82856.832218750	82856.845218750	1400.000	4000.000	1.0000
431	Waveform 1	1	82857.033718750	82857.046718750	1400.000	4000.000	1.0000
431	Spectrogram 1	1	82857.033718750	82857.046718750	1400.000	4000.000	1.0000
432	Waveform 1	1	82857.870593750	82857.893343750	1400.000	4000.000	1.0000
432	Spectrogram 1	1	82857.870593750	82857.893343750	1400.000	4000.000	1.0000
433	Waveform 1	1	82923.202093750	82923.219968750	1400.000	4000.000	1.0000
433	Spectrogram 1	1	82923.202093750	82923.219968750	1400.000	4000.000	1.0000
434	Waveform 1	1	82968.273093750	82968.297468750	1400.000	4000.000	0.8000
434	Spectrogram 1	1	82968.273093750	82968.297468750	1400.000	4000.000	0.8000
435	Waveform 1	1	82968.560718750	82968.575343750	1400.000	4000.000	1.0000
435	Spectrogram 1	1	82968.560718750	82968.575343750	1400.000	4000.000	1.0000
