Selection	View	Channel	Begin Time (s)	End Time (s)	Low Freq (Hz)	High Freq (Hz)	Occupancy
1	Waveform 1	1	36.939218750	36.952218750	1400.000	4000.000	1.0000
1	Spectrogram 1	1	36.939218750	36.952218750	1400.000	4000.000	1.0000
2	Waveform 1	1	1162.539343750	1162.560468750	1400.000	4000.000	1.0000
2	Spectrogram 1	1	1162.539343750	1162.560468750	1400.000	4000.000	1.0000
3	Waveform 1	1	1173.737218750	1173.755093750	1400.000	4000.000	1.0000
3	Spectrogram 1	1	1173.737218750	1173.755093750	1400.000	4000.000	1.0000
4	Waveform 1	1	2080.888593750	2080.901593750	1400.000	4000.000	1.0000
4	Spectrogram 1	1	2080.888593750	2080.901593750	1400.000	4000.000	1.0000
5	Waveform 1	1	2181.970093750	2181.984718750	1400.000	4000.000	1.0000
5	Spectrogram 1	1	2181.970093750	2181.984718750	1400.000	4000.000	1.0000
6	Waveform 1	1	2441.952218750	2441.961968750	1400.000	4000.000	1.0000
6	Spectrogram 1	1	2441.952218750	2441.961968750	1400.000	4000.000	1.0000
7	Waveform 1	1	4269.589718750	4269.605968750	1400.000	4000.000	1.0000
7	Spectrogram 1	1	4269.589718750	4269.605968750	1400.000	4000.000	1.0000
8	Waveform 1	1	4278.530468750	4278.548343750	1400.000	4000.000	1.0000
8	Spectrogram 1	1	4278.530468750	4278.548343750	1400.000	4000.000	1.0000
9	Waveform 1	1	4481.829343750	4481.850468750	1400.000	4000.000	1.0000
9	Spectrogram 1	1	4481.829343750	4481.850468750	1400.000	4000.000	1.0000
10	Waveform 1	1	5311.161093750	5311.170843750	1400.000	4000.000	1.0000
10	Spectrogram 1	1	5311.161093750	5311.170843750	1400.000	4000.000	1.0000
11	Waveform 1	1	5812.652343750	5812.665343750	1400.000	4000.000	1.0000
11	Spectrogram 1	1	5812.652343750	5812.665343750	1400.000	4000.000	1.0000
12	Waveform 1	1	5815.260468750	5815.279968750	1400.000	4000.000	1.0000
12	Spectrogram 1	1	5815.260468750	5815.279968750	1400.000	4000.000	1.0000
13	Waveform 1	1	5815.790218750	5815.809718750	1400.000	4000.000	1.0000
13	Spectrogram 1	1	5815.790218750	5815.809718750	1400.000	4000.000	1.0000
14	Waveform 1	1	6047.534718750	6047.542843750	1400.000	4000.000	1.0000
14	Spectrogram 1	1	6047.534718750	6047.542843750	1400.000	4000.000	1.0000
15	Waveform 1	1	6348.539968750	6348.564343750	1400.000	4000.000	1.0000
15	Spectrogram 1	1	6348.539968750	6348.564343750	1400.000	4000.000	1.0000
16	Waveform 1	1	6581.220468750	6581.233468750	1400.000	4000.000	1.0000
16	Spectrogram 1	1	6581.220468750	6581.233468750	1400.000	4000.000	1.0000
17	Waveform 1	1	8235.251093750	8235.265718750	1400.000	4000.000	1.0000
17	Spectrogram 1	1	8235.251093750	8235.265718750	1400.000	4000.000	1.0000
18	Waveform 1	1	8235.995343750	8236.005093750	1400.000	4000.000	1.0000
18	Spectrogram 1	1	8235.995343750	8236.005093750	1400.000	4000.000	1.0000
19	Waveform 1	1	9334.883718750	9334.896718750	1400.000	4000.000	1.0000
19	Spectrogram 1	1	9334.883718750	9334.896718750	1400.000	4000.000	1.0000
20	Waveform 1	1	9352.664468750	9352.674218750	1400.000	4000.000	1.0000
20	Spectrogram 1	1	9352.664468750	9352.674218750	1400.000	4000.000	1.0000
21	Waveform 1	1	10181.121968750	10181.138218750	1400.000	4000.000	1.0000
21	Spectrogram 1	1	10181.121968750	10181.138218750	1400.000	4000.000	1.0000
22	Waveform 1	1	10848.546843750	10848.563093750	1400.000	4000.000	1.0000
22	Spectrogram 1	1	10848.546843750	10848.563093750	1400.000	4000.000	1.0000
23	Waveform 1	1	13997.016843750	13997.026593750	1400.000	4000.000	1.0000
23	Spectrogram 1	1	13997.016843750	13997.026593750	1400.000	4000.000	1.0000
24	Waveform 1	1	14202.488343750	14202.499718750	1400.000	4000.000	1.0000
24	Spectrogram 1	1	14202.488343750	14202.499718750	1400.000	4000.000	1.0000
25	Waveform 1	1	17943.915968750	17943.943593750	1400.000	4000.000	1.0000
25	Spectrogram 1	1	17943.915968750	17943.943593750	1400.000	4000.000	1.0000
26	Waveform 1	1	17943.980968750	17944.003718750	1400.000	4000.000	1.0000
26	Spectrogram 1	1	17943.980968750	17944.003718750	1400.000	4000.000	1.0000
27	Waveform 1	1	19908.965093750	19908.981343750	1400.000	4000.000	1.0000
27	Spectrogram 1	1	19908.965093750	19908.981343750	1400.000	4000.000	1.0000
28	Waveform 1	1	22898.326468750	22898.344343750	1400.000	4000.000	1.0000
28	Spectrogram 1	1	22898.326468750	22898.344343750	1400.000	4000.000	1.0000
29	Waveform 1	1	22904.233343750	22904.247968750	1400.000	4000.000	1.0000
29	Spectrogram 1	1	22904.233343750	22904.247968750	1400.000	4000.000	1.0000
30	Waveform 1	1	28079.419593750	28079.437468750	1400.000	4000.000	1.0000
30	Spectrogram 1	1	28079.419593750	28079.437468750	1400.000	4000.000	1.0000
31	Waveform 1	1	28090.069843750	28090.079593750	1400.000	4000.000	1.0000
31	Spectrogram 1	1	28090.069843750	28090.079593750	1400.000	4000.000	1.0000
32	Waveform 1	1	28098.194843750	28098.202968750	1400.000	4000.000	1.0000
32	Spectrogram 1	1	28098.194843750	28098.202968750	1400.000	4000.000	1.0000
33	Waveform 1	1	35213.783843750	35213.793593750	1400.000	4000.000	1.0000
33	Spectrogram 1	1	35213.783843750	35213.793593750	1400.000	4000.000	1.0000
34	Waveform 1	1	35256.804093750	35256.820343750	1400.000	4000.000	1.0000
34	Spectrogram 1	1	35256.804093750	35256.820343750	1400.000	4000.000	1.0000
35	Waveform 1	1	35441.881843750	35441.901343750	1400.000	4000.000	1.0000
35	Spectrogram 1	1	35441.881843750	35441.901343750	1400.000	4000.000	1.0000
36	Waveform 1	1	35847.944968750	35847.967718750	1400.000	4000.000	1.0000
36	Spectrogram 1	1	35847.944968750	35847.967718750	1400.000	4000.000	1.0000
37	Waveform 1	1	35857.264343750	35857.275718750	1400.000	4000.000	1.0000
37	Spectrogram 1	1	35857.264343750	35857.275718750	1400.000	4000.000	1.0000
38	Waveform 1	1	35859.633593750	35859.644968750	1400.000	4000.000	1.0000
38	Spectrogram 1	1	35859.633593750	35859.644968750	1400.000	4000.000	1.0000
39	Waveform 1	1	35859.786343750	35859.805843750	1400.000	4000.000	1.0000
39	Spectrogram 1	1	35859.786343750	35859.805843750	1400.000	4000.000	1.0000
40	Waveform 1	1	35917.787468750	35917.802093750	1400.000	4000.000	1.0000
40	Spectrogram 1	1	35917.787468750	35917.802093750	1400.000	4000.000	1.0000
41	Waveform 1	1	38646.710093750	38646.718218750	1400.000	4000.000	1.0000
41	Spectrogram 1	1	38646.710093750	38646.718218750	1400.000	4000.000	1.0000
42	Waveform 1	1	38655.442843750	38655.459093750	1400.000	4000.000	1.0000
42	Spectrogram 1	1	38655.442843750	38655.459093750	1400.000	4000.000	1.0000
43	Waveform 1	1	38665.090468750	38665.106718750	1400.000	4000.000	1.0000
43	Spectrogram 1	1	38665.090468750	38665.106718750	1400.000	4000.000	1.0000
44	Waveform 1	1	38680.097343750	38680.107093750	1400.000	4000.000	1.0000
44	Spectrogram 1	1	38680.097343750	38680.107093750	1400.000	4000.000	1.0000
45	Waveform 1	1	39367.896468750	39367.909468750	1400.000	4000.000	1.0000
45	Spectrogram 1	1	39367.896468750	39367.909468750	1400.000	4000.000	1.0000
46	Waveform 1	1	39369.865968750	39369.878968750	1400.000	4000.000	1.0000
46	Spectrogram 1	1	39369.865968750	39369.878968750	1400.000	4000.000	1.0000
47	Waveform 1	1	39381.195468750	39381.223093750	1400.000	4000.000	1.0000
47	Spectrogram 1	1	39381.195468750	39381.223093750	1400.000	4000.000	1.0000
48	Waveform 1	1	40064.121218750	40064.130968750	1400.000	4000.000	1.0000
48	Spectrogram 1	1	40064.121218750	40064.130968750	1400.000	4000.000	1.0000
49	Waveform 1	1	40068.234093750	40068.248718750	1400.000	4000.000	1.0000
49	Spectrogram 1	1	40068.234093750	40068.248718750	1400.000	4000.000	1.0000
50	Waveform 1	1	40071.711593750	40071.721343750	1400.000	4000.000	1.0000
50	Spectrogram 1	1	40071.711593750	40071.721343750	1400.000	4000.000	1.0000
51	Waveform 1	1	40074.472468750	40074.488718750	1400.000	4000.000	1.0000
51	Spectrogram 1	1	40074.472468750	40074.488718750	1400.000	4000.000	1.0000
52	Waveform 1	1	40078.443968750	40078.456968750	1400.000	4000.000	1.0000
52	Spectrogram 1	1	40078.443968750	40078.456968750	1400.000	4000.000	1.0000
53	Waveform 1	1	40084.220843750	40084.241968750	1400.000	4000.000	1.0000
53	Spectrogram 1	1	40084.220843750	40084.241968750	1400.000	4000.000	1.0000
54	Waveform 1	1	40148.726843750	40148.738218750	1400.000	4000.000	1.0000
54	Spectrogram 1	1	40148.726843750	40148.738218750	1400.000	4000.000	1.0000
55	Waveform 1	1	40152.617093750	40152.631718750	1400.000	4000.000	1.0000
55	Spectrogram 1	1	40152.617093750	40152.631718750	1400.000	4000.000	1.0000
56	Waveform 1	1	40178.751968750	40178.761718750	1400.000	4000.000	1.0000
56	Spectrogram 1	1	40178.751968750	40178.761718750	1400.000	4000.000	1.0000
57	Waveform 1	1	40183.193093750	40183.204468750	1400.000	4000.000	1.0000
57	Spectrogram 1	1	40183.193093750	40183.204468750	1400.000	4000.000	1.0000
58	Waveform 1	1	41546.130968750	41546.139093750	1400.000	4000.000	1.0000
58	Spectrogram 1	1	41546.130968750	41546.139093750	1400.000	4000.000	1.0000
59	Waveform 1	1	43343.909093750	43343.923718750	1400.000	4000.000	1.0000
59	Spectrogram 1	1	43343.909093750	43343.923718750	1400.000	4000.000	1.0000
60	Waveform 1	1	43571.768218750	43571.787718750	1400.000	4000.000	1.0000
60	Spectrogram 1	1	43571.768218750	43571.787718750	1400.000	4000.000	1.0000
61	Waveform 1	1	50692.999218750	50693.008968750	1400.000	4000.000	1.0000
61	Spectrogram 1	1	50692.999218750	50693.008968750	1400.000	4000.000	1.0000
62	Waveform 1	1	52021.743843750	52021.751968750	1400.000	4000.000	1.0000
62	Spectrogram 1	1	52021.743843750	52021.751968750	1400.000	4000.000	1.0000
63	Waveform 1	1	52081.690093750	52081.698218750	1400.000	4000.000	1.0000
63	Spectrogram 1	1	52081.690093750	52081.698218750	1400.000	4000.000	1.0000
64	Waveform 1	1	52212.964093750	52212.972218750	1400.000	4000.000	1.0000
64	Spectrogram 1	1	52212.964093750	52212.972218750	1400.000	4000.000	1.0000
65	Waveform 1	1	52379.066718750	52379.074843750	1400.000	4000.000	1.0000
65	Spectrogram 1	1	52379.066718750	52379.074843750	1400.000	4000.000	1.0000
66	Waveform 1	1	52407.427843750	52407.435968750	1400.000	4000.000	1.0000
66	Spectrogram 1	1	52407.427843750	52407.435968750	1400.000	4000.000	1.0000
67	Waveform 1	1	52538.565343750	52538.581593750	1400.000	4000.000	1.0000
67	Spectrogram 1	1	52538.565343750	52538.581593750	1400.000	4000.000	1.0000
68	Waveform 1	1	52581.460468750	52581.478343750	1400.000	4000.000	1.0000
68	Spectrogram 1	1	52581.460468750	52581.478343750	1400.000	4000.000	1.0000
69	Waveform 1	1	52788.266093750	52788.274218750	1400.000	4000.000	1.0000
69	Spectrogram 1	1	52788.266093750	52788.274218750	1400.000	4000.000	1.0000
70	Waveform 1	1	52879.500093750	52879.509843750	1400.000	4000.000	1.0000
70	Spectrogram 1	1	52879.500093750	52879.509843750	1400.000	4000.000	1.0000
71	Waveform 1	1	52885.436218750	52885.447593750	1400.000	4000.000	1.0000
71	Spectrogram 1	1	52885.436218750	52885.447593750	1400.000	4000.000	1.0000
72	Waveform 1	1	52920.666218750	52920.679218750	1400.000	4000.000	1.0000
72	Spectrogram 1	1	52920.666218750	52920.679218750	1400.000	4000.000	1.0000
73	Waveform 1	1	52994.288468750	52994.298218750	1400.000	4000.000	1.0000
73	Spectrogram 1	1	52994.288468750	52994.298218750	1400.000	4000.000	1.0000
74	Waveform 1	1	53031.548093750	53031.559468750	1400.000	4000.000	1.0000
74	Spectrogram 1	1	53031.548093750	53031.559468750	1400.000	4000.000	1.0000
75	Waveform 1	1	53054.486593750	53054.499593750	1400.000	4000.000	1.0000
75	Spectrogram 1	1	53054.486593750	53054.499593750	1400.000	4000.000	1.0000
76	Waveform 1	1	53179.845593750	53179.855343750	1400.000	4000.000	1.0000
76	Spectrogram 1	1	53179.845593750	53179.855343750	1400.000	4000.000	1.0000
77	Waveform 1	1	53186.761593750	53186.776218750	1400.000	4000.000	1.0000
77	Spectrogram 1	1	53186.761593750	53186.776218750	1400.000	4000.000	1.0000
78	Waveform 1	1	53273.396843750	53273.404968750	1400.000	4000.000	1.0000
78	Spectrogram 1	1	53273.396843750	53273.404968750	1400.000	4000.000	1.0000
79	Waveform 1	1	53295.412343750	53295.422093750	1400.000	4000.000	1.0000
79	Spectrogram 1	1	53295.412343750	53295.422093750	1400.000	4000.000	1.0000
80	Waveform 1	1	53300.453093750	53300.466093750	1400.000	4000.000	1.0000
80	Spectrogram 1	1	53300.453093750	53300.466093750	1400.000	4000.000	1.0000
81	Waveform 1	1	53338.692593750	53338.703968750	1400.000	4000.000	1.0000
81	Spectrogram 1	1	53338.692593750	53338.703968750	1400.000	4000.000	1.0000
82	Waveform 1	1	53351.755968750	53351.775468750	1400.000	4000.000	1.0000
82	Spectrogram 1	1	53351.755968750	53351.775468750	1400.000	4000.000	1.0000
83	Waveform 1	1	53374.306093750	53374.327218750	1400.000	4000.000	1.0000
83	Spectrogram 1	1	53374.306093750	53374.327218750	1400.000	4000.000	1.0000
84	Waveform 1	1	53381.371593750	53381.379718750	1400.000	4000.000	1.0000
84	Spectrogram 1	1	53381.371593750	53381.379718750	1400.000	4000.000	1.0000
85	Waveform 1	1	53383.279343750	53383.290718750	1400.000	4000.000	1.0000
85	Spectrogram 1	1	53383.279343750	53383.290718750	1400.000	4000.000	1.0000
86	Waveform 1	1	53407.537343750	53407.548718750	1400.000	4000.000	1.0000
86	Spectrogram 1	1	53407.537343750	53407.548718750	1400.000	4000.000	1.0000
87	Waveform 1	1	53459.288718750	53459.308218750	1400.000	4000.000	1.0000
87	Spectrogram 1	1	53459.288718750	53459.308218750	1400.000	4000.000	1.0000
88	Waveform 1	1	53489.039218750	53489.050593750	1400.000	4000.000	1.0000
88	Spectrogram 1	1	53489.039218750	53489.050593750	1400.000	4000.000	1.0000
89	Waveform 1	1	53498.668968750	53498.677093750	1400.000	4000.000	1.0000
89	Spectrogram 1	1	53498.668968750	53498.677093750	1400.000	4000.000	1.0000
90	Waveform 1	1	53506.009093750	53506.018843750	1400.000	4000.000	1.0000
90	Spectrogram 1	1	53506.009093750	53506.018843750	1400.000	4000.000	1.0000
91	Waveform 1	1	53558.321093750	53558.330843750	1400.000	4000.000	1.0000
91	Spectrogram 1	1	53558.321093750	53558.330843750	1400.000	4000.000	1.0000
92	Waveform 1	1	53568.981093750	53568.994093750	1400.000	4000.000	1.0000
92	Spectrogram 1	1	53568.981093750	53568.994093750	1400.000	4000.000	1.0000
93	Waveform 1	1	53622.805968750	53622.822218750	1400.000	4000.000	1.0000
93	Spectrogram 1	1	53622.805968750	53622.822218750	1400.000	4000.000	1.0000
94	Waveform 1	1	53633.890093750	53633.901468750	1400.000	4000.000	1.0000
94	Spectrogram 1	1	53633.890093750	53633.901468750	1400.000	4000.000	1.0000
95	Waveform 1	1	53664.092343750	53664.102093750	1400.000	4000.000	1.0000
95	Spectrogram 1	1	53664.092343750	53664.102093750	1400.000	4000.000	1.0000
96	Waveform 1	1	53722.307968750	53722.319343750	1400.000	4000.000	1.0000
96	Spectrogram 1	1	53722.307968750	53722.319343750	1400.000	4000.000	1.0000
97	Waveform 1	1	53763.108468750	53763.118218750	1400.000	4000.000	1.0000
97	Spectrogram 1	1	53763.108468750	53763.118218750	1400.000	4000.000	1.0000
98	Waveform 1	1	53800.051218750	53800.059343750	1400.000	4000.000	1.0000
98	Spectrogram 1	1	53800.051218750	53800.059343750	1400.000	4000.000	1.0000
99	Waveform 1	1	53868.060718750	53868.070468750	1400.000	4000.000	1.0000
99	Spectrogram 1	1	53868.060718750	53868.070468750	1400.000	4000.000	1.0000
100	Waveform 1	1	53911.979593750	53911.995843750	1400.000	4000.000	1.0000
100	Spectrogram 1	1	53911.979593750	53911.995843750	1400.000	4000.000	1.0000
101	Waveform 1	1	53912.276968750	53912.286718750	1400.000	4000.000	1.0000
101	Spectrogram 1	1	53912.276968750	53912.286718750	1400.000	4000.000	1.0000
102	Waveform 1	1	53918.143218750	53918.151343750	1400.000	4000.000	1.0000
102	Spectrogram 1	1	53918.143218750	53918.151343750	1400.000	4000.000	1.0000
103	Waveform 1	1	53940.178218750	53940.191218750	1400.000	4000.000	1.0000
103	Spectrogram 1	1	53940.178218750	53940.191218750	1400.000	4000.000	1.0000
104	Waveform 1	1	53951.179468750	53951.189218750	1400.000	4000.000	1.0000
104	Spectrogram 1	1	53951.179468750	53951.189218750	1400.000	4000.000	1.0000
105	Waveform 1	1	53958.105218750	53958.118218750	1400.000	4000.000	1.0000
105	Spectrogram 1	1	53958.105218750	53958.118218750	1400.000	4000.000	1.0000
106	Waveform 1	1	53963.529468750	53963.545718750	1400.000	4000.000	1.0000
106	Spectrogram 1	1	53963.529468750	53963.545718750	1400.000	4000.000	1.0000
107	Waveform 1	1	53964.546718750	53964.559718750	1400.000	4000.000	1.0000
107	Spectrogram 1	1	53964.546718750	53964.559718750	1400.000	4000.000	1.0000
108	Waveform 1	1	53995.712593750	53995.723968750	1400.000	4000.000	1.0000
108	Spectrogram 1	1	53995.712593750	53995.723968750	1400.000	4000.000	1.0000
109	Waveform 1	1	53995.784093750	53995.792218750	1400.000	4000.000	1.0000
109	Spectrogram 1	1	53995.784093750	53995.792218750	1400.000	4000.000	1.0000
110	Waveform 1	1	54000.621718750	54000.634718750	1400.000	4000.000	1.0000
110	Spectrogram 1	1	54000.621718750	54000.634718750	1400.000	4000.000	1.0000
111	Waveform 1	1	54030.359218750	54030.367343750	1400.000	4000.000	1.0000
111	Spectrogram 1	1	54030.359218750	54030.367343750	1400.000	4000.000	1.0000
112	Waveform 1	1	54065.337343750	54065.345468750	1400.000	4000.000	1.0000
112	Spectrogram 1	1	54065.337343750	54065.345468750	1400.000	4000.000	1.0000
113	Waveform 1	1	54065.426718750	54065.434843750	1400.000	4000.000	1.0000
113	Spectrogram 1	1	54065.426718750	54065.434843750	1400.000	4000.000	1.0000
114	Waveform 1	1	54081.120968750	54081.130718750	1400.000	4000.000	1.0000
114	Spectrogram 1	1	54081.120968750	54081.130718750	1400.000	4000.000	1.0000
115	Waveform 1	1	54189.536093750	54189.549093750	1400.000	4000.000	1.0000
115	Spectrogram 1	1	54189.536093750	54189.549093750	1400.000	4000.000	1.0000
116	Waveform 1	1	54189.758718750	54189.768468750	1400.000	4000.000	1.0000
116	Spectrogram 1	1	54189.758718750	54189.768468750	1400.000	4000.000	1.0000
117	Waveform 1	1	54189.864343750	54189.875718750	1400.000	4000.000	1.0000
117	Spectrogram 1	1	54189.864343750	54189.875718750	1400.000	4000.000	1.0000
118	Waveform 1	1	54219.999968750	54220.011343750	1400.000	4000.000	1.0000
118	Spectrogram 1	1	54219.999968750	54220.011343750	1400.000	4000.000	1.0000
119	Waveform 1	1	54313.965593750	54313.985093750	1400.000	4000.000	1.0000
119	Spectrogram 1	1	54313.965593750	54313.985093750	1400.000	4000.000	1.0000
120	Waveform 1	1	54351.285343750	54351.296718750	1400.000	4000.000	1.0000
120	Spectrogram 1	1	54351.285343750	54351.296718750	1400.000	4000.000	1.0000
121	Waveform 1	1	54390.049718750	54390.057843750	1400.000	4000.000	1.0000
121	Spectrogram 1	1	54390.049718750	54390.057843750	1400.000	4000.000	1.0000
122	Waveform 1	1	54424.379468750	54424.387593750	1400.000	4000.000	1.0000
122	Spectrogram 1	1	54424.379468750	54424.387593750	1400.000	4000.000	1.0000
123	Waveform 1	1	54437.267343750	54437.281968750	1400.000	4000.000	1.0000
123	Spectrogram 1	1	54437.267343750	54437.281968750	1400.000	4000.000	1.0000
124	Waveform 1	1	54442.291843750	54442.299968750	1400.000	4000.000	1.0000
124	Spectrogram 1	1	54442.291843750	54442.299968750	1400.000	4000.000	1.0000
125	Waveform 1	1	54443.866468750	54443.876218750	1400.000	4000.000	1.0000
125	Spectrogram 1	1	54443.866468750	54443.876218750	1400.000	4000.000	1.0000
126	Waveform 1	1	54451.328468750	54451.336593750	1400.000	4000.000	1.0000
126	Spectrogram 1	1	54451.328468750	54451.336593750	1400.000	4000.000	1.0000
127	Waveform 1	1	54496.092343750	54496.103718750	1400.000	4000.000	1.0000
127	Spectrogram 1	1	54496.092343750	54496.103718750	1400.000	4000.000	1.0000
128	Waveform 1	1	54563.687468750	54563.700468750	1400.000	4000.000	1.0000
128	Spectrogram 1	1	54563.687468750	54563.700468750	1400.000	4000.000	1.0000
129	Waveform 1	1	54567.429843750	54567.437968750	1400.000	4000.000	1.0000
129	Spectrogram 1	1	54567.429843750	54567.437968750	1400.000	4000.000	1.0000
130	Waveform 1	1	54696.586468750	54696.597843750	1400.000	4000.000	1.0000
130	Spectrogram 1	1	54696.586468750	54696.597843750	1400.000	4000.000	1.0000
131	Waveform 1	1	54709.521468750	54709.529593750	1400.000	4000.000	1.0000
131	Spectrogram 1	1	54709.521468750	54709.529593750	1400.000	4000.000	1.0000
132	Waveform 1	1	54834.235343750	54834.243468750	1400.000	4000.000	1.0000
132	Spectrogram 1	1	54834.235343750	54834.243468750	1400.000	4000.000	1.0000
133	Waveform 1	1	54905.735343750	54905.756468750	1400.000	4000.000	1.0000
133	Spectrogram 1	1	54905.735343750	54905.756468750	1400.000	4000.000	1.0000
134	Waveform 1	1	54908.163093750	54908.174468750	1400.000	4000.000	1.0000
134	Spectrogram 1	1	54908.163093750	54908.174468750	1400.000	4000.000	1.0000
135	Waveform 1	1	55065.326593750	55065.336343750	1400.000	4000.000	1.0000
135	Spectrogram 1	1	55065.326593750	55065.336343750	1400.000	4000.000	1.0000
136	Waveform 1	1	55070.017968750	55070.034218750	1400.000	4000.000	1.0000
136	Spectrogram 1	1	55070.017968750	55070.034218750	1400.000	4000.000	1.0000
137	Waveform 1	1	55102.981093750	55102.989218750	1400.000	4000.000	1.0000
137	Spectrogram 1	1	55102.981093750	55102.989218750	1400.000	4000.000	1.0000
138	Waveform 1	1	55126.392468750	55126.402218750	1400.000	4000.000	1.0000
138	Spectrogram 1	1	55126.392468750	55126.402218750	1400.000	4000.000	1.0000
139	Waveform 1	1	55176.743093750	55176.762593750	1400.000	4000.000	1.0000
139	Spectrogram 1	1	55176.743093750	55176.762593750	1400.000	4000.000	1.0000
140	Waveform 1	1	55242.199718750	55242.207843750	1400.000	4000.000	1.0000
140	Spectrogram 1	1	55242.199718750	55242.207843750	1400.000	4000.000	1.0000
141	Waveform 1	1	55274.488468750	55274.498218750	1400.000	4000.000	1.0000
141	Spectrogram 1	1	55274.488468750	55274.498218750	1400.000	4000.000	1.0000
142	Waveform 1	1	55358.783718750	55358.798343750	1400.000	4000.000	1.0000
142	Spectrogram 1	1	55358.783718750	55358.798343750	1400.000	4000.000	1.0000
143	Waveform 1	1	55468.809218750	55468.817343750	1400.000	4000.000	1.0000
143	Spectrogram 1	1	55468.809218750	55468.817343750	1400.000	4000.000	1.0000
144	Waveform 1	1	55692.059843750	55692.074468750	1400.000	4000.000	1.0000
144	Spectrogram 1	1	55692.059843750	55692.074468750	1400.000	4000.000	1.0000
145	Waveform 1	1	55758.865218750	55758.873343750	1400.000	4000.000	1.0000
145	Spectrogram 1	1	55758.865218750	55758.873343750	1400.000	4000.000	1.0000
146	Waveform 1	1	55782.068593750	55782.078343750	1400.000	4000.000	1.0000
146	Spectrogram 1	1	55782.068593750	55782.078343750	1400.000	4000.000	1.0000
147	Waveform 1	1	55853.378468750	55853.386593750	1400.000	4000.000	1.0000
147	Spectrogram 1	1	55853.378468750	55853.386593750	1400.000	4000.000	1.0000
148	Waveform 1	1	56226.358218750	56226.372843750	1400.000	4000.000	1.0000
148	Spectrogram 1	1	56226.358218750	56226.372843750	1400.000	4000.000	1.0000
149	Waveform 1	1	56272.608968750	56272.618718750	1400.000	4000.000	1.0000
149	Spectrogram 1	1	56272.608968750	56272.618718750	1400.000	4000.000	1.0000
150	Waveform 1	1	56487.247093750	56487.260093750	1400.000	4000.000	1.0000
150	Spectrogram 1	1	56487.247093750	56487.260093750	1400.000	4000.000	1.0000
151	Waveform 1	1	59912.415593750	59912.428593750	1400.000	4000.000	1.0000
151	Spectrogram 1	1	59912.415593750	59912.428593750	1400.000	4000.000	1.0000
152	Waveform 1	1	68856.693468750	68856.701593750	1400.000	4000.000	1.0000
152	Spectrogram 1	1	68856.693468750	68856.701593750	1400.000	4000.000	1.0000
153	Waveform 1	1	69070.265593750	69070.276968750	1400.000	4000.000	1.0000
153	Spectrogram 1	1	69070.265593750	69070.276968750	1400.000	4000.000	1.0000
154	Waveform 1	1	73256.613343750	73256.624718750	1400.000	4000.000	1.0000
154	Spectrogram 1	1	73256.613343750	73256.624718750	1400.000	4000.000	1.0000
155	Waveform 1	1	73811.071468750	73811.090968750	1400.000	4000.000	1.0000
155	Spectrogram 1	1	73811.071468750	73811.090968750	1400.000	4000.000	1.0000
156	Waveform 1	1	73881.874343750	73881.884093750	1400.000	4000.000	1.0000
156	Spectrogram 1	1	73881.874343750	73881.884093750	1400.000	4000.000	1.0000
157	Waveform 1	1	74017.813718750	74017.823468750	1400.000	4000.000	1.0000
157	Spectrogram 1	1	74017.813718750	74017.823468750	1400.000	4000.000	1.0000
158	Waveform 1	1	74017.974593750	74018.002218750	1400.000	4000.000	1.0000
158	Spectrogram 1	1	74017.974593750	74018.002218750	1400.000	4000.000	1.0000
159	Waveform 1	1	74072.244718750	74072.256093750	1400.000	4000.000	1.0000
159	Spectrogram 1	1	74072.244718750	74072.256093750	1400.000	4000.000	1.0000
160	Waveform 1	1	74172.565718750	74172.580343750	1400.000	4000.000	1.0000
160	Spectrogram 1	1	74172.565718750	74172.580343750	1400.000	4000.000	1.0000
161	Waveform 1	1	74235.022593750	74235.048593750	1400.000	4000.000	1.0000
161	Spectrogram 1	1	74235.022593750	74235.048593750	1400.000	4000.000	1.0000
162	Waveform 1	1	74488.780968750	74488.800468750	1400.000	4000.000	1.0000
162	Spectrogram 1	1	74488.780968750	74488.800468750	1400.000	4000.000	1.0000
163	Waveform 1	1	74531.399843750	74531.416093750	1400.000	4000.000	1.0000
163	Spectrogram 1	1	74531.399843750	74531.416093750	1400.000	4000.000	1.0000
164	Waveform 1	1	74606.822593750	74606.840468750	1400.000	4000.000	1.0000
164	Spectrogram 1	1	74606.822593750	74606.840468750	1400.000	4000.000	1.0000
165	Waveform 1	1	74639.676843750	74639.699593750	1400.000	4000.000	1.0000
165	Spectrogram 1	1	74639.676843750	74639.699593750	1400.000	4000.000	1.0000
166	Waveform 1	1	74831.878593750	74831.901343750	1400.000	4000.000	1.0000
166	Spectrogram 1	1	74831.878593750	74831.901343750	1400.000	4000.000	1.0000
167	Waveform 1	1	74888.438343750	74888.456218750	1400.000	4000.000	1.0000
167	Spectrogram 1	1	74888.438343750	74888.456218750	1400.000	4000.000	1.0000
168	Waveform 1	1	74932.318218750	74932.344218750	1400.000	4000.000	1.0000
168	Spectrogram 1	1	74932.318218750	74932.344218750	1400.000	4000.000	1.0000
169	Waveform 1	1	74971.953593750	74971.979593750	1400.000	4000.000	1.0000
169	Spectrogram 1	1	74971.953593750	74971.979593750	1400.000	4000.000	1.0000
170	Waveform 1	1	74972.044593750	74972.062468750	1400.000	4000.000	1.0000
170	Spectrogram 1	1	74972.044593750	74972.062468750	1400.000	4000.000	1.0000
171	Waveform 1	1	75662.266593750	75662.284468750	1400.000	4000.000	1.0000
171	Spectrogram 1	1	75662.266593750	75662.284468750	1400.000	4000.000	1.0000
172	Waveform 1	1	76768.488593750	76768.503218750	1400.000	4000.000	1.0000
172	Spectrogram 1	1	76768.488593750	76768.503218750	1400.000	4000.000	1.0000
173	Waveform 1	1	77399.903468750	77399.921343750	1400.000	4000.000	1.0000
173	Spectrogram 1	1	77399.903468750	77399.921343750	1400.000	4000.000	1.0000
174	Waveform 1	1	77909.339343750	77909.362093750	1400.000	4000.000	1.0000
174	Spectrogram 1	1	77909.339343750	77909.362093750	1400.000	4000.000	1.0000
175	Waveform 1	1	78622.429968750	78622.454343750	1400.000	4000.000	1.0000
175	Spectrogram 1	1	78622.429968750	78622.454343750	1400.000	4000.000	1.0000
176	Waveform 1	1	78623.263593750	78623.292843750	1400.000	4000.000	0.7778
176	Spectrogram 1	1	78623.263593750	78623.292843750	1400.000	4000.000	0.7778
177	Waveform 1	1	79401.646718750	79401.671093750	1400.000	4000.000	1.0000
177	Spectrogram 1	1	79401.646718750	79401.671093750	1400.000	4000.000	1.0000
178	Waveform 1	1	79484.339718750	79484.364093750	1400.000	4000.000	1.0000
178	Spectrogram 1	1	79484.339718750	79484.364093750	1400.000	4000.000	1.0000
179	Waveform 1	1	83548.329843750	83548.342843750	1400.000	4000.000	1.0000
179	Spectrogram 1	1	83548.329843750	83548.342843750	1400.000	4000.000	1.0000
180	Waveform 1	1	85863.368218750	85863.387718750	1400.000	4000.000	1.0000
180	Spectrogram 1	1	85863.368218750	85863.387718750	1400.000	4000.000	1.0000
181	Waveform 1	1	85863.457593750	85863.480343750	1400.000	4000.000	1.0000
181	Spectrogram 1	1	85863.457593750	85863.480343750	1400.000	4000.000	1.0000
182	Waveform 1	1	85904.412468750	85904.436843750	1400.000	4000.000	1.0000
182	Spectrogram 1	1	85904.412468750	85904.436843750	1400.000	4000.000	1.0000
183	Waveform 1	1	85905.064093750	85905.078718750	1400.000	4000.000	1.0000
183	Spectrogram 1	1	85905.064093750	85905.078718750	1400.000	4000.000	1.0000
184	Waveform 1	1	85950.243968750	85950.269968750	1400.000	4000.000	1.0000
184	Spectrogram 1	1	85950.243968750	85950.269968750	1400.000	4000.000	1.0000
185	Waveform 1	1	85958.458343750	85958.477843750	1400.000	4000.000	1.0000
185	Spectrogram 1	1	85958.458343750	85958.477843750	1400.000	4000.000	1.0000
186	Waveform 1	1	85970.301343750	85970.322468750	1400.000	4000.000	1.0000
186	Spectrogram 1	1	85970.301343750	85970.322468750	1400.000	4000.000	1.0000
187	Waveform 1	1	86001.476968750	86001.488343750	1400.000	4000.000	1.0000
187	Spectrogram 1	1	86001.476968750	86001.488343750	1400.000	4000.000	1.0000
188	Waveform 1	1	86027.826343750	86027.852343750	1400.000	4000.000	1.0000
188	Spectrogram 1	1	86027.826343750	86027.852343750	1400.000	4000.000	1.0000
189	Waveform 1	1	86028.451968750	86028.476343750	1400.000	4000.000	1.0000
189	Spectrogram 1	1	86028.451968750	86028.476343750	1400.000	4000.000	1.0000
190	Waveform 1	1	86103.730093750	86103.754468750	1400.000	4000.000	1.0000
190	Spectrogram 1	1	86103.730093750	86103.754468750	1400.000	4000.000	1.0000
191	Waveform 1	1	86103.821093750	86103.843843750	1400.000	4000.000	1.0000
191	Spectrogram 1	1	86103.821093750	86103.843843750	1400.000	4000.000	1.0000
192	Waveform 1	1	86104.360593750	86104.391468750	1400.000	4000.000	1.0000
192	Spectrogram 1	1	86104.360593750	86104.391468750	1400.000	4000.000	1.0000
193	Waveform 1	1	86120.883593750	86120.904718750	1400.000	4000.000	1.0000
193	Spectrogram 1	1	86120.883593750	86120.904718750	1400.000	4000.000	1.0000
194	Waveform 1	1	86121.515718750	86121.525468750	1400.000	4000.000	1.0000
194	Spectrogram 1	1	86121.515718750	86121.525468750	1400.000	4000.000	1.0000
195	Waveform 1	1	86137.799843750	86137.820968750	1400.000	4000.000	1.0000
195	Spectrogram 1	1	86137.799843750	86137.820968750	1400.000	4000.000	1.0000
196	Waveform 1	1	86137.892468750	86137.902218750	1400.000	4000.000	1.0000
196	Spectrogram 1	1	86137.892468750	86137.902218750	1400.000	4000.000	1.0000
197	Waveform 1	1	86138.425468750	86138.449843750	1400.000	4000.000	1.0000
197	Spectrogram 1	1	86138.425468750	86138.449843750	1400.000	4000.000	1.0000
198	Waveform 1	1	86265.391593750	86265.411093750	1400.000	4000.000	1.0000
198	Spectrogram 1	1	86265.391593750	86265.411093750	1400.000	4000.000	1.0000
