Selection	View	Channel	Begin Time (s)	End Time (s)	Low Freq (Hz)	High Freq (Hz)	Occupancy
1	Waveform 1	1	8641.613218750	8641.621343750	1400.000	4000.000	1.0000
1	Spectrogram 1	1	8641.613218750	8641.621343750	1400.000	4000.000	1.0000
2	Waveform 1	1	8672.987093750	8673.004968750	1400.000	4000.000	1.0000
2	Spectrogram 1	1	8672.987093750	8673.004968750	1400.000	4000.000	1.0000
3	Waveform 1	1	8691.915093750	8691.929718750	1400.000	4000.000	1.0000
3	Spectrogram 1	1	8691.915093750	8691.929718750	1400.000	4000.000	1.0000
4	Waveform 1	1	8716.189343750	8716.199093750	1400.000	4000.000	1.0000
4	Spectrogram 1	1	8716.189343750	8716.199093750	1400.000	4000.000	1.0000
5	Waveform 1	1	8743.406468750	8743.417843750	1400.000	4000.000	1.0000
5	Spectrogram 1	1	8743.406468750	8743.417843750	1400.000	4000.000	1.0000
6	Waveform 1	1	9211.902093750	9211.923218750	1400.000	4000.000	1.0000
6	Spectrogram 1	1	9211.902093750	9211.923218750	1400.000	4000.000	1.0000
7	Waveform 1	1	9215.935343750	9215.943468750	1400.000	4000.000	1.0000
7	Spectrogram 1	1	9215.935343750	9215.943468750	1400.000	4000.000	1.0000
8	Waveform 1	1	9685.454718750	9685.474218750	1400.000	4000.000	1.0000
8	Spectrogram 1	1	9685.454718750	9685.474218750	1400.000	4000.000	1.0000
9	Waveform 1	1	10193.792093750	10193.813218750	1400.000	4000.000	1.0000
9	Spectrogram 1	1	10193.792093750	10193.813218750	1400.000	4000.000	1.0000
10	Waveform 1	1	10218.464468750	10218.495343750	1400.000	4000.000	1.0000
10	Spectrogram 1	1	10218.464468750	10218.495343750	1400.000	4000.000	1.0000
11	Waveform 1	1	10230.650343750	10230.668218750	1400.000	4000.000	1.0000
11	Spectrogram 1	1	10230.650343750	10230.668218750	1400.000	4000.000	1.0000
12	Waveform 1	1	10230.749468750	10230.760843750	1400.000	4000.000	1.0000
12	Spectrogram 1	1	10230.749468750	10230.760843750	1400.000	4000.000	1.0000
13	Waveform 1	1	10237.064218750	10237.078843750	1400.000	4000.000	1.0000
13	Spectrogram 1	1	10237.064218750	10237.078843750	1400.000	4000.000	1.0000
14	Waveform 1	1	10242.928843750	10242.943468750	1400.000	4000.000	1.0000
14	Spectrogram 1	1	10242.928843750	10242.943468750	1400.000	4000.000	1.0000
15	Waveform 1	1	10243.019843750	10243.031218750	1400.000	4000.000	1.0000
15	Spectrogram 1	1	10243.019843750	10243.031218750	1400.000	4000.000	1.0000
16	Waveform 1	1	10395.134468750	10395.144218750	1400.000	4000.000	1.0000
16	Spectrogram 1	1	10395.134468750	10395.144218750	1400.000	4000.000	1.0000
17	Waveform 1	1	10403.594218750	10403.618593750	1400.000	4000.000	1.0000
17	Spectrogram 1	1	10403.594218750	10403.618593750	1400.000	4000.000	1.0000
18	Waveform 1	1	10414.263968750	10414.273718750	1400.000	4000.000	1.0000
18	Spectrogram 1	1	10414.263968750	10414.273718750	1400.000	4000.000	1.0000
19	Waveform 1	1	10414.595468750	10414.606843750	1400.000	4000.000	1.0000
19	Spectrogram 1	1	10414.595468750	10414.606843750	1400.000	4000.000	1.0000
20	Waveform 1	1	10604.346718750	10604.366218750	1400.000	4000.000	1.0000
20	Spectrogram 1	1	10604.346718750	10604.366218750	1400.000	4000.000	1.0000
21	Waveform 1	1	10716.115843750	10716.128843750	1400.000	4000.000	1.0000
21	Spectrogram 1	1	10716.115843750	10716.128843750	1400.000	4000.000	1.0000
22	Waveform 1	1	10716.647218750	10716.669968750	1400.000	4000.000	1.0000
22	Spectrogram 1	1	10716.647218750	10716.669968750	1400.000	4000.000	1.0000
23	Waveform 1	1	10734.046093750	10734.075343750	1400.000	4000.000	1.0000
23	Spectrogram 1	1	10734.046093750	10734.075343750	1400.000	4000.000	1.0000
24	Waveform 1	1	10765.000718750	10765.012093750	1400.000	4000.000	1.0000
24	Spectrogram 1	1	10765.000718750	10765.012093750	1400.000	4000.000	1.0000
25	Waveform 1	1	10765.060843750	10765.085218750	1400.000	4000.000	1.0000
25	Spectrogram 1	1	10765.060843750	10765.085218750	1400.000	4000.000	1.0000
26	Waveform 1	1	10767.225343750	10767.246468750	1400.000	4000.000	1.0000
26	Spectrogram 1	1	10767.225343750	10767.246468750	1400.000	4000.000	1.0000
27	Waveform 1	1	10767.564968750	10767.577968750	1400.000	4000.000	1.0000
27	Spectrogram 1	1	10767.564968750	10767.577968750	1400.000	4000.000	1.0000
28	Waveform 1	1	10795.703468750	10795.722968750	1400.000	4000.000	1.0000
28	Spectrogram 1	1	10795.703468750	10795.722968750	1400.000	4000.000	1.0000
29	Waveform 1	1	10814.386093750	10814.400718750	1400.000	4000.000	1.0000
29	Spectrogram 1	1	10814.386093750	10814.400718750	1400.000	4000.000	1.0000
30	Waveform 1	1	10839.740968750	10839.753968750	1400.000	4000.000	1.0000
30	Spectrogram 1	1	10839.740968750	10839.753968750	1400.000	4000.000	1.0000
31	Waveform 1	1	10869.876593750	10869.892843750	1400.000	4000.000	1.0000
31	Spectrogram 1	1	10869.876593750	10869.892843750	1400.000	4000.000	1.0000
32	Waveform 1	1	10874.307968750	10874.332343750	1400.000	4000.000	1.0000
32	Spectrogram 1	1	10874.307968750	10874.332343750	1400.000	4000.000	1.0000
33	Waveform 1	1	10881.924343750	10881.935718750	1400.000	4000.000	1.0000
33	Spectrogram 1	1	10881.924343750	10881.935718750	1400.000	4000.000	1.0000
34	Waveform 1	1	10917.292468750	10917.315218750	1400.000	4000.000	0.8571
34	Spectrogram 1	1	10917.292468750	10917.315218750	1400.000	4000.000	0.8571
35	Waveform 1	1	10917.354218750	10917.368843750	1400.000	4000.000	1.0000
35	Spectrogram 1	1	10917.354218750	10917.368843750	1400.000	4000.000	1.0000
36	Waveform 1	1	10917.513468750	10917.542718750	1400.000	4000.000	1.0000
36	Spectrogram 1	1	10917.513468750	10917.542718750	1400.000	4000.000	1.0000
37	Waveform 1	1	10922.898718750	10922.919843750	1400.000	4000.000	1.0000
37	Spectrogram 1	1	10922.898718750	10922.919843750	1400.000	4000.000	1.0000
38	Waveform 1	1	10955.463718750	10955.473468750	1400.000	4000.000	1.0000
38	Spectrogram 1	1	10955.463718750	10955.473468750	1400.000	4000.000	1.0000
39	Waveform 1	1	10955.619718750	10955.632718750	1400.000	4000.000	1.0000
39	Spectrogram 1	1	10955.619718750	10955.632718750	1400.000	4000.000	1.0000
40	Waveform 1	1	10955.980468750	10955.991843750	1400.000	4000.000	1.0000
40	Spectrogram 1	1	10955.980468750	10955.991843750	1400.000	4000.000	1.0000
41	Waveform 1	1	10956.107218750	10956.138093750	1400.000	4000.000	0.9474
41	Spectrogram 1	1	10956.107218750	10956.138093750	1400.000	4000.000	0.9474
42	Waveform 1	1	10967.175093750	10967.188093750	1400.000	4000.000	1.0000
42	Spectrogram 1	1	10967.175093750	10967.188093750	1400.000	4000.000	1.0000
43	Waveform 1	1	11025.223343750	11025.241218750	1400.000	4000.000	1.0000
43	Spectrogram 1	1	11025.223343750	11025.241218750	1400.000	4000.000	1.0000
44	Waveform 1	1	11045.534218750	11045.555343750	1400.000	4000.000	1.0000
44	Spectrogram 1	1	11045.534218750	11045.555343750	1400.000	4000.000	1.0000
45	Waveform 1	1	11052.216218750	11052.232468750	1400.000	4000.000	1.0000
45	Spectrogram 1	1	11052.216218750	11052.232468750	1400.000	4000.000	1.0000
46	Waveform 1	1	11063.383218750	11063.391343750	1400.000	4000.000	1.0000
46	Spectrogram 1	1	11063.383218750	11063.391343750	1400.000	4000.000	1.0000
47	Waveform 1	1	11063.461218750	11063.487218750	1400.000	4000.000	1.0000
47	Spectrogram 1	1	11063.461218750	11063.487218750	1400.000	4000.000	1.0000
48	Waveform 1	1	11063.540843750	11063.553843750	1400.000	4000.000	1.0000
48	Spectrogram 1	1	11063.540843750	11063.553843750	1400.000	4000.000	1.0000
49	Waveform 1	1	11075.474843750	11075.489468750	1400.000	4000.000	1.0000
49	Spectrogram 1	1	11075.474843750	11075.489468750	1400.000	4000.000	1.0000
50	Waveform 1	1	11079.711218750	11079.730718750	1400.000	4000.000	1.0000
50	Spectrogram 1	1	11079.711218750	11079.730718750	1400.000	4000.000	1.0000
51	Waveform 1	1	11100.997093750	11101.006843750	1400.000	4000.000	1.0000
51	Spectrogram 1	1	11100.997093750	11101.006843750	1400.000	4000.000	1.0000
52	Waveform 1	1	11114.284718750	11114.307468750	1400.000	4000.000	1.0000
52	Spectrogram 1	1	11114.284718750	11114.307468750	1400.000	4000.000	1.0000
53	Waveform 1	1	11128.204468750	11128.212593750	1400.000	4000.000	1.0000
53	Spectrogram 1	1	11128.204468750	11128.212593750	1400.000	4000.000	1.0000
54	Waveform 1	1	11157.816843750	11157.839593750	1400.000	4000.000	1.0000
54	Spectrogram 1	1	11157.816843750	11157.839593750	1400.000	4000.000	1.0000
55	Waveform 1	1	11176.158218750	11176.185843750	1400.000	4000.000	1.0000
55	Spectrogram 1	1	11176.158218750	11176.185843750	1400.000	4000.000	1.0000
56	Waveform 1	1	11176.218343750	11176.228093750	1400.000	4000.000	1.0000
56	Spectrogram 1	1	11176.218343750	11176.228093750	1400.000	4000.000	1.0000
57	Waveform 1	1	11176.284968750	11176.296343750	1400.000	4000.000	1.0000
57	Spectrogram 1	1	11176.284968750	11176.296343750	1400.000	4000.000	1.0000
58	Waveform 1	1	11176.567718750	11176.587218750	1400.000	4000.000	1.0000
58	Spectrogram 1	1	11176.567718750	11176.587218750	1400.000	4000.000	1.0000
59	Waveform 1	1	11190.996093750	11191.004218750	1400.000	4000.000	1.0000
59	Spectrogram 1	1	11190.996093750	11191.004218750	1400.000	4000.000	1.0000
60	Waveform 1	1	11211.193218750	11211.212718750	1400.000	4000.000	1.0000
60	Spectrogram 1	1	11211.193218750	11211.212718750	1400.000	4000.000	1.0000
61	Waveform 1	1	11218.071843750	11218.101093750	1400.000	4000.000	0.7778
61	Spectrogram 1	1	11218.071843750	11218.101093750	1400.000	4000.000	0.7778
62	Waveform 1	1	11219.800843750	11219.815468750	1400.000	4000.000	1.0000
62	Spectrogram 1	1	11219.800843750	11219.815468750	1400.000	4000.000	1.0000
63	Waveform 1	1	11233.676718750	11233.694593750	1400.000	4000.000	1.0000
63	Spectrogram 1	1	11233.676718750	11233.694593750	1400.000	4000.000	1.0000
64	Waveform 1	1	11237.822093750	11237.836718750	1400.000	4000.000	1.0000
64	Spectrogram 1	1	11237.822093750	11237.836718750	1400.000	4000.000	1.0000
65	Waveform 1	1	12784.630343750	12784.644968750	1400.000	4000.000	1.0000
65	Spectrogram 1	1	12784.630343750	12784.644968750	1400.000	4000.000	1.0000
66	Waveform 1	1	12787.906343750	12787.916093750	1400.000	4000.000	1.0000
66	Spectrogram 1	1	12787.906343750	12787.916093750	1400.000	4000.000	1.0000
67	Waveform 1	1	16535.421218750	16535.439093750	1400.000	4000.000	1.0000
67	Spectrogram 1	1	16535.421218750	16535.439093750	1400.000	4000.000	1.0000
68	Waveform 1	1	16535.760843750	16535.778718750	1400.000	4000.000	1.0000
68	Spectrogram 1	1	16535.760843750	16535.778718750	1400.000	4000.000	1.0000
69	Waveform 1	1	17508.814093750	17508.827093750	1400.000	4000.000	1.0000
69	Spectrogram 1	1	17508.814093750	17508.827093750	1400.000	4000.000	1.0000
70	Waveform 1	1	17891.737218750	17891.756718750	1400.000	4000.000	1.0000
70	Spectrogram 1	1	17891.737218750	17891.756718750	1400.000	4000.000	1.0000
71	Waveform 1	1	18220.687593750	18220.697343750	1400.000	4000.000	1.0000
71	Spectrogram 1	1	18220.687593750	18220.697343750	1400.000	4000.000	1.0000
72	Waveform 1	1	18235.497843750	18235.510843750	1400.000	4000.000	1.0000
72	Spectrogram 1	1	18235.497843750	18235.510843750	1400.000	4000.000	1.0000
73	Waveform 1	1	18242.868843750	18242.876968750	1400.000	4000.000	1.0000
73	Spectrogram 1	1	18242.868843750	18242.876968750	1400.000	4000.000	1.0000
74	Waveform 1	1	18472.705593750	18472.716968750	1400.000	4000.000	1.0000
74	Spectrogram 1	1	18472.705593750	18472.716968750	1400.000	4000.000	1.0000
75	Waveform 1	1	18475.349468750	18475.359218750	1400.000	4000.000	1.0000
75	Spectrogram 1	1	18475.349468750	18475.359218750	1400.000	4000.000	1.0000
76	Waveform 1	1	22328.411343750	22328.432468750	1400.000	4000.000	1.0000
76	Spectrogram 1	1	22328.411343750	22328.432468750	1400.000	4000.000	1.0000
77	Waveform 1	1	22490.379968750	22490.399468750	1400.000	4000.000	1.0000
77	Spectrogram 1	1	22490.379968750	22490.399468750	1400.000	4000.000	1.0000
78	Waveform 1	1	24191.496593750	24191.506343750	1400.000	4000.000	1.0000
78	Spectrogram 1	1	24191.496593750	24191.506343750	1400.000	4000.000	1.0000
79	Waveform 1	1	28439.797468750	28439.808843750	1400.000	4000.000	1.0000
79	Spectrogram 1	1	28439.797468750	28439.808843750	1400.000	4000.000	1.0000
80	Waveform 1	1	29434.448593750	29434.461593750	1400.000	4000.000	1.0000
80	Spectrogram 1	1	29434.448593750	29434.461593750	1400.000	4000.000	1.0000
81	Waveform 1	1	29532.208593750	29532.219968750	1400.000	4000.000	1.0000
81	Spectrogram 1	1	29532.208593750	29532.219968750	1400.000	4000.000	1.0000
82	Waveform 1	1	29579.392093750	29579.400218750	1400.000	4000.000	1.0000
82	Spectrogram 1	1	29579.392093750	29579.400218750	1400.000	4000.000	1.0000
83	Waveform 1	1	31560.739968750	31560.754593750	1400.000	4000.000	1.0000
83	Spectrogram 1	1	31560.739968750	31560.754593750	1400.000	4000.000	1.0000
84	Waveform 1	1	41607.624218750	41607.633968750	1400.000	4000.000	1.0000
84	Spectrogram 1	1	41607.624218750	41607.633968750	1400.000	4000.000	1.0000
85	Waveform 1	1	41608.477343750	41608.488718750	1400.000	4000.000	1.0000
85	Spectrogram 1	1	41608.477343750	41608.488718750	1400.000	4000.000	1.0000
86	Waveform 1	1	41618.176968750	41618.186718750	1400.000	4000.000	1.0000
86	Spectrogram 1	1	41618.176968750	41618.186718750	1400.000	4000.000	1.0000
87	Waveform 1	1	41619.244593750	41619.254343750	1400.000	4000.000	1.0000
87	Spectrogram 1	1	41619.244593750	41619.254343750	1400.000	4000.000	1.0000
88	Waveform 1	1	41762.379468750	41762.389218750	1400.000	4000.000	1.0000
88	Spectrogram 1	1	41762.379468750	41762.389218750	1400.000	4000.000	1.0000
89	Waveform 1	1	41763.136718750	41763.149718750	1400.000	4000.000	1.0000
89	Spectrogram 1	1	41763.136718750	41763.149718750	1400.000	4000.000	1.0000
90	Waveform 1	1	41763.903718750	41763.915093750	1400.000	4000.000	1.0000
90	Spectrogram 1	1	41763.903718750	41763.915093750	1400.000	4000.000	1.0000
91	Waveform 1	1	43641.368593750	43641.376718750	1400.000	4000.000	1.0000
91	Spectrogram 1	1	43641.368593750	43641.376718750	1400.000	4000.000	1.0000
92	Waveform 1	1	45345.428093750	45345.436218750	1400.000	4000.000	1.0000
92	Spectrogram 1	1	45345.428093750	45345.436218750	1400.000	4000.000	1.0000
93	Waveform 1	1	45346.263343750	45346.274718750	1400.000	4000.000	1.0000
93	Spectrogram 1	1	45346.263343750	45346.274718750	1400.000	4000.000	1.0000
94	Waveform 1	1	45347.064468750	45347.075843750	1400.000	4000.000	1.0000
94	Spectrogram 1	1	45347.064468750	45347.075843750	1400.000	4000.000	1.0000
95	Waveform 1	1	45347.820093750	45347.831468750	1400.000	4000.000	1.0000
95	Spectrogram 1	1	45347.820093750	45347.831468750	1400.000	4000.000	1.0000
96	Waveform 1	1	45349.313468750	45349.324843750	1400.000	4000.000	1.0000
96	Spectrogram 1	1	45349.313468750	45349.324843750	1400.000	4000.000	1.0000
97	Waveform 1	1	45370.318218750	45370.327968750	1400.000	4000.000	1.0000
97	Spectrogram 1	1	45370.318218750	45370.327968750	1400.000	4000.000	1.0000
98	Waveform 1	1	45374.141843750	45374.149968750	1400.000	4000.000	1.0000
98	Spectrogram 1	1	45374.141843750	45374.149968750	1400.000	4000.000	1.0000
99	Waveform 1	1	45376.012218750	45376.021968750	1400.000	4000.000	1.0000
99	Spectrogram 1	1	45376.012218750	45376.021968750	1400.000	4000.000	1.0000
100	Waveform 1	1	45385.281218750	45385.290968750	1400.000	4000.000	1.0000
100	Spectrogram 1	1	45385.281218750	45385.290968750	1400.000	4000.000	1.0000
101	Waveform 1	1	45386.265968750	45386.274093750	1400.000	4000.000	1.0000
101	Spectrogram 1	1	45386.265968750	45386.274093750	1400.000	4000.000	1.0000
102	Waveform 1	1	45394.559968750	45394.568093750	1400.000	4000.000	1.0000
102	Spectrogram 1	1	45394.559968750	45394.568093750	1400.000	4000.000	1.0000
103	Waveform 1	1	45396.620468750	45396.630218750	1400.000	4000.000	1.0000
103	Spectrogram 1	1	45396.620468750	45396.630218750	1400.000	4000.000	1.0000
104	Waveform 1	1	45397.590593750	45397.600343750	1400.000	4000.000	1.0000
104	Spectrogram 1	1	45397.590593750	45397.600343750	1400.000	4000.000	1.0000
105	Waveform 1	1	45398.552593750	45398.563968750	1400.000	4000.000	1.0000
105	Spectrogram 1	1	45398.552593750	45398.563968750	1400.000	4000.000	1.0000
106	Waveform 1	1	45399.551968750	45399.561718750	1400.000	4000.000	1.0000
106	Spectrogram 1	1	45399.551968750	45399.561718750	1400.000	4000.000	1.0000
107	Waveform 1	1	45400.552968750	45400.564343750	1400.000	4000.000	1.0000
107	Spectrogram 1	1	45400.552968750	45400.564343750	1400.000	4000.000	1.0000
108	Waveform 1	1	45401.516593750	45401.526343750	1400.000	4000.000	1.0000
108	Spectrogram 1	1	45401.516593750	45401.526343750	1400.000	4000.000	1.0000
109	Waveform 1	1	45402.447718750	45402.460718750	1400.000	4000.000	1.0000
109	Spectrogram 1	1	45402.447718750	45402.460718750	1400.000	4000.000	1.0000
110	Waveform 1	1	45413.522093750	45413.531843750	1400.000	4000.000	1.0000
110	Spectrogram 1	1	45413.522093750	45413.531843750	1400.000	4000.000	1.0000
111	Waveform 1	1	45812.836593750	45812.846343750	1400.000	4000.000	1.0000
111	Spectrogram 1	1	45812.836593750	45812.846343750	1400.000	4000.000	1.0000
112	Waveform 1	1	45814.606218750	45814.620843750	1400.000	4000.000	1.0000
112	Spectrogram 1	1	45814.606218750	45814.620843750	1400.000	4000.000	1.0000
113	Waveform 1	1	45816.359593750	45816.372593750	1400.000	4000.000	1.0000
113	Spectrogram 1	1	45816.359593750	45816.372593750	1400.000	4000.000	1.0000
114	Waveform 1	1	45818.065843750	45818.075593750	1400.000	4000.000	1.0000
114	Spectrogram 1	1	45818.065843750	45818.075593750	1400.000	4000.000	1.0000
115	Waveform 1	1	45819.718468750	45819.728218750	1400.000	4000.000	1.0000
115	Spectrogram 1	1	45819.718468750	45819.728218750	1400.000	4000.000	1.0000
116	Waveform 1	1	45821.345093750	45821.353218750	1400.000	4000.000	1.0000
116	Spectrogram 1	1	45821.345093750	45821.353218750	1400.000	4000.000	1.0000
117	Waveform 1	1	45822.762093750	45822.770218750	1400.000	4000.000	1.0000
117	Spectrogram 1	1	45822.762093750	45822.770218750	1400.000	4000.000	1.0000
118	Waveform 1	1	45823.530718750	45823.538843750	1400.000	4000.000	1.0000
118	Spectrogram 1	1	45823.530718750	45823.538843750	1400.000	4000.000	1.0000
119	Waveform 1	1	45824.313968750	45824.323718750	1400.000	4000.000	1.0000
119	Spectrogram 1	1	45824.313968750	45824.323718750	1400.000	4000.000	1.0000
120	Waveform 1	1	45825.113468750	45825.124843750	1400.000	4000.000	1.0000
120	Spectrogram 1	1	45825.113468750	45825.124843750	1400.000	4000.000	1.0000
121	Waveform 1	1	45825.961718750	45825.971468750	1400.000	4000.000	1.0000
121	Spectrogram 1	1	45825.961718750	45825.971468750	1400.000	4000.000	1.0000
122	Waveform 1	1	45826.795343750	45826.805093750	1400.000	4000.000	1.0000
122	Spectrogram 1	1	45826.795343750	45826.805093750	1400.000	4000.000	1.0000
123	Waveform 1	1	45827.549343750	45827.557468750	1400.000	4000.000	1.0000
123	Spectrogram 1	1	45827.549343750	45827.557468750	1400.000	4000.000	1.0000
124	Waveform 1	1	46402.661218750	46402.669343750	1400.000	4000.000	1.0000
124	Spectrogram 1	1	46402.661218750	46402.669343750	1400.000	4000.000	1.0000
125	Waveform 1	1	46543.792468750	46543.800593750	1400.000	4000.000	1.0000
125	Spectrogram 1	1	46543.792468750	46543.800593750	1400.000	4000.000	1.0000
126	Waveform 1	1	46658.795343750	46658.803468750	1400.000	4000.000	1.0000
126	Spectrogram 1	1	46658.795343750	46658.803468750	1400.000	4000.000	1.0000
127	Waveform 1	1	46661.795093750	46661.804843750	1400.000	4000.000	1.0000
127	Spectrogram 1	1	46661.795093750	46661.804843750	1400.000	4000.000	1.0000
128	Waveform 1	1	46662.813968750	46662.823718750	1400.000	4000.000	1.0000
128	Spectrogram 1	1	46662.813968750	46662.823718750	1400.000	4000.000	1.0000
129	Waveform 1	1	46870.817218750	46870.825343750	1400.000	4000.000	1.0000
129	Spectrogram 1	1	46870.817218750	46870.825343750	1400.000	4000.000	1.0000
130	Waveform 1	1	48679.988218750	48680.001218750	1400.000	4000.000	1.0000
130	Spectrogram 1	1	48679.988218750	48680.001218750	1400.000	4000.000	1.0000
131	Waveform 1	1	48681.855343750	48681.868343750	1400.000	4000.000	1.0000
131	Spectrogram 1	1	48681.855343750	48681.868343750	1400.000	4000.000	1.0000
132	Waveform 1	1	48683.714343750	48683.730593750	1400.000	4000.000	1.0000
132	Spectrogram 1	1	48683.714343750	48683.730593750	1400.000	4000.000	1.0000
133	Waveform 1	1	48685.620468750	48685.635093750	1400.000	4000.000	1.0000
133	Spectrogram 1	1	48685.620468750	48685.635093750	1400.000	4000.000	1.0000
134	Waveform 1	1	48687.596468750	48687.612718750	1400.000	4000.000	1.0000
134	Spectrogram 1	1	48687.596468750	48687.612718750	1400.000	4000.000	1.0000
135	Waveform 1	1	48689.551343750	48689.565968750	1400.000	4000.000	1.0000
135	Spectrogram 1	1	48689.551343750	48689.565968750	1400.000	4000.000	1.0000
136	Waveform 1	1	48691.444468750	48691.452593750	1400.000	4000.000	1.0000
136	Spectrogram 1	1	48691.444468750	48691.452593750	1400.000	4000.000	1.0000
137	Waveform 1	1	48710.174218750	48710.183968750	1400.000	4000.000	1.0000
137	Spectrogram 1	1	48710.174218750	48710.183968750	1400.000	4000.000	1.0000
138	Waveform 1	1	48711.604218750	48711.612343750	1400.000	4000.000	1.0000
138	Spectrogram 1	1	48711.604218750	48711.612343750	1400.000	4000.000	1.0000
139	Waveform 1	1	48738.116093750	48738.125843750	1400.000	4000.000	1.0000
139	Spectrogram 1	1	48738.116093750	48738.125843750	1400.000	4000.000	1.0000
140	Waveform 1	1	48739.344593750	48739.355968750	1400.000	4000.000	1.0000
140	Spectrogram 1	1	48739.344593750	48739.355968750	1400.000	4000.000	1.0000
141	Waveform 1	1	48742.917968750	48742.929343750	1400.000	4000.000	1.0000
141	Spectrogram 1	1	48742.917968750	48742.929343750	1400.000	4000.000	1.0000
142	Waveform 1	1	48745.178343750	48745.188093750	1400.000	4000.000	1.0000
142	Spectrogram 1	1	48745.178343750	48745.188093750	1400.000	4000.000	1.0000
143	Waveform 1	1	48755.280968750	48755.290718750	1400.000	4000.000	1.0000
143	Spectrogram 1	1	48755.280968750	48755.290718750	1400.000	4000.000	1.0000
144	Waveform 1	1	48756.437968750	48756.446093750	1400.000	4000.000	1.0000
144	Spectrogram 1	1	48756.437968750	48756.446093750	1400.000	4000.000	1.0000
145	Waveform 1	1	49704.831843750	49704.839968750	1400.000	4000.000	1.0000
145	Spectrogram 1	1	49704.831843750	49704.839968750	1400.000	4000.000	1.0000
146	Waveform 1	1	50023.023093750	50023.036093750	1400.000	4000.000	1.0000
146	Spectrogram 1	1	50023.023093750	50023.036093750	1400.000	4000.000	1.0000
147	Waveform 1	1	50024.347468750	50024.362093750	1400.000	4000.000	1.0000
147	Spectrogram 1	1	50024.347468750	50024.362093750	1400.000	4000.000	1.0000
148	Waveform 1	1	50042.578343750	50042.591343750	1400.000	4000.000	1.0000
148	Spectrogram 1	1	50042.578343750	50042.591343750	1400.000	4000.000	1.0000
149	Waveform 1	1	50043.668718750	50043.678468750	1400.000	4000.000	1.0000
149	Spectrogram 1	1	50043.668718750	50043.678468750	1400.000	4000.000	1.0000
150	Waveform 1	1	50062.302593750	50062.310718750	1400.000	4000.000	1.0000
150	Spectrogram 1	1	50062.302593750	50062.310718750	1400.000	4000.000	1.0000
151	Waveform 1	1	50073.489093750	50073.497218750	1400.000	4000.000	1.0000
151	Spectrogram 1	1	50073.489093750	50073.497218750	1400.000	4000.000	1.0000
152	Waveform 1	1	50166.591843750	50166.604843750	1400.000	4000.000	1.0000
152	Spectrogram 1	1	50166.591843750	50166.604843750	1400.000	4000.000	1.0000
153	Waveform 1	1	50167.553843750	50167.568468750	1400.000	4000.000	1.0000
153	Spectrogram 1	1	50167.553843750	50167.568468750	1400.000	4000.000	1.0000
154	Waveform 1	1	50168.556468750	50168.569468750	1400.000	4000.000	1.0000
154	Spectrogram 1	1	50168.556468750	50168.569468750	1400.000	4000.000	1.0000
155	Waveform 1	1	50170.707968750	50170.719343750	1400.000	4000.000	1.0000
155	Spectrogram 1	1	50170.707968750	50170.719343750	1400.000	4000.000	1.0000
156	Waveform 1	1	50171.780468750	50171.795093750	1400.000	4000.000	1.0000
156	Spectrogram 1	1	50171.780468750	50171.795093750	1400.000	4000.000	1.0000
157	Waveform 1	1	50172.833468750	50172.846468750	1400.000	4000.000	1.0000
157	Spectrogram 1	1	50172.833468750	50172.846468750	1400.000	4000.000	1.0000
158	Waveform 1	1	50173.800343750	50173.814968750	1400.000	4000.000	1.0000
158	Spectrogram 1	1	50173.800343750	50173.814968750	1400.000	4000.000	1.0000
159	Waveform 1	1	50174.685968750	50174.702218750	1400.000	4000.000	1.0000
159	Spectrogram 1	1	50174.685968750	50174.702218750	1400.000	4000.000	1.0000
160	Waveform 1	1	50175.524468750	50175.539093750	1400.000	4000.000	1.0000
160	Spectrogram 1	1	50175.524468750	50175.539093750	1400.000	4000.000	1.0000
161	Waveform 1	1	50177.113718750	50177.121843750	1400.000	4000.000	1.0000
161	Spectrogram 1	1	50177.113718750	50177.121843750	1400.000	4000.000	1.0000
162	Waveform 1	1	50178.631468750	50178.642843750	1400.000	4000.000	1.0000
162	Spectrogram 1	1	50178.631468750	50178.642843750	1400.000	4000.000	1.0000
163	Waveform 1	1	50179.382218750	50179.391968750	1400.000	4000.000	1.0000
163	Spectrogram 1	1	50179.382218750	50179.391968750	1400.000	4000.000	1.0000
164	Waveform 1	1	50180.175218750	50180.186593750	1400.000	4000.000	1.0000
164	Spectrogram 1	1	50180.175218750	50180.186593750	1400.000	4000.000	1.0000
165	Waveform 1	1	50180.903218750	50180.911343750	1400.000	4000.000	1.0000
165	Spectrogram 1	1	50180.903218750	50180.911343750	1400.000	4000.000	1.0000
166	Waveform 1	1	50181.671843750	50181.688093750	1400.000	4000.000	1.0000
166	Spectrogram 1	1	50181.671843750	50181.688093750	1400.000	4000.000	1.0000
167	Waveform 1	1	50182.451843750	50182.466468750	1400.000	4000.000	1.0000
167	Spectrogram 1	1	50182.451843750	50182.466468750	1400.000	4000.000	1.0000
168	Waveform 1	1	50183.296843750	50183.309843750	1400.000	4000.000	1.0000
168	Spectrogram 1	1	50183.296843750	50183.309843750	1400.000	4000.000	1.0000
169	Waveform 1	1	50184.127218750	50184.140218750	1400.000	4000.000	1.0000
169	Spectrogram 1	1	50184.127218750	50184.140218750	1400.000	4000.000	1.0000
170	Waveform 1	1	50184.981968750	50184.994968750	1400.000	4000.000	1.0000
170	Spectrogram 1	1	50184.981968750	50184.994968750	1400.000	4000.000	1.0000
171	Waveform 1	1	50185.740843750	50185.753843750	1400.000	4000.000	1.0000
171	Spectrogram 1	1	50185.740843750	50185.753843750	1400.000	4000.000	1.0000
172	Waveform 1	1	50186.514343750	50186.525718750	1400.000	4000.000	1.0000
172	Spectrogram 1	1	50186.514343750	50186.525718750	1400.000	4000.000	1.0000
173	Waveform 1	1	50187.268343750	50187.281343750	1400.000	4000.000	1.0000
173	Spectrogram 1	1	50187.268343750	50187.281343750	1400.000	4000.000	1.0000
174	Waveform 1	1	50188.729218750	50188.737343750	1400.000	4000.000	1.0000
174	Spectrogram 1	1	50188.729218750	50188.737343750	1400.000	4000.000	1.0000
175	Waveform 1	1	50189.447468750	50189.458843750	1400.000	4000.000	1.0000
175	Spectrogram 1	1	50189.447468750	50189.458843750	1400.000	4000.000	1.0000
176	Waveform 1	1	50190.191718750	50190.201468750	1400.000	4000.000	1.0000
176	Spectrogram 1	1	50190.191718750	50190.201468750	1400.000	4000.000	1.0000
177	Waveform 1	1	50191.681843750	50191.689968750	1400.000	4000.000	1.0000
177	Spectrogram 1	1	50191.681843750	50191.689968750	1400.000	4000.000	1.0000
178	Waveform 1	1	50192.435843750	50192.443968750	1400.000	4000.000	1.0000
178	Spectrogram 1	1	50192.435843750	50192.443968750	1400.000	4000.000	1.0000
179	Waveform 1	1	50193.929218750	50193.937343750	1400.000	4000.000	1.0000
179	Spectrogram 1	1	50193.929218750	50193.937343750	1400.000	4000.000	1.0000
180	Waveform 1	1	50393.085968750	50393.111968750	1400.000	4000.000	1.0000
180	Spectrogram 1	1	50393.085968750	50393.111968750	1400.000	4000.000	1.0000
181	Waveform 1	1	50439.856718750	50439.866468750	1400.000	4000.000	1.0000
181	Spectrogram 1	1	50439.856718750	50439.866468750	1400.000	4000.000	1.0000
182	Waveform 1	1	50440.591218750	50440.602593750	1400.000	4000.000	1.0000
182	Spectrogram 1	1	50440.591218750	50440.602593750	1400.000	4000.000	1.0000
183	Waveform 1	1	50442.074843750	50442.082968750	1400.000	4000.000	1.0000
183	Spectrogram 1	1	50442.074843750	50442.082968750	1400.000	4000.000	1.0000
184	Waveform 1	1	50442.814218750	50442.822343750	1400.000	4000.000	1.0000
184	Spectrogram 1	1	50442.814218750	50442.822343750	1400.000	4000.000	1.0000
185	Waveform 1	1	50447.988218750	50448.001218750	1400.000	4000.000	1.0000
185	Spectrogram 1	1	50447.988218750	50448.001218750	1400.000	4000.000	1.0000
186	Waveform 1	1	50450.029218750	50450.040593750	1400.000	4000.000	1.0000
186	Spectrogram 1	1	50450.029218750	50450.040593750	1400.000	4000.000	1.0000
187	Waveform 1	1	50452.196968750	50452.205093750	1400.000	4000.000	1.0000
187	Spectrogram 1	1	50452.196968750	50452.205093750	1400.000	4000.000	1.0000
188	Waveform 1	1	50493.723843750	50493.743343750	1400.000	4000.000	1.0000
188	Spectrogram 1	1	50493.723843750	50493.743343750	1400.000	4000.000	1.0000
189	Waveform 1	1	50907.143343750	50907.167718750	1400.000	4000.000	0.7333
189	Spectrogram 1	1	50907.143343750	50907.167718750	1400.000	4000.000	0.7333
190	Waveform 1	1	50909.668593750	50909.678343750	1400.000	4000.000	1.0000
190	Spectrogram 1	1	50909.668593750	50909.678343750	1400.000	4000.000	1.0000
191	Waveform 1	1	51558.050093750	51558.059843750	1400.000	4000.000	1.0000
191	Spectrogram 1	1	51558.050093750	51558.059843750	1400.000	4000.000	1.0000
192	Waveform 1	1	51574.212343750	51574.223718750	1400.000	4000.000	1.0000
192	Spectrogram 1	1	51574.212343750	51574.223718750	1400.000	4000.000	1.0000
193	Waveform 1	1	51574.311468750	51574.321218750	1400.000	4000.000	1.0000
193	Spectrogram 1	1	51574.311468750	51574.321218750	1400.000	4000.000	1.0000
194	Waveform 1	1	51676.855468750	51676.886343750	1400.000	4000.000	1.0000
194	Spectrogram 1	1	51676.855468750	51676.886343750	1400.000	4000.000	1.0000
195	Waveform 1	1	52013.542468750	52013.565218750	1400.000	4000.000	0.8571
195	Spectrogram 1	1	52013.542468750	52013.565218750	1400.000	4000.000	0.8571
196	Waveform 1	1	53572.248968750	53572.257093750	1400.000	4000.000	1.0000
196	Spectrogram 1	1	53572.248968750	53572.257093750	1400.000	4000.000	1.0000
197	Waveform 1	1	53573.690343750	53573.698468750	1400.000	4000.000	1.0000
197	Spectrogram 1	1	53573.690343750	53573.698468750	1400.000	4000.000	1.0000
198	Waveform 1	1	53574.385843750	53574.393968750	1400.000	4000.000	1.0000
198	Spectrogram 1	1	53574.385843750	53574.393968750	1400.000	4000.000	1.0000
199	Waveform 1	1	53575.091093750	53575.100843750	1400.000	4000.000	1.0000
199	Spectrogram 1	1	53575.091093750	53575.100843750	1400.000	4000.000	1.0000
200	Waveform 1	1	53575.820718750	53575.828843750	1400.000	4000.000	1.0000
200	Spectrogram 1	1	53575.820718750	53575.828843750	1400.000	4000.000	1.0000
201	Waveform 1	1	53580.942718750	53580.950843750	1400.000	4000.000	1.0000
201	Spectrogram 1	1	53580.942718750	53580.950843750	1400.000	4000.000	1.0000
202	Waveform 1	1	53584.888218750	53584.897968750	1400.000	4000.000	1.0000
202	Spectrogram 1	1	53584.888218750	53584.897968750	1400.000	4000.000	1.0000
203	Waveform 1	1	53606.295968750	53606.305718750	1400.000	4000.000	1.0000
203	Spectrogram 1	1	53606.295968750	53606.305718750	1400.000	4000.000	1.0000
204	Waveform 1	1	53618.605343750	53618.613468750	1400.000	4000.000	1.0000
204	Spectrogram 1	1	53618.605343750	53618.613468750	1400.000	4000.000	1.0000
205	Waveform 1	1	53621.710718750	53621.720468750	1400.000	4000.000	1.0000
205	Spectrogram 1	1	53621.710718750	53621.720468750	1400.000	4000.000	1.0000
206	Waveform 1	1	53623.070843750	53623.078968750	1400.000	4000.000	1.0000
206	Spectrogram 1	1	53623.070843750	53623.078968750	1400.000	4000.000	1.0000
207	Waveform 1	1	53669.773343750	53669.784718750	1400.000	4000.000	1.0000
207	Spectrogram 1	1	53669.773343750	53669.784718750	1400.000	4000.000	1.0000
208	Waveform 1	1	53670.608593750	53670.619968750	1400.000	4000.000	1.0000
208	Spectrogram 1	1	53670.608593750	53670.619968750	1400.000	4000.000	1.0000
209	Waveform 1	1	53737.402593750	53737.410718750	1400.000	4000.000	1.0000
209	Spectrogram 1	1	53737.402593750	53737.410718750	1400.000	4000.000	1.0000
210	Waveform 1	1	54086.346968750	54086.356718750	1400.000	4000.000	1.0000
210	Spectrogram 1	1	54086.346968750	54086.356718750	1400.000	4000.000	1.0000
211	Waveform 1	1	54087.115593750	54087.126968750	1400.000	4000.000	1.0000
211	Spectrogram 1	1	54087.115593750	54087.126968750	1400.000	4000.000	1.0000
212	Waveform 1	1	54087.864718750	54087.872843750	1400.000	4000.000	1.0000
212	Spectrogram 1	1	54087.864718750	54087.872843750	1400.000	4000.000	1.0000
213	Waveform 1	1	54255.228343750	54255.239718750	1400.000	4000.000	1.0000
213	Spectrogram 1	1	54255.228343750	54255.239718750	1400.000	4000.000	1.0000
214	Waveform 1	1	54255.977468750	54255.987218750	1400.000	4000.000	1.0000
214	Spectrogram 1	1	54255.977468750	54255.987218750	1400.000	4000.000	1.0000
215	Waveform 1	1	54256.736343750	54256.749343750	1400.000	4000.000	1.0000
215	Spectrogram 1	1	54256.736343750	54256.749343750	1400.000	4000.000	1.0000
216	Waveform 1	1	54257.472468750	54257.485468750	1400.000	4000.000	1.0000
216	Spectrogram 1	1	54257.472468750	54257.485468750	1400.000	4000.000	1.0000
217	Waveform 1	1	54258.138718750	54258.151718750	1400.000	4000.000	1.0000
217	Spectrogram 1	1	54258.138718750	54258.151718750	1400.000	4000.000	1.0000
218	Waveform 1	1	54258.801718750	54258.814718750	1400.000	4000.000	1.0000
218	Spectrogram 1	1	54258.801718750	54258.814718750	1400.000	4000.000	1.0000
219	Waveform 1	1	54373.552718750	54373.560843750	1400.000	4000.000	1.0000
219	Spectrogram 1	1	54373.552718750	54373.560843750	1400.000	4000.000	1.0000
220	Waveform 1	1	54375.663593750	54375.674968750	1400.000	4000.000	1.0000
220	Spectrogram 1	1	54375.663593750	54375.674968750	1400.000	4000.000	1.0000
221	Waveform 1	1	54376.406218750	54376.415968750	1400.000	4000.000	1.0000
221	Spectrogram 1	1	54376.406218750	54376.415968750	1400.000	4000.000	1.0000
222	Waveform 1	1	54386.736343750	54386.747718750	1400.000	4000.000	1.0000
222	Spectrogram 1	1	54386.736343750	54386.747718750	1400.000	4000.000	1.0000
223	Waveform 1	1	54388.197218750	54388.206968750	1400.000	4000.000	1.0000
223	Spectrogram 1	1	54388.197218750	54388.206968750	1400.000	4000.000	1.0000
224	Waveform 1	1	54398.390843750	54398.400593750	1400.000	4000.000	1.0000
224	Spectrogram 1	1	54398.390843750	54398.400593750	1400.000	4000.000	1.0000
225	Waveform 1	1	54399.074968750	54399.083093750	1400.000	4000.000	1.0000
225	Spectrogram 1	1	54399.074968750	54399.083093750	1400.000	4000.000	1.0000
226	Waveform 1	1	54399.765593750	54399.776968750	1400.000	4000.000	1.0000
226	Spectrogram 1	1	54399.765593750	54399.776968750	1400.000	4000.000	1.0000
227	Waveform 1	1	54401.189093750	54401.198843750	1400.000	4000.000	1.0000
227	Spectrogram 1	1	54401.189093750	54401.198843750	1400.000	4000.000	1.0000
228	Waveform 1	1	54402.656468750	54402.664593750	1400.000	4000.000	1.0000
228	Spectrogram 1	1	54402.656468750	54402.664593750	1400.000	4000.000	1.0000
229	Waveform 1	1	54404.143343750	54404.151468750	1400.000	4000.000	1.0000
229	Spectrogram 1	1	54404.143343750	54404.151468750	1400.000	4000.000	1.0000
230	Waveform 1	1	54440.515718750	54440.527093750	1400.000	4000.000	1.0000
230	Spectrogram 1	1	54440.515718750	54440.527093750	1400.000	4000.000	1.0000
231	Waveform 1	1	54567.207218750	54567.216968750	1400.000	4000.000	1.0000
231	Spectrogram 1	1	54567.207218750	54567.216968750	1400.000	4000.000	1.0000
232	Waveform 1	1	54619.751593750	54619.759718750	1400.000	4000.000	1.0000
232	Spectrogram 1	1	54619.751593750	54619.759718750	1400.000	4000.000	1.0000
233	Waveform 1	1	54620.531593750	54620.539718750	1400.000	4000.000	1.0000
233	Spectrogram 1	1	54620.531593750	54620.539718750	1400.000	4000.000	1.0000
234	Waveform 1	1	54621.339218750	54621.352218750	1400.000	4000.000	1.0000
234	Spectrogram 1	1	54621.339218750	54621.352218750	1400.000	4000.000	1.0000
235	Waveform 1	1	54622.094843750	54622.109468750	1400.000	4000.000	1.0000
235	Spectrogram 1	1	54622.094843750	54622.109468750	1400.000	4000.000	1.0000
236	Waveform 1	1	54622.795218750	54622.806593750	1400.000	4000.000	1.0000
236	Spectrogram 1	1	54622.795218750	54622.806593750	1400.000	4000.000	1.0000
237	Waveform 1	1	54623.459843750	54623.467968750	1400.000	4000.000	1.0000
237	Spectrogram 1	1	54623.459843750	54623.467968750	1400.000	4000.000	1.0000
238	Waveform 1	1	54636.017843750	54636.025968750	1400.000	4000.000	1.0000
238	Spectrogram 1	1	54636.017843750	54636.025968750	1400.000	4000.000	1.0000
239	Waveform 1	1	54636.830343750	54636.838468750	1400.000	4000.000	1.0000
239	Spectrogram 1	1	54636.830343750	54636.838468750	1400.000	4000.000	1.0000
240	Waveform 1	1	54637.613593750	54637.621718750	1400.000	4000.000	1.0000
240	Spectrogram 1	1	54637.613593750	54637.621718750	1400.000	4000.000	1.0000
241	Waveform 1	1	54801.515968750	54801.524093750	1400.000	4000.000	1.0000
241	Spectrogram 1	1	54801.515968750	54801.524093750	1400.000	4000.000	1.0000
242	Waveform 1	1	54802.981718750	54802.991468750	1400.000	4000.000	1.0000
242	Spectrogram 1	1	54802.981718750	54802.991468750	1400.000	4000.000	1.0000
243	Waveform 1	1	54805.974968750	54805.983093750	1400.000	4000.000	1.0000
243	Spectrogram 1	1	54805.974968750	54805.983093750	1400.000	4000.000	1.0000
244	Waveform 1	1	54806.642843750	54806.654218750	1400.000	4000.000	1.0000
244	Spectrogram 1	1	54806.642843750	54806.654218750	1400.000	4000.000	1.0000
245	Waveform 1	1	54820.744593750	54820.752718750	1400.000	4000.000	1.0000
245	Spectrogram 1	1	54820.744593750	54820.752718750	1400.000	4000.000	1.0000
246	Waveform 1	1	54821.475843750	54821.485593750	1400.000	4000.000	1.0000
246	Spectrogram 1	1	54821.475843750	54821.485593750	1400.000	4000.000	1.0000
247	Waveform 1	1	54927.390093750	54927.398218750	1400.000	4000.000	1.0000
247	Spectrogram 1	1	54927.390093750	54927.398218750	1400.000	4000.000	1.0000
248	Waveform 1	1	55894.798093750	55894.807843750	1400.000	4000.000	1.0000
248	Spectrogram 1	1	55894.798093750	55894.807843750	1400.000	4000.000	1.0000
249	Waveform 1	1	55895.599218750	55895.608968750	1400.000	4000.000	1.0000
249	Spectrogram 1	1	55895.599218750	55895.608968750	1400.000	4000.000	1.0000
250	Waveform 1	1	55896.333718750	55896.346718750	1400.000	4000.000	1.0000
250	Spectrogram 1	1	55896.333718750	55896.346718750	1400.000	4000.000	1.0000
251	Waveform 1	1	55897.697093750	55897.706843750	1400.000	4000.000	1.0000
251	Spectrogram 1	1	55897.697093750	55897.706843750	1400.000	4000.000	1.0000
252	Waveform 1	1	56077.119843750	56077.131218750	1400.000	4000.000	1.0000
252	Spectrogram 1	1	56077.119843750	56077.131218750	1400.000	4000.000	1.0000
253	Waveform 1	1	56077.935593750	56077.945343750	1400.000	4000.000	1.0000
253	Spectrogram 1	1	56077.935593750	56077.945343750	1400.000	4000.000	1.0000
254	Waveform 1	1	56226.224968750	56226.236343750	1400.000	4000.000	1.0000
254	Spectrogram 1	1	56226.224968750	56226.236343750	1400.000	4000.000	1.0000
255	Waveform 1	1	56226.978968750	56226.993593750	1400.000	4000.000	1.0000
255	Spectrogram 1	1	56226.978968750	56226.993593750	1400.000	4000.000	1.0000
256	Waveform 1	1	56227.757343750	56227.768718750	1400.000	4000.000	1.0000
256	Spectrogram 1	1	56227.757343750	56227.768718750	1400.000	4000.000	1.0000
257	Waveform 1	1	56228.558468750	56228.568218750	1400.000	4000.000	1.0000
257	Spectrogram 1	1	56228.558468750	56228.568218750	1400.000	4000.000	1.0000
258	Waveform 1	1	56230.155843750	56230.165593750	1400.000	4000.000	1.0000
258	Spectrogram 1	1	56230.155843750	56230.165593750	1400.000	4000.000	1.0000
259	Waveform 1	1	56231.582593750	56231.593968750	1400.000	4000.000	1.0000
259	Spectrogram 1	1	56231.582593750	56231.593968750	1400.000	4000.000	1.0000
260	Waveform 1	1	56232.252093750	56232.265093750	1400.000	4000.000	1.0000
260	Spectrogram 1	1	56232.252093750	56232.265093750	1400.000	4000.000	1.0000
261	Waveform 1	1	56232.928093750	56232.939468750	1400.000	4000.000	1.0000
261	Spectrogram 1	1	56232.928093750	56232.939468750	1400.000	4000.000	1.0000
262	Waveform 1	1	56401.815968750	56401.827343750	1400.000	4000.000	1.0000
262	Spectrogram 1	1	56401.815968750	56401.827343750	1400.000	4000.000	1.0000
263	Waveform 1	1	56402.600843750	56402.615468750	1400.000	4000.000	1.0000
263	Spectrogram 1	1	56402.600843750	56402.615468750	1400.000	4000.000	1.0000
264	Waveform 1	1	56403.410093750	56403.423093750	1400.000	4000.000	1.0000
264	Spectrogram 1	1	56403.410093750	56403.423093750	1400.000	4000.000	1.0000
265	Waveform 1	1	56404.190093750	56404.201468750	1400.000	4000.000	1.0000
265	Spectrogram 1	1	56404.190093750	56404.201468750	1400.000	4000.000	1.0000
266	Waveform 1	1	56406.413093750	56406.424468750	1400.000	4000.000	1.0000
266	Spectrogram 1	1	56406.413093750	56406.424468750	1400.000	4000.000	1.0000
267	Waveform 1	1	58523.311968750	58523.320093750	1400.000	4000.000	1.0000
267	Spectrogram 1	1	58523.311968750	58523.320093750	1400.000	4000.000	1.0000
268	Waveform 1	1	58691.965843750	58691.973968750	1400.000	4000.000	1.0000
268	Spectrogram 1	1	58691.965843750	58691.973968750	1400.000	4000.000	1.0000
269	Waveform 1	1	58848.789718750	58848.799468750	1400.000	4000.000	1.0000
269	Spectrogram 1	1	58848.789718750	58848.799468750	1400.000	4000.000	1.0000
270	Waveform 1	1	58853.997843750	58854.007593750	1400.000	4000.000	1.0000
270	Spectrogram 1	1	58853.997843750	58854.007593750	1400.000	4000.000	1.0000
271	Waveform 1	1	58854.756718750	58854.764843750	1400.000	4000.000	1.0000
271	Spectrogram 1	1	58854.756718750	58854.764843750	1400.000	4000.000	1.0000
272	Waveform 1	1	58863.174218750	58863.182343750	1400.000	4000.000	1.0000
272	Spectrogram 1	1	58863.174218750	58863.182343750	1400.000	4000.000	1.0000
273	Waveform 1	1	58871.822468750	58871.832218750	1400.000	4000.000	1.0000
273	Spectrogram 1	1	58871.822468750	58871.832218750	1400.000	4000.000	1.0000
274	Waveform 1	1	58872.483843750	58872.491968750	1400.000	4000.000	1.0000
274	Spectrogram 1	1	58872.483843750	58872.491968750	1400.000	4000.000	1.0000
275	Waveform 1	1	58873.158218750	58873.171218750	1400.000	4000.000	1.0000
275	Spectrogram 1	1	58873.158218750	58873.171218750	1400.000	4000.000	1.0000
276	Waveform 1	1	58873.847218750	58873.858593750	1400.000	4000.000	1.0000
276	Spectrogram 1	1	58873.847218750	58873.858593750	1400.000	4000.000	1.0000
277	Waveform 1	1	58874.550843750	58874.560593750	1400.000	4000.000	1.0000
277	Spectrogram 1	1	58874.550843750	58874.560593750	1400.000	4000.000	1.0000
278	Waveform 1	1	58875.251218750	58875.260968750	1400.000	4000.000	1.0000
278	Spectrogram 1	1	58875.251218750	58875.260968750	1400.000	4000.000	1.0000
279	Waveform 1	1	58875.985718750	58875.998718750	1400.000	4000.000	1.0000
279	Spectrogram 1	1	58875.985718750	58875.998718750	1400.000	4000.000	1.0000
280	Waveform 1	1	58876.731593750	58876.741343750	1400.000	4000.000	1.0000
280	Spectrogram 1	1	58876.731593750	58876.741343750	1400.000	4000.000	1.0000
281	Waveform 1	1	58877.475843750	58877.488843750	1400.000	4000.000	1.0000
281	Spectrogram 1	1	58877.475843750	58877.488843750	1400.000	4000.000	1.0000
282	Waveform 1	1	58878.203843750	58878.215218750	1400.000	4000.000	1.0000
282	Spectrogram 1	1	58878.203843750	58878.215218750	1400.000	4000.000	1.0000
283	Waveform 1	1	58878.931843750	58878.941593750	1400.000	4000.000	1.0000
283	Spectrogram 1	1	58878.931843750	58878.941593750	1400.000	4000.000	1.0000
284	Waveform 1	1	58879.646843750	58879.658218750	1400.000	4000.000	1.0000
284	Spectrogram 1	1	58879.646843750	58879.658218750	1400.000	4000.000	1.0000
285	Waveform 1	1	58880.361843750	58880.374843750	1400.000	4000.000	1.0000
285	Spectrogram 1	1	58880.361843750	58880.374843750	1400.000	4000.000	1.0000
286	Waveform 1	1	58881.073593750	58881.081718750	1400.000	4000.000	1.0000
286	Spectrogram 1	1	58881.073593750	58881.081718750	1400.000	4000.000	1.0000
287	Waveform 1	1	58881.780468750	58881.788593750	1400.000	4000.000	1.0000
287	Spectrogram 1	1	58881.780468750	58881.788593750	1400.000	4000.000	1.0000
288	Waveform 1	1	58892.112218750	58892.121968750	1400.000	4000.000	1.0000
288	Spectrogram 1	1	58892.112218750	58892.121968750	1400.000	4000.000	1.0000
289	Waveform 1	1	58892.906843750	58892.918218750	1400.000	4000.000	1.0000
289	Spectrogram 1	1	58892.906843750	58892.918218750	1400.000	4000.000	1.0000
290	Waveform 1	1	58893.698218750	58893.709593750	1400.000	4000.000	1.0000
290	Spectrogram 1	1	58893.698218750	58893.709593750	1400.000	4000.000	1.0000
291	Waveform 1	1	58894.471718750	58894.483093750	1400.000	4000.000	1.0000
291	Spectrogram 1	1	58894.471718750	58894.483093750	1400.000	4000.000	1.0000
292	Waveform 1	1	58895.176968750	58895.186718750	1400.000	4000.000	1.0000
292	Spectrogram 1	1	58895.176968750	58895.186718750	1400.000	4000.000	1.0000
293	Waveform 1	1	58895.874093750	58895.882218750	1400.000	4000.000	1.0000
293	Spectrogram 1	1	58895.874093750	58895.882218750	1400.000	4000.000	1.0000
294	Waveform 1	1	58903.961718750	58903.969843750	1400.000	4000.000	1.0000
294	Spectrogram 1	1	58903.961718750	58903.969843750	1400.000	4000.000	1.0000
295	Waveform 1	1	59015.306718750	59015.314843750	1400.000	4000.000	1.0000
295	Spectrogram 1	1	59015.306718750	59015.314843750	1400.000	4000.000	1.0000
296	Waveform 1	1	59016.054218750	59016.063968750	1400.000	4000.000	1.0000
296	Spectrogram 1	1	59016.054218750	59016.063968750	1400.000	4000.000	1.0000
297	Waveform 1	1	59016.809843750	59016.821218750	1400.000	4000.000	1.0000
297	Spectrogram 1	1	59016.809843750	59016.821218750	1400.000	4000.000	1.0000
298	Waveform 1	1	59017.557343750	59017.570343750	1400.000	4000.000	1.0000
298	Spectrogram 1	1	59017.557343750	59017.570343750	1400.000	4000.000	1.0000
299	Waveform 1	1	59018.322718750	59018.335718750	1400.000	4000.000	1.0000
299	Spectrogram 1	1	59018.322718750	59018.335718750	1400.000	4000.000	1.0000
300	Waveform 1	1	59019.070218750	59019.083218750	1400.000	4000.000	1.0000
300	Spectrogram 1	1	59019.070218750	59019.083218750	1400.000	4000.000	1.0000
301	Waveform 1	1	59019.822593750	59019.832343750	1400.000	4000.000	1.0000
301	Spectrogram 1	1	59019.822593750	59019.832343750	1400.000	4000.000	1.0000
302	Waveform 1	1	59020.561968750	59020.573343750	1400.000	4000.000	1.0000
302	Spectrogram 1	1	59020.561968750	59020.573343750	1400.000	4000.000	1.0000
303	Waveform 1	1	59021.311093750	59021.320843750	1400.000	4000.000	1.0000
303	Spectrogram 1	1	59021.311093750	59021.320843750	1400.000	4000.000	1.0000
304	Waveform 1	1	59022.749218750	59022.758968750	1400.000	4000.000	1.0000
304	Spectrogram 1	1	59022.749218750	59022.758968750	1400.000	4000.000	1.0000
305	Waveform 1	1	59024.042718750	59024.057343750	1400.000	4000.000	1.0000
305	Spectrogram 1	1	59024.042718750	59024.057343750	1400.000	4000.000	1.0000
306	Waveform 1	1	59024.723593750	59024.734968750	1400.000	4000.000	1.0000
306	Spectrogram 1	1	59024.723593750	59024.734968750	1400.000	4000.000	1.0000
307	Waveform 1	1	59025.409343750	59025.422343750	1400.000	4000.000	1.0000
307	Spectrogram 1	1	59025.409343750	59025.422343750	1400.000	4000.000	1.0000
308	Waveform 1	1	59026.109718750	59026.119468750	1400.000	4000.000	1.0000
308	Spectrogram 1	1	59026.109718750	59026.119468750	1400.000	4000.000	1.0000
309	Waveform 1	1	59026.793843750	59026.805218750	1400.000	4000.000	1.0000
309	Spectrogram 1	1	59026.793843750	59026.805218750	1400.000	4000.000	1.0000
310	Waveform 1	1	59030.219343750	59030.227468750	1400.000	4000.000	1.0000
310	Spectrogram 1	1	59030.219343750	59030.227468750	1400.000	4000.000	1.0000
311	Waveform 1	1	59030.870968750	59030.879093750	1400.000	4000.000	1.0000
311	Spectrogram 1	1	59030.870968750	59030.879093750	1400.000	4000.000	1.0000
312	Waveform 1	1	59031.522593750	59031.533968750	1400.000	4000.000	1.0000
312	Spectrogram 1	1	59031.522593750	59031.533968750	1400.000	4000.000	1.0000
313	Waveform 1	1	59032.175843750	59032.187218750	1400.000	4000.000	1.0000
313	Spectrogram 1	1	59032.175843750	59032.187218750	1400.000	4000.000	1.0000
314	Waveform 1	1	59032.822593750	59032.835593750	1400.000	4000.000	1.0000
314	Spectrogram 1	1	59032.822593750	59032.835593750	1400.000	4000.000	1.0000
315	Waveform 1	1	59033.498593750	59033.508343750	1400.000	4000.000	1.0000
315	Spectrogram 1	1	59033.498593750	59033.508343750	1400.000	4000.000	1.0000
316	Waveform 1	1	59034.192468750	59034.205468750	1400.000	4000.000	1.0000
316	Spectrogram 1	1	59034.192468750	59034.205468750	1400.000	4000.000	1.0000
317	Waveform 1	1	59034.870093750	59034.883093750	1400.000	4000.000	1.0000
317	Spectrogram 1	1	59034.870093750	59034.883093750	1400.000	4000.000	1.0000
318	Waveform 1	1	59035.557468750	59035.568843750	1400.000	4000.000	1.0000
318	Spectrogram 1	1	59035.557468750	59035.568843750	1400.000	4000.000	1.0000
319	Waveform 1	1	59036.254593750	59036.262718750	1400.000	4000.000	1.0000
319	Spectrogram 1	1	59036.254593750	59036.262718750	1400.000	4000.000	1.0000
320	Waveform 1	1	59036.946843750	59036.956593750	1400.000	4000.000	1.0000
320	Spectrogram 1	1	59036.946843750	59036.956593750	1400.000	4000.000	1.0000
321	Waveform 1	1	59037.642343750	59037.655343750	1400.000	4000.000	1.0000
321	Spectrogram 1	1	59037.642343750	59037.655343750	1400.000	4000.000	1.0000
322	Waveform 1	1	59038.336218750	59038.345968750	1400.000	4000.000	1.0000
322	Spectrogram 1	1	59038.336218750	59038.345968750	1400.000	4000.000	1.0000
323	Waveform 1	1	59039.031718750	59039.043093750	1400.000	4000.000	1.0000
323	Spectrogram 1	1	59039.031718750	59039.043093750	1400.000	4000.000	1.0000
324	Waveform 1	1	59039.730468750	59039.738593750	1400.000	4000.000	1.0000
324	Spectrogram 1	1	59039.730468750	59039.738593750	1400.000	4000.000	1.0000
325	Waveform 1	1	59040.427593750	59040.435718750	1400.000	4000.000	1.0000
325	Spectrogram 1	1	59040.427593750	59040.435718750	1400.000	4000.000	1.0000
326	Waveform 1	1	59044.680218750	59044.689968750	1400.000	4000.000	1.0000
326	Spectrogram 1	1	59044.680218750	59044.689968750	1400.000	4000.000	1.0000
327	Waveform 1	1	59045.401718750	59045.411468750	1400.000	4000.000	1.0000
327	Spectrogram 1	1	59045.401718750	59045.411468750	1400.000	4000.000	1.0000
328	Waveform 1	1	59046.145968750	59046.154093750	1400.000	4000.000	1.0000
328	Spectrogram 1	1	59046.145968750	59046.154093750	1400.000	4000.000	1.0000
329	Waveform 1	1	59051.217593750	59051.225718750	1400.000	4000.000	1.0000
329	Spectrogram 1	1	59051.217593750	59051.225718750	1400.000	4000.000	1.0000
330	Waveform 1	1	59076.717093750	59076.726843750	1400.000	4000.000	1.0000
330	Spectrogram 1	1	59076.717093750	59076.726843750	1400.000	4000.000	1.0000
331	Waveform 1	1	59077.373593750	59077.383343750	1400.000	4000.000	1.0000
331	Spectrogram 1	1	59077.373593750	59077.383343750	1400.000	4000.000	1.0000
332	Waveform 1	1	59077.991093750	59078.000843750	1400.000	4000.000	1.0000
332	Spectrogram 1	1	59077.991093750	59078.000843750	1400.000	4000.000	1.0000
333	Waveform 1	1	59221.610218750	59221.618343750	1400.000	4000.000	1.0000
333	Spectrogram 1	1	59221.610218750	59221.618343750	1400.000	4000.000	1.0000
334	Waveform 1	1	59222.391843750	59222.401593750	1400.000	4000.000	1.0000
334	Spectrogram 1	1	59222.391843750	59222.401593750	1400.000	4000.000	1.0000
335	Waveform 1	1	59223.176718750	59223.188093750	1400.000	4000.000	1.0000
335	Spectrogram 1	1	59223.176718750	59223.188093750	1400.000	4000.000	1.0000
336	Waveform 1	1	59223.942093750	59223.951843750	1400.000	4000.000	1.0000
336	Spectrogram 1	1	59223.942093750	59223.951843750	1400.000	4000.000	1.0000
337	Waveform 1	1	59224.731843750	59224.741593750	1400.000	4000.000	1.0000
337	Spectrogram 1	1	59224.731843750	59224.741593750	1400.000	4000.000	1.0000
338	Waveform 1	1	59230.468093750	59230.476218750	1400.000	4000.000	1.0000
338	Spectrogram 1	1	59230.468093750	59230.476218750	1400.000	4000.000	1.0000
339	Waveform 1	1	59878.825218750	59878.834968750	1400.000	4000.000	1.0000
339	Spectrogram 1	1	59878.825218750	59878.834968750	1400.000	4000.000	1.0000
340	Waveform 1	1	59880.095968750	59880.104093750	1400.000	4000.000	1.0000
340	Spectrogram 1	1	59880.095968750	59880.104093750	1400.000	4000.000	1.0000
341	Waveform 1	1	59880.729718750	59880.741093750	1400.000	4000.000	1.0000
341	Spectrogram 1	1	59880.729718750	59880.741093750	1400.000	4000.000	1.0000
342	Waveform 1	1	59890.916843750	59890.929843750	1400.000	4000.000	1.0000
342	Spectrogram 1	1	59890.916843750	59890.929843750	1400.000	4000.000	1.0000
343	Waveform 1	1	59891.547343750	59891.558718750	1400.000	4000.000	1.0000
343	Spectrogram 1	1	59891.547343750	59891.558718750	1400.000	4000.000	1.0000
344	Waveform 1	1	59892.181093750	59892.192468750	1400.000	4000.000	1.0000
344	Spectrogram 1	1	59892.181093750	59892.192468750	1400.000	4000.000	1.0000
345	Waveform 1	1	59892.834343750	59892.845718750	1400.000	4000.000	1.0000
345	Spectrogram 1	1	59892.834343750	59892.845718750	1400.000	4000.000	1.0000
346	Waveform 1	1	59893.510343750	59893.518468750	1400.000	4000.000	1.0000
346	Spectrogram 1	1	59893.510343750	59893.518468750	1400.000	4000.000	1.0000
347	Waveform 1	1	59894.170093750	59894.181468750	1400.000	4000.000	1.0000
347	Spectrogram 1	1	59894.170093750	59894.181468750	1400.000	4000.000	1.0000
348	Waveform 1	1	59894.824968750	59894.836343750	1400.000	4000.000	1.0000
348	Spectrogram 1	1	59894.824968750	59894.836343750	1400.000	4000.000	1.0000
