Selection	View	Channel	Begin Time (s)	End Time (s)	Low Freq (Hz)	High Freq (Hz)	Occupancy
1	Waveform 1	1	1370.485718750	1370.508468750	1400.000	4000.000	1.0000
1	Spectrogram 1	1	1370.485718750	1370.508468750	1400.000	4000.000	1.0000
2	Waveform 1	1	1541.159468750	1541.180593750	1400.000	4000.000	1.0000
2	Spectrogram 1	1	1541.159468750	1541.180593750	1400.000	4000.000	1.0000
3	Waveform 1	1	1541.331718750	1541.362593750	1400.000	4000.000	1.0000
3	Spectrogram 1	1	1541.331718750	1541.362593750	1400.000	4000.000	1.0000
4	Waveform 1	1	1567.456843750	1567.481218750	1400.000	4000.000	1.0000
4	Spectrogram 1	1	1567.456843750	1567.481218750	1400.000	4000.000	1.0000
5	Waveform 1	1	1567.616093750	1567.643718750	1400.000	4000.000	1.0000
5	Spectrogram 1	1	1567.616093750	1567.643718750	1400.000	4000.000	1.0000
6	Waveform 1	1	1581.118218750	1581.137718750	1400.000	4000.000	1.0000
6	Spectrogram 1	1	1581.118218750	1581.137718750	1400.000	4000.000	1.0000
7	Waveform 1	1	3461.755093750	3461.764843750	1400.000	4000.000	1.0000
7	Spectrogram 1	1	3461.755093750	3461.764843750	1400.000	4000.000	1.0000
8	Waveform 1	1	3808.343218750	3808.364343750	1400.000	4000.000	1.0000
8	Spectrogram 1	1	3808.343218750	3808.364343750	1400.000	4000.000	1.0000
9	Waveform 1	1	3808.778718750	3808.786843750	1400.000	4000.000	1.0000
9	Spectrogram 1	1	3808.778718750	3808.786843750	1400.000	4000.000	1.0000
10	Waveform 1	1	6988.247218750	6988.255343750	1400.000	4000.000	1.0000
10	Spectrogram 1	1	6988.247218750	6988.255343750	1400.000	4000.000	1.0000
11	Waveform 1	1	7572.398968750	7572.408718750	1400.000	4000.000	1.0000
11	Spectrogram 1	1	7572.398968750	7572.408718750	1400.000	4000.000	1.0000
12	Waveform 1	1	7653.827718750	7653.848843750	1400.000	4000.000	1.0000
12	Spectrogram 1	1	7653.827718750	7653.848843750	1400.000	4000.000	1.0000
13	Waveform 1	1	7653.881343750	7653.891093750	1400.000	4000.000	1.0000
13	Spectrogram 1	1	7653.881343750	7653.891093750	1400.000	4000.000	1.0000
14	Waveform 1	1	7665.823468750	7665.833218750	1400.000	4000.000	1.0000
14	Spectrogram 1	1	7665.823468750	7665.833218750	1400.000	4000.000	1.0000
15	Waveform 1	1	8380.046718750	8380.056468750	1400.000	4000.000	1.0000
15	Spectrogram 1	1	8380.046718750	8380.056468750	1400.000	4000.000	1.0000
16	Waveform 1	1	8990.102593750	8990.117218750	1400.000	4000.000	1.0000
16	Spectrogram 1	1	8990.102593750	8990.117218750	1400.000	4000.000	1.0000
17	Waveform 1	1	8996.360468750	8996.371843750	1400.000	4000.000	1.0000
17	Spectrogram 1	1	8996.360468750	8996.371843750	1400.000	4000.000	1.0000
18	Waveform 1	1	9013.325468750	9013.338468750	1400.000	4000.000	1.0000
18	Spectrogram 1	1	9013.325468750	9013.338468750	1400.000	4000.000	1.0000
19	Waveform 1	1	9022.453093750	9022.466093750	1400.000	4000.000	1.0000
19	Spectrogram 1	1	9022.453093750	9022.466093750	1400.000	4000.000	1.0000
20	Waveform 1	1	9094.019718750	9094.032718750	1400.000	4000.000	1.0000
20	Spectrogram 1	1	9094.019718750	9094.032718750	1400.000	4000.000	1.0000
21	Waveform 1	1	9318.952218750	9318.966843750	1400.000	4000.000	1.0000
21	Spectrogram 1	1	9318.952218750	9318.966843750	1400.000	4000.000	1.0000
22	Waveform 1	1	9323.802843750	9323.823968750	1400.000	4000.000	1.0000
22	Spectrogram 1	1	9323.802843750	9323.823968750	1400.000	4000.000	1.0000
23	Waveform 1	1	9763.706593750	9763.727718750	1400.000	4000.000	1.0000
23	Spectrogram 1	1	9763.706593750	9763.727718750	1400.000	4000.000	1.0000
24	Waveform 1	1	9786.401343750	9786.415968750	1400.000	4000.000	1.0000
24	Spectrogram 1	1	9786.401343750	9786.415968750	1400.000	4000.000	1.0000
25	Waveform 1	1	9832.361218750	9832.369343750	1400.000	4000.000	1.0000
25	Spectrogram 1	1	9832.361218750	9832.369343750	1400.000	4000.000	1.0000
26	Waveform 1	1	9847.866968750	9847.875093750	1400.000	4000.000	1.0000
26	Spectrogram 1	1	9847.866968750	9847.875093750	1400.000	4000.000	1.0000
27	Waveform 1	1	9883.020593750	9883.033593750	1400.000	4000.000	1.0000
27	Spectrogram 1	1	9883.020593750	9883.033593750	1400.000	4000.000	1.0000
28	Waveform 1	1	10045.609968750	10045.621343750	1400.000	4000.000	1.0000
28	Spectrogram 1	1	10045.609968750	10045.621343750	1400.000	4000.000	1.0000
29	Waveform 1	1	10055.668718750	10055.676843750	1400.000	4000.000	1.0000
29	Spectrogram 1	1	10055.668718750	10055.676843750	1400.000	4000.000	1.0000
30	Waveform 1	1	10183.611468750	10183.627718750	1400.000	4000.000	1.0000
30	Spectrogram 1	1	10183.611468750	10183.627718750	1400.000	4000.000	1.0000
31	Waveform 1	1	10230.664968750	10230.681218750	1400.000	4000.000	1.0000
31	Spectrogram 1	1	10230.664968750	10230.681218750	1400.000	4000.000	1.0000
32	Waveform 1	1	10256.560968750	10256.575593750	1400.000	4000.000	1.0000
32	Spectrogram 1	1	10256.560968750	10256.575593750	1400.000	4000.000	1.0000
33	Waveform 1	1	10373.148218750	10373.156343750	1400.000	4000.000	1.0000
33	Spectrogram 1	1	10373.148218750	10373.156343750	1400.000	4000.000	1.0000
34	Waveform 1	1	10618.404593750	10618.424093750	1400.000	4000.000	1.0000
34	Spectrogram 1	1	10618.404593750	10618.424093750	1400.000	4000.000	1.0000
35	Waveform 1	1	10779.962093750	10779.973468750	1400.000	4000.000	1.0000
35	Spectrogram 1	1	10779.962093750	10779.973468750	1400.000	4000.000	1.0000
36	Waveform 1	1	10815.629218750	10815.637343750	1400.000	4000.000	1.0000
36	Spectrogram 1	1	10815.629218750	10815.637343750	1400.000	4000.000	1.0000
37	Waveform 1	1	11071.347343750	11071.357093750	1400.000	4000.000	1.0000
37	Spectrogram 1	1	11071.347343750	11071.357093750	1400.000	4000.000	1.0000
38	Waveform 1	1	11875.730468750	11875.746718750	1400.000	4000.000	1.0000
38	Spectrogram 1	1	11875.730468750	11875.746718750	1400.000	4000.000	1.0000
39	Waveform 1	1	16573.865468750	16573.883343750	1400.000	4000.000	1.0000
39	Spectrogram 1	1	16573.865468750	16573.883343750	1400.000	4000.000	1.0000
40	Waveform 1	1	21090.642343750	21090.650468750	1400.000	4000.000	1.0000
40	Spectrogram 1	1	21090.642343750	21090.650468750	1400.000	4000.000	1.0000
41	Waveform 1	1	21104.212718750	21104.220843750	1400.000	4000.000	1.0000
41	Spectrogram 1	1	21104.212718750	21104.220843750	1400.000	4000.000	1.0000
42	Waveform 1	1	21403.094093750	21403.102218750	1400.000	4000.000	1.0000
42	Spectrogram 1	1	21403.094093750	21403.102218750	1400.000	4000.000	1.0000
43	Waveform 1	1	21404.593968750	21404.602093750	1400.000	4000.000	1.0000
43	Spectrogram 1	1	21404.593968750	21404.602093750	1400.000	4000.000	1.0000
44	Waveform 1	1	21405.360968750	21405.372343750	1400.000	4000.000	1.0000
44	Spectrogram 1	1	21405.360968750	21405.372343750	1400.000	4000.000	1.0000
45	Waveform 1	1	21406.072718750	21406.082468750	1400.000	4000.000	1.0000
45	Spectrogram 1	1	21406.072718750	21406.082468750	1400.000	4000.000	1.0000
46	Waveform 1	1	21410.122218750	21410.130343750	1400.000	4000.000	1.0000
46	Spectrogram 1	1	21410.122218750	21410.130343750	1400.000	4000.000	1.0000
47	Waveform 1	1	21410.866468750	21410.879468750	1400.000	4000.000	1.0000
47	Spectrogram 1	1	21410.866468750	21410.879468750	1400.000	4000.000	1.0000
48	Waveform 1	1	21411.717968750	21411.729343750	1400.000	4000.000	1.0000
48	Spectrogram 1	1	21411.717968750	21411.729343750	1400.000	4000.000	1.0000
49	Waveform 1	1	21412.527218750	21412.538593750	1400.000	4000.000	1.0000
49	Spectrogram 1	1	21412.527218750	21412.538593750	1400.000	4000.000	1.0000
50	Waveform 1	1	21413.199968750	21413.211343750	1400.000	4000.000	1.0000
50	Spectrogram 1	1	21413.199968750	21413.211343750	1400.000	4000.000	1.0000
51	Waveform 1	1	22784.701593750	22784.724343750	1400.000	4000.000	1.0000
51	Spectrogram 1	1	22784.701593750	22784.724343750	1400.000	4000.000	1.0000
52	Waveform 1	1	23683.250218750	23683.261593750	1400.000	4000.000	1.0000
52	Spectrogram 1	1	23683.250218750	23683.261593750	1400.000	4000.000	1.0000
53	Waveform 1	1	23684.412093750	23684.423468750	1400.000	4000.000	1.0000
53	Spectrogram 1	1	23684.412093750	23684.423468750	1400.000	4000.000	1.0000
54	Waveform 1	1	23685.001968750	23685.011718750	1400.000	4000.000	1.0000
54	Spectrogram 1	1	23685.001968750	23685.011718750	1400.000	4000.000	1.0000
55	Waveform 1	1	23685.598343750	23685.611343750	1400.000	4000.000	1.0000
55	Spectrogram 1	1	23685.598343750	23685.611343750	1400.000	4000.000	1.0000
56	Waveform 1	1	23686.188218750	23686.201218750	1400.000	4000.000	1.0000
56	Spectrogram 1	1	23686.188218750	23686.201218750	1400.000	4000.000	1.0000
57	Waveform 1	1	23686.792718750	23686.805718750	1400.000	4000.000	1.0000
57	Spectrogram 1	1	23686.792718750	23686.805718750	1400.000	4000.000	1.0000
58	Waveform 1	1	23688.040718750	23688.048843750	1400.000	4000.000	1.0000
58	Spectrogram 1	1	23688.040718750	23688.048843750	1400.000	4000.000	1.0000
59	Waveform 1	1	23689.395968750	23689.404093750	1400.000	4000.000	1.0000
59	Spectrogram 1	1	23689.395968750	23689.404093750	1400.000	4000.000	1.0000
60	Waveform 1	1	23690.115843750	23690.123968750	1400.000	4000.000	1.0000
60	Spectrogram 1	1	23690.115843750	23690.123968750	1400.000	4000.000	1.0000
61	Waveform 1	1	23691.544218750	23691.555593750	1400.000	4000.000	1.0000
61	Spectrogram 1	1	23691.544218750	23691.555593750	1400.000	4000.000	1.0000
62	Waveform 1	1	23692.811718750	23692.823093750	1400.000	4000.000	1.0000
62	Spectrogram 1	1	23692.811718750	23692.823093750	1400.000	4000.000	1.0000
63	Waveform 1	1	23693.442218750	23693.453593750	1400.000	4000.000	1.0000
63	Spectrogram 1	1	23693.442218750	23693.453593750	1400.000	4000.000	1.0000
64	Waveform 1	1	23694.075968750	23694.085718750	1400.000	4000.000	1.0000
64	Spectrogram 1	1	23694.075968750	23694.085718750	1400.000	4000.000	1.0000
65	Waveform 1	1	23694.703218750	23694.716218750	1400.000	4000.000	1.0000
65	Spectrogram 1	1	23694.703218750	23694.716218750	1400.000	4000.000	1.0000
66	Waveform 1	1	23695.338593750	23695.346718750	1400.000	4000.000	1.0000
66	Spectrogram 1	1	23695.338593750	23695.346718750	1400.000	4000.000	1.0000
67	Waveform 1	1	23695.990218750	23695.999968750	1400.000	4000.000	1.0000
67	Spectrogram 1	1	23695.990218750	23695.999968750	1400.000	4000.000	1.0000
68	Waveform 1	1	23696.649968750	23696.661343750	1400.000	4000.000	1.0000
68	Spectrogram 1	1	23696.649968750	23696.661343750	1400.000	4000.000	1.0000
69	Waveform 1	1	23697.296718750	23697.309718750	1400.000	4000.000	1.0000
69	Spectrogram 1	1	23697.296718750	23697.309718750	1400.000	4000.000	1.0000
70	Waveform 1	1	23697.930468750	23697.940218750	1400.000	4000.000	1.0000
70	Spectrogram 1	1	23697.930468750	23697.940218750	1400.000	4000.000	1.0000
71	Waveform 1	1	23699.280843750	23699.290593750	1400.000	4000.000	1.0000
71	Spectrogram 1	1	23699.280843750	23699.290593750	1400.000	4000.000	1.0000
72	Waveform 1	1	23738.921093750	23738.930843750	1400.000	4000.000	1.0000
72	Spectrogram 1	1	23738.921093750	23738.930843750	1400.000	4000.000	1.0000
73	Waveform 1	1	23857.781718750	23857.789843750	1400.000	4000.000	1.0000
73	Spectrogram 1	1	23857.781718750	23857.789843750	1400.000	4000.000	1.0000
74	Waveform 1	1	23908.480093750	23908.489843750	1400.000	4000.000	1.0000
74	Spectrogram 1	1	23908.480093750	23908.489843750	1400.000	4000.000	1.0000
75	Waveform 1	1	24501.281718750	24501.294718750	1400.000	4000.000	1.0000
75	Spectrogram 1	1	24501.281718750	24501.294718750	1400.000	4000.000	1.0000
76	Waveform 1	1	24502.427343750	24502.440343750	1400.000	4000.000	1.0000
76	Spectrogram 1	1	24502.427343750	24502.440343750	1400.000	4000.000	1.0000
77	Waveform 1	1	24503.189468750	24503.199218750	1400.000	4000.000	1.0000
77	Spectrogram 1	1	24503.189468750	24503.199218750	1400.000	4000.000	1.0000
78	Waveform 1	1	24506.519093750	24506.528843750	1400.000	4000.000	1.0000
78	Spectrogram 1	1	24506.519093750	24506.528843750	1400.000	4000.000	1.0000
79	Waveform 1	1	24528.716593750	24528.727968750	1400.000	4000.000	1.0000
79	Spectrogram 1	1	24528.716593750	24528.727968750	1400.000	4000.000	1.0000
80	Waveform 1	1	24534.002718750	24534.012468750	1400.000	4000.000	1.0000
80	Spectrogram 1	1	24534.002718750	24534.012468750	1400.000	4000.000	1.0000
81	Waveform 1	1	24555.473843750	24555.486843750	1400.000	4000.000	1.0000
81	Spectrogram 1	1	24555.473843750	24555.486843750	1400.000	4000.000	1.0000
82	Waveform 1	1	24946.497593750	24946.512218750	1400.000	4000.000	1.0000
82	Spectrogram 1	1	24946.497593750	24946.512218750	1400.000	4000.000	1.0000
83	Waveform 1	1	27210.161593750	27210.171343750	1400.000	4000.000	1.0000
83	Spectrogram 1	1	27210.161593750	27210.171343750	1400.000	4000.000	1.0000
84	Waveform 1	1	27843.692218750	27843.700343750	1400.000	4000.000	1.0000
84	Spectrogram 1	1	27843.692218750	27843.700343750	1400.000	4000.000	1.0000
85	Waveform 1	1	28028.493718750	28028.501843750	1400.000	4000.000	1.0000
85	Spectrogram 1	1	28028.493718750	28028.501843750	1400.000	4000.000	1.0000
86	Waveform 1	1	28030.396593750	28030.407968750	1400.000	4000.000	1.0000
86	Spectrogram 1	1	28030.396593750	28030.407968750	1400.000	4000.000	1.0000
87	Waveform 1	1	28032.616343750	28032.626093750	1400.000	4000.000	1.0000
87	Spectrogram 1	1	28032.616343750	28032.626093750	1400.000	4000.000	1.0000
88	Waveform 1	1	28033.318343750	28033.326468750	1400.000	4000.000	1.0000
88	Spectrogram 1	1	28033.318343750	28033.326468750	1400.000	4000.000	1.0000
89	Waveform 1	1	30934.791593750	30934.799718750	1400.000	4000.000	1.0000
89	Spectrogram 1	1	30934.791593750	30934.799718750	1400.000	4000.000	1.0000
90	Waveform 1	1	33933.685218750	33933.693343750	1400.000	4000.000	1.0000
90	Spectrogram 1	1	33933.685218750	33933.693343750	1400.000	4000.000	1.0000
91	Waveform 1	1	33939.024968750	33939.034718750	1400.000	4000.000	1.0000
91	Spectrogram 1	1	33939.024968750	33939.034718750	1400.000	4000.000	1.0000
92	Waveform 1	1	33963.198468750	33963.208218750	1400.000	4000.000	1.0000
92	Spectrogram 1	1	33963.198468750	33963.208218750	1400.000	4000.000	1.0000
93	Waveform 1	1	35681.140343750	35681.154968750	1400.000	4000.000	1.0000
93	Spectrogram 1	1	35681.140343750	35681.154968750	1400.000	4000.000	1.0000
94	Waveform 1	1	35681.486468750	35681.507593750	1400.000	4000.000	1.0000
94	Spectrogram 1	1	35681.486468750	35681.507593750	1400.000	4000.000	1.0000
95	Waveform 1	1	36153.287343750	36153.303593750	1400.000	4000.000	1.0000
95	Spectrogram 1	1	36153.287343750	36153.303593750	1400.000	4000.000	1.0000
96	Waveform 1	1	36313.993343750	36314.006343750	1400.000	4000.000	1.0000
96	Spectrogram 1	1	36313.993343750	36314.006343750	1400.000	4000.000	1.0000
97	Waveform 1	1	38678.694968750	38678.703093750	1400.000	4000.000	1.0000
97	Spectrogram 1	1	38678.694968750	38678.703093750	1400.000	4000.000	1.0000
98	Waveform 1	1	38703.154468750	38703.162593750	1400.000	4000.000	1.0000
98	Spectrogram 1	1	38703.154468750	38703.162593750	1400.000	4000.000	1.0000
99	Waveform 1	1	39583.030218750	39583.048093750	1400.000	4000.000	1.0000
99	Spectrogram 1	1	39583.030218750	39583.048093750	1400.000	4000.000	1.0000
100	Waveform 1	1	39592.552718750	39592.562468750	1400.000	4000.000	1.0000
100	Spectrogram 1	1	39592.552718750	39592.562468750	1400.000	4000.000	1.0000
101	Waveform 1	1	39685.964218750	39685.986968750	1400.000	4000.000	1.0000
101	Spectrogram 1	1	39685.964218750	39685.986968750	1400.000	4000.000	1.0000
102	Waveform 1	1	39743.690718750	39743.713468750	1400.000	4000.000	1.0000
102	Spectrogram 1	1	39743.690718750	39743.713468750	1400.000	4000.000	1.0000
103	Waveform 1	1	40134.807093750	40134.815218750	1400.000	4000.000	1.0000
103	Spectrogram 1	1	40134.807093750	40134.815218750	1400.000	4000.000	1.0000
104	Waveform 1	1	40544.680843750	40544.692218750	1400.000	4000.000	1.0000
104	Spectrogram 1	1	40544.680843750	40544.692218750	1400.000	4000.000	1.0000
105	Waveform 1	1	40626.467093750	40626.480093750	1400.000	4000.000	1.0000
105	Spectrogram 1	1	40626.467093750	40626.480093750	1400.000	4000.000	1.0000
106	Waveform 1	1	49527.658093750	49527.690593750	1400.000	4000.000	1.0000
106	Spectrogram 1	1	49527.658093750	49527.690593750	1400.000	4000.000	1.0000
107	Waveform 1	1	49620.557718750	49620.577218750	1400.000	4000.000	1.0000
107	Spectrogram 1	1	49620.557718750	49620.577218750	1400.000	4000.000	1.0000
108	Waveform 1	1	49620.637343750	49620.651968750	1400.000	4000.000	1.0000
108	Spectrogram 1	1	49620.637343750	49620.651968750	1400.000	4000.000	1.0000
109	Waveform 1	1	49768.232843750	49768.247468750	1400.000	4000.000	1.0000
109	Spectrogram 1	1	49768.232843750	49768.247468750	1400.000	4000.000	1.0000
110	Waveform 1	1	49772.597593750	49772.607343750	1400.000	4000.000	1.0000
110	Spectrogram 1	1	49772.597593750	49772.607343750	1400.000	4000.000	1.0000
111	Waveform 1	1	50208.261718750	50208.271468750	1400.000	4000.000	1.0000
111	Spectrogram 1	1	50208.261718750	50208.271468750	1400.000	4000.000	1.0000
112	Waveform 1	1	50365.932218750	50365.940343750	1400.000	4000.000	1.0000
112	Spectrogram 1	1	50365.932218750	50365.940343750	1400.000	4000.000	1.0000
113	Waveform 1	1	50404.529218750	50404.543843750	1400.000	4000.000	1.0000
113	Spectrogram 1	1	50404.529218750	50404.543843750	1400.000	4000.000	1.0000
114	Waveform 1	1	50431.835718750	50431.850343750	1400.000	4000.000	1.0000
114	Spectrogram 1	1	50431.835718750	50431.850343750	1400.000	4000.000	1.0000
115	Waveform 1	1	50436.644093750	50436.665218750	1400.000	4000.000	1.0000
115	Spectrogram 1	1	50436.644093750	50436.665218750	1400.000	4000.000	1.0000
116	Waveform 1	1	54119.734218750	54119.742343750	1400.000	4000.000	1.0000
116	Spectrogram 1	1	54119.734218750	54119.742343750	1400.000	4000.000	1.0000
117	Waveform 1	1	54388.782218750	54388.790343750	1400.000	4000.000	1.0000
117	Spectrogram 1	1	54388.782218750	54388.790343750	1400.000	4000.000	1.0000
118	Waveform 1	1	54399.169218750	54399.178968750	1400.000	4000.000	1.0000
118	Spectrogram 1	1	54399.169218750	54399.178968750	1400.000	4000.000	1.0000
119	Waveform 1	1	55032.223718750	55032.244843750	1400.000	4000.000	1.0000
119	Spectrogram 1	1	55032.223718750	55032.244843750	1400.000	4000.000	1.0000
120	Waveform 1	1	55038.530343750	55038.549843750	1400.000	4000.000	1.0000
120	Spectrogram 1	1	55038.530343750	55038.549843750	1400.000	4000.000	1.0000
121	Waveform 1	1	55042.154093750	55042.170343750	1400.000	4000.000	1.0000
121	Spectrogram 1	1	55042.154093750	55042.170343750	1400.000	4000.000	1.0000
122	Waveform 1	1	55111.613093750	55111.629343750	1400.000	4000.000	1.0000
122	Spectrogram 1	1	55111.613093750	55111.629343750	1400.000	4000.000	1.0000
123	Waveform 1	1	55111.986843750	55112.011218750	1400.000	4000.000	1.0000
123	Spectrogram 1	1	55111.986843750	55112.011218750	1400.000	4000.000	1.0000
124	Waveform 1	1	55922.208593750	55922.228093750	1400.000	4000.000	1.0000
124	Spectrogram 1	1	55922.208593750	55922.228093750	1400.000	4000.000	1.0000
125	Waveform 1	1	56014.989593750	56015.004218750	1400.000	4000.000	1.0000
125	Spectrogram 1	1	56014.989593750	56015.004218750	1400.000	4000.000	1.0000
126	Waveform 1	1	56015.161843750	56015.179718750	1400.000	4000.000	1.0000
126	Spectrogram 1	1	56015.161843750	56015.179718750	1400.000	4000.000	1.0000
127	Waveform 1	1	61882.438843750	61882.450218750	1400.000	4000.000	1.0000
127	Spectrogram 1	1	61882.438843750	61882.450218750	1400.000	4000.000	1.0000
128	Waveform 1	1	61883.096968750	61883.116468750	1400.000	4000.000	1.0000
128	Spectrogram 1	1	61883.096968750	61883.116468750	1400.000	4000.000	1.0000
129	Waveform 1	1	61916.997718750	61917.015593750	1400.000	4000.000	1.0000
129	Spectrogram 1	1	61916.997718750	61917.015593750	1400.000	4000.000	1.0000
130	Waveform 1	1	61926.170843750	61926.180593750	1400.000	4000.000	1.0000
130	Spectrogram 1	1	61926.170843750	61926.180593750	1400.000	4000.000	1.0000
131	Waveform 1	1	61931.928218750	61931.936343750	1400.000	4000.000	1.0000
131	Spectrogram 1	1	61931.928218750	61931.936343750	1400.000	4000.000	1.0000
132	Waveform 1	1	62108.031093750	62108.044093750	1400.000	4000.000	1.0000
132	Spectrogram 1	1	62108.031093750	62108.044093750	1400.000	4000.000	1.0000
133	Waveform 1	1	62108.942718750	62108.955718750	1400.000	4000.000	1.0000
133	Spectrogram 1	1	62108.942718750	62108.955718750	1400.000	4000.000	1.0000
134	Waveform 1	1	62109.215718750	62109.225468750	1400.000	4000.000	1.0000
134	Spectrogram 1	1	62109.215718750	62109.225468750	1400.000	4000.000	1.0000
135	Waveform 1	1	62616.027218750	62616.038593750	1400.000	4000.000	1.0000
135	Spectrogram 1	1	62616.027218750	62616.038593750	1400.000	4000.000	1.0000
136	Waveform 1	1	62737.604843750	62737.622718750	1400.000	4000.000	1.0000
136	Spectrogram 1	1	62737.604843750	62737.622718750	1400.000	4000.000	1.0000
137	Waveform 1	1	62782.948843750	62782.956968750	1400.000	4000.000	1.0000
137	Spectrogram 1	1	62782.948843750	62782.956968750	1400.000	4000.000	1.0000
138	Waveform 1	1	62786.198843750	62786.211843750	1400.000	4000.000	1.0000
138	Spectrogram 1	1	62786.198843750	62786.211843750	1400.000	4000.000	1.0000
139	Waveform 1	1	62806.431718750	62806.443093750	1400.000	4000.000	1.0000
139	Spectrogram 1	1	62806.431718750	62806.443093750	1400.000	4000.000	1.0000
140	Waveform 1	1	64402.152468750	64402.170343750	1400.000	4000.000	1.0000
140	Spectrogram 1	1	64402.152468750	64402.170343750	1400.000	4000.000	1.0000
141	Waveform 1	1	64402.383218750	64402.391343750	1400.000	4000.000	1.0000
141	Spectrogram 1	1	64402.383218750	64402.391343750	1400.000	4000.000	1.0000
142	Waveform 1	1	64558.154093750	64558.168718750	1400.000	4000.000	1.0000
142	Spectrogram 1	1	64558.154093750	64558.168718750	1400.000	4000.000	1.0000
143	Waveform 1	1	66642.179218750	66642.187343750	1400.000	4000.000	1.0000
143	Spectrogram 1	1	66642.179218750	66642.187343750	1400.000	4000.000	1.0000
144	Waveform 1	1	66678.814843750	66678.822968750	1400.000	4000.000	1.0000
144	Spectrogram 1	1	66678.814843750	66678.822968750	1400.000	4000.000	1.0000
145	Waveform 1	1	68250.002968750	68250.012718750	1400.000	4000.000	1.0000
145	Spectrogram 1	1	68250.002968750	68250.012718750	1400.000	4000.000	1.0000
146	Waveform 1	1	68295.109718750	68295.117843750	1400.000	4000.000	1.0000
146	Spectrogram 1	1	68295.109718750	68295.117843750	1400.000	4000.000	1.0000
147	Waveform 1	1	68324.200468750	68324.211843750	1400.000	4000.000	1.0000
147	Spectrogram 1	1	68324.200468750	68324.211843750	1400.000	4000.000	1.0000
148	Waveform 1	1	68456.400718750	68456.412093750	1400.000	4000.000	1.0000
148	Spectrogram 1	1	68456.400718750	68456.412093750	1400.000	4000.000	1.0000
149	Waveform 1	1	68458.173593750	68458.181718750	1400.000	4000.000	1.0000
149	Spectrogram 1	1	68458.173593750	68458.181718750	1400.000	4000.000	1.0000
150	Waveform 1	1	68461.901343750	68461.930593750	1400.000	4000.000	1.0000
150	Spectrogram 1	1	68461.901343750	68461.930593750	1400.000	4000.000	1.0000
151	Waveform 1	1	68732.730343750	68732.738468750	1400.000	4000.000	1.0000
151	Spectrogram 1	1	68732.730343750	68732.738468750	1400.000	4000.000	1.0000
152	Waveform 1	1	69514.241593750	69514.261093750	1400.000	4000.000	1.0000
152	Spectrogram 1	1	69514.241593750	69514.261093750	1400.000	4000.000	1.0000
153	Waveform 1	1	70057.326343750	70057.345843750	1400.000	4000.000	1.0000
153	Spectrogram 1	1	70057.326343750	70057.345843750	1400.000	4000.000	1.0000
154	Waveform 1	1	70315.506343750	70315.514468750	1400.000	4000.000	1.0000
154	Spectrogram 1	1	70315.506343750	70315.514468750	1400.000	4000.000	1.0000
155	Waveform 1	1	70315.949968750	70315.966218750	1400.000	4000.000	1.0000
155	Spectrogram 1	1	70315.949968750	70315.966218750	1400.000	4000.000	1.0000
156	Waveform 1	1	70555.203593750	70555.211718750	1400.000	4000.000	1.0000
156	Spectrogram 1	1	70555.203593750	70555.211718750	1400.000	4000.000	1.0000
157	Waveform 1	1	70576.370843750	70576.387093750	1400.000	4000.000	1.0000
157	Spectrogram 1	1	70576.370843750	70576.387093750	1400.000	4000.000	1.0000
158	Waveform 1	1	70620.483093750	70620.491218750	1400.000	4000.000	1.0000
158	Spectrogram 1	1	70620.483093750	70620.491218750	1400.000	4000.000	1.0000
159	Waveform 1	1	70622.223468750	70622.234843750	1400.000	4000.000	1.0000
159	Spectrogram 1	1	70622.223468750	70622.234843750	1400.000	4000.000	1.0000
160	Waveform 1	1	70785.674093750	70785.682218750	1400.000	4000.000	1.0000
160	Spectrogram 1	1	70785.674093750	70785.682218750	1400.000	4000.000	1.0000
161	Waveform 1	1	71061.597468750	71061.612093750	1400.000	4000.000	1.0000
161	Spectrogram 1	1	71061.597468750	71061.612093750	1400.000	4000.000	1.0000
162	Waveform 1	1	71066.490343750	71066.506593750	1400.000	4000.000	1.0000
162	Spectrogram 1	1	71066.490343750	71066.506593750	1400.000	4000.000	1.0000
163	Waveform 1	1	71470.471843750	71470.481593750	1400.000	4000.000	1.0000
163	Spectrogram 1	1	71470.471843750	71470.481593750	1400.000	4000.000	1.0000
164	Waveform 1	1	71714.046343750	71714.060968750	1400.000	4000.000	1.0000
164	Spectrogram 1	1	71714.046343750	71714.060968750	1400.000	4000.000	1.0000
165	Waveform 1	1	71826.717343750	71826.736843750	1400.000	4000.000	1.0000
165	Spectrogram 1	1	71826.717343750	71826.736843750	1400.000	4000.000	1.0000
166	Waveform 1	1	71826.792093750	71826.803468750	1400.000	4000.000	1.0000
166	Spectrogram 1	1	71826.792093750	71826.803468750	1400.000	4000.000	1.0000
167	Waveform 1	1	71926.321718750	71926.337968750	1400.000	4000.000	1.0000
167	Spectrogram 1	1	71926.321718750	71926.337968750	1400.000	4000.000	1.0000
168	Waveform 1	1	72010.093718750	72010.106718750	1400.000	4000.000	1.0000
168	Spectrogram 1	1	72010.093718750	72010.106718750	1400.000	4000.000	1.0000
169	Waveform 1	1	72044.228468750	72044.236593750	1400.000	4000.000	1.0000
169	Spectrogram 1	1	72044.228468750	72044.236593750	1400.000	4000.000	1.0000
170	Waveform 1	1	72110.634093750	72110.650343750	1400.000	4000.000	1.0000
170	Spectrogram 1	1	72110.634093750	72110.650343750	1400.000	4000.000	1.0000
171	Waveform 1	1	72111.080968750	72111.100468750	1400.000	4000.000	1.0000
171	Spectrogram 1	1	72111.080968750	72111.100468750	1400.000	4000.000	1.0000
172	Waveform 1	1	72111.826843750	72111.838218750	1400.000	4000.000	1.0000
172	Spectrogram 1	1	72111.826843750	72111.838218750	1400.000	4000.000	1.0000
173	Waveform 1	1	72111.919468750	72111.934093750	1400.000	4000.000	1.0000
173	Spectrogram 1	1	72111.919468750	72111.934093750	1400.000	4000.000	1.0000
174	Waveform 1	1	72112.034843750	72112.049468750	1400.000	4000.000	1.0000
174	Spectrogram 1	1	72112.034843750	72112.049468750	1400.000	4000.000	1.0000
175	Waveform 1	1	72113.783343750	72113.810968750	1400.000	4000.000	1.0000
175	Spectrogram 1	1	72113.783343750	72113.810968750	1400.000	4000.000	1.0000
176	Waveform 1	1	72113.853218750	72113.875968750	1400.000	4000.000	1.0000
176	Spectrogram 1	1	72113.853218750	72113.875968750	1400.000	4000.000	1.0000
177	Waveform 1	1	72113.934468750	72113.955593750	1400.000	4000.000	1.0000
177	Spectrogram 1	1	72113.934468750	72113.955593750	1400.000	4000.000	1.0000
178	Waveform 1	1	72116.479218750	72116.497093750	1400.000	4000.000	1.0000
178	Spectrogram 1	1	72116.479218750	72116.497093750	1400.000	4000.000	1.0000
179	Waveform 1	1	72120.691218750	72120.702593750	1400.000	4000.000	1.0000
179	Spectrogram 1	1	72120.691218750	72120.702593750	1400.000	4000.000	1.0000
180	Waveform 1	1	72123.083218750	72123.096218750	1400.000	4000.000	1.0000
180	Spectrogram 1	1	72123.083218750	72123.096218750	1400.000	4000.000	1.0000
181	Waveform 1	1	72123.318843750	72123.339968750	1400.000	4000.000	1.0000
181	Spectrogram 1	1	72123.318843750	72123.339968750	1400.000	4000.000	1.0000
182	Waveform 1	1	72123.934718750	72123.960718750	1400.000	4000.000	1.0000
182	Spectrogram 1	1	72123.934718750	72123.960718750	1400.000	4000.000	1.0000
183	Waveform 1	1	72134.755593750	72134.781593750	1400.000	4000.000	1.0000
183	Spectrogram 1	1	72134.755593750	72134.781593750	1400.000	4000.000	1.0000
184	Waveform 1	1	72135.665593750	72135.683468750	1400.000	4000.000	1.0000
184	Spectrogram 1	1	72135.665593750	72135.683468750	1400.000	4000.000	1.0000
185	Waveform 1	1	72135.954843750	72135.972718750	1400.000	4000.000	1.0000
185	Spectrogram 1	1	72135.954843750	72135.972718750	1400.000	4000.000	1.0000
186	Waveform 1	1	72138.621468750	72138.639343750	1400.000	4000.000	1.0000
186	Spectrogram 1	1	72138.621468750	72138.639343750	1400.000	4000.000	1.0000
187	Waveform 1	1	72142.945593750	72142.973218750	1400.000	4000.000	1.0000
187	Spectrogram 1	1	72142.945593750	72142.973218750	1400.000	4000.000	1.0000
188	Waveform 1	1	72167.146718750	72167.167843750	1400.000	4000.000	1.0000
188	Spectrogram 1	1	72167.146718750	72167.167843750	1400.000	4000.000	1.0000
189	Waveform 1	1	72173.487468750	72173.502093750	1400.000	4000.000	1.0000
189	Spectrogram 1	1	72173.487468750	72173.502093750	1400.000	4000.000	1.0000
190	Waveform 1	1	72181.224093750	72181.237093750	1400.000	4000.000	1.0000
190	Spectrogram 1	1	72181.224093750	72181.237093750	1400.000	4000.000	1.0000
191	Waveform 1	1	72377.303093750	72377.316093750	1400.000	4000.000	1.0000
191	Spectrogram 1	1	72377.303093750	72377.316093750	1400.000	4000.000	1.0000
192	Waveform 1	1	72718.436093750	72718.444218750	1400.000	4000.000	1.0000
192	Spectrogram 1	1	72718.436093750	72718.444218750	1400.000	4000.000	1.0000
193	Waveform 1	1	72721.648718750	72721.658468750	1400.000	4000.000	1.0000
193	Spectrogram 1	1	72721.648718750	72721.658468750	1400.000	4000.000	1.0000
194	Waveform 1	1	72753.188343750	72753.199718750	1400.000	4000.000	1.0000
194	Spectrogram 1	1	72753.188343750	72753.199718750	1400.000	4000.000	1.0000
195	Waveform 1	1	73025.686218750	73025.708968750	1400.000	4000.000	1.0000
195	Spectrogram 1	1	73025.686218750	73025.708968750	1400.000	4000.000	1.0000
196	Waveform 1	1	73136.282093750	73136.296718750	1400.000	4000.000	1.0000
196	Spectrogram 1	1	73136.282093750	73136.296718750	1400.000	4000.000	1.0000
197	Waveform 1	1	73136.451093750	73136.462468750	1400.000	4000.000	1.0000
197	Spectrogram 1	1	73136.451093750	73136.462468750	1400.000	4000.000	1.0000
198	Waveform 1	1	73604.785843750	73604.795593750	1400.000	4000.000	1.0000
198	Spectrogram 1	1	73604.785843750	73604.795593750	1400.000	4000.000	1.0000
199	Waveform 1	1	75929.606718750	75929.624593750	1400.000	4000.000	1.0000
199	Spectrogram 1	1	75929.606718750	75929.624593750	1400.000	4000.000	1.0000
200	Waveform 1	1	75945.206718750	75945.222968750	1400.000	4000.000	1.0000
200	Spectrogram 1	1	75945.206718750	75945.222968750	1400.000	4000.000	1.0000
201	Waveform 1	1	77492.471593750	77492.481343750	1400.000	4000.000	1.0000
201	Spectrogram 1	1	77492.471593750	77492.481343750	1400.000	4000.000	1.0000
202	Waveform 1	1	77581.817343750	77581.833593750	1400.000	4000.000	1.0000
202	Spectrogram 1	1	77581.817343750	77581.833593750	1400.000	4000.000	1.0000
203	Waveform 1	1	77589.688843750	77589.718093750	1400.000	4000.000	0.8889
203	Spectrogram 1	1	77589.688843750	77589.718093750	1400.000	4000.000	0.8889
204	Waveform 1	1	77604.258593750	77604.266718750	1400.000	4000.000	1.0000
204	Spectrogram 1	1	77604.258593750	77604.266718750	1400.000	4000.000	1.0000
205	Waveform 1	1	78368.892593750	78368.905593750	1400.000	4000.000	1.0000
205	Spectrogram 1	1	78368.892593750	78368.905593750	1400.000	4000.000	1.0000
206	Waveform 1	1	78373.140343750	78373.172843750	1400.000	4000.000	0.9000
206	Spectrogram 1	1	78373.140343750	78373.172843750	1400.000	4000.000	0.9000
207	Waveform 1	1	78373.483218750	78373.501093750	1400.000	4000.000	1.0000
207	Spectrogram 1	1	78373.483218750	78373.501093750	1400.000	4000.000	1.0000
208	Waveform 1	1	78374.095843750	78374.103968750	1400.000	4000.000	1.0000
208	Spectrogram 1	1	78374.095843750	78374.103968750	1400.000	4000.000	1.0000
209	Waveform 1	1	78377.620468750	78377.630218750	1400.000	4000.000	1.0000
209	Spectrogram 1	1	78377.620468750	78377.630218750	1400.000	4000.000	1.0000
210	Waveform 1	1	78381.396968750	78381.419718750	1400.000	4000.000	1.0000
210	Spectrogram 1	1	78381.396968750	78381.419718750	1400.000	4000.000	1.0000
211	Waveform 1	1	78382.121718750	78382.141218750	1400.000	4000.000	1.0000
211	Spectrogram 1	1	78382.121718750	78382.141218750	1400.000	4000.000	1.0000
212	Waveform 1	1	78382.713218750	78382.726218750	1400.000	4000.000	1.0000
212	Spectrogram 1	1	78382.713218750	78382.726218750	1400.000	4000.000	1.0000
213	Waveform 1	1	78385.721093750	78385.738968750	1400.000	4000.000	1.0000
213	Spectrogram 1	1	78385.721093750	78385.738968750	1400.000	4000.000	1.0000
214	Waveform 1	1	78386.288218750	78386.307718750	1400.000	4000.000	1.0000
214	Spectrogram 1	1	78386.288218750	78386.307718750	1400.000	4000.000	1.0000
215	Waveform 1	1	78401.889843750	78401.902843750	1400.000	4000.000	1.0000
215	Spectrogram 1	1	78401.889843750	78401.902843750	1400.000	4000.000	1.0000
216	Waveform 1	1	78447.706718750	78447.726218750	1400.000	4000.000	1.0000
216	Spectrogram 1	1	78447.706718750	78447.726218750	1400.000	4000.000	1.0000
217	Waveform 1	1	78447.880593750	78447.900093750	1400.000	4000.000	1.0000
217	Spectrogram 1	1	78447.880593750	78447.900093750	1400.000	4000.000	1.0000
218	Waveform 1	1	78449.765593750	78449.783468750	1400.000	4000.000	1.0000
218	Spectrogram 1	1	78449.765593750	78449.783468750	1400.000	4000.000	1.0000
219	Waveform 1	1	78450.981093750	78450.994093750	1400.000	4000.000	1.0000
219	Spectrogram 1	1	78450.981093750	78450.994093750	1400.000	4000.000	1.0000
220	Waveform 1	1	78455.784593750	78455.807343750	1400.000	4000.000	0.7857
220	Spectrogram 1	1	78455.784593750	78455.807343750	1400.000	4000.000	0.7857
221	Waveform 1	1	78455.846343750	78455.857718750	1400.000	4000.000	1.0000
221	Spectrogram 1	1	78455.846343750	78455.857718750	1400.000	4000.000	1.0000
222	Waveform 1	1	78457.882468750	78457.913343750	1400.000	4000.000	1.0000
222	Spectrogram 1	1	78457.882468750	78457.913343750	1400.000	4000.000	1.0000
223	Waveform 1	1	78457.994593750	78458.007593750	1400.000	4000.000	1.0000
223	Spectrogram 1	1	78457.994593750	78458.007593750	1400.000	4000.000	1.0000
224	Waveform 1	1	78459.047593750	78459.075218750	1400.000	4000.000	1.0000
224	Spectrogram 1	1	78459.047593750	78459.075218750	1400.000	4000.000	1.0000
225	Waveform 1	1	78460.916343750	78460.935843750	1400.000	4000.000	1.0000
225	Spectrogram 1	1	78460.916343750	78460.935843750	1400.000	4000.000	1.0000
226	Waveform 1	1	78461.894593750	78461.927093750	1400.000	4000.000	1.0000
226	Spectrogram 1	1	78461.894593750	78461.927093750	1400.000	4000.000	1.0000
227	Waveform 1	1	78462.385343750	78462.398343750	1400.000	4000.000	1.0000
227	Spectrogram 1	1	78462.385343750	78462.398343750	1400.000	4000.000	1.0000
228	Waveform 1	1	78463.114968750	78463.145843750	1400.000	4000.000	1.0000
228	Spectrogram 1	1	78463.114968750	78463.145843750	1400.000	4000.000	1.0000
229	Waveform 1	1	78467.959093750	78467.976968750	1400.000	4000.000	1.0000
229	Spectrogram 1	1	78467.959093750	78467.976968750	1400.000	4000.000	1.0000
230	Waveform 1	1	78468.451468750	78468.470968750	1400.000	4000.000	1.0000
230	Spectrogram 1	1	78468.451468750	78468.470968750	1400.000	4000.000	1.0000
231	Waveform 1	1	78475.377218750	78475.388593750	1400.000	4000.000	1.0000
231	Spectrogram 1	1	78475.377218750	78475.388593750	1400.000	4000.000	1.0000
232	Waveform 1	1	78475.445468750	78475.463343750	1400.000	4000.000	1.0000
232	Spectrogram 1	1	78475.445468750	78475.463343750	1400.000	4000.000	1.0000
233	Waveform 1	1	78475.497468750	78475.513718750	1400.000	4000.000	1.0000
233	Spectrogram 1	1	78475.497468750	78475.513718750	1400.000	4000.000	1.0000
234	Waveform 1	1	78475.554343750	78475.568968750	1400.000	4000.000	1.0000
234	Spectrogram 1	1	78475.554343750	78475.568968750	1400.000	4000.000	1.0000
235	Waveform 1	1	78479.837843750	78479.863843750	1400.000	4000.000	1.0000
235	Spectrogram 1	1	78479.837843750	78479.863843750	1400.000	4000.000	1.0000
236	Waveform 1	1	78479.974343750	78479.995468750	1400.000	4000.000	1.0000
236	Spectrogram 1	1	78479.974343750	78479.995468750	1400.000	4000.000	1.0000
237	Waveform 1	1	78483.008218750	78483.017968750	1400.000	4000.000	1.0000
237	Spectrogram 1	1	78483.008218750	78483.017968750	1400.000	4000.000	1.0000
238	Waveform 1	1	78484.899718750	78484.915968750	1400.000	4000.000	1.0000
238	Spectrogram 1	1	78484.899718750	78484.915968750	1400.000	4000.000	1.0000
239	Waveform 1	1	78484.967968750	78484.977718750	1400.000	4000.000	1.0000
239	Spectrogram 1	1	78484.967968750	78484.977718750	1400.000	4000.000	1.0000
240	Waveform 1	1	78496.477843750	78496.485968750	1400.000	4000.000	1.0000
240	Spectrogram 1	1	78496.477843750	78496.485968750	1400.000	4000.000	1.0000
241	Waveform 1	1	78498.310843750	78498.327093750	1400.000	4000.000	1.0000
241	Spectrogram 1	1	78498.310843750	78498.327093750	1400.000	4000.000	1.0000
242	Waveform 1	1	78513.953093750	78513.975843750	1400.000	4000.000	1.0000
242	Spectrogram 1	1	78513.953093750	78513.975843750	1400.000	4000.000	1.0000
243	Waveform 1	1	78516.460468750	78516.484843750	1400.000	4000.000	1.0000
243	Spectrogram 1	1	78516.460468750	78516.484843750	1400.000	4000.000	1.0000
244	Waveform 1	1	78516.912218750	78516.926843750	1400.000	4000.000	1.0000
244	Spectrogram 1	1	78516.912218750	78516.926843750	1400.000	4000.000	1.0000
245	Waveform 1	1	78519.939593750	78519.949343750	1400.000	4000.000	1.0000
245	Spectrogram 1	1	78519.939593750	78519.949343750	1400.000	4000.000	1.0000
246	Waveform 1	1	78522.255218750	78522.268218750	1400.000	4000.000	1.0000
246	Spectrogram 1	1	78522.255218750	78522.268218750	1400.000	4000.000	1.0000
247	Waveform 1	1	78525.812343750	78525.844843750	1400.000	4000.000	1.0000
247	Spectrogram 1	1	78525.812343750	78525.844843750	1400.000	4000.000	1.0000
248	Waveform 1	1	78525.890343750	78525.906593750	1400.000	4000.000	1.0000
248	Spectrogram 1	1	78525.890343750	78525.906593750	1400.000	4000.000	1.0000
249	Waveform 1	1	78525.965093750	78525.981343750	1400.000	4000.000	1.0000
249	Spectrogram 1	1	78525.965093750	78525.981343750	1400.000	4000.000	1.0000
250	Waveform 1	1	78526.028468750	78526.039843750	1400.000	4000.000	1.0000
250	Spectrogram 1	1	78526.028468750	78526.039843750	1400.000	4000.000	1.0000
251	Waveform 1	1	78527.338218750	78527.359343750	1400.000	4000.000	1.0000
251	Spectrogram 1	1	78527.338218750	78527.359343750	1400.000	4000.000	1.0000
252	Waveform 1	1	78528.009343750	78528.038593750	1400.000	4000.000	1.0000
252	Spectrogram 1	1	78528.009343750	78528.038593750	1400.000	4000.000	1.0000
253	Waveform 1	1	78528.209218750	78528.227093750	1400.000	4000.000	1.0000
253	Spectrogram 1	1	78528.209218750	78528.227093750	1400.000	4000.000	1.0000
254	Waveform 1	1	78528.799093750	78528.816968750	1400.000	4000.000	1.0000
254	Spectrogram 1	1	78528.799093750	78528.816968750	1400.000	4000.000	1.0000
255	Waveform 1	1	78529.093218750	78529.107843750	1400.000	4000.000	1.0000
255	Spectrogram 1	1	78529.093218750	78529.107843750	1400.000	4000.000	1.0000
256	Waveform 1	1	78530.233968750	78530.263218750	1400.000	4000.000	1.0000
256	Spectrogram 1	1	78530.233968750	78530.263218750	1400.000	4000.000	1.0000
257	Waveform 1	1	78530.640218750	78530.669468750	1400.000	4000.000	0.7222
257	Spectrogram 1	1	78530.640218750	78530.669468750	1400.000	4000.000	0.7222
258	Waveform 1	1	78544.192718750	78544.202468750	1400.000	4000.000	1.0000
258	Spectrogram 1	1	78544.192718750	78544.202468750	1400.000	4000.000	1.0000
259	Waveform 1	1	78545.395218750	78545.421218750	1400.000	4000.000	1.0000
259	Spectrogram 1	1	78545.395218750	78545.421218750	1400.000	4000.000	1.0000
260	Waveform 1	1	78547.969218750	78547.980593750	1400.000	4000.000	1.0000
260	Spectrogram 1	1	78547.969218750	78547.980593750	1400.000	4000.000	1.0000
261	Waveform 1	1	78558.393593750	78558.419593750	1400.000	4000.000	1.0000
261	Spectrogram 1	1	78558.393593750	78558.419593750	1400.000	4000.000	1.0000
262	Waveform 1	1	78561.546093750	78561.570468750	1400.000	4000.000	1.0000
262	Spectrogram 1	1	78561.546093750	78561.570468750	1400.000	4000.000	1.0000
263	Waveform 1	1	78563.364468750	78563.387218750	1400.000	4000.000	1.0000
263	Spectrogram 1	1	78563.364468750	78563.387218750	1400.000	4000.000	1.0000
264	Waveform 1	1	78563.426218750	78563.444093750	1400.000	4000.000	1.0000
264	Spectrogram 1	1	78563.426218750	78563.444093750	1400.000	4000.000	1.0000
265	Waveform 1	1	78575.829843750	78575.849343750	1400.000	4000.000	1.0000
265	Spectrogram 1	1	78575.829843750	78575.849343750	1400.000	4000.000	1.0000
266	Waveform 1	1	78586.533718750	78586.543468750	1400.000	4000.000	1.0000
266	Spectrogram 1	1	78586.533718750	78586.543468750	1400.000	4000.000	1.0000
267	Waveform 1	1	78586.608468750	78586.619843750	1400.000	4000.000	1.0000
267	Spectrogram 1	1	78586.608468750	78586.619843750	1400.000	4000.000	1.0000
268	Waveform 1	1	78596.717593750	78596.735468750	1400.000	4000.000	1.0000
268	Spectrogram 1	1	78596.717593750	78596.735468750	1400.000	4000.000	1.0000
269	Waveform 1	1	78602.941343750	78602.954343750	1400.000	4000.000	1.0000
269	Spectrogram 1	1	78602.941343750	78602.954343750	1400.000	4000.000	1.0000
270	Waveform 1	1	78603.284218750	78603.311843750	1400.000	4000.000	1.0000
270	Spectrogram 1	1	78603.284218750	78603.311843750	1400.000	4000.000	1.0000
271	Waveform 1	1	78613.299093750	78613.326718750	1400.000	4000.000	1.0000
271	Spectrogram 1	1	78613.299093750	78613.326718750	1400.000	4000.000	1.0000
272	Waveform 1	1	78613.684218750	78613.703718750	1400.000	4000.000	1.0000
272	Spectrogram 1	1	78613.684218750	78613.703718750	1400.000	4000.000	1.0000
273	Waveform 1	1	78616.692093750	78616.705093750	1400.000	4000.000	1.0000
273	Spectrogram 1	1	78616.692093750	78616.705093750	1400.000	4000.000	1.0000
274	Waveform 1	1	78617.286843750	78617.296593750	1400.000	4000.000	1.0000
274	Spectrogram 1	1	78617.286843750	78617.296593750	1400.000	4000.000	1.0000
275	Waveform 1	1	78618.510468750	78618.526718750	1400.000	4000.000	1.0000
275	Spectrogram 1	1	78618.510468750	78618.526718750	1400.000	4000.000	1.0000
276	Waveform 1	1	78639.531468750	78639.552593750	1400.000	4000.000	1.0000
276	Spectrogram 1	1	78639.531468750	78639.552593750	1400.000	4000.000	1.0000
277	Waveform 1	1	78652.609468750	78652.622468750	1400.000	4000.000	1.0000
277	Spectrogram 1	1	78652.609468750	78652.622468750	1400.000	4000.000	1.0000
278	Waveform 1	1	78665.970218750	78665.997843750	1400.000	4000.000	1.0000
278	Spectrogram 1	1	78665.970218750	78665.997843750	1400.000	4000.000	1.0000
279	Waveform 1	1	78666.412218750	78666.428468750	1400.000	4000.000	1.0000
279	Spectrogram 1	1	78666.412218750	78666.428468750	1400.000	4000.000	1.0000
280	Waveform 1	1	78670.461718750	78670.471468750	1400.000	4000.000	1.0000
280	Spectrogram 1	1	78670.461718750	78670.471468750	1400.000	4000.000	1.0000
281	Waveform 1	1	78670.655093750	78670.663218750	1400.000	4000.000	1.0000
281	Spectrogram 1	1	78670.655093750	78670.663218750	1400.000	4000.000	1.0000
282	Waveform 1	1	78670.781843750	78670.793218750	1400.000	4000.000	1.0000
282	Spectrogram 1	1	78670.781843750	78670.793218750	1400.000	4000.000	1.0000
283	Waveform 1	1	78725.352593750	78725.381843750	1400.000	4000.000	1.0000
283	Spectrogram 1	1	78725.352593750	78725.381843750	1400.000	4000.000	1.0000
284	Waveform 1	1	78728.661093750	78728.685468750	1400.000	4000.000	1.0000
284	Spectrogram 1	1	78728.661093750	78728.685468750	1400.000	4000.000	1.0000
285	Waveform 1	1	78731.160343750	78731.178218750	1400.000	4000.000	1.0000
285	Spectrogram 1	1	78731.160343750	78731.178218750	1400.000	4000.000	1.0000
286	Waveform 1	1	78731.392718750	78731.410593750	1400.000	4000.000	1.0000
286	Spectrogram 1	1	78731.392718750	78731.410593750	1400.000	4000.000	1.0000
287	Waveform 1	1	78768.548343750	78768.572718750	1400.000	4000.000	1.0000
287	Spectrogram 1	1	78768.548343750	78768.572718750	1400.000	4000.000	1.0000
288	Waveform 1	1	78769.299093750	78769.315343750	1400.000	4000.000	1.0000
288	Spectrogram 1	1	78769.299093750	78769.315343750	1400.000	4000.000	1.0000
289	Waveform 1	1	78772.792843750	78772.817218750	1400.000	4000.000	1.0000
289	Spectrogram 1	1	78772.792843750	78772.817218750	1400.000	4000.000	1.0000
290	Waveform 1	1	78772.909843750	78772.924468750	1400.000	4000.000	1.0000
290	Spectrogram 1	1	78772.909843750	78772.924468750	1400.000	4000.000	1.0000
291	Waveform 1	1	78774.035968750	78774.044093750	1400.000	4000.000	1.0000
291	Spectrogram 1	1	78774.035968750	78774.044093750	1400.000	4000.000	1.0000
292	Waveform 1	1	78774.209843750	78774.226093750	1400.000	4000.000	1.0000
292	Spectrogram 1	1	78774.209843750	78774.226093750	1400.000	4000.000	1.0000
293	Waveform 1	1	78785.069718750	78785.084343750	1400.000	4000.000	1.0000
293	Spectrogram 1	1	78785.069718750	78785.084343750	1400.000	4000.000	1.0000
294	Waveform 1	1	78793.594468750	78793.617218750	1400.000	4000.000	1.0000
294	Spectrogram 1	1	78793.594468750	78793.617218750	1400.000	4000.000	1.0000
295	Waveform 1	1	79358.837718750	79358.853968750	1400.000	4000.000	1.0000
295	Spectrogram 1	1	79358.837718750	79358.853968750	1400.000	4000.000	1.0000
296	Waveform 1	1	79368.023843750	79368.038468750	1400.000	4000.000	1.0000
296	Spectrogram 1	1	79368.023843750	79368.038468750	1400.000	4000.000	1.0000
297	Waveform 1	1	79399.703218750	79399.711343750	1400.000	4000.000	1.0000
297	Spectrogram 1	1	79399.703218750	79399.711343750	1400.000	4000.000	1.0000
298	Waveform 1	1	79422.588093750	79422.605968750	1400.000	4000.000	1.0000
298	Spectrogram 1	1	79422.588093750	79422.605968750	1400.000	4000.000	1.0000
299	Waveform 1	1	79422.794468750	79422.810718750	1400.000	4000.000	1.0000
299	Spectrogram 1	1	79422.794468750	79422.810718750	1400.000	4000.000	1.0000
300	Waveform 1	1	79422.999218750	79423.015468750	1400.000	4000.000	1.0000
300	Spectrogram 1	1	79422.999218750	79423.015468750	1400.000	4000.000	1.0000
301	Waveform 1	1	79439.169593750	79439.198843750	1400.000	4000.000	1.0000
301	Spectrogram 1	1	79439.169593750	79439.198843750	1400.000	4000.000	1.0000
302	Waveform 1	1	79439.245968750	79439.257343750	1400.000	4000.000	1.0000
302	Spectrogram 1	1	79439.245968750	79439.257343750	1400.000	4000.000	1.0000
303	Waveform 1	1	79439.401968750	79439.419843750	1400.000	4000.000	1.0000
303	Spectrogram 1	1	79439.401968750	79439.419843750	1400.000	4000.000	1.0000
304	Waveform 1	1	79440.632093750	79440.646718750	1400.000	4000.000	1.0000
304	Spectrogram 1	1	79440.632093750	79440.646718750	1400.000	4000.000	1.0000
305	Waveform 1	1	79441.537218750	79441.545343750	1400.000	4000.000	1.0000
305	Spectrogram 1	1	79441.537218750	79441.545343750	1400.000	4000.000	1.0000
306	Waveform 1	1	79441.584343750	79441.600593750	1400.000	4000.000	1.0000
306	Spectrogram 1	1	79441.584343750	79441.600593750	1400.000	4000.000	1.0000
307	Waveform 1	1	79442.500843750	79442.523593750	1400.000	4000.000	1.0000
307	Spectrogram 1	1	79442.500843750	79442.523593750	1400.000	4000.000	1.0000
308	Waveform 1	1	79442.825843750	79442.843718750	1400.000	4000.000	1.0000
308	Spectrogram 1	1	79442.825843750	79442.843718750	1400.000	4000.000	1.0000
309	Waveform 1	1	79446.722593750	79446.746968750	1400.000	4000.000	1.0000
309	Spectrogram 1	1	79446.722593750	79446.746968750	1400.000	4000.000	1.0000
310	Waveform 1	1	79447.289718750	79447.307593750	1400.000	4000.000	1.0000
310	Spectrogram 1	1	79447.289718750	79447.307593750	1400.000	4000.000	1.0000
311	Waveform 1	1	79451.860843750	79451.878718750	1400.000	4000.000	1.0000
311	Spectrogram 1	1	79451.860843750	79451.878718750	1400.000	4000.000	1.0000
312	Waveform 1	1	79457.769343750	79457.790468750	1400.000	4000.000	1.0000
312	Spectrogram 1	1	79457.769343750	79457.790468750	1400.000	4000.000	1.0000
313	Waveform 1	1	79457.922093750	79457.938343750	1400.000	4000.000	1.0000
313	Spectrogram 1	1	79457.922093750	79457.938343750	1400.000	4000.000	1.0000
314	Waveform 1	1	79458.199968750	79458.214593750	1400.000	4000.000	1.0000
314	Spectrogram 1	1	79458.199968750	79458.214593750	1400.000	4000.000	1.0000
315	Waveform 1	1	79463.677843750	79463.687593750	1400.000	4000.000	1.0000
315	Spectrogram 1	1	79463.677843750	79463.687593750	1400.000	4000.000	1.0000
316	Waveform 1	1	79466.120218750	79466.129968750	1400.000	4000.000	1.0000
316	Spectrogram 1	1	79466.120218750	79466.129968750	1400.000	4000.000	1.0000
317	Waveform 1	1	79467.195968750	79467.225218750	1400.000	4000.000	1.0000
317	Spectrogram 1	1	79467.195968750	79467.225218750	1400.000	4000.000	1.0000
318	Waveform 1	1	85892.101468750	85892.122593750	1400.000	4000.000	1.0000
318	Spectrogram 1	1	85892.101468750	85892.122593750	1400.000	4000.000	1.0000
