Selection	View	Channel	Begin Time (s)	End Time (s)	Low Freq (Hz)	High Freq (Hz)	Occupancy
1	Waveform 1	1	514.079843750	514.091218750	1400.000	4000.000	1.0000
1	Spectrogram 1	1	514.079843750	514.091218750	1400.000	4000.000	1.0000
2	Waveform 1	1	2032.663468750	2032.686218750	1400.000	4000.000	1.0000
2	Spectrogram 1	1	2032.663468750	2032.686218750	1400.000	4000.000	1.0000
3	Waveform 1	1	3098.327093750	3098.335218750	1400.000	4000.000	1.0000
3	Spectrogram 1	1	3098.327093750	3098.335218750	1400.000	4000.000	1.0000
4	Waveform 1	1	3165.759718750	3165.771093750	1400.000	4000.000	1.0000
4	Spectrogram 1	1	3165.759718750	3165.771093750	1400.000	4000.000	1.0000
5	Waveform 1	1	4638.401343750	4638.415968750	1400.000	4000.000	1.0000
5	Spectrogram 1	1	4638.401343750	4638.415968750	1400.000	4000.000	1.0000
6	Waveform 1	1	9899.033343750	9899.043093750	1400.000	4000.000	1.0000
6	Spectrogram 1	1	9899.033343750	9899.043093750	1400.000	4000.000	1.0000
7	Waveform 1	1	13934.623343750	13934.634718750	1400.000	4000.000	1.0000
7	Spectrogram 1	1	13934.623343750	13934.634718750	1400.000	4000.000	1.0000
8	Waveform 1	1	13939.564968750	13939.577968750	1400.000	4000.000	1.0000
8	Spectrogram 1	1	13939.564968750	13939.577968750	1400.000	4000.000	1.0000
9	Waveform 1	1	13952.395968750	13952.415468750	1400.000	4000.000	1.0000
9	Spectrogram 1	1	13952.395968750	13952.415468750	1400.000	4000.000	1.0000
10	Waveform 1	1	13970.259593750	13970.272593750	1400.000	4000.000	1.0000
10	Spectrogram 1	1	13970.259593750	13970.272593750	1400.000	4000.000	1.0000
11	Waveform 1	1	14064.998718750	14065.006843750	1400.000	4000.000	1.0000
11	Spectrogram 1	1	14064.998718750	14065.006843750	1400.000	4000.000	1.0000
12	Waveform 1	1	14253.701843750	14253.709968750	1400.000	4000.000	1.0000
12	Spectrogram 1	1	14253.701843750	14253.709968750	1400.000	4000.000	1.0000
13	Waveform 1	1	14656.466218750	14656.475968750	1400.000	4000.000	1.0000
13	Spectrogram 1	1	14656.466218750	14656.475968750	1400.000	4000.000	1.0000
14	Waveform 1	1	14678.626343750	14678.637718750	1400.000	4000.000	1.0000
14	Spectrogram 1	1	14678.626343750	14678.637718750	1400.000	4000.000	1.0000
15	Waveform 1	1	14695.134718750	14695.144468750	1400.000	4000.000	1.0000
15	Spectrogram 1	1	14695.134718750	14695.144468750	1400.000	4000.000	1.0000
16	Waveform 1	1	14718.916593750	14718.924718750	1400.000	4000.000	1.0000
16	Spectrogram 1	1	14718.916593750	14718.924718750	1400.000	4000.000	1.0000
17	Waveform 1	1	14727.572968750	14727.605468750	1400.000	4000.000	1.0000
17	Spectrogram 1	1	14727.572968750	14727.605468750	1400.000	4000.000	1.0000
18	Waveform 1	1	15675.682468750	15675.692218750	1400.000	4000.000	1.0000
18	Spectrogram 1	1	15675.682468750	15675.692218750	1400.000	4000.000	1.0000
19	Waveform 1	1	18776.325468750	18776.341718750	1400.000	4000.000	1.0000
19	Spectrogram 1	1	18776.325468750	18776.341718750	1400.000	4000.000	1.0000
20	Waveform 1	1	19642.755968750	19642.767343750	1400.000	4000.000	1.0000
20	Spectrogram 1	1	19642.755968750	19642.767343750	1400.000	4000.000	1.0000
21	Waveform 1	1	19643.288968750	19643.301968750	1400.000	4000.000	1.0000
21	Spectrogram 1	1	19643.288968750	19643.301968750	1400.000	4000.000	1.0000
22	Waveform 1	1	20542.643593750	20542.656593750	1400.000	4000.000	1.0000
22	Spectrogram 1	1	20542.643593750	20542.656593750	1400.000	4000.000	1.0000
23	Waveform 1	1	20542.732968750	20542.741093750	1400.000	4000.000	1.0000
23	Spectrogram 1	1	20542.732968750	20542.741093750	1400.000	4000.000	1.0000
24	Waveform 1	1	20543.447968750	20543.465843750	1400.000	4000.000	1.0000
24	Spectrogram 1	1	20543.447968750	20543.465843750	1400.000	4000.000	1.0000
25	Waveform 1	1	20544.578968750	20544.595218750	1400.000	4000.000	1.0000
25	Spectrogram 1	1	20544.578968750	20544.595218750	1400.000	4000.000	1.0000
26	Waveform 1	1	20544.640718750	20544.666718750	1400.000	4000.000	1.0000
26	Spectrogram 1	1	20544.640718750	20544.666718750	1400.000	4000.000	1.0000
27	Waveform 1	1	20780.348593750	20780.356718750	1400.000	4000.000	1.0000
27	Spectrogram 1	1	20780.348593750	20780.356718750	1400.000	4000.000	1.0000
28	Waveform 1	1	21724.298093750	21724.322468750	1400.000	4000.000	1.0000
28	Spectrogram 1	1	21724.298093750	21724.322468750	1400.000	4000.000	1.0000
29	Waveform 1	1	22309.280218750	22309.291593750	1400.000	4000.000	1.0000
29	Spectrogram 1	1	22309.280218750	22309.291593750	1400.000	4000.000	1.0000
30	Waveform 1	1	22319.906093750	22319.915843750	1400.000	4000.000	1.0000
30	Spectrogram 1	1	22319.906093750	22319.915843750	1400.000	4000.000	1.0000
31	Waveform 1	1	22320.307468750	22320.335093750	1400.000	4000.000	1.0000
31	Spectrogram 1	1	22320.307468750	22320.335093750	1400.000	4000.000	1.0000
32	Waveform 1	1	22352.297218750	22352.315093750	1400.000	4000.000	1.0000
32	Spectrogram 1	1	22352.297218750	22352.315093750	1400.000	4000.000	1.0000
33	Waveform 1	1	22368.493593750	22368.501718750	1400.000	4000.000	1.0000
33	Spectrogram 1	1	22368.493593750	22368.501718750	1400.000	4000.000	1.0000
34	Waveform 1	1	22372.195343750	22372.213218750	1400.000	4000.000	1.0000
34	Spectrogram 1	1	22372.195343750	22372.213218750	1400.000	4000.000	1.0000
35	Waveform 1	1	22386.204468750	22386.214218750	1400.000	4000.000	1.0000
35	Spectrogram 1	1	22386.204468750	22386.214218750	1400.000	4000.000	1.0000
36	Waveform 1	1	22514.478718750	22514.494968750	1400.000	4000.000	1.0000
36	Spectrogram 1	1	22514.478718750	22514.494968750	1400.000	4000.000	1.0000
37	Waveform 1	1	22748.984093750	22748.993843750	1400.000	4000.000	1.0000
37	Spectrogram 1	1	22748.984093750	22748.993843750	1400.000	4000.000	1.0000
38	Waveform 1	1	22908.858093750	22908.879218750	1400.000	4000.000	1.0000
38	Spectrogram 1	1	22908.858093750	22908.879218750	1400.000	4000.000	1.0000
39	Waveform 1	1	22932.446593750	22932.477468750	1400.000	4000.000	1.0000
39	Spectrogram 1	1	22932.446593750	22932.477468750	1400.000	4000.000	1.0000
40	Waveform 1	1	22951.106468750	22951.132468750	1400.000	4000.000	1.0000
40	Spectrogram 1	1	22951.106468750	22951.132468750	1400.000	4000.000	1.0000
41	Waveform 1	1	22977.572843750	22977.585843750	1400.000	4000.000	1.0000
41	Spectrogram 1	1	22977.572843750	22977.585843750	1400.000	4000.000	1.0000
42	Waveform 1	1	23005.972968750	23005.982718750	1400.000	4000.000	1.0000
42	Spectrogram 1	1	23005.972968750	23005.982718750	1400.000	4000.000	1.0000
43	Waveform 1	1	23013.352093750	23013.360218750	1400.000	4000.000	1.0000
43	Spectrogram 1	1	23013.352093750	23013.360218750	1400.000	4000.000	1.0000
44	Waveform 1	1	23056.412968750	23056.438968750	1400.000	4000.000	1.0000
44	Spectrogram 1	1	23056.412968750	23056.438968750	1400.000	4000.000	1.0000
45	Waveform 1	1	23071.699343750	23071.713968750	1400.000	4000.000	1.0000
45	Spectrogram 1	1	23071.699343750	23071.713968750	1400.000	4000.000	1.0000
46	Waveform 1	1	23250.257593750	23250.267343750	1400.000	4000.000	1.0000
46	Spectrogram 1	1	23250.257593750	23250.267343750	1400.000	4000.000	1.0000
47	Waveform 1	1	23330.968093750	23330.979468750	1400.000	4000.000	1.0000
47	Spectrogram 1	1	23330.968093750	23330.979468750	1400.000	4000.000	1.0000
48	Waveform 1	1	23344.712343750	23344.725343750	1400.000	4000.000	1.0000
48	Spectrogram 1	1	23344.712343750	23344.725343750	1400.000	4000.000	1.0000
49	Waveform 1	1	23359.802093750	23359.811843750	1400.000	4000.000	1.0000
49	Spectrogram 1	1	23359.802093750	23359.811843750	1400.000	4000.000	1.0000
50	Waveform 1	1	23360.156343750	23360.166093750	1400.000	4000.000	1.0000
50	Spectrogram 1	1	23360.156343750	23360.166093750	1400.000	4000.000	1.0000
51	Waveform 1	1	23362.328968750	23362.337093750	1400.000	4000.000	1.0000
51	Spectrogram 1	1	23362.328968750	23362.337093750	1400.000	4000.000	1.0000
52	Waveform 1	1	23370.252468750	23370.268718750	1400.000	4000.000	1.0000
52	Spectrogram 1	1	23370.252468750	23370.268718750	1400.000	4000.000	1.0000
53	Waveform 1	1	23370.455593750	23370.463718750	1400.000	4000.000	1.0000
53	Spectrogram 1	1	23370.455593750	23370.463718750	1400.000	4000.000	1.0000
54	Waveform 1	1	23380.281968750	23380.290093750	1400.000	4000.000	1.0000
54	Spectrogram 1	1	23380.281968750	23380.290093750	1400.000	4000.000	1.0000
55	Waveform 1	1	23384.492343750	23384.503718750	1400.000	4000.000	1.0000
55	Spectrogram 1	1	23384.492343750	23384.503718750	1400.000	4000.000	1.0000
56	Waveform 1	1	23453.535343750	23453.543468750	1400.000	4000.000	1.0000
56	Spectrogram 1	1	23453.535343750	23453.543468750	1400.000	4000.000	1.0000
57	Waveform 1	1	23457.185093750	23457.206218750	1400.000	4000.000	1.0000
57	Spectrogram 1	1	23457.185093750	23457.206218750	1400.000	4000.000	1.0000
58	Waveform 1	1	23466.515843750	23466.527218750	1400.000	4000.000	1.0000
58	Spectrogram 1	1	23466.515843750	23466.527218750	1400.000	4000.000	1.0000
59	Waveform 1	1	23466.769343750	23466.777468750	1400.000	4000.000	1.0000
59	Spectrogram 1	1	23466.769343750	23466.777468750	1400.000	4000.000	1.0000
60	Waveform 1	1	23466.818093750	23466.827843750	1400.000	4000.000	1.0000
60	Spectrogram 1	1	23466.818093750	23466.827843750	1400.000	4000.000	1.0000
61	Waveform 1	1	23549.525718750	23549.540343750	1400.000	4000.000	1.0000
61	Spectrogram 1	1	23549.525718750	23549.540343750	1400.000	4000.000	1.0000
62	Waveform 1	1	23549.615093750	23549.631343750	1400.000	4000.000	1.0000
62	Spectrogram 1	1	23549.615093750	23549.631343750	1400.000	4000.000	1.0000
63	Waveform 1	1	23554.873593750	23554.881718750	1400.000	4000.000	1.0000
63	Spectrogram 1	1	23554.873593750	23554.881718750	1400.000	4000.000	1.0000
64	Waveform 1	1	23560.598468750	23560.606593750	1400.000	4000.000	1.0000
64	Spectrogram 1	1	23560.598468750	23560.606593750	1400.000	4000.000	1.0000
65	Waveform 1	1	23575.540343750	23575.550093750	1400.000	4000.000	1.0000
65	Spectrogram 1	1	23575.540343750	23575.550093750	1400.000	4000.000	1.0000
66	Waveform 1	1	23596.293218750	23596.317593750	1400.000	4000.000	1.0000
66	Spectrogram 1	1	23596.293218750	23596.317593750	1400.000	4000.000	1.0000
67	Waveform 1	1	23603.846218750	23603.855968750	1400.000	4000.000	1.0000
67	Spectrogram 1	1	23603.846218750	23603.855968750	1400.000	4000.000	1.0000
68	Waveform 1	1	23615.344718750	23615.365843750	1400.000	4000.000	1.0000
68	Spectrogram 1	1	23615.344718750	23615.365843750	1400.000	4000.000	1.0000
69	Waveform 1	1	23646.328593750	23646.336718750	1400.000	4000.000	1.0000
69	Spectrogram 1	1	23646.328593750	23646.336718750	1400.000	4000.000	1.0000
70	Waveform 1	1	23781.835718750	23781.848718750	1400.000	4000.000	1.0000
70	Spectrogram 1	1	23781.835718750	23781.848718750	1400.000	4000.000	1.0000
71	Waveform 1	1	23782.682343750	23782.695343750	1400.000	4000.000	1.0000
71	Spectrogram 1	1	23782.682343750	23782.695343750	1400.000	4000.000	1.0000
72	Waveform 1	1	23785.673968750	23785.685343750	1400.000	4000.000	1.0000
72	Spectrogram 1	1	23785.673968750	23785.685343750	1400.000	4000.000	1.0000
73	Waveform 1	1	23786.215093750	23786.224843750	1400.000	4000.000	1.0000
73	Spectrogram 1	1	23786.215093750	23786.224843750	1400.000	4000.000	1.0000
74	Waveform 1	1	23786.874843750	23786.895968750	1400.000	4000.000	1.0000
74	Spectrogram 1	1	23786.874843750	23786.895968750	1400.000	4000.000	1.0000
75	Waveform 1	1	23787.165718750	23787.180343750	1400.000	4000.000	1.0000
75	Spectrogram 1	1	23787.165718750	23787.180343750	1400.000	4000.000	1.0000
76	Waveform 1	1	23824.090593750	23824.103593750	1400.000	4000.000	1.0000
76	Spectrogram 1	1	23824.090593750	23824.103593750	1400.000	4000.000	1.0000
77	Waveform 1	1	23883.997843750	23884.015718750	1400.000	4000.000	1.0000
77	Spectrogram 1	1	23883.997843750	23884.015718750	1400.000	4000.000	1.0000
78	Waveform 1	1	23884.452843750	23884.477218750	1400.000	4000.000	1.0000
78	Spectrogram 1	1	23884.452843750	23884.477218750	1400.000	4000.000	1.0000
79	Waveform 1	1	23884.644593750	23884.652718750	1400.000	4000.000	1.0000
79	Spectrogram 1	1	23884.644593750	23884.652718750	1400.000	4000.000	1.0000
80	Waveform 1	1	23902.127968750	23902.137718750	1400.000	4000.000	1.0000
80	Spectrogram 1	1	23902.127968750	23902.137718750	1400.000	4000.000	1.0000
81	Waveform 1	1	23904.068218750	23904.076343750	1400.000	4000.000	1.0000
81	Spectrogram 1	1	23904.068218750	23904.076343750	1400.000	4000.000	1.0000
82	Waveform 1	1	23907.677343750	23907.698468750	1400.000	4000.000	1.0000
82	Spectrogram 1	1	23907.677343750	23907.698468750	1400.000	4000.000	1.0000
83	Waveform 1	1	23908.041343750	23908.055968750	1400.000	4000.000	1.0000
83	Spectrogram 1	1	23908.041343750	23908.055968750	1400.000	4000.000	1.0000
84	Waveform 1	1	23912.857843750	23912.865968750	1400.000	4000.000	1.0000
84	Spectrogram 1	1	23912.857843750	23912.865968750	1400.000	4000.000	1.0000
85	Waveform 1	1	23913.506218750	23913.514343750	1400.000	4000.000	1.0000
85	Spectrogram 1	1	23913.506218750	23913.514343750	1400.000	4000.000	1.0000
86	Waveform 1	1	23934.070593750	23934.090093750	1400.000	4000.000	1.0000
86	Spectrogram 1	1	23934.070593750	23934.090093750	1400.000	4000.000	1.0000
87	Waveform 1	1	23934.795343750	23934.811593750	1400.000	4000.000	1.0000
87	Spectrogram 1	1	23934.795343750	23934.811593750	1400.000	4000.000	1.0000
88	Waveform 1	1	23936.737218750	23936.753468750	1400.000	4000.000	1.0000
88	Spectrogram 1	1	23936.737218750	23936.753468750	1400.000	4000.000	1.0000
89	Waveform 1	1	23936.925718750	23936.935468750	1400.000	4000.000	1.0000
89	Spectrogram 1	1	23936.925718750	23936.935468750	1400.000	4000.000	1.0000
90	Waveform 1	1	23937.406718750	23937.416468750	1400.000	4000.000	1.0000
90	Spectrogram 1	1	23937.406718750	23937.416468750	1400.000	4000.000	1.0000
91	Waveform 1	1	23960.174593750	23960.184343750	1400.000	4000.000	1.0000
91	Spectrogram 1	1	23960.174593750	23960.184343750	1400.000	4000.000	1.0000
92	Waveform 1	1	23960.429718750	23960.450843750	1400.000	4000.000	1.0000
92	Spectrogram 1	1	23960.429718750	23960.450843750	1400.000	4000.000	1.0000
93	Waveform 1	1	23970.488468750	23970.503093750	1400.000	4000.000	1.0000
93	Spectrogram 1	1	23970.488468750	23970.503093750	1400.000	4000.000	1.0000
94	Waveform 1	1	23970.875218750	23970.884968750	1400.000	4000.000	1.0000
94	Spectrogram 1	1	23970.875218750	23970.884968750	1400.000	4000.000	1.0000
95	Waveform 1	1	23986.759593750	23986.770968750	1400.000	4000.000	1.0000
95	Spectrogram 1	1	23986.759593750	23986.770968750	1400.000	4000.000	1.0000
96	Waveform 1	1	23986.811593750	23986.829468750	1400.000	4000.000	1.0000
96	Spectrogram 1	1	23986.811593750	23986.829468750	1400.000	4000.000	1.0000
97	Waveform 1	1	23986.863593750	23986.883093750	1400.000	4000.000	1.0000
97	Spectrogram 1	1	23986.863593750	23986.883093750	1400.000	4000.000	1.0000
98	Waveform 1	1	23986.991968750	23987.014718750	1400.000	4000.000	1.0000
98	Spectrogram 1	1	23986.991968750	23987.014718750	1400.000	4000.000	1.0000
99	Waveform 1	1	23987.130093750	23987.151218750	1400.000	4000.000	1.0000
99	Spectrogram 1	1	23987.130093750	23987.151218750	1400.000	4000.000	1.0000
100	Waveform 1	1	23987.253593750	23987.261718750	1400.000	4000.000	1.0000
100	Spectrogram 1	1	23987.253593750	23987.261718750	1400.000	4000.000	1.0000
101	Waveform 1	1	23989.107718750	23989.125593750	1400.000	4000.000	1.0000
101	Spectrogram 1	1	23989.107718750	23989.125593750	1400.000	4000.000	1.0000
102	Waveform 1	1	23994.153343750	23994.161468750	1400.000	4000.000	1.0000
102	Spectrogram 1	1	23994.153343750	23994.161468750	1400.000	4000.000	1.0000
103	Waveform 1	1	23994.648968750	23994.666843750	1400.000	4000.000	1.0000
103	Spectrogram 1	1	23994.648968750	23994.666843750	1400.000	4000.000	1.0000
104	Waveform 1	1	23994.749718750	23994.759468750	1400.000	4000.000	1.0000
104	Spectrogram 1	1	23994.749718750	23994.759468750	1400.000	4000.000	1.0000
105	Waveform 1	1	24004.007343750	24004.017093750	1400.000	4000.000	1.0000
105	Spectrogram 1	1	24004.007343750	24004.017093750	1400.000	4000.000	1.0000
106	Waveform 1	1	24020.991843750	24021.017843750	1400.000	4000.000	1.0000
106	Spectrogram 1	1	24020.991843750	24021.017843750	1400.000	4000.000	1.0000
107	Waveform 1	1	24021.268093750	24021.279468750	1400.000	4000.000	1.0000
107	Spectrogram 1	1	24021.268093750	24021.279468750	1400.000	4000.000	1.0000
108	Waveform 1	1	24024.890218750	24024.901593750	1400.000	4000.000	1.0000
108	Spectrogram 1	1	24024.890218750	24024.901593750	1400.000	4000.000	1.0000
109	Waveform 1	1	24025.055968750	24025.065718750	1400.000	4000.000	1.0000
109	Spectrogram 1	1	24025.055968750	24025.065718750	1400.000	4000.000	1.0000
110	Waveform 1	1	24028.234468750	24028.242593750	1400.000	4000.000	1.0000
110	Spectrogram 1	1	24028.234468750	24028.242593750	1400.000	4000.000	1.0000
111	Waveform 1	1	24040.207468750	24040.218843750	1400.000	4000.000	1.0000
111	Spectrogram 1	1	24040.207468750	24040.218843750	1400.000	4000.000	1.0000
112	Waveform 1	1	24061.431593750	24061.439718750	1400.000	4000.000	1.0000
112	Spectrogram 1	1	24061.431593750	24061.439718750	1400.000	4000.000	1.0000
113	Waveform 1	1	24064.185968750	24064.202218750	1400.000	4000.000	1.0000
113	Spectrogram 1	1	24064.185968750	24064.202218750	1400.000	4000.000	1.0000
114	Waveform 1	1	24066.540593750	24066.550343750	1400.000	4000.000	1.0000
114	Spectrogram 1	1	24066.540593750	24066.550343750	1400.000	4000.000	1.0000
115	Waveform 1	1	24067.341718750	24067.357968750	1400.000	4000.000	1.0000
115	Spectrogram 1	1	24067.341718750	24067.357968750	1400.000	4000.000	1.0000
116	Waveform 1	1	24072.956093750	24072.982093750	1400.000	4000.000	0.8750
116	Spectrogram 1	1	24072.956093750	24072.982093750	1400.000	4000.000	0.8750
117	Waveform 1	1	24074.819968750	24074.842718750	1400.000	4000.000	1.0000
117	Spectrogram 1	1	24074.819968750	24074.842718750	1400.000	4000.000	1.0000
118	Waveform 1	1	24074.979218750	24074.988968750	1400.000	4000.000	1.0000
118	Spectrogram 1	1	24074.979218750	24074.988968750	1400.000	4000.000	1.0000
119	Waveform 1	1	24079.907843750	24079.917593750	1400.000	4000.000	1.0000
119	Spectrogram 1	1	24079.907843750	24079.917593750	1400.000	4000.000	1.0000
120	Waveform 1	1	24080.325468750	24080.353093750	1400.000	4000.000	1.0000
120	Spectrogram 1	1	24080.325468750	24080.353093750	1400.000	4000.000	1.0000
121	Waveform 1	1	24080.474968750	24080.489593750	1400.000	4000.000	1.0000
121	Spectrogram 1	1	24080.474968750	24080.489593750	1400.000	4000.000	1.0000
122	Waveform 1	1	24081.388218750	24081.396343750	1400.000	4000.000	1.0000
122	Spectrogram 1	1	24081.388218750	24081.396343750	1400.000	4000.000	1.0000
123	Waveform 1	1	24086.510218750	24086.531343750	1400.000	4000.000	1.0000
123	Spectrogram 1	1	24086.510218750	24086.531343750	1400.000	4000.000	1.0000
124	Waveform 1	1	24087.181343750	24087.191093750	1400.000	4000.000	1.0000
124	Spectrogram 1	1	24087.181343750	24087.191093750	1400.000	4000.000	1.0000
125	Waveform 1	1	24101.708843750	24101.716968750	1400.000	4000.000	1.0000
125	Spectrogram 1	1	24101.708843750	24101.716968750	1400.000	4000.000	1.0000
126	Waveform 1	1	24101.754343750	24101.770593750	1400.000	4000.000	1.0000
126	Spectrogram 1	1	24101.754343750	24101.770593750	1400.000	4000.000	1.0000
127	Waveform 1	1	24101.825843750	24101.853468750	1400.000	4000.000	1.0000
127	Spectrogram 1	1	24101.825843750	24101.853468750	1400.000	4000.000	1.0000
128	Waveform 1	1	24125.328218750	24125.342843750	1400.000	4000.000	1.0000
128	Spectrogram 1	1	24125.328218750	24125.342843750	1400.000	4000.000	1.0000
129	Waveform 1	1	24134.096718750	24134.104843750	1400.000	4000.000	1.0000
129	Spectrogram 1	1	24134.096718750	24134.104843750	1400.000	4000.000	1.0000
130	Waveform 1	1	24157.651093750	24157.664093750	1400.000	4000.000	1.0000
130	Spectrogram 1	1	24157.651093750	24157.664093750	1400.000	4000.000	1.0000
131	Waveform 1	1	24321.993843750	24322.001968750	1400.000	4000.000	1.0000
131	Spectrogram 1	1	24321.993843750	24322.001968750	1400.000	4000.000	1.0000
132	Waveform 1	1	24327.699218750	24327.715468750	1400.000	4000.000	1.0000
132	Spectrogram 1	1	24327.699218750	24327.715468750	1400.000	4000.000	1.0000
133	Waveform 1	1	24333.716593750	24333.737718750	1400.000	4000.000	1.0000
133	Spectrogram 1	1	24333.716593750	24333.737718750	1400.000	4000.000	1.0000
134	Waveform 1	1	24349.623718750	24349.651343750	1400.000	4000.000	1.0000
134	Spectrogram 1	1	24349.623718750	24349.651343750	1400.000	4000.000	1.0000
135	Waveform 1	1	24350.018593750	24350.033218750	1400.000	4000.000	1.0000
135	Spectrogram 1	1	24350.018593750	24350.033218750	1400.000	4000.000	1.0000
136	Waveform 1	1	24350.088468750	24350.101468750	1400.000	4000.000	1.0000
136	Spectrogram 1	1	24350.088468750	24350.101468750	1400.000	4000.000	1.0000
137	Waveform 1	1	24439.463468750	24439.481343750	1400.000	4000.000	1.0000
137	Spectrogram 1	1	24439.463468750	24439.481343750	1400.000	4000.000	1.0000
138	Waveform 1	1	24519.494718750	24519.504468750	1400.000	4000.000	1.0000
138	Spectrogram 1	1	24519.494718750	24519.504468750	1400.000	4000.000	1.0000
139	Waveform 1	1	24571.210343750	24571.220093750	1400.000	4000.000	1.0000
139	Spectrogram 1	1	24571.210343750	24571.220093750	1400.000	4000.000	1.0000
140	Waveform 1	1	24571.432968750	24571.447593750	1400.000	4000.000	1.0000
140	Spectrogram 1	1	24571.432968750	24571.447593750	1400.000	4000.000	1.0000
141	Waveform 1	1	24618.395468750	24618.408468750	1400.000	4000.000	1.0000
141	Spectrogram 1	1	24618.395468750	24618.408468750	1400.000	4000.000	1.0000
142	Waveform 1	1	24626.653718750	24626.661843750	1400.000	4000.000	1.0000
142	Spectrogram 1	1	24626.653718750	24626.661843750	1400.000	4000.000	1.0000
143	Waveform 1	1	24639.795093750	24639.808093750	1400.000	4000.000	1.0000
143	Spectrogram 1	1	24639.795093750	24639.808093750	1400.000	4000.000	1.0000
144	Waveform 1	1	24810.676843750	24810.689843750	1400.000	4000.000	1.0000
144	Spectrogram 1	1	24810.676843750	24810.689843750	1400.000	4000.000	1.0000
145	Waveform 1	1	24817.423843750	24817.441718750	1400.000	4000.000	1.0000
145	Spectrogram 1	1	24817.423843750	24817.441718750	1400.000	4000.000	1.0000
146	Waveform 1	1	24824.084718750	24824.096093750	1400.000	4000.000	1.0000
146	Spectrogram 1	1	24824.084718750	24824.096093750	1400.000	4000.000	1.0000
147	Waveform 1	1	24825.509843750	24825.517968750	1400.000	4000.000	1.0000
147	Spectrogram 1	1	24825.509843750	24825.517968750	1400.000	4000.000	1.0000
148	Waveform 1	1	24826.764343750	24826.772468750	1400.000	4000.000	1.0000
148	Spectrogram 1	1	24826.764343750	24826.772468750	1400.000	4000.000	1.0000
149	Waveform 1	1	24826.865093750	24826.876468750	1400.000	4000.000	1.0000
149	Spectrogram 1	1	24826.865093750	24826.876468750	1400.000	4000.000	1.0000
150	Waveform 1	1	24836.966093750	24836.980718750	1400.000	4000.000	1.0000
150	Spectrogram 1	1	24836.966093750	24836.980718750	1400.000	4000.000	1.0000
151	Waveform 1	1	24841.200843750	24841.215468750	1400.000	4000.000	1.0000
151	Spectrogram 1	1	24841.200843750	24841.215468750	1400.000	4000.000	1.0000
152	Waveform 1	1	24850.536468750	24850.551093750	1400.000	4000.000	1.0000
152	Spectrogram 1	1	24850.536468750	24850.551093750	1400.000	4000.000	1.0000
153	Waveform 1	1	24853.614218750	24853.625593750	1400.000	4000.000	1.0000
153	Spectrogram 1	1	24853.614218750	24853.625593750	1400.000	4000.000	1.0000
154	Waveform 1	1	24864.223843750	24864.231968750	1400.000	4000.000	1.0000
154	Spectrogram 1	1	24864.223843750	24864.231968750	1400.000	4000.000	1.0000
155	Waveform 1	1	24864.348968750	24864.361968750	1400.000	4000.000	1.0000
155	Spectrogram 1	1	24864.348968750	24864.361968750	1400.000	4000.000	1.0000
156	Waveform 1	1	24864.399343750	24864.410718750	1400.000	4000.000	1.0000
156	Spectrogram 1	1	24864.399343750	24864.410718750	1400.000	4000.000	1.0000
157	Waveform 1	1	24908.693593750	24908.721218750	1400.000	4000.000	1.0000
157	Spectrogram 1	1	24908.693593750	24908.721218750	1400.000	4000.000	1.0000
158	Waveform 1	1	24945.683468750	24945.691593750	1400.000	4000.000	1.0000
158	Spectrogram 1	1	24945.683468750	24945.691593750	1400.000	4000.000	1.0000
159	Waveform 1	1	24946.216468750	24946.234343750	1400.000	4000.000	1.0000
159	Spectrogram 1	1	24946.216468750	24946.234343750	1400.000	4000.000	1.0000
160	Waveform 1	1	24946.372468750	24946.380593750	1400.000	4000.000	1.0000
160	Spectrogram 1	1	24946.372468750	24946.380593750	1400.000	4000.000	1.0000
161	Waveform 1	1	24965.917968750	24965.932593750	1400.000	4000.000	1.0000
161	Spectrogram 1	1	24965.917968750	24965.932593750	1400.000	4000.000	1.0000
162	Waveform 1	1	24965.965093750	24965.984593750	1400.000	4000.000	1.0000
162	Spectrogram 1	1	24965.965093750	24965.984593750	1400.000	4000.000	1.0000
163	Waveform 1	1	24985.661718750	24985.669843750	1400.000	4000.000	1.0000
163	Spectrogram 1	1	24985.661718750	24985.669843750	1400.000	4000.000	1.0000
164	Waveform 1	1	24985.721843750	24985.731593750	1400.000	4000.000	1.0000
164	Spectrogram 1	1	24985.721843750	24985.731593750	1400.000	4000.000	1.0000
165	Waveform 1	1	24985.861593750	24985.881093750	1400.000	4000.000	1.0000
165	Spectrogram 1	1	24985.861593750	24985.881093750	1400.000	4000.000	1.0000
166	Waveform 1	1	24986.077718750	24986.085843750	1400.000	4000.000	1.0000
166	Spectrogram 1	1	24986.077718750	24986.085843750	1400.000	4000.000	1.0000
167	Waveform 1	1	25033.753593750	25033.771468750	1400.000	4000.000	1.0000
167	Spectrogram 1	1	25033.753593750	25033.771468750	1400.000	4000.000	1.0000
168	Waveform 1	1	25161.957968750	25161.979093750	1400.000	4000.000	1.0000
168	Spectrogram 1	1	25161.957968750	25161.979093750	1400.000	4000.000	1.0000
169	Waveform 1	1	25171.836343750	25171.846093750	1400.000	4000.000	1.0000
169	Spectrogram 1	1	25171.836343750	25171.846093750	1400.000	4000.000	1.0000
170	Waveform 1	1	25294.016843750	25294.024968750	1400.000	4000.000	1.0000
170	Spectrogram 1	1	25294.016843750	25294.024968750	1400.000	4000.000	1.0000
171	Waveform 1	1	25384.339218750	25384.355468750	1400.000	4000.000	1.0000
171	Spectrogram 1	1	25384.339218750	25384.355468750	1400.000	4000.000	1.0000
172	Waveform 1	1	25480.659468750	25480.674093750	1400.000	4000.000	1.0000
172	Spectrogram 1	1	25480.659468750	25480.674093750	1400.000	4000.000	1.0000
173	Waveform 1	1	25728.302968750	25728.317593750	1400.000	4000.000	1.0000
173	Spectrogram 1	1	25728.302968750	25728.317593750	1400.000	4000.000	1.0000
174	Waveform 1	1	25884.613343750	25884.623093750	1400.000	4000.000	1.0000
174	Spectrogram 1	1	25884.613343750	25884.623093750	1400.000	4000.000	1.0000
175	Waveform 1	1	25894.101718750	25894.109843750	1400.000	4000.000	1.0000
175	Spectrogram 1	1	25894.101718750	25894.109843750	1400.000	4000.000	1.0000
176	Waveform 1	1	25894.636343750	25894.644468750	1400.000	4000.000	1.0000
176	Spectrogram 1	1	25894.636343750	25894.644468750	1400.000	4000.000	1.0000
177	Waveform 1	1	25901.674218750	25901.685593750	1400.000	4000.000	1.0000
177	Spectrogram 1	1	25901.674218750	25901.685593750	1400.000	4000.000	1.0000
178	Waveform 1	1	25926.603343750	25926.624468750	1400.000	4000.000	1.0000
178	Spectrogram 1	1	25926.603343750	25926.624468750	1400.000	4000.000	1.0000
179	Waveform 1	1	25963.489218750	25963.511968750	1400.000	4000.000	1.0000
179	Spectrogram 1	1	25963.489218750	25963.511968750	1400.000	4000.000	1.0000
180	Waveform 1	1	25991.268593750	25991.296218750	1400.000	4000.000	1.0000
180	Spectrogram 1	1	25991.268593750	25991.296218750	1400.000	4000.000	1.0000
181	Waveform 1	1	26003.402468750	26003.410593750	1400.000	4000.000	1.0000
181	Spectrogram 1	1	26003.402468750	26003.410593750	1400.000	4000.000	1.0000
182	Waveform 1	1	26003.535718750	26003.545468750	1400.000	4000.000	1.0000
182	Spectrogram 1	1	26003.535718750	26003.545468750	1400.000	4000.000	1.0000
183	Waveform 1	1	26008.439968750	26008.451343750	1400.000	4000.000	1.0000
183	Spectrogram 1	1	26008.439968750	26008.451343750	1400.000	4000.000	1.0000
184	Waveform 1	1	26020.484468750	26020.500718750	1400.000	4000.000	1.0000
184	Spectrogram 1	1	26020.484468750	26020.500718750	1400.000	4000.000	1.0000
185	Waveform 1	1	26064.879468750	26064.892468750	1400.000	4000.000	1.0000
185	Spectrogram 1	1	26064.879468750	26064.892468750	1400.000	4000.000	1.0000
186	Waveform 1	1	26064.950968750	26064.960718750	1400.000	4000.000	1.0000
186	Spectrogram 1	1	26064.950968750	26064.960718750	1400.000	4000.000	1.0000
187	Waveform 1	1	26065.041968750	26065.056593750	1400.000	4000.000	1.0000
187	Spectrogram 1	1	26065.041968750	26065.056593750	1400.000	4000.000	1.0000
188	Waveform 1	1	26065.108593750	26065.116718750	1400.000	4000.000	1.0000
188	Spectrogram 1	1	26065.108593750	26065.116718750	1400.000	4000.000	1.0000
189	Waveform 1	1	26073.919343750	26073.945343750	1400.000	4000.000	1.0000
189	Spectrogram 1	1	26073.919343750	26073.945343750	1400.000	4000.000	1.0000
190	Waveform 1	1	26074.015218750	26074.036343750	1400.000	4000.000	1.0000
190	Spectrogram 1	1	26074.015218750	26074.036343750	1400.000	4000.000	1.0000
191	Waveform 1	1	26074.501093750	26074.509218750	1400.000	4000.000	1.0000
191	Spectrogram 1	1	26074.501093750	26074.509218750	1400.000	4000.000	1.0000
192	Waveform 1	1	26112.532593750	26112.545593750	1400.000	4000.000	1.0000
192	Spectrogram 1	1	26112.532593750	26112.545593750	1400.000	4000.000	1.0000
193	Waveform 1	1	26134.276718750	26134.289718750	1400.000	4000.000	1.0000
193	Spectrogram 1	1	26134.276718750	26134.289718750	1400.000	4000.000	1.0000
194	Waveform 1	1	26229.969718750	26229.984343750	1400.000	4000.000	1.0000
194	Spectrogram 1	1	26229.969718750	26229.984343750	1400.000	4000.000	1.0000
195	Waveform 1	1	26230.249218750	26230.273593750	1400.000	4000.000	1.0000
195	Spectrogram 1	1	26230.249218750	26230.273593750	1400.000	4000.000	1.0000
196	Waveform 1	1	26285.104343750	26285.127093750	1400.000	4000.000	1.0000
196	Spectrogram 1	1	26285.104343750	26285.127093750	1400.000	4000.000	1.0000
197	Waveform 1	1	26351.032218750	26351.040343750	1400.000	4000.000	1.0000
197	Spectrogram 1	1	26351.032218750	26351.040343750	1400.000	4000.000	1.0000
198	Waveform 1	1	26512.066468750	26512.085968750	1400.000	4000.000	1.0000
198	Spectrogram 1	1	26512.066468750	26512.085968750	1400.000	4000.000	1.0000
199	Waveform 1	1	26512.172093750	26512.186718750	1400.000	4000.000	1.0000
199	Spectrogram 1	1	26512.172093750	26512.186718750	1400.000	4000.000	1.0000
200	Waveform 1	1	26512.246843750	26512.264718750	1400.000	4000.000	1.0000
200	Spectrogram 1	1	26512.246843750	26512.264718750	1400.000	4000.000	1.0000
201	Waveform 1	1	26562.199343750	26562.228593750	1400.000	4000.000	1.0000
201	Spectrogram 1	1	26562.199343750	26562.228593750	1400.000	4000.000	1.0000
202	Waveform 1	1	26670.242343750	26670.255343750	1400.000	4000.000	1.0000
202	Spectrogram 1	1	26670.242343750	26670.255343750	1400.000	4000.000	1.0000
203	Waveform 1	1	26670.299218750	26670.317093750	1400.000	4000.000	1.0000
203	Spectrogram 1	1	26670.299218750	26670.317093750	1400.000	4000.000	1.0000
204	Waveform 1	1	26697.347343750	26697.361968750	1400.000	4000.000	1.0000
204	Spectrogram 1	1	26697.347343750	26697.361968750	1400.000	4000.000	1.0000
205	Waveform 1	1	26697.394468750	26697.402593750	1400.000	4000.000	1.0000
205	Spectrogram 1	1	26697.394468750	26697.402593750	1400.000	4000.000	1.0000
206	Waveform 1	1	26727.120593750	26727.130343750	1400.000	4000.000	1.0000
206	Spectrogram 1	1	26727.120593750	26727.130343750	1400.000	4000.000	1.0000
207	Waveform 1	1	26837.553968750	26837.570218750	1400.000	4000.000	1.0000
207	Spectrogram 1	1	26837.553968750	26837.570218750	1400.000	4000.000	1.0000
208	Waveform 1	1	26879.769843750	26879.777968750	1400.000	4000.000	1.0000
208	Spectrogram 1	1	26879.769843750	26879.777968750	1400.000	4000.000	1.0000
209	Waveform 1	1	26880.016843750	26880.034718750	1400.000	4000.000	1.0000
209	Spectrogram 1	1	26880.016843750	26880.034718750	1400.000	4000.000	1.0000
210	Waveform 1	1	26917.217968750	26917.229343750	1400.000	4000.000	1.0000
210	Spectrogram 1	1	26917.217968750	26917.229343750	1400.000	4000.000	1.0000
211	Waveform 1	1	26917.299218750	26917.330093750	1400.000	4000.000	1.0000
211	Spectrogram 1	1	26917.299218750	26917.330093750	1400.000	4000.000	1.0000
212	Waveform 1	1	26928.604343750	26928.622218750	1400.000	4000.000	1.0000
212	Spectrogram 1	1	26928.604343750	26928.622218750	1400.000	4000.000	1.0000
213	Waveform 1	1	26928.891968750	26928.916343750	1400.000	4000.000	1.0000
213	Spectrogram 1	1	26928.891968750	26928.916343750	1400.000	4000.000	1.0000
214	Waveform 1	1	26964.058593750	26964.074843750	1400.000	4000.000	1.0000
214	Spectrogram 1	1	26964.058593750	26964.074843750	1400.000	4000.000	1.0000
215	Waveform 1	1	26979.127218750	26979.151593750	1400.000	4000.000	1.0000
215	Spectrogram 1	1	26979.127218750	26979.151593750	1400.000	4000.000	1.0000
216	Waveform 1	1	27031.981968750	27031.990093750	1400.000	4000.000	1.0000
216	Spectrogram 1	1	27031.981968750	27031.990093750	1400.000	4000.000	1.0000
217	Waveform 1	1	27032.461343750	27032.471093750	1400.000	4000.000	1.0000
217	Spectrogram 1	1	27032.461343750	27032.471093750	1400.000	4000.000	1.0000
218	Waveform 1	1	27068.251968750	27068.260093750	1400.000	4000.000	1.0000
218	Spectrogram 1	1	27068.251968750	27068.260093750	1400.000	4000.000	1.0000
219	Waveform 1	1	27068.321843750	27068.339718750	1400.000	4000.000	1.0000
219	Spectrogram 1	1	27068.321843750	27068.339718750	1400.000	4000.000	1.0000
220	Waveform 1	1	27095.186343750	27095.199343750	1400.000	4000.000	1.0000
220	Spectrogram 1	1	27095.186343750	27095.199343750	1400.000	4000.000	1.0000
221	Waveform 1	1	27109.668343750	27109.676468750	1400.000	4000.000	1.0000
221	Spectrogram 1	1	27109.668343750	27109.676468750	1400.000	4000.000	1.0000
222	Waveform 1	1	27120.814218750	27120.822343750	1400.000	4000.000	1.0000
222	Spectrogram 1	1	27120.814218750	27120.822343750	1400.000	4000.000	1.0000
223	Waveform 1	1	27120.875968750	27120.900343750	1400.000	4000.000	1.0000
223	Spectrogram 1	1	27120.875968750	27120.900343750	1400.000	4000.000	1.0000
224	Waveform 1	1	27121.704718750	27121.732343750	1400.000	4000.000	1.0000
224	Spectrogram 1	1	27121.704718750	27121.732343750	1400.000	4000.000	1.0000
225	Waveform 1	1	27121.787593750	27121.797343750	1400.000	4000.000	1.0000
225	Spectrogram 1	1	27121.787593750	27121.797343750	1400.000	4000.000	1.0000
226	Waveform 1	1	27121.844468750	27121.852593750	1400.000	4000.000	1.0000
226	Spectrogram 1	1	27121.844468750	27121.852593750	1400.000	4000.000	1.0000
227	Waveform 1	1	27133.440468750	27133.455093750	1400.000	4000.000	1.0000
227	Spectrogram 1	1	27133.440468750	27133.455093750	1400.000	4000.000	1.0000
228	Waveform 1	1	27185.731343750	27185.750843750	1400.000	4000.000	1.0000
228	Spectrogram 1	1	27185.731343750	27185.750843750	1400.000	4000.000	1.0000
229	Waveform 1	1	27206.927843750	27206.937593750	1400.000	4000.000	1.0000
229	Spectrogram 1	1	27206.927843750	27206.937593750	1400.000	4000.000	1.0000
230	Waveform 1	1	27218.562843750	27218.577468750	1400.000	4000.000	1.0000
230	Spectrogram 1	1	27218.562843750	27218.577468750	1400.000	4000.000	1.0000
231	Waveform 1	1	27218.887843750	27218.895968750	1400.000	4000.000	1.0000
231	Spectrogram 1	1	27218.887843750	27218.895968750	1400.000	4000.000	1.0000
232	Waveform 1	1	27238.436593750	27238.459343750	1400.000	4000.000	1.0000
232	Spectrogram 1	1	27238.436593750	27238.459343750	1400.000	4000.000	1.0000
233	Waveform 1	1	27239.531843750	27239.543218750	1400.000	4000.000	1.0000
233	Spectrogram 1	1	27239.531843750	27239.543218750	1400.000	4000.000	1.0000
234	Waveform 1	1	27239.593593750	27239.619593750	1400.000	4000.000	1.0000
234	Spectrogram 1	1	27239.593593750	27239.619593750	1400.000	4000.000	1.0000
235	Waveform 1	1	27246.491718750	27246.503093750	1400.000	4000.000	1.0000
235	Spectrogram 1	1	27246.491718750	27246.503093750	1400.000	4000.000	1.0000
236	Waveform 1	1	27261.209343750	27261.220718750	1400.000	4000.000	1.0000
236	Spectrogram 1	1	27261.209343750	27261.220718750	1400.000	4000.000	1.0000
237	Waveform 1	1	27270.262218750	27270.271968750	1400.000	4000.000	1.0000
237	Spectrogram 1	1	27270.262218750	27270.271968750	1400.000	4000.000	1.0000
238	Waveform 1	1	27271.682468750	27271.701968750	1400.000	4000.000	1.0000
238	Spectrogram 1	1	27271.682468750	27271.701968750	1400.000	4000.000	1.0000
239	Waveform 1	1	27296.026593750	27296.055843750	1400.000	4000.000	1.0000
239	Spectrogram 1	1	27296.026593750	27296.055843750	1400.000	4000.000	1.0000
240	Waveform 1	1	27330.158093750	27330.182468750	1400.000	4000.000	1.0000
240	Spectrogram 1	1	27330.158093750	27330.182468750	1400.000	4000.000	1.0000
241	Waveform 1	1	27330.801593750	27330.816218750	1400.000	4000.000	1.0000
241	Spectrogram 1	1	27330.801593750	27330.816218750	1400.000	4000.000	1.0000
242	Waveform 1	1	27330.902343750	27330.929968750	1400.000	4000.000	1.0000
242	Spectrogram 1	1	27330.902343750	27330.929968750	1400.000	4000.000	1.0000
243	Waveform 1	1	27331.417468750	27331.427218750	1400.000	4000.000	1.0000
243	Spectrogram 1	1	27331.417468750	27331.427218750	1400.000	4000.000	1.0000
244	Waveform 1	1	27373.321343750	27373.332718750	1400.000	4000.000	1.0000
244	Spectrogram 1	1	27373.321343750	27373.332718750	1400.000	4000.000	1.0000
245	Waveform 1	1	27373.409093750	27373.433468750	1400.000	4000.000	1.0000
245	Spectrogram 1	1	27373.409093750	27373.433468750	1400.000	4000.000	1.0000
246	Waveform 1	1	27406.479468750	27406.487593750	1400.000	4000.000	1.0000
246	Spectrogram 1	1	27406.479468750	27406.487593750	1400.000	4000.000	1.0000
247	Waveform 1	1	27480.766343750	27480.776093750	1400.000	4000.000	1.0000
247	Spectrogram 1	1	27480.766343750	27480.776093750	1400.000	4000.000	1.0000
248	Waveform 1	1	27480.927218750	27480.936968750	1400.000	4000.000	1.0000
248	Spectrogram 1	1	27480.927218750	27480.936968750	1400.000	4000.000	1.0000
249	Waveform 1	1	27480.988968750	27481.001968750	1400.000	4000.000	1.0000
249	Spectrogram 1	1	27480.988968750	27481.001968750	1400.000	4000.000	1.0000
250	Waveform 1	1	27492.612593750	27492.620718750	1400.000	4000.000	1.0000
250	Spectrogram 1	1	27492.612593750	27492.620718750	1400.000	4000.000	1.0000
251	Waveform 1	1	27492.664593750	27492.674343750	1400.000	4000.000	1.0000
251	Spectrogram 1	1	27492.664593750	27492.674343750	1400.000	4000.000	1.0000
252	Waveform 1	1	27492.810843750	27492.825468750	1400.000	4000.000	1.0000
252	Spectrogram 1	1	27492.810843750	27492.825468750	1400.000	4000.000	1.0000
253	Waveform 1	1	27492.880718750	27492.892093750	1400.000	4000.000	1.0000
253	Spectrogram 1	1	27492.880718750	27492.892093750	1400.000	4000.000	1.0000
254	Waveform 1	1	27493.491718750	27493.501468750	1400.000	4000.000	1.0000
254	Spectrogram 1	1	27493.491718750	27493.501468750	1400.000	4000.000	1.0000
255	Waveform 1	1	27535.512593750	27535.536968750	1400.000	4000.000	1.0000
255	Spectrogram 1	1	27535.512593750	27535.536968750	1400.000	4000.000	1.0000
256	Waveform 1	1	27535.720593750	27535.736843750	1400.000	4000.000	1.0000
256	Spectrogram 1	1	27535.720593750	27535.736843750	1400.000	4000.000	1.0000
257	Waveform 1	1	27538.002093750	27538.015093750	1400.000	4000.000	1.0000
257	Spectrogram 1	1	27538.002093750	27538.015093750	1400.000	4000.000	1.0000
258	Waveform 1	1	27540.818218750	27540.839343750	1400.000	4000.000	1.0000
258	Spectrogram 1	1	27540.818218750	27540.839343750	1400.000	4000.000	1.0000
259	Waveform 1	1	27540.917343750	27540.940093750	1400.000	4000.000	1.0000
259	Spectrogram 1	1	27540.917343750	27540.940093750	1400.000	4000.000	1.0000
260	Waveform 1	1	27546.991593750	27547.009468750	1400.000	4000.000	1.0000
260	Spectrogram 1	1	27546.991593750	27547.009468750	1400.000	4000.000	1.0000
261	Waveform 1	1	27566.582593750	27566.592343750	1400.000	4000.000	1.0000
261	Spectrogram 1	1	27566.582593750	27566.592343750	1400.000	4000.000	1.0000
262	Waveform 1	1	27608.109468750	27608.140343750	1400.000	4000.000	0.8421
262	Spectrogram 1	1	27608.109468750	27608.140343750	1400.000	4000.000	0.8421
263	Waveform 1	1	27608.536843750	27608.548218750	1400.000	4000.000	1.0000
263	Spectrogram 1	1	27608.536843750	27608.548218750	1400.000	4000.000	1.0000
264	Waveform 1	1	27608.975593750	27608.991843750	1400.000	4000.000	1.0000
264	Spectrogram 1	1	27608.975593750	27608.991843750	1400.000	4000.000	1.0000
265	Waveform 1	1	27609.035718750	27609.051968750	1400.000	4000.000	1.0000
265	Spectrogram 1	1	27609.035718750	27609.051968750	1400.000	4000.000	1.0000
266	Waveform 1	1	27731.672843750	27731.697218750	1400.000	4000.000	1.0000
266	Spectrogram 1	1	27731.672843750	27731.697218750	1400.000	4000.000	1.0000
267	Waveform 1	1	27732.035218750	27732.044968750	1400.000	4000.000	1.0000
267	Spectrogram 1	1	27732.035218750	27732.044968750	1400.000	4000.000	1.0000
268	Waveform 1	1	27732.088843750	27732.098593750	1400.000	4000.000	1.0000
268	Spectrogram 1	1	27732.088843750	27732.098593750	1400.000	4000.000	1.0000
269	Waveform 1	1	27732.672218750	27732.680343750	1400.000	4000.000	1.0000
269	Spectrogram 1	1	27732.672218750	27732.680343750	1400.000	4000.000	1.0000
270	Waveform 1	1	27760.170468750	27760.180218750	1400.000	4000.000	1.0000
270	Spectrogram 1	1	27760.170468750	27760.180218750	1400.000	4000.000	1.0000
271	Waveform 1	1	27785.317343750	27785.333593750	1400.000	4000.000	1.0000
271	Spectrogram 1	1	27785.317343750	27785.333593750	1400.000	4000.000	1.0000
272	Waveform 1	1	27791.812468750	27791.827093750	1400.000	4000.000	1.0000
272	Spectrogram 1	1	27791.812468750	27791.827093750	1400.000	4000.000	1.0000
273	Waveform 1	1	27796.004968750	27796.016343750	1400.000	4000.000	1.0000
273	Spectrogram 1	1	27796.004968750	27796.016343750	1400.000	4000.000	1.0000
274	Waveform 1	1	27805.137468750	27805.152093750	1400.000	4000.000	1.0000
274	Spectrogram 1	1	27805.137468750	27805.152093750	1400.000	4000.000	1.0000
275	Waveform 1	1	27816.080218750	27816.098093750	1400.000	4000.000	1.0000
275	Spectrogram 1	1	27816.080218750	27816.098093750	1400.000	4000.000	1.0000
276	Waveform 1	1	27816.164718750	27816.180968750	1400.000	4000.000	1.0000
276	Spectrogram 1	1	27816.164718750	27816.180968750	1400.000	4000.000	1.0000
277	Waveform 1	1	27816.234593750	27816.245968750	1400.000	4000.000	1.0000
277	Spectrogram 1	1	27816.234593750	27816.245968750	1400.000	4000.000	1.0000
278	Waveform 1	1	27816.330468750	27816.341843750	1400.000	4000.000	1.0000
278	Spectrogram 1	1	27816.330468750	27816.341843750	1400.000	4000.000	1.0000
279	Waveform 1	1	27866.637218750	27866.650218750	1400.000	4000.000	1.0000
279	Spectrogram 1	1	27866.637218750	27866.650218750	1400.000	4000.000	1.0000
280	Waveform 1	1	27867.439968750	27867.459468750	1400.000	4000.000	1.0000
280	Spectrogram 1	1	27867.439968750	27867.459468750	1400.000	4000.000	1.0000
281	Waveform 1	1	27882.882343750	27882.896968750	1400.000	4000.000	1.0000
281	Spectrogram 1	1	27882.882343750	27882.896968750	1400.000	4000.000	1.0000
282	Waveform 1	1	27888.030343750	27888.040093750	1400.000	4000.000	1.0000
282	Spectrogram 1	1	27888.030343750	27888.040093750	1400.000	4000.000	1.0000
283	Waveform 1	1	27911.784593750	27911.797593750	1400.000	4000.000	1.0000
283	Spectrogram 1	1	27911.784593750	27911.797593750	1400.000	4000.000	1.0000
284	Waveform 1	1	27967.161343750	27967.174343750	1400.000	4000.000	1.0000
284	Spectrogram 1	1	27967.161343750	27967.174343750	1400.000	4000.000	1.0000
285	Waveform 1	1	27967.216593750	27967.247468750	1400.000	4000.000	0.7368
285	Spectrogram 1	1	27967.216593750	27967.247468750	1400.000	4000.000	0.7368
286	Waveform 1	1	27967.925093750	27967.949468750	1400.000	4000.000	1.0000
286	Spectrogram 1	1	27967.925093750	27967.949468750	1400.000	4000.000	1.0000
287	Waveform 1	1	27977.231468750	27977.242843750	1400.000	4000.000	1.0000
287	Spectrogram 1	1	27977.231468750	27977.242843750	1400.000	4000.000	1.0000
288	Waveform 1	1	27978.768718750	27978.794718750	1400.000	4000.000	1.0000
288	Spectrogram 1	1	27978.768718750	27978.794718750	1400.000	4000.000	1.0000
289	Waveform 1	1	28000.735468750	28000.761468750	1400.000	4000.000	1.0000
289	Spectrogram 1	1	28000.735468750	28000.761468750	1400.000	4000.000	1.0000
290	Waveform 1	1	28006.018343750	28006.032968750	1400.000	4000.000	1.0000
290	Spectrogram 1	1	28006.018343750	28006.032968750	1400.000	4000.000	1.0000
291	Waveform 1	1	28006.071968750	28006.083343750	1400.000	4000.000	1.0000
291	Spectrogram 1	1	28006.071968750	28006.083343750	1400.000	4000.000	1.0000
292	Waveform 1	1	28006.236093750	28006.245843750	1400.000	4000.000	1.0000
292	Spectrogram 1	1	28006.236093750	28006.245843750	1400.000	4000.000	1.0000
293	Waveform 1	1	28006.421343750	28006.442468750	1400.000	4000.000	1.0000
293	Spectrogram 1	1	28006.421343750	28006.442468750	1400.000	4000.000	1.0000
294	Waveform 1	1	28007.344343750	28007.354093750	1400.000	4000.000	1.0000
294	Spectrogram 1	1	28007.344343750	28007.354093750	1400.000	4000.000	1.0000
295	Waveform 1	1	28007.579968750	28007.591343750	1400.000	4000.000	1.0000
295	Spectrogram 1	1	28007.579968750	28007.591343750	1400.000	4000.000	1.0000
296	Waveform 1	1	28009.676218750	28009.685968750	1400.000	4000.000	1.0000
296	Spectrogram 1	1	28009.676218750	28009.685968750	1400.000	4000.000	1.0000
297	Waveform 1	1	28022.321968750	28022.338218750	1400.000	4000.000	1.0000
297	Spectrogram 1	1	28022.321968750	28022.338218750	1400.000	4000.000	1.0000
298	Waveform 1	1	28028.305218750	28028.321468750	1400.000	4000.000	1.0000
298	Spectrogram 1	1	28028.305218750	28028.321468750	1400.000	4000.000	1.0000
299	Waveform 1	1	28048.315468750	28048.326843750	1400.000	4000.000	1.0000
299	Spectrogram 1	1	28048.315468750	28048.326843750	1400.000	4000.000	1.0000
300	Waveform 1	1	28049.782843750	28049.795843750	1400.000	4000.000	1.0000
300	Spectrogram 1	1	28049.782843750	28049.795843750	1400.000	4000.000	1.0000
301	Waveform 1	1	28049.833218750	28049.854343750	1400.000	4000.000	1.0000
301	Spectrogram 1	1	28049.833218750	28049.854343750	1400.000	4000.000	1.0000
302	Waveform 1	1	28055.470343750	28055.486593750	1400.000	4000.000	1.0000
302	Spectrogram 1	1	28055.470343750	28055.486593750	1400.000	4000.000	1.0000
303	Waveform 1	1	28062.951843750	28062.959968750	1400.000	4000.000	1.0000
303	Spectrogram 1	1	28062.951843750	28062.959968750	1400.000	4000.000	1.0000
304	Waveform 1	1	28073.270593750	28073.290093750	1400.000	4000.000	1.0000
304	Spectrogram 1	1	28073.270593750	28073.290093750	1400.000	4000.000	1.0000
305	Waveform 1	1	28077.370468750	28077.378593750	1400.000	4000.000	1.0000
305	Spectrogram 1	1	28077.370468750	28077.378593750	1400.000	4000.000	1.0000
306	Waveform 1	1	28087.905343750	28087.913468750	1400.000	4000.000	1.0000
306	Spectrogram 1	1	28087.905343750	28087.913468750	1400.000	4000.000	1.0000
307	Waveform 1	1	28087.983343750	28087.999593750	1400.000	4000.000	1.0000
307	Spectrogram 1	1	28087.983343750	28087.999593750	1400.000	4000.000	1.0000
308	Waveform 1	1	28201.471718750	28201.491218750	1400.000	4000.000	1.0000
308	Spectrogram 1	1	28201.471718750	28201.491218750	1400.000	4000.000	1.0000
309	Waveform 1	1	28201.525343750	28201.538343750	1400.000	4000.000	1.0000
309	Spectrogram 1	1	28201.525343750	28201.538343750	1400.000	4000.000	1.0000
310	Waveform 1	1	28504.469218750	28504.483843750	1400.000	4000.000	1.0000
310	Spectrogram 1	1	28504.469218750	28504.483843750	1400.000	4000.000	1.0000
311	Waveform 1	1	28504.812093750	28504.826718750	1400.000	4000.000	1.0000
311	Spectrogram 1	1	28504.812093750	28504.826718750	1400.000	4000.000	1.0000
312	Waveform 1	1	28513.879593750	28513.887718750	1400.000	4000.000	1.0000
312	Spectrogram 1	1	28513.879593750	28513.887718750	1400.000	4000.000	1.0000
313	Waveform 1	1	28513.988468750	28514.006343750	1400.000	4000.000	1.0000
313	Spectrogram 1	1	28513.988468750	28514.006343750	1400.000	4000.000	1.0000
314	Waveform 1	1	28777.058093750	28777.072718750	1400.000	4000.000	1.0000
314	Spectrogram 1	1	28777.058093750	28777.072718750	1400.000	4000.000	1.0000
315	Waveform 1	1	28796.400468750	28796.410218750	1400.000	4000.000	1.0000
315	Spectrogram 1	1	28796.400468750	28796.410218750	1400.000	4000.000	1.0000
316	Waveform 1	1	28906.204968750	28906.219593750	1400.000	4000.000	1.0000
316	Spectrogram 1	1	28906.204968750	28906.219593750	1400.000	4000.000	1.0000
317	Waveform 1	1	28913.070593750	28913.101468750	1400.000	4000.000	1.0000
317	Spectrogram 1	1	28913.070593750	28913.101468750	1400.000	4000.000	1.0000
318	Waveform 1	1	28913.389093750	28913.397218750	1400.000	4000.000	1.0000
318	Spectrogram 1	1	28913.389093750	28913.397218750	1400.000	4000.000	1.0000
319	Waveform 1	1	29059.447343750	29059.463593750	1400.000	4000.000	1.0000
319	Spectrogram 1	1	29059.447343750	29059.463593750	1400.000	4000.000	1.0000
320	Waveform 1	1	29207.135468750	29207.145218750	1400.000	4000.000	1.0000
320	Spectrogram 1	1	29207.135468750	29207.145218750	1400.000	4000.000	1.0000
321	Waveform 1	1	29207.470218750	29207.478343750	1400.000	4000.000	1.0000
321	Spectrogram 1	1	29207.470218750	29207.478343750	1400.000	4000.000	1.0000
322	Waveform 1	1	29241.487968750	29241.497718750	1400.000	4000.000	1.0000
322	Spectrogram 1	1	29241.487968750	29241.497718750	1400.000	4000.000	1.0000
323	Waveform 1	1	29660.471468750	29660.484468750	1400.000	4000.000	1.0000
323	Spectrogram 1	1	29660.471468750	29660.484468750	1400.000	4000.000	1.0000
324	Waveform 1	1	29726.766593750	29726.789343750	1400.000	4000.000	1.0000
324	Spectrogram 1	1	29726.766593750	29726.789343750	1400.000	4000.000	1.0000
325	Waveform 1	1	29772.841843750	29772.861343750	1400.000	4000.000	1.0000
325	Spectrogram 1	1	29772.841843750	29772.861343750	1400.000	4000.000	1.0000
326	Waveform 1	1	29773.610468750	29773.625093750	1400.000	4000.000	1.0000
326	Spectrogram 1	1	29773.610468750	29773.625093750	1400.000	4000.000	1.0000
327	Waveform 1	1	29819.204718750	29819.214468750	1400.000	4000.000	1.0000
327	Spectrogram 1	1	29819.204718750	29819.214468750	1400.000	4000.000	1.0000
328	Waveform 1	1	29956.476593750	29956.489593750	1400.000	4000.000	1.0000
328	Spectrogram 1	1	29956.476593750	29956.489593750	1400.000	4000.000	1.0000
329	Waveform 1	1	29979.445968750	29979.457343750	1400.000	4000.000	1.0000
329	Spectrogram 1	1	29979.445968750	29979.457343750	1400.000	4000.000	1.0000
330	Waveform 1	1	30013.463718750	30013.471843750	1400.000	4000.000	1.0000
330	Spectrogram 1	1	30013.463718750	30013.471843750	1400.000	4000.000	1.0000
331	Waveform 1	1	30193.136718750	30193.148093750	1400.000	4000.000	1.0000
331	Spectrogram 1	1	30193.136718750	30193.148093750	1400.000	4000.000	1.0000
332	Waveform 1	1	30238.197968750	30238.214218750	1400.000	4000.000	1.0000
332	Spectrogram 1	1	30238.197968750	30238.214218750	1400.000	4000.000	1.0000
333	Waveform 1	1	30238.259718750	30238.272718750	1400.000	4000.000	1.0000
333	Spectrogram 1	1	30238.259718750	30238.272718750	1400.000	4000.000	1.0000
334	Waveform 1	1	30264.353968750	30264.363718750	1400.000	4000.000	1.0000
334	Spectrogram 1	1	30264.353968750	30264.363718750	1400.000	4000.000	1.0000
335	Waveform 1	1	30275.979218750	30275.992218750	1400.000	4000.000	1.0000
335	Spectrogram 1	1	30275.979218750	30275.992218750	1400.000	4000.000	1.0000
336	Waveform 1	1	30317.223343750	30317.236343750	1400.000	4000.000	1.0000
336	Spectrogram 1	1	30317.223343750	30317.236343750	1400.000	4000.000	1.0000
337	Waveform 1	1	30340.709468750	30340.722468750	1400.000	4000.000	1.0000
337	Spectrogram 1	1	30340.709468750	30340.722468750	1400.000	4000.000	1.0000
338	Waveform 1	1	30340.832968750	30340.849218750	1400.000	4000.000	1.0000
338	Spectrogram 1	1	30340.832968750	30340.849218750	1400.000	4000.000	1.0000
339	Waveform 1	1	30383.615968750	30383.627343750	1400.000	4000.000	1.0000
339	Spectrogram 1	1	30383.615968750	30383.627343750	1400.000	4000.000	1.0000
340	Waveform 1	1	30392.360093750	30392.371468750	1400.000	4000.000	1.0000
340	Spectrogram 1	1	30392.360093750	30392.371468750	1400.000	4000.000	1.0000
341	Waveform 1	1	30404.989593750	30405.000968750	1400.000	4000.000	1.0000
341	Spectrogram 1	1	30404.989593750	30405.000968750	1400.000	4000.000	1.0000
342	Waveform 1	1	30405.233343750	30405.241468750	1400.000	4000.000	1.0000
342	Spectrogram 1	1	30405.233343750	30405.241468750	1400.000	4000.000	1.0000
343	Waveform 1	1	30407.332843750	30407.340968750	1400.000	4000.000	1.0000
343	Spectrogram 1	1	30407.332843750	30407.340968750	1400.000	4000.000	1.0000
344	Waveform 1	1	30407.636718750	30407.654593750	1400.000	4000.000	1.0000
344	Spectrogram 1	1	30407.636718750	30407.654593750	1400.000	4000.000	1.0000
345	Waveform 1	1	30423.412218750	30423.434968750	1400.000	4000.000	1.0000
345	Spectrogram 1	1	30423.412218750	30423.434968750	1400.000	4000.000	1.0000
346	Waveform 1	1	30433.695218750	30433.704968750	1400.000	4000.000	1.0000
346	Spectrogram 1	1	30433.695218750	30433.704968750	1400.000	4000.000	1.0000
347	Waveform 1	1	30440.911843750	30440.926468750	1400.000	4000.000	1.0000
347	Spectrogram 1	1	30440.911843750	30440.926468750	1400.000	4000.000	1.0000
348	Waveform 1	1	30445.816093750	30445.825843750	1400.000	4000.000	1.0000
348	Spectrogram 1	1	30445.816093750	30445.825843750	1400.000	4000.000	1.0000
349	Waveform 1	1	30446.457968750	30446.466093750	1400.000	4000.000	1.0000
349	Spectrogram 1	1	30446.457968750	30446.466093750	1400.000	4000.000	1.0000
350	Waveform 1	1	30446.532718750	30446.548968750	1400.000	4000.000	1.0000
350	Spectrogram 1	1	30446.532718750	30446.548968750	1400.000	4000.000	1.0000
351	Waveform 1	1	30465.075593750	30465.088593750	1400.000	4000.000	1.0000
351	Spectrogram 1	1	30465.075593750	30465.088593750	1400.000	4000.000	1.0000
352	Waveform 1	1	30471.497593750	30471.523593750	1400.000	4000.000	1.0000
352	Spectrogram 1	1	30471.497593750	30471.523593750	1400.000	4000.000	1.0000
353	Waveform 1	1	30471.773843750	30471.781968750	1400.000	4000.000	1.0000
353	Spectrogram 1	1	30471.773843750	30471.781968750	1400.000	4000.000	1.0000
354	Waveform 1	1	30493.654468750	30493.664218750	1400.000	4000.000	1.0000
354	Spectrogram 1	1	30493.654468750	30493.664218750	1400.000	4000.000	1.0000
355	Waveform 1	1	30518.406468750	30518.421093750	1400.000	4000.000	1.0000
355	Spectrogram 1	1	30518.406468750	30518.421093750	1400.000	4000.000	1.0000
356	Waveform 1	1	30560.118593750	30560.146218750	1400.000	4000.000	1.0000
356	Spectrogram 1	1	30560.118593750	30560.146218750	1400.000	4000.000	1.0000
357	Waveform 1	1	30560.407843750	30560.422468750	1400.000	4000.000	1.0000
357	Spectrogram 1	1	30560.407843750	30560.422468750	1400.000	4000.000	1.0000
358	Waveform 1	1	30561.829718750	30561.842718750	1400.000	4000.000	1.0000
358	Spectrogram 1	1	30561.829718750	30561.842718750	1400.000	4000.000	1.0000
359	Waveform 1	1	30593.575718750	30593.587093750	1400.000	4000.000	1.0000
359	Spectrogram 1	1	30593.575718750	30593.587093750	1400.000	4000.000	1.0000
360	Waveform 1	1	30593.907218750	30593.916968750	1400.000	4000.000	1.0000
360	Spectrogram 1	1	30593.907218750	30593.916968750	1400.000	4000.000	1.0000
361	Waveform 1	1	30671.585468750	30671.593593750	1400.000	4000.000	1.0000
361	Spectrogram 1	1	30671.585468750	30671.593593750	1400.000	4000.000	1.0000
362	Waveform 1	1	30680.288968750	30680.313343750	1400.000	4000.000	1.0000
362	Spectrogram 1	1	30680.288968750	30680.313343750	1400.000	4000.000	1.0000
363	Waveform 1	1	30680.435218750	30680.444968750	1400.000	4000.000	1.0000
363	Spectrogram 1	1	30680.435218750	30680.444968750	1400.000	4000.000	1.0000
364	Waveform 1	1	30680.964968750	30680.989343750	1400.000	4000.000	1.0000
364	Spectrogram 1	1	30680.964968750	30680.989343750	1400.000	4000.000	1.0000
365	Waveform 1	1	30681.104718750	30681.116093750	1400.000	4000.000	1.0000
365	Spectrogram 1	1	30681.104718750	30681.116093750	1400.000	4000.000	1.0000
366	Waveform 1	1	30701.264468750	30701.282343750	1400.000	4000.000	1.0000
366	Spectrogram 1	1	30701.264468750	30701.282343750	1400.000	4000.000	1.0000
367	Waveform 1	1	30720.603593750	30720.624718750	1400.000	4000.000	1.0000
367	Spectrogram 1	1	30720.603593750	30720.624718750	1400.000	4000.000	1.0000
368	Waveform 1	1	30721.095968750	30721.112218750	1400.000	4000.000	1.0000
368	Spectrogram 1	1	30721.095968750	30721.112218750	1400.000	4000.000	1.0000
369	Waveform 1	1	30757.676343750	30757.689343750	1400.000	4000.000	1.0000
369	Spectrogram 1	1	30757.676343750	30757.689343750	1400.000	4000.000	1.0000
370	Waveform 1	1	30757.723468750	30757.731593750	1400.000	4000.000	1.0000
370	Spectrogram 1	1	30757.723468750	30757.731593750	1400.000	4000.000	1.0000
371	Waveform 1	1	30844.311593750	30844.324593750	1400.000	4000.000	1.0000
371	Spectrogram 1	1	30844.311593750	30844.324593750	1400.000	4000.000	1.0000
372	Waveform 1	1	30844.816968750	30844.828343750	1400.000	4000.000	1.0000
372	Spectrogram 1	1	30844.816968750	30844.828343750	1400.000	4000.000	1.0000
373	Waveform 1	1	30872.732843750	30872.742593750	1400.000	4000.000	1.0000
373	Spectrogram 1	1	30872.732843750	30872.742593750	1400.000	4000.000	1.0000
374	Waveform 1	1	30890.329968750	30890.347843750	1400.000	4000.000	1.0000
374	Spectrogram 1	1	30890.329968750	30890.347843750	1400.000	4000.000	1.0000
375	Waveform 1	1	30890.997843750	30891.009218750	1400.000	4000.000	1.0000
375	Spectrogram 1	1	30890.997843750	30891.009218750	1400.000	4000.000	1.0000
376	Waveform 1	1	30900.274968750	30900.302593750	1400.000	4000.000	1.0000
376	Spectrogram 1	1	30900.274968750	30900.302593750	1400.000	4000.000	1.0000
377	Waveform 1	1	30916.637093750	30916.650093750	1400.000	4000.000	1.0000
377	Spectrogram 1	1	30916.637093750	30916.650093750	1400.000	4000.000	1.0000
378	Waveform 1	1	30964.532343750	30964.545343750	1400.000	4000.000	1.0000
378	Spectrogram 1	1	30964.532343750	30964.545343750	1400.000	4000.000	1.0000
379	Waveform 1	1	30964.792343750	30964.802093750	1400.000	4000.000	1.0000
379	Spectrogram 1	1	30964.792343750	30964.802093750	1400.000	4000.000	1.0000
380	Waveform 1	1	30964.915843750	30964.923968750	1400.000	4000.000	1.0000
380	Spectrogram 1	1	30964.915843750	30964.923968750	1400.000	4000.000	1.0000
381	Waveform 1	1	31110.756343750	31110.764468750	1400.000	4000.000	1.0000
381	Spectrogram 1	1	31110.756343750	31110.764468750	1400.000	4000.000	1.0000
382	Waveform 1	1	31345.380343750	31345.409593750	1400.000	4000.000	1.0000
382	Spectrogram 1	1	31345.380343750	31345.409593750	1400.000	4000.000	1.0000
383	Waveform 1	1	31345.547718750	31345.575343750	1400.000	4000.000	1.0000
383	Spectrogram 1	1	31345.547718750	31345.575343750	1400.000	4000.000	1.0000
384	Waveform 1	1	31345.812593750	31345.845093750	1400.000	4000.000	0.7000
384	Spectrogram 1	1	31345.812593750	31345.845093750	1400.000	4000.000	0.7000
385	Waveform 1	1	31442.946968750	31442.955093750	1400.000	4000.000	1.0000
385	Spectrogram 1	1	31442.946968750	31442.955093750	1400.000	4000.000	1.0000
386	Waveform 1	1	31443.255718750	31443.270343750	1400.000	4000.000	1.0000
386	Spectrogram 1	1	31443.255718750	31443.270343750	1400.000	4000.000	1.0000
387	Waveform 1	1	31455.274218750	31455.285593750	1400.000	4000.000	1.0000
387	Spectrogram 1	1	31455.274218750	31455.285593750	1400.000	4000.000	1.0000
388	Waveform 1	1	31455.334343750	31455.344093750	1400.000	4000.000	1.0000
388	Spectrogram 1	1	31455.334343750	31455.344093750	1400.000	4000.000	1.0000
389	Waveform 1	1	31472.916843750	31472.931468750	1400.000	4000.000	1.0000
389	Spectrogram 1	1	31472.916843750	31472.931468750	1400.000	4000.000	1.0000
390	Waveform 1	1	31472.991593750	31473.017593750	1400.000	4000.000	1.0000
390	Spectrogram 1	1	31472.991593750	31473.017593750	1400.000	4000.000	1.0000
391	Waveform 1	1	31521.609968750	31521.621343750	1400.000	4000.000	1.0000
391	Spectrogram 1	1	31521.609968750	31521.621343750	1400.000	4000.000	1.0000
392	Waveform 1	1	31521.687968750	31521.715593750	1400.000	4000.000	1.0000
392	Spectrogram 1	1	31521.687968750	31521.715593750	1400.000	4000.000	1.0000
393	Waveform 1	1	31522.115343750	31522.129968750	1400.000	4000.000	1.0000
393	Spectrogram 1	1	31522.115343750	31522.129968750	1400.000	4000.000	1.0000
394	Waveform 1	1	31548.349343750	31548.359093750	1400.000	4000.000	1.0000
394	Spectrogram 1	1	31548.349343750	31548.359093750	1400.000	4000.000	1.0000
395	Waveform 1	1	31560.887843750	31560.900843750	1400.000	4000.000	1.0000
395	Spectrogram 1	1	31560.887843750	31560.900843750	1400.000	4000.000	1.0000
396	Waveform 1	1	31561.219343750	31561.233968750	1400.000	4000.000	1.0000
396	Spectrogram 1	1	31561.219343750	31561.233968750	1400.000	4000.000	1.0000
397	Waveform 1	1	31577.414093750	31577.430343750	1400.000	4000.000	1.0000
397	Spectrogram 1	1	31577.414093750	31577.430343750	1400.000	4000.000	1.0000
398	Waveform 1	1	31641.539843750	31641.552843750	1400.000	4000.000	1.0000
398	Spectrogram 1	1	31641.539843750	31641.552843750	1400.000	4000.000	1.0000
399	Waveform 1	1	31664.778968750	31664.787093750	1400.000	4000.000	1.0000
399	Spectrogram 1	1	31664.778968750	31664.787093750	1400.000	4000.000	1.0000
400	Waveform 1	1	31689.009343750	31689.035343750	1400.000	4000.000	1.0000
400	Spectrogram 1	1	31689.009343750	31689.035343750	1400.000	4000.000	1.0000
401	Waveform 1	1	31727.676218750	31727.689218750	1400.000	4000.000	1.0000
401	Spectrogram 1	1	31727.676218750	31727.689218750	1400.000	4000.000	1.0000
402	Waveform 1	1	31727.819218750	31727.828968750	1400.000	4000.000	1.0000
402	Spectrogram 1	1	31727.819218750	31727.828968750	1400.000	4000.000	1.0000
403	Waveform 1	1	31770.429968750	31770.441343750	1400.000	4000.000	1.0000
403	Spectrogram 1	1	31770.429968750	31770.441343750	1400.000	4000.000	1.0000
404	Waveform 1	1	31805.156218750	31805.169218750	1400.000	4000.000	1.0000
404	Spectrogram 1	1	31805.156218750	31805.169218750	1400.000	4000.000	1.0000
405	Waveform 1	1	31805.219593750	31805.227718750	1400.000	4000.000	1.0000
405	Spectrogram 1	1	31805.219593750	31805.227718750	1400.000	4000.000	1.0000
406	Waveform 1	1	31850.505093750	31850.514843750	1400.000	4000.000	1.0000
406	Spectrogram 1	1	31850.505093750	31850.514843750	1400.000	4000.000	1.0000
407	Waveform 1	1	31857.554343750	31857.567343750	1400.000	4000.000	1.0000
407	Spectrogram 1	1	31857.554343750	31857.567343750	1400.000	4000.000	1.0000
408	Waveform 1	1	31857.705468750	31857.721718750	1400.000	4000.000	1.0000
408	Spectrogram 1	1	31857.705468750	31857.721718750	1400.000	4000.000	1.0000
409	Waveform 1	1	31866.716093750	31866.733968750	1400.000	4000.000	1.0000
409	Spectrogram 1	1	31866.716093750	31866.733968750	1400.000	4000.000	1.0000
410	Waveform 1	1	31868.651468750	31868.661218750	1400.000	4000.000	1.0000
410	Spectrogram 1	1	31868.651468750	31868.661218750	1400.000	4000.000	1.0000
411	Waveform 1	1	32370.167093750	32370.181718750	1400.000	4000.000	1.0000
411	Spectrogram 1	1	32370.167093750	32370.181718750	1400.000	4000.000	1.0000
412	Waveform 1	1	32925.182593750	32925.200468750	1400.000	4000.000	1.0000
412	Spectrogram 1	1	32925.182593750	32925.200468750	1400.000	4000.000	1.0000
413	Waveform 1	1	32939.120218750	32939.128343750	1400.000	4000.000	1.0000
413	Spectrogram 1	1	32939.120218750	32939.128343750	1400.000	4000.000	1.0000
414	Waveform 1	1	33032.736468750	33032.752718750	1400.000	4000.000	1.0000
414	Spectrogram 1	1	33032.736468750	33032.752718750	1400.000	4000.000	1.0000
415	Waveform 1	1	33034.512593750	33034.522343750	1400.000	4000.000	1.0000
415	Spectrogram 1	1	33034.512593750	33034.522343750	1400.000	4000.000	1.0000
416	Waveform 1	1	33045.726718750	33045.739718750	1400.000	4000.000	1.0000
416	Spectrogram 1	1	33045.726718750	33045.739718750	1400.000	4000.000	1.0000
417	Waveform 1	1	33054.555343750	33054.573218750	1400.000	4000.000	1.0000
417	Spectrogram 1	1	33054.555343750	33054.573218750	1400.000	4000.000	1.0000
418	Waveform 1	1	33055.401968750	33055.416593750	1400.000	4000.000	1.0000
418	Spectrogram 1	1	33055.401968750	33055.416593750	1400.000	4000.000	1.0000
419	Waveform 1	1	33058.167718750	33058.177468750	1400.000	4000.000	1.0000
419	Spectrogram 1	1	33058.167718750	33058.177468750	1400.000	4000.000	1.0000
420	Waveform 1	1	33066.333343750	33066.341468750	1400.000	4000.000	1.0000
420	Spectrogram 1	1	33066.333343750	33066.341468750	1400.000	4000.000	1.0000
421	Waveform 1	1	33103.438593750	33103.449968750	1400.000	4000.000	1.0000
421	Spectrogram 1	1	33103.438593750	33103.449968750	1400.000	4000.000	1.0000
422	Waveform 1	1	33110.840468750	33110.850218750	1400.000	4000.000	1.0000
422	Spectrogram 1	1	33110.840468750	33110.850218750	1400.000	4000.000	1.0000
423	Waveform 1	1	33380.192343750	33380.200468750	1400.000	4000.000	1.0000
423	Spectrogram 1	1	33380.192343750	33380.200468750	1400.000	4000.000	1.0000
424	Waveform 1	1	33380.463718750	33380.471843750	1400.000	4000.000	1.0000
424	Spectrogram 1	1	33380.463718750	33380.471843750	1400.000	4000.000	1.0000
425	Waveform 1	1	33551.793968750	33551.824843750	1400.000	4000.000	1.0000
425	Spectrogram 1	1	33551.793968750	33551.824843750	1400.000	4000.000	1.0000
426	Waveform 1	1	33570.694343750	33570.707343750	1400.000	4000.000	1.0000
426	Spectrogram 1	1	33570.694343750	33570.707343750	1400.000	4000.000	1.0000
427	Waveform 1	1	33599.570593750	33599.578718750	1400.000	4000.000	1.0000
427	Spectrogram 1	1	33599.570593750	33599.578718750	1400.000	4000.000	1.0000
428	Waveform 1	1	33600.137718750	33600.149093750	1400.000	4000.000	1.0000
428	Spectrogram 1	1	33600.137718750	33600.149093750	1400.000	4000.000	1.0000
429	Waveform 1	1	33711.328343750	33711.338093750	1400.000	4000.000	1.0000
429	Spectrogram 1	1	33711.328343750	33711.338093750	1400.000	4000.000	1.0000
430	Waveform 1	1	33711.489218750	33711.500593750	1400.000	4000.000	1.0000
430	Spectrogram 1	1	33711.489218750	33711.500593750	1400.000	4000.000	1.0000
431	Waveform 1	1	33711.612718750	33711.620843750	1400.000	4000.000	1.0000
431	Spectrogram 1	1	33711.612718750	33711.620843750	1400.000	4000.000	1.0000
432	Waveform 1	1	33712.096968750	33712.118093750	1400.000	4000.000	1.0000
432	Spectrogram 1	1	33712.096968750	33712.118093750	1400.000	4000.000	1.0000
433	Waveform 1	1	33741.684968750	33741.699593750	1400.000	4000.000	1.0000
433	Spectrogram 1	1	33741.684968750	33741.699593750	1400.000	4000.000	1.0000
434	Waveform 1	1	33754.904343750	33754.918968750	1400.000	4000.000	1.0000
434	Spectrogram 1	1	33754.904343750	33754.918968750	1400.000	4000.000	1.0000
435	Waveform 1	1	34044.043843750	34044.053593750	1400.000	4000.000	1.0000
435	Spectrogram 1	1	34044.043843750	34044.053593750	1400.000	4000.000	1.0000
436	Waveform 1	1	35011.732968750	35011.744343750	1400.000	4000.000	1.0000
436	Spectrogram 1	1	35011.732968750	35011.744343750	1400.000	4000.000	1.0000
437	Waveform 1	1	35024.945843750	35024.955593750	1400.000	4000.000	1.0000
437	Spectrogram 1	1	35024.945843750	35024.955593750	1400.000	4000.000	1.0000
438	Waveform 1	1	35025.646218750	35025.668968750	1400.000	4000.000	1.0000
438	Spectrogram 1	1	35025.646218750	35025.668968750	1400.000	4000.000	1.0000
439	Waveform 1	1	35083.538468750	35083.570968750	1400.000	4000.000	1.0000
439	Spectrogram 1	1	35083.538468750	35083.570968750	1400.000	4000.000	1.0000
440	Waveform 1	1	35083.762718750	35083.778968750	1400.000	4000.000	1.0000
440	Spectrogram 1	1	35083.762718750	35083.778968750	1400.000	4000.000	1.0000
441	Waveform 1	1	35084.220968750	35084.232343750	1400.000	4000.000	1.0000
441	Spectrogram 1	1	35084.220968750	35084.232343750	1400.000	4000.000	1.0000
442	Waveform 1	1	35132.202343750	35132.212093750	1400.000	4000.000	1.0000
442	Spectrogram 1	1	35132.202343750	35132.212093750	1400.000	4000.000	1.0000
443	Waveform 1	1	35132.249468750	35132.264093750	1400.000	4000.000	1.0000
443	Spectrogram 1	1	35132.249468750	35132.264093750	1400.000	4000.000	1.0000
444	Waveform 1	1	35168.031968750	35168.043343750	1400.000	4000.000	1.0000
444	Spectrogram 1	1	35168.031968750	35168.043343750	1400.000	4000.000	1.0000
445	Waveform 1	1	35198.109093750	35198.118843750	1400.000	4000.000	1.0000
445	Spectrogram 1	1	35198.109093750	35198.118843750	1400.000	4000.000	1.0000
446	Waveform 1	1	35198.213093750	35198.234218750	1400.000	4000.000	1.0000
446	Spectrogram 1	1	35198.213093750	35198.234218750	1400.000	4000.000	1.0000
447	Waveform 1	1	35198.512093750	35198.521843750	1400.000	4000.000	1.0000
447	Spectrogram 1	1	35198.512093750	35198.521843750	1400.000	4000.000	1.0000
448	Waveform 1	1	35198.601468750	35198.624218750	1400.000	4000.000	1.0000
448	Spectrogram 1	1	35198.601468750	35198.624218750	1400.000	4000.000	1.0000
449	Waveform 1	1	35198.767218750	35198.775343750	1400.000	4000.000	1.0000
449	Spectrogram 1	1	35198.767218750	35198.775343750	1400.000	4000.000	1.0000
450	Waveform 1	1	35216.390343750	35216.406593750	1400.000	4000.000	1.0000
450	Spectrogram 1	1	35216.390343750	35216.406593750	1400.000	4000.000	1.0000
451	Waveform 1	1	35216.517093750	35216.531718750	1400.000	4000.000	1.0000
451	Spectrogram 1	1	35216.517093750	35216.531718750	1400.000	4000.000	1.0000
452	Waveform 1	1	35946.059218750	35946.075468750	1400.000	4000.000	1.0000
452	Spectrogram 1	1	35946.059218750	35946.075468750	1400.000	4000.000	1.0000
453	Waveform 1	1	35946.208718750	35946.226593750	1400.000	4000.000	1.0000
453	Spectrogram 1	1	35946.208718750	35946.226593750	1400.000	4000.000	1.0000
454	Waveform 1	1	36119.654718750	36119.669343750	1400.000	4000.000	1.0000
454	Spectrogram 1	1	36119.654718750	36119.669343750	1400.000	4000.000	1.0000
455	Waveform 1	1	36120.099968750	36120.121093750	1400.000	4000.000	1.0000
455	Spectrogram 1	1	36120.099968750	36120.121093750	1400.000	4000.000	1.0000
456	Waveform 1	1	36121.048968750	36121.063593750	1400.000	4000.000	1.0000
456	Spectrogram 1	1	36121.048968750	36121.063593750	1400.000	4000.000	1.0000
457	Waveform 1	1	36121.328468750	36121.357718750	1400.000	4000.000	0.7222
457	Spectrogram 1	1	36121.328468750	36121.357718750	1400.000	4000.000	0.7222
458	Waveform 1	1	36143.407343750	36143.421968750	1400.000	4000.000	1.0000
458	Spectrogram 1	1	36143.407343750	36143.421968750	1400.000	4000.000	1.0000
459	Waveform 1	1	36143.454468750	36143.472343750	1400.000	4000.000	1.0000
459	Spectrogram 1	1	36143.454468750	36143.472343750	1400.000	4000.000	1.0000
460	Waveform 1	1	36143.589343750	36143.597468750	1400.000	4000.000	1.0000
460	Spectrogram 1	1	36143.589343750	36143.597468750	1400.000	4000.000	1.0000
461	Waveform 1	1	36158.370343750	36158.389843750	1400.000	4000.000	1.0000
461	Spectrogram 1	1	36158.370343750	36158.389843750	1400.000	4000.000	1.0000
462	Waveform 1	1	36175.026593750	36175.039593750	1400.000	4000.000	1.0000
462	Spectrogram 1	1	36175.026593750	36175.039593750	1400.000	4000.000	1.0000
463	Waveform 1	1	36175.548218750	36175.561218750	1400.000	4000.000	1.0000
463	Spectrogram 1	1	36175.548218750	36175.561218750	1400.000	4000.000	1.0000
464	Waveform 1	1	36175.798468750	36175.806593750	1400.000	4000.000	1.0000
464	Spectrogram 1	1	36175.798468750	36175.806593750	1400.000	4000.000	1.0000
465	Waveform 1	1	38952.578968750	38952.609843750	1400.000	4000.000	0.8421
465	Spectrogram 1	1	38952.578968750	38952.609843750	1400.000	4000.000	0.8421
466	Waveform 1	1	38972.200843750	38972.215468750	1400.000	4000.000	1.0000
466	Spectrogram 1	1	38972.200843750	38972.215468750	1400.000	4000.000	1.0000
467	Waveform 1	1	39115.615218750	39115.631468750	1400.000	4000.000	1.0000
467	Spectrogram 1	1	39115.615218750	39115.631468750	1400.000	4000.000	1.0000
468	Waveform 1	1	39562.225343750	39562.243218750	1400.000	4000.000	1.0000
468	Spectrogram 1	1	39562.225343750	39562.243218750	1400.000	4000.000	1.0000
469	Waveform 1	1	39563.039468750	39563.067093750	1400.000	4000.000	1.0000
469	Spectrogram 1	1	39563.039468750	39563.067093750	1400.000	4000.000	1.0000
470	Waveform 1	1	41227.528593750	41227.538343750	1400.000	4000.000	1.0000
470	Spectrogram 1	1	41227.528593750	41227.538343750	1400.000	4000.000	1.0000
471	Waveform 1	1	42756.731593750	42756.744593750	1400.000	4000.000	1.0000
471	Spectrogram 1	1	42756.731593750	42756.744593750	1400.000	4000.000	1.0000
472	Waveform 1	1	43922.106843750	43922.116593750	1400.000	4000.000	1.0000
472	Spectrogram 1	1	43922.106843750	43922.116593750	1400.000	4000.000	1.0000
473	Waveform 1	1	43976.398093750	43976.406218750	1400.000	4000.000	1.0000
473	Spectrogram 1	1	43976.398093750	43976.406218750	1400.000	4000.000	1.0000
474	Waveform 1	1	46604.920093750	46604.929843750	1400.000	4000.000	1.0000
474	Spectrogram 1	1	46604.920093750	46604.929843750	1400.000	4000.000	1.0000
475	Waveform 1	1	47549.123093750	47549.139343750	1400.000	4000.000	1.0000
475	Spectrogram 1	1	47549.123093750	47549.139343750	1400.000	4000.000	1.0000
476	Waveform 1	1	48748.423468750	48748.434843750	1400.000	4000.000	1.0000
476	Spectrogram 1	1	48748.423468750	48748.434843750	1400.000	4000.000	1.0000
477	Waveform 1	1	49339.349843750	49339.377468750	1400.000	4000.000	1.0000
477	Spectrogram 1	1	49339.349843750	49339.377468750	1400.000	4000.000	1.0000
478	Waveform 1	1	49346.421843750	49346.449468750	1400.000	4000.000	0.8235
478	Spectrogram 1	1	49346.421843750	49346.449468750	1400.000	4000.000	0.8235
479	Waveform 1	1	49346.672093750	49346.701343750	1400.000	4000.000	0.9444
479	Spectrogram 1	1	49346.672093750	49346.701343750	1400.000	4000.000	0.9444
480	Waveform 1	1	49411.613593750	49411.646093750	1400.000	4000.000	0.9000
480	Spectrogram 1	1	49411.613593750	49411.646093750	1400.000	4000.000	0.9000
481	Waveform 1	1	49452.271093750	49452.303593750	1400.000	4000.000	0.7500
481	Spectrogram 1	1	49452.271093750	49452.303593750	1400.000	4000.000	0.7500
482	Waveform 1	1	49454.172343750	49454.183718750	1400.000	4000.000	1.0000
482	Spectrogram 1	1	49454.172343750	49454.183718750	1400.000	4000.000	1.0000
483	Waveform 1	1	49523.311218750	49523.319343750	1400.000	4000.000	1.0000
483	Spectrogram 1	1	49523.311218750	49523.319343750	1400.000	4000.000	1.0000
484	Waveform 1	1	52796.792468750	52796.805468750	1400.000	4000.000	1.0000
484	Spectrogram 1	1	52796.792468750	52796.805468750	1400.000	4000.000	1.0000
485	Waveform 1	1	53034.879343750	53034.895593750	1400.000	4000.000	1.0000
485	Spectrogram 1	1	53034.879343750	53034.895593750	1400.000	4000.000	1.0000
486	Waveform 1	1	55742.382843750	55742.395843750	1400.000	4000.000	1.0000
486	Spectrogram 1	1	55742.382843750	55742.395843750	1400.000	4000.000	1.0000
487	Waveform 1	1	57541.566593750	57541.574718750	1400.000	4000.000	1.0000
487	Spectrogram 1	1	57541.566593750	57541.574718750	1400.000	4000.000	1.0000
488	Waveform 1	1	57542.154843750	57542.169468750	1400.000	4000.000	1.0000
488	Spectrogram 1	1	57542.154843750	57542.169468750	1400.000	4000.000	1.0000
489	Waveform 1	1	57945.934843750	57945.942968750	1400.000	4000.000	1.0000
489	Spectrogram 1	1	57945.934843750	57945.942968750	1400.000	4000.000	1.0000
490	Waveform 1	1	57946.183468750	57946.206218750	1400.000	4000.000	1.0000
490	Spectrogram 1	1	57946.183468750	57946.206218750	1400.000	4000.000	1.0000
491	Waveform 1	1	58764.790218750	58764.798343750	1400.000	4000.000	1.0000
491	Spectrogram 1	1	58764.790218750	58764.798343750	1400.000	4000.000	1.0000
492	Waveform 1	1	59862.487468750	59862.495593750	1400.000	4000.000	1.0000
492	Spectrogram 1	1	59862.487468750	59862.495593750	1400.000	4000.000	1.0000
493	Waveform 1	1	61133.679468750	61133.690843750	1400.000	4000.000	1.0000
493	Spectrogram 1	1	61133.679468750	61133.690843750	1400.000	4000.000	1.0000
494	Waveform 1	1	62259.412843750	62259.422593750	1400.000	4000.000	1.0000
494	Spectrogram 1	1	62259.412843750	62259.422593750	1400.000	4000.000	1.0000
495	Waveform 1	1	63201.188093750	63201.196218750	1400.000	4000.000	1.0000
495	Spectrogram 1	1	63201.188093750	63201.196218750	1400.000	4000.000	1.0000
496	Waveform 1	1	63201.275843750	63201.285593750	1400.000	4000.000	1.0000
496	Spectrogram 1	1	63201.275843750	63201.285593750	1400.000	4000.000	1.0000
497	Waveform 1	1	63454.788843750	63454.805093750	1400.000	4000.000	1.0000
497	Spectrogram 1	1	63454.788843750	63454.805093750	1400.000	4000.000	1.0000
498	Waveform 1	1	63471.069718750	63471.079468750	1400.000	4000.000	1.0000
498	Spectrogram 1	1	63471.069718750	63471.079468750	1400.000	4000.000	1.0000
499	Waveform 1	1	63475.803343750	63475.816343750	1400.000	4000.000	1.0000
499	Spectrogram 1	1	63475.803343750	63475.816343750	1400.000	4000.000	1.0000
500	Waveform 1	1	63491.099468750	63491.107593750	1400.000	4000.000	1.0000
500	Spectrogram 1	1	63491.099468750	63491.107593750	1400.000	4000.000	1.0000
501	Waveform 1	1	63515.021093750	63515.034093750	1400.000	4000.000	1.0000
501	Spectrogram 1	1	63515.021093750	63515.034093750	1400.000	4000.000	1.0000
502	Waveform 1	1	63538.555968750	63538.567343750	1400.000	4000.000	1.0000
502	Spectrogram 1	1	63538.555968750	63538.567343750	1400.000	4000.000	1.0000
503	Waveform 1	1	63538.655093750	63538.666468750	1400.000	4000.000	1.0000
503	Spectrogram 1	1	63538.655093750	63538.666468750	1400.000	4000.000	1.0000
504	Waveform 1	1	63538.750968750	63538.768843750	1400.000	4000.000	1.0000
504	Spectrogram 1	1	63538.750968750	63538.768843750	1400.000	4000.000	1.0000
505	Waveform 1	1	63541.734468750	63541.750718750	1400.000	4000.000	1.0000
505	Spectrogram 1	1	63541.734468750	63541.750718750	1400.000	4000.000	1.0000
506	Waveform 1	1	63541.948968750	63541.960343750	1400.000	4000.000	1.0000
506	Spectrogram 1	1	63541.948968750	63541.960343750	1400.000	4000.000	1.0000
507	Waveform 1	1	63553.839093750	63553.853718750	1400.000	4000.000	1.0000
507	Spectrogram 1	1	63553.839093750	63553.853718750	1400.000	4000.000	1.0000
508	Waveform 1	1	63553.934968750	63553.946343750	1400.000	4000.000	1.0000
508	Spectrogram 1	1	63553.934968750	63553.946343750	1400.000	4000.000	1.0000
509	Waveform 1	1	63564.885843750	63564.897218750	1400.000	4000.000	1.0000
509	Spectrogram 1	1	63564.885843750	63564.897218750	1400.000	4000.000	1.0000
510	Waveform 1	1	63564.981718750	63564.996343750	1400.000	4000.000	1.0000
510	Spectrogram 1	1	63564.981718750	63564.996343750	1400.000	4000.000	1.0000
511	Waveform 1	1	63567.914843750	63567.924593750	1400.000	4000.000	1.0000
511	Spectrogram 1	1	63567.914843750	63567.924593750	1400.000	4000.000	1.0000
512	Waveform 1	1	63570.308468750	63570.321468750	1400.000	4000.000	1.0000
512	Spectrogram 1	1	63570.308468750	63570.321468750	1400.000	4000.000	1.0000
513	Waveform 1	1	63570.409218750	63570.422218750	1400.000	4000.000	1.0000
513	Spectrogram 1	1	63570.409218750	63570.422218750	1400.000	4000.000	1.0000
514	Waveform 1	1	63581.764718750	63581.779343750	1400.000	4000.000	1.0000
514	Spectrogram 1	1	63581.764718750	63581.779343750	1400.000	4000.000	1.0000
515	Waveform 1	1	63581.860593750	63581.870343750	1400.000	4000.000	1.0000
515	Spectrogram 1	1	63581.860593750	63581.870343750	1400.000	4000.000	1.0000
516	Waveform 1	1	63586.880218750	63586.889968750	1400.000	4000.000	1.0000
516	Spectrogram 1	1	63586.880218750	63586.889968750	1400.000	4000.000	1.0000
517	Waveform 1	1	63595.312343750	63595.322093750	1400.000	4000.000	1.0000
517	Spectrogram 1	1	63595.312343750	63595.322093750	1400.000	4000.000	1.0000
518	Waveform 1	1	63602.184468750	63602.202343750	1400.000	4000.000	1.0000
518	Spectrogram 1	1	63602.184468750	63602.202343750	1400.000	4000.000	1.0000
519	Waveform 1	1	63602.286843750	63602.296593750	1400.000	4000.000	1.0000
519	Spectrogram 1	1	63602.286843750	63602.296593750	1400.000	4000.000	1.0000
520	Waveform 1	1	63602.577718750	63602.590718750	1400.000	4000.000	1.0000
520	Spectrogram 1	1	63602.577718750	63602.590718750	1400.000	4000.000	1.0000
521	Waveform 1	1	63602.675218750	63602.688218750	1400.000	4000.000	1.0000
521	Spectrogram 1	1	63602.675218750	63602.688218750	1400.000	4000.000	1.0000
522	Waveform 1	1	63602.771093750	63602.787343750	1400.000	4000.000	1.0000
522	Spectrogram 1	1	63602.771093750	63602.787343750	1400.000	4000.000	1.0000
523	Waveform 1	1	63602.871843750	63602.883218750	1400.000	4000.000	1.0000
523	Spectrogram 1	1	63602.871843750	63602.883218750	1400.000	4000.000	1.0000
524	Waveform 1	1	63602.966093750	63602.983968750	1400.000	4000.000	1.0000
524	Spectrogram 1	1	63602.966093750	63602.983968750	1400.000	4000.000	1.0000
525	Waveform 1	1	65610.952593750	65610.962343750	1400.000	4000.000	1.0000
525	Spectrogram 1	1	65610.952593750	65610.962343750	1400.000	4000.000	1.0000
526	Waveform 1	1	66185.281218750	66185.292593750	1400.000	4000.000	1.0000
526	Spectrogram 1	1	66185.281218750	66185.292593750	1400.000	4000.000	1.0000
527	Waveform 1	1	67564.070968750	67564.082343750	1400.000	4000.000	1.0000
527	Spectrogram 1	1	67564.070968750	67564.082343750	1400.000	4000.000	1.0000
528	Waveform 1	1	67648.333718750	67648.362968750	1400.000	4000.000	1.0000
528	Spectrogram 1	1	67648.333718750	67648.362968750	1400.000	4000.000	1.0000
529	Waveform 1	1	67916.671593750	67916.679718750	1400.000	4000.000	1.0000
529	Spectrogram 1	1	67916.671593750	67916.679718750	1400.000	4000.000	1.0000
530	Waveform 1	1	68798.000093750	68798.029343750	1400.000	4000.000	1.0000
530	Spectrogram 1	1	68798.000093750	68798.029343750	1400.000	4000.000	1.0000
531	Waveform 1	1	72992.718218750	72992.727968750	1400.000	4000.000	1.0000
531	Spectrogram 1	1	72992.718218750	72992.727968750	1400.000	4000.000	1.0000
532	Waveform 1	1	73756.330093750	73756.338218750	1400.000	4000.000	1.0000
532	Spectrogram 1	1	73756.330093750	73756.338218750	1400.000	4000.000	1.0000
533	Waveform 1	1	76520.671218750	76520.690718750	1400.000	4000.000	1.0000
533	Spectrogram 1	1	76520.671218750	76520.690718750	1400.000	4000.000	1.0000
534	Waveform 1	1	82166.777593750	82166.787343750	1400.000	4000.000	1.0000
534	Spectrogram 1	1	82166.777593750	82166.787343750	1400.000	4000.000	1.0000
535	Waveform 1	1	83764.807468750	83764.825343750	1400.000	4000.000	1.0000
535	Spectrogram 1	1	83764.807468750	83764.825343750	1400.000	4000.000	1.0000
536	Waveform 1	1	83988.103593750	83988.119843750	1400.000	4000.000	1.0000
536	Spectrogram 1	1	83988.103593750	83988.119843750	1400.000	4000.000	1.0000
