Selection	View	Channel	Begin Time (s)	End Time (s)	Low Freq (Hz)	High Freq (Hz)	Occupancy
1	Waveform 1	1	10591.855343750	10591.863468750	1400.000	4000.000	1.0000
1	Spectrogram 1	1	10591.855343750	10591.863468750	1400.000	4000.000	1.0000
2	Waveform 1	1	10614.782468750	10614.800343750	1400.000	4000.000	1.0000
2	Spectrogram 1	1	10614.782468750	10614.800343750	1400.000	4000.000	1.0000
3	Waveform 1	1	12828.879093750	12828.892093750	1400.000	4000.000	1.0000
3	Spectrogram 1	1	12828.879093750	12828.892093750	1400.000	4000.000	1.0000
4	Waveform 1	1	12920.062718750	12920.072468750	1400.000	4000.000	1.0000
4	Spectrogram 1	1	12920.062718750	12920.072468750	1400.000	4000.000	1.0000
5	Waveform 1	1	12957.252468750	12957.276843750	1400.000	4000.000	1.0000
5	Spectrogram 1	1	12957.252468750	12957.276843750	1400.000	4000.000	1.0000
6	Waveform 1	1	12965.777218750	12965.790218750	1400.000	4000.000	1.0000
6	Spectrogram 1	1	12965.777218750	12965.790218750	1400.000	4000.000	1.0000
7	Waveform 1	1	12965.843843750	12965.861718750	1400.000	4000.000	1.0000
7	Spectrogram 1	1	12965.843843750	12965.861718750	1400.000	4000.000	1.0000
8	Waveform 1	1	12970.583968750	12970.611593750	1400.000	4000.000	1.0000
8	Spectrogram 1	1	12970.583968750	12970.611593750	1400.000	4000.000	1.0000
9	Waveform 1	1	12973.011718750	12973.031218750	1400.000	4000.000	1.0000
9	Spectrogram 1	1	12973.011718750	12973.031218750	1400.000	4000.000	1.0000
10	Waveform 1	1	12976.294218750	12976.316968750	1400.000	4000.000	1.0000
10	Spectrogram 1	1	12976.294218750	12976.316968750	1400.000	4000.000	1.0000
11	Waveform 1	1	12979.154218750	12979.175343750	1400.000	4000.000	1.0000
11	Spectrogram 1	1	12979.154218750	12979.175343750	1400.000	4000.000	1.0000
12	Waveform 1	1	13005.700218750	13005.718093750	1400.000	4000.000	1.0000
12	Spectrogram 1	1	13005.700218750	13005.718093750	1400.000	4000.000	1.0000
13	Waveform 1	1	14065.130343750	14065.138468750	1400.000	4000.000	1.0000
13	Spectrogram 1	1	14065.130343750	14065.138468750	1400.000	4000.000	1.0000
14	Waveform 1	1	14093.501218750	14093.527218750	1400.000	4000.000	1.0000
14	Spectrogram 1	1	14093.501218750	14093.527218750	1400.000	4000.000	1.0000
15	Waveform 1	1	14097.362218750	14097.391468750	1400.000	4000.000	0.8333
15	Spectrogram 1	1	14097.362218750	14097.391468750	1400.000	4000.000	0.8333
16	Waveform 1	1	14104.209968750	14104.234343750	1400.000	4000.000	1.0000
16	Spectrogram 1	1	14104.209968750	14104.234343750	1400.000	4000.000	1.0000
17	Waveform 1	1	14108.287093750	14108.298468750	1400.000	4000.000	1.0000
17	Spectrogram 1	1	14108.287093750	14108.298468750	1400.000	4000.000	1.0000
18	Waveform 1	1	14111.943343750	14111.951468750	1400.000	4000.000	1.0000
18	Spectrogram 1	1	14111.943343750	14111.951468750	1400.000	4000.000	1.0000
19	Waveform 1	1	14138.526718750	14138.534843750	1400.000	4000.000	1.0000
19	Spectrogram 1	1	14138.526718750	14138.534843750	1400.000	4000.000	1.0000
20	Waveform 1	1	14140.700968750	14140.713968750	1400.000	4000.000	1.0000
20	Spectrogram 1	1	14140.700968750	14140.713968750	1400.000	4000.000	1.0000
21	Waveform 1	1	14142.647718750	14142.667218750	1400.000	4000.000	1.0000
21	Spectrogram 1	1	14142.647718750	14142.667218750	1400.000	4000.000	1.0000
22	Waveform 1	1	14143.552843750	14143.564218750	1400.000	4000.000	1.0000
22	Spectrogram 1	1	14143.552843750	14143.564218750	1400.000	4000.000	1.0000
23	Waveform 1	1	14143.920093750	14143.934718750	1400.000	4000.000	1.0000
23	Spectrogram 1	1	14143.920093750	14143.934718750	1400.000	4000.000	1.0000
24	Waveform 1	1	14168.082218750	14168.090343750	1400.000	4000.000	1.0000
24	Spectrogram 1	1	14168.082218750	14168.090343750	1400.000	4000.000	1.0000
25	Waveform 1	1	14172.570468750	14172.580218750	1400.000	4000.000	1.0000
25	Spectrogram 1	1	14172.570468750	14172.580218750	1400.000	4000.000	1.0000
26	Waveform 1	1	14178.261218750	14178.277468750	1400.000	4000.000	1.0000
26	Spectrogram 1	1	14178.261218750	14178.277468750	1400.000	4000.000	1.0000
27	Waveform 1	1	14183.472593750	14183.488843750	1400.000	4000.000	1.0000
27	Spectrogram 1	1	14183.472593750	14183.488843750	1400.000	4000.000	1.0000
28	Waveform 1	1	14187.200343750	14187.210093750	1400.000	4000.000	1.0000
28	Spectrogram 1	1	14187.200343750	14187.210093750	1400.000	4000.000	1.0000
29	Waveform 1	1	14202.662218750	14202.673593750	1400.000	4000.000	1.0000
29	Spectrogram 1	1	14202.662218750	14202.673593750	1400.000	4000.000	1.0000
30	Waveform 1	1	14205.624593750	14205.634343750	1400.000	4000.000	1.0000
30	Spectrogram 1	1	14205.624593750	14205.634343750	1400.000	4000.000	1.0000
31	Waveform 1	1	14207.363343750	14207.377968750	1400.000	4000.000	1.0000
31	Spectrogram 1	1	14207.363343750	14207.377968750	1400.000	4000.000	1.0000
32	Waveform 1	1	14303.803843750	14303.818468750	1400.000	4000.000	1.0000
32	Spectrogram 1	1	14303.803843750	14303.818468750	1400.000	4000.000	1.0000
33	Waveform 1	1	14307.682718750	14307.694093750	1400.000	4000.000	1.0000
33	Spectrogram 1	1	14307.682718750	14307.694093750	1400.000	4000.000	1.0000
34	Waveform 1	1	14313.862593750	14313.891843750	1400.000	4000.000	1.0000
34	Spectrogram 1	1	14313.862593750	14313.891843750	1400.000	4000.000	1.0000
35	Waveform 1	1	14313.943843750	14313.960093750	1400.000	4000.000	1.0000
35	Spectrogram 1	1	14313.943843750	14313.960093750	1400.000	4000.000	1.0000
36	Waveform 1	1	14314.029968750	14314.054343750	1400.000	4000.000	1.0000
36	Spectrogram 1	1	14314.029968750	14314.054343750	1400.000	4000.000	1.0000
37	Waveform 1	1	14314.182718750	14314.215218750	1400.000	4000.000	1.0000
37	Spectrogram 1	1	14314.182718750	14314.215218750	1400.000	4000.000	1.0000
38	Waveform 1	1	14337.065968750	14337.075718750	1400.000	4000.000	1.0000
38	Spectrogram 1	1	14337.065968750	14337.075718750	1400.000	4000.000	1.0000
39	Waveform 1	1	14339.604218750	14339.626968750	1400.000	4000.000	1.0000
39	Spectrogram 1	1	14339.604218750	14339.626968750	1400.000	4000.000	1.0000
40	Waveform 1	1	14345.535468750	14345.550093750	1400.000	4000.000	1.0000
40	Spectrogram 1	1	14345.535468750	14345.550093750	1400.000	4000.000	1.0000
41	Waveform 1	1	14349.744218750	14349.770218750	1400.000	4000.000	1.0000
41	Spectrogram 1	1	14349.744218750	14349.770218750	1400.000	4000.000	1.0000
42	Waveform 1	1	14357.783093750	14357.794468750	1400.000	4000.000	1.0000
42	Spectrogram 1	1	14357.783093750	14357.794468750	1400.000	4000.000	1.0000
43	Waveform 1	1	14359.848468750	14359.858218750	1400.000	4000.000	1.0000
43	Spectrogram 1	1	14359.848468750	14359.858218750	1400.000	4000.000	1.0000
44	Waveform 1	1	14369.039468750	14369.050843750	1400.000	4000.000	1.0000
44	Spectrogram 1	1	14369.039468750	14369.050843750	1400.000	4000.000	1.0000
45	Waveform 1	1	14373.426968750	14373.449718750	1400.000	4000.000	1.0000
45	Spectrogram 1	1	14373.426968750	14373.449718750	1400.000	4000.000	1.0000
46	Waveform 1	1	14379.483343750	14379.515843750	1400.000	4000.000	1.0000
46	Spectrogram 1	1	14379.483343750	14379.515843750	1400.000	4000.000	1.0000
47	Waveform 1	1	14381.867218750	14381.875343750	1400.000	4000.000	1.0000
47	Spectrogram 1	1	14381.867218750	14381.875343750	1400.000	4000.000	1.0000
48	Waveform 1	1	14385.586843750	14385.599843750	1400.000	4000.000	1.0000
48	Spectrogram 1	1	14385.586843750	14385.599843750	1400.000	4000.000	1.0000
49	Waveform 1	1	14385.806218750	14385.815968750	1400.000	4000.000	1.0000
49	Spectrogram 1	1	14385.806218750	14385.815968750	1400.000	4000.000	1.0000
50	Waveform 1	1	14385.871218750	14385.895593750	1400.000	4000.000	1.0000
50	Spectrogram 1	1	14385.871218750	14385.895593750	1400.000	4000.000	1.0000
51	Waveform 1	1	14398.716843750	14398.739593750	1400.000	4000.000	0.8571
51	Spectrogram 1	1	14398.716843750	14398.739593750	1400.000	4000.000	0.8571
52	Waveform 1	1	14407.659218750	14407.670593750	1400.000	4000.000	1.0000
52	Spectrogram 1	1	14407.659218750	14407.670593750	1400.000	4000.000	1.0000
53	Waveform 1	1	14409.266343750	14409.279343750	1400.000	4000.000	1.0000
53	Spectrogram 1	1	14409.266343750	14409.279343750	1400.000	4000.000	1.0000
54	Waveform 1	1	14523.815843750	14523.830468750	1400.000	4000.000	1.0000
54	Spectrogram 1	1	14523.815843750	14523.830468750	1400.000	4000.000	1.0000
55	Waveform 1	1	15564.766468750	15564.774593750	1400.000	4000.000	1.0000
55	Spectrogram 1	1	15564.766468750	15564.774593750	1400.000	4000.000	1.0000
56	Waveform 1	1	16789.190968750	16789.208843750	1400.000	4000.000	1.0000
56	Spectrogram 1	1	16789.190968750	16789.208843750	1400.000	4000.000	1.0000
57	Waveform 1	1	18571.089593750	18571.104218750	1400.000	4000.000	1.0000
57	Spectrogram 1	1	18571.089593750	18571.104218750	1400.000	4000.000	1.0000
58	Waveform 1	1	21338.069718750	21338.082718750	1400.000	4000.000	1.0000
58	Spectrogram 1	1	21338.069718750	21338.082718750	1400.000	4000.000	1.0000
59	Waveform 1	1	21567.880468750	21567.896718750	1400.000	4000.000	1.0000
59	Spectrogram 1	1	21567.880468750	21567.896718750	1400.000	4000.000	1.0000
60	Waveform 1	1	23861.184468750	23861.199093750	1400.000	4000.000	1.0000
60	Spectrogram 1	1	23861.184468750	23861.199093750	1400.000	4000.000	1.0000
61	Waveform 1	1	24043.813343750	24043.826343750	1400.000	4000.000	1.0000
61	Spectrogram 1	1	24043.813343750	24043.826343750	1400.000	4000.000	1.0000
62	Waveform 1	1	24781.751843750	24781.769718750	1400.000	4000.000	1.0000
62	Spectrogram 1	1	24781.751843750	24781.769718750	1400.000	4000.000	1.0000
63	Waveform 1	1	25031.904343750	25031.912468750	1400.000	4000.000	1.0000
63	Spectrogram 1	1	25031.904343750	25031.912468750	1400.000	4000.000	1.0000
64	Waveform 1	1	27561.104718750	27561.122593750	1400.000	4000.000	1.0000
64	Spectrogram 1	1	27561.104718750	27561.122593750	1400.000	4000.000	1.0000
65	Waveform 1	1	30053.383468750	30053.393218750	1400.000	4000.000	1.0000
65	Spectrogram 1	1	30053.383468750	30053.393218750	1400.000	4000.000	1.0000
66	Waveform 1	1	36174.743843750	36174.760093750	1400.000	4000.000	1.0000
66	Spectrogram 1	1	36174.743843750	36174.760093750	1400.000	4000.000	1.0000
67	Waveform 1	1	38275.538968750	38275.547093750	1400.000	4000.000	1.0000
67	Spectrogram 1	1	38275.538968750	38275.547093750	1400.000	4000.000	1.0000
68	Waveform 1	1	39086.968093750	39086.982718750	1400.000	4000.000	1.0000
68	Spectrogram 1	1	39086.968093750	39086.982718750	1400.000	4000.000	1.0000
69	Waveform 1	1	39095.570843750	39095.587093750	1400.000	4000.000	1.0000
69	Spectrogram 1	1	39095.570843750	39095.587093750	1400.000	4000.000	1.0000
70	Waveform 1	1	39105.649093750	39105.665343750	1400.000	4000.000	1.0000
70	Spectrogram 1	1	39105.649093750	39105.665343750	1400.000	4000.000	1.0000
71	Waveform 1	1	39148.601093750	39148.625468750	1400.000	4000.000	1.0000
71	Spectrogram 1	1	39148.601093750	39148.625468750	1400.000	4000.000	1.0000
72	Waveform 1	1	39175.121093750	39175.132468750	1400.000	4000.000	1.0000
72	Spectrogram 1	1	39175.121093750	39175.132468750	1400.000	4000.000	1.0000
73	Waveform 1	1	39229.006093750	39229.022343750	1400.000	4000.000	1.0000
73	Spectrogram 1	1	39229.006093750	39229.022343750	1400.000	4000.000	1.0000
74	Waveform 1	1	39590.862718750	39590.882218750	1400.000	4000.000	1.0000
74	Spectrogram 1	1	39590.862718750	39590.882218750	1400.000	4000.000	1.0000
75	Waveform 1	1	39715.726093750	39715.737468750	1400.000	4000.000	1.0000
75	Spectrogram 1	1	39715.726093750	39715.737468750	1400.000	4000.000	1.0000
76	Waveform 1	1	39757.821718750	39757.839593750	1400.000	4000.000	1.0000
76	Spectrogram 1	1	39757.821718750	39757.839593750	1400.000	4000.000	1.0000
77	Waveform 1	1	39861.236718750	39861.244843750	1400.000	4000.000	1.0000
77	Spectrogram 1	1	39861.236718750	39861.244843750	1400.000	4000.000	1.0000
78	Waveform 1	1	39913.953343750	39913.971218750	1400.000	4000.000	1.0000
78	Spectrogram 1	1	39913.953343750	39913.971218750	1400.000	4000.000	1.0000
79	Waveform 1	1	40048.166968750	40048.176718750	1400.000	4000.000	1.0000
79	Spectrogram 1	1	40048.166968750	40048.176718750	1400.000	4000.000	1.0000
80	Waveform 1	1	40081.329968750	40081.341343750	1400.000	4000.000	1.0000
80	Spectrogram 1	1	40081.329968750	40081.341343750	1400.000	4000.000	1.0000
81	Waveform 1	1	40098.059343750	40098.069093750	1400.000	4000.000	1.0000
81	Spectrogram 1	1	40098.059343750	40098.069093750	1400.000	4000.000	1.0000
82	Waveform 1	1	40354.807718750	40354.822343750	1400.000	4000.000	1.0000
82	Spectrogram 1	1	40354.807718750	40354.822343750	1400.000	4000.000	1.0000
83	Waveform 1	1	40743.642593750	40743.650718750	1400.000	4000.000	1.0000
83	Spectrogram 1	1	40743.642593750	40743.650718750	1400.000	4000.000	1.0000
84	Waveform 1	1	40918.183843750	40918.198468750	1400.000	4000.000	1.0000
84	Spectrogram 1	1	40918.183843750	40918.198468750	1400.000	4000.000	1.0000
85	Waveform 1	1	41261.140093750	41261.149843750	1400.000	4000.000	1.0000
85	Spectrogram 1	1	41261.140093750	41261.149843750	1400.000	4000.000	1.0000
86	Waveform 1	1	41672.741218750	41672.750968750	1400.000	4000.000	1.0000
86	Spectrogram 1	1	41672.741218750	41672.750968750	1400.000	4000.000	1.0000
87	Waveform 1	1	41854.538093750	41854.555968750	1400.000	4000.000	1.0000
87	Spectrogram 1	1	41854.538093750	41854.555968750	1400.000	4000.000	1.0000
88	Waveform 1	1	42309.159468750	42309.170843750	1400.000	4000.000	1.0000
88	Spectrogram 1	1	42309.159468750	42309.170843750	1400.000	4000.000	1.0000
89	Waveform 1	1	42317.287718750	42317.297468750	1400.000	4000.000	1.0000
89	Spectrogram 1	1	42317.287718750	42317.297468750	1400.000	4000.000	1.0000
90	Waveform 1	1	42642.820718750	42642.828843750	1400.000	4000.000	1.0000
90	Spectrogram 1	1	42642.820718750	42642.828843750	1400.000	4000.000	1.0000
91	Waveform 1	1	42729.631468750	42729.642843750	1400.000	4000.000	1.0000
91	Spectrogram 1	1	42729.631468750	42729.642843750	1400.000	4000.000	1.0000
92	Waveform 1	1	42788.893593750	42788.904968750	1400.000	4000.000	1.0000
92	Spectrogram 1	1	42788.893593750	42788.904968750	1400.000	4000.000	1.0000
93	Waveform 1	1	42791.522843750	42791.539093750	1400.000	4000.000	1.0000
93	Spectrogram 1	1	42791.522843750	42791.539093750	1400.000	4000.000	1.0000
94	Waveform 1	1	42991.648093750	42991.657843750	1400.000	4000.000	1.0000
94	Spectrogram 1	1	42991.648093750	42991.657843750	1400.000	4000.000	1.0000
95	Waveform 1	1	46893.625718750	46893.633843750	1400.000	4000.000	1.0000
95	Spectrogram 1	1	46893.625718750	46893.633843750	1400.000	4000.000	1.0000
96	Waveform 1	1	54639.914593750	54639.924343750	1400.000	4000.000	1.0000
96	Spectrogram 1	1	54639.914593750	54639.924343750	1400.000	4000.000	1.0000
97	Waveform 1	1	54840.252718750	54840.272218750	1400.000	4000.000	1.0000
97	Spectrogram 1	1	54840.252718750	54840.272218750	1400.000	4000.000	1.0000
98	Waveform 1	1	56749.863343750	56749.890968750	1400.000	4000.000	1.0000
98	Spectrogram 1	1	56749.863343750	56749.890968750	1400.000	4000.000	1.0000
99	Waveform 1	1	56749.941343750	56749.951093750	1400.000	4000.000	1.0000
99	Spectrogram 1	1	56749.941343750	56749.951093750	1400.000	4000.000	1.0000
100	Waveform 1	1	57566.326718750	57566.355968750	1400.000	4000.000	1.0000
100	Spectrogram 1	1	57566.326718750	57566.355968750	1400.000	4000.000	1.0000
101	Waveform 1	1	57571.128593750	57571.138343750	1400.000	4000.000	1.0000
101	Spectrogram 1	1	57571.128593750	57571.138343750	1400.000	4000.000	1.0000
102	Waveform 1	1	62185.004093750	62185.015468750	1400.000	4000.000	1.0000
102	Spectrogram 1	1	62185.004093750	62185.015468750	1400.000	4000.000	1.0000
103	Waveform 1	1	80175.387218750	80175.401843750	1400.000	4000.000	1.0000
103	Spectrogram 1	1	80175.387218750	80175.401843750	1400.000	4000.000	1.0000
104	Waveform 1	1	85513.575593750	85513.586968750	1400.000	4000.000	1.0000
104	Spectrogram 1	1	85513.575593750	85513.586968750	1400.000	4000.000	1.0000
105	Waveform 1	1	85513.625968750	85513.638968750	1400.000	4000.000	1.0000
105	Spectrogram 1	1	85513.625968750	85513.638968750	1400.000	4000.000	1.0000
106	Waveform 1	1	85595.004343750	85595.015718750	1400.000	4000.000	1.0000
106	Spectrogram 1	1	85595.004343750	85595.015718750	1400.000	4000.000	1.0000
