Selection	View	Channel	Begin Time (s)	End Time (s)	Low Freq (Hz)	High Freq (Hz)	Occupancy
1	Waveform 1	1	1458.916593750	1458.926343750	1400.000	4000.000	1.0000
1	Spectrogram 1	1	1458.916593750	1458.926343750	1400.000	4000.000	1.0000
2	Waveform 1	1	1459.769718750	1459.781093750	1400.000	4000.000	1.0000
2	Spectrogram 1	1	1459.769718750	1459.781093750	1400.000	4000.000	1.0000
3	Waveform 1	1	1460.655343750	1460.668343750	1400.000	4000.000	1.0000
3	Spectrogram 1	1	1460.655343750	1460.668343750	1400.000	4000.000	1.0000
4	Waveform 1	1	1461.549093750	1461.562093750	1400.000	4000.000	1.0000
4	Spectrogram 1	1	1461.549093750	1461.562093750	1400.000	4000.000	1.0000
5	Waveform 1	1	1462.377843750	1462.390843750	1400.000	4000.000	1.0000
5	Spectrogram 1	1	1462.377843750	1462.390843750	1400.000	4000.000	1.0000
6	Waveform 1	1	1463.200093750	1463.211468750	1400.000	4000.000	1.0000
6	Spectrogram 1	1	1463.200093750	1463.211468750	1400.000	4000.000	1.0000
7	Waveform 1	1	1464.017468750	1464.028843750	1400.000	4000.000	1.0000
7	Spectrogram 1	1	1464.017468750	1464.028843750	1400.000	4000.000	1.0000
8	Waveform 1	1	1471.661468750	1471.669593750	1400.000	4000.000	1.0000
8	Spectrogram 1	1	1471.661468750	1471.669593750	1400.000	4000.000	1.0000
9	Waveform 1	1	1472.530843750	1472.540593750	1400.000	4000.000	1.0000
9	Spectrogram 1	1	1472.530843750	1472.540593750	1400.000	4000.000	1.0000
10	Waveform 1	1	1473.435968750	1473.444093750	1400.000	4000.000	1.0000
10	Spectrogram 1	1	1473.435968750	1473.444093750	1400.000	4000.000	1.0000
11	Waveform 1	1	1474.297218750	1474.308593750	1400.000	4000.000	1.0000
11	Spectrogram 1	1	1474.297218750	1474.308593750	1400.000	4000.000	1.0000
12	Waveform 1	1	1482.956843750	1482.964968750	1400.000	4000.000	1.0000
12	Spectrogram 1	1	1482.956843750	1482.964968750	1400.000	4000.000	1.0000
13	Waveform 1	1	1483.840843750	1483.852218750	1400.000	4000.000	1.0000
13	Spectrogram 1	1	1483.840843750	1483.852218750	1400.000	4000.000	1.0000
14	Waveform 1	1	1484.745968750	1484.762218750	1400.000	4000.000	1.0000
14	Spectrogram 1	1	1484.745968750	1484.762218750	1400.000	4000.000	1.0000
15	Waveform 1	1	1485.649468750	1485.665718750	1400.000	4000.000	1.0000
15	Spectrogram 1	1	1485.649468750	1485.665718750	1400.000	4000.000	1.0000
16	Waveform 1	1	1486.512343750	1486.526968750	1400.000	4000.000	1.0000
16	Spectrogram 1	1	1486.512343750	1486.526968750	1400.000	4000.000	1.0000
17	Waveform 1	1	1487.337843750	1487.352468750	1400.000	4000.000	1.0000
17	Spectrogram 1	1	1487.337843750	1487.352468750	1400.000	4000.000	1.0000
18	Waveform 1	1	1488.163343750	1488.177968750	1400.000	4000.000	1.0000
18	Spectrogram 1	1	1488.163343750	1488.177968750	1400.000	4000.000	1.0000
19	Waveform 1	1	1489.031093750	1489.040843750	1400.000	4000.000	1.0000
19	Spectrogram 1	1	1489.031093750	1489.040843750	1400.000	4000.000	1.0000
20	Waveform 1	1	1493.631468750	1493.639593750	1400.000	4000.000	1.0000
20	Spectrogram 1	1	1493.631468750	1493.639593750	1400.000	4000.000	1.0000
21	Waveform 1	1	1494.502468750	1494.510593750	1400.000	4000.000	1.0000
21	Spectrogram 1	1	1494.502468750	1494.510593750	1400.000	4000.000	1.0000
22	Waveform 1	1	2472.261718750	2472.271468750	1400.000	4000.000	1.0000
22	Spectrogram 1	1	2472.261718750	2472.271468750	1400.000	4000.000	1.0000
23	Waveform 1	1	2544.852093750	2544.860218750	1400.000	4000.000	1.0000
23	Spectrogram 1	1	2544.852093750	2544.860218750	1400.000	4000.000	1.0000
24	Waveform 1	1	2548.266218750	2548.275968750	1400.000	4000.000	1.0000
24	Spectrogram 1	1	2548.266218750	2548.275968750	1400.000	4000.000	1.0000
25	Waveform 1	1	2548.943843750	2548.951968750	1400.000	4000.000	1.0000
25	Spectrogram 1	1	2548.943843750	2548.951968750	1400.000	4000.000	1.0000
26	Waveform 1	1	2550.978343750	2550.986468750	1400.000	4000.000	1.0000
26	Spectrogram 1	1	2550.978343750	2550.986468750	1400.000	4000.000	1.0000
27	Waveform 1	1	2551.636468750	2551.646218750	1400.000	4000.000	1.0000
27	Spectrogram 1	1	2551.636468750	2551.646218750	1400.000	4000.000	1.0000
28	Waveform 1	1	2554.400593750	2554.408718750	1400.000	4000.000	1.0000
28	Spectrogram 1	1	2554.400593750	2554.408718750	1400.000	4000.000	1.0000
29	Waveform 1	1	2652.233718750	2652.243468750	1400.000	4000.000	1.0000
29	Spectrogram 1	1	2652.233718750	2652.243468750	1400.000	4000.000	1.0000
30	Waveform 1	1	2906.734718750	2906.747718750	1400.000	4000.000	1.0000
30	Spectrogram 1	1	2906.734718750	2906.747718750	1400.000	4000.000	1.0000
31	Waveform 1	1	2907.940468750	2907.953468750	1400.000	4000.000	1.0000
31	Spectrogram 1	1	2907.940468750	2907.953468750	1400.000	4000.000	1.0000
32	Waveform 1	1	2909.138093750	2909.151093750	1400.000	4000.000	1.0000
32	Spectrogram 1	1	2909.138093750	2909.151093750	1400.000	4000.000	1.0000
33	Waveform 1	1	2910.319468750	2910.327593750	1400.000	4000.000	1.0000
33	Spectrogram 1	1	2910.319468750	2910.327593750	1400.000	4000.000	1.0000
34	Waveform 1	1	2919.728218750	2919.739593750	1400.000	4000.000	1.0000
34	Spectrogram 1	1	2919.728218750	2919.739593750	1400.000	4000.000	1.0000
35	Waveform 1	1	2921.101343750	2921.112718750	1400.000	4000.000	1.0000
35	Spectrogram 1	1	2921.101343750	2921.112718750	1400.000	4000.000	1.0000
36	Waveform 1	1	2926.943218750	2926.951343750	1400.000	4000.000	1.0000
36	Spectrogram 1	1	2926.943218750	2926.951343750	1400.000	4000.000	1.0000
37	Waveform 1	1	3049.955718750	3049.963843750	1400.000	4000.000	1.0000
37	Spectrogram 1	1	3049.955718750	3049.963843750	1400.000	4000.000	1.0000
38	Waveform 1	1	3051.073718750	3051.083468750	1400.000	4000.000	1.0000
38	Spectrogram 1	1	3051.073718750	3051.083468750	1400.000	4000.000	1.0000
39	Waveform 1	1	3054.460218750	3054.469968750	1400.000	4000.000	1.0000
39	Spectrogram 1	1	3054.460218750	3054.469968750	1400.000	4000.000	1.0000
40	Waveform 1	1	3059.106093750	3059.115843750	1400.000	4000.000	1.0000
40	Spectrogram 1	1	3059.106093750	3059.115843750	1400.000	4000.000	1.0000
41	Waveform 1	1	3060.284218750	3060.292343750	1400.000	4000.000	1.0000
41	Spectrogram 1	1	3060.284218750	3060.292343750	1400.000	4000.000	1.0000
42	Waveform 1	1	3061.446093750	3061.455843750	1400.000	4000.000	1.0000
42	Spectrogram 1	1	3061.446093750	3061.455843750	1400.000	4000.000	1.0000
43	Waveform 1	1	3062.622593750	3062.630718750	1400.000	4000.000	1.0000
43	Spectrogram 1	1	3062.622593750	3062.630718750	1400.000	4000.000	1.0000
44	Waveform 1	1	5068.048093750	5068.057843750	1400.000	4000.000	1.0000
44	Spectrogram 1	1	5068.048093750	5068.057843750	1400.000	4000.000	1.0000
45	Waveform 1	1	11094.295593750	11094.303718750	1400.000	4000.000	1.0000
45	Spectrogram 1	1	11094.295593750	11094.303718750	1400.000	4000.000	1.0000
46	Waveform 1	1	11164.181968750	11164.193343750	1400.000	4000.000	1.0000
46	Spectrogram 1	1	11164.181968750	11164.193343750	1400.000	4000.000	1.0000
47	Waveform 1	1	12302.427843750	12302.440843750	1400.000	4000.000	1.0000
47	Spectrogram 1	1	12302.427843750	12302.440843750	1400.000	4000.000	1.0000
48	Waveform 1	1	12478.901218750	12478.909343750	1400.000	4000.000	1.0000
48	Spectrogram 1	1	12478.901218750	12478.909343750	1400.000	4000.000	1.0000
49	Waveform 1	1	12479.151468750	12479.159593750	1400.000	4000.000	1.0000
49	Spectrogram 1	1	12479.151468750	12479.159593750	1400.000	4000.000	1.0000
50	Waveform 1	1	13488.887468750	13488.897218750	1400.000	4000.000	1.0000
50	Spectrogram 1	1	13488.887468750	13488.897218750	1400.000	4000.000	1.0000
51	Waveform 1	1	15459.607843750	15459.615968750	1400.000	4000.000	1.0000
51	Spectrogram 1	1	15459.607843750	15459.615968750	1400.000	4000.000	1.0000
52	Waveform 1	1	15530.838093750	15530.867343750	1400.000	4000.000	1.0000
52	Spectrogram 1	1	15530.838093750	15530.867343750	1400.000	4000.000	1.0000
53	Waveform 1	1	15547.635718750	15547.647093750	1400.000	4000.000	1.0000
53	Spectrogram 1	1	15547.635718750	15547.647093750	1400.000	4000.000	1.0000
54	Waveform 1	1	15578.908843750	15578.921843750	1400.000	4000.000	1.0000
54	Spectrogram 1	1	15578.908843750	15578.921843750	1400.000	4000.000	1.0000
55	Waveform 1	1	15667.351093750	15667.368968750	1400.000	4000.000	1.0000
55	Spectrogram 1	1	15667.351093750	15667.368968750	1400.000	4000.000	1.0000
56	Waveform 1	1	15772.485343750	15772.511343750	1400.000	4000.000	0.7500
56	Spectrogram 1	1	15772.485343750	15772.511343750	1400.000	4000.000	0.7500
57	Waveform 1	1	15872.949343750	15872.960718750	1400.000	4000.000	1.0000
57	Spectrogram 1	1	15872.949343750	15872.960718750	1400.000	4000.000	1.0000
58	Waveform 1	1	15941.717718750	15941.727468750	1400.000	4000.000	1.0000
58	Spectrogram 1	1	15941.717718750	15941.727468750	1400.000	4000.000	1.0000
59	Waveform 1	1	15966.700468750	15966.708593750	1400.000	4000.000	1.0000
59	Spectrogram 1	1	15966.700468750	15966.708593750	1400.000	4000.000	1.0000
60	Waveform 1	1	16134.702718750	16134.715718750	1400.000	4000.000	1.0000
60	Spectrogram 1	1	16134.702718750	16134.715718750	1400.000	4000.000	1.0000
61	Waveform 1	1	16325.521593750	16325.532968750	1400.000	4000.000	1.0000
61	Spectrogram 1	1	16325.521593750	16325.532968750	1400.000	4000.000	1.0000
62	Waveform 1	1	16342.270468750	16342.291593750	1400.000	4000.000	1.0000
62	Spectrogram 1	1	16342.270468750	16342.291593750	1400.000	4000.000	1.0000
63	Waveform 1	1	16367.906468750	16367.930843750	1400.000	4000.000	1.0000
63	Spectrogram 1	1	16367.906468750	16367.930843750	1400.000	4000.000	1.0000
64	Waveform 1	1	16644.972218750	16644.991718750	1400.000	4000.000	1.0000
64	Spectrogram 1	1	16644.972218750	16644.991718750	1400.000	4000.000	1.0000
65	Waveform 1	1	17116.540718750	17116.552093750	1400.000	4000.000	1.0000
65	Spectrogram 1	1	17116.540718750	17116.552093750	1400.000	4000.000	1.0000
66	Waveform 1	1	17187.650718750	17187.671843750	1400.000	4000.000	1.0000
66	Spectrogram 1	1	17187.650718750	17187.671843750	1400.000	4000.000	1.0000
67	Waveform 1	1	17188.230843750	17188.240593750	1400.000	4000.000	1.0000
67	Spectrogram 1	1	17188.230843750	17188.240593750	1400.000	4000.000	1.0000
68	Waveform 1	1	17465.285218750	17465.301468750	1400.000	4000.000	1.0000
68	Spectrogram 1	1	17465.285218750	17465.301468750	1400.000	4000.000	1.0000
69	Waveform 1	1	17666.432593750	17666.455343750	1400.000	4000.000	1.0000
69	Spectrogram 1	1	17666.432593750	17666.455343750	1400.000	4000.000	1.0000
70	Waveform 1	1	18291.228843750	18291.243468750	1400.000	4000.000	1.0000
70	Spectrogram 1	1	18291.228843750	18291.243468750	1400.000	4000.000	1.0000
71	Waveform 1	1	21676.744093750	21676.760343750	1400.000	4000.000	1.0000
71	Spectrogram 1	1	21676.744093750	21676.760343750	1400.000	4000.000	1.0000
72	Waveform 1	1	21677.181218750	21677.200718750	1400.000	4000.000	1.0000
72	Spectrogram 1	1	21677.181218750	21677.200718750	1400.000	4000.000	1.0000
73	Waveform 1	1	22366.294968750	22366.316093750	1400.000	4000.000	1.0000
73	Spectrogram 1	1	22366.294968750	22366.316093750	1400.000	4000.000	1.0000
74	Waveform 1	1	22366.348593750	22366.358343750	1400.000	4000.000	1.0000
74	Spectrogram 1	1	22366.348593750	22366.358343750	1400.000	4000.000	1.0000
75	Waveform 1	1	22526.474468750	22526.490718750	1400.000	4000.000	1.0000
75	Spectrogram 1	1	22526.474468750	22526.490718750	1400.000	4000.000	1.0000
76	Waveform 1	1	22526.573593750	22526.593093750	1400.000	4000.000	1.0000
76	Spectrogram 1	1	22526.573593750	22526.593093750	1400.000	4000.000	1.0000
77	Waveform 1	1	26137.534843750	26137.542968750	1400.000	4000.000	1.0000
77	Spectrogram 1	1	26137.534843750	26137.542968750	1400.000	4000.000	1.0000
78	Waveform 1	1	26185.088843750	26185.098593750	1400.000	4000.000	1.0000
78	Spectrogram 1	1	26185.088843750	26185.098593750	1400.000	4000.000	1.0000
79	Waveform 1	1	26197.035843750	26197.043968750	1400.000	4000.000	1.0000
79	Spectrogram 1	1	26197.035843750	26197.043968750	1400.000	4000.000	1.0000
80	Waveform 1	1	26755.384218750	26755.402093750	1400.000	4000.000	1.0000
80	Spectrogram 1	1	26755.384218750	26755.402093750	1400.000	4000.000	1.0000
81	Waveform 1	1	27624.127093750	27624.148218750	1400.000	4000.000	1.0000
81	Spectrogram 1	1	27624.127093750	27624.148218750	1400.000	4000.000	1.0000
82	Waveform 1	1	36842.934093750	36842.942218750	1400.000	4000.000	1.0000
82	Spectrogram 1	1	36842.934093750	36842.942218750	1400.000	4000.000	1.0000
83	Waveform 1	1	36883.911718750	36883.923093750	1400.000	4000.000	1.0000
83	Spectrogram 1	1	36883.911718750	36883.923093750	1400.000	4000.000	1.0000
84	Waveform 1	1	36894.935718750	36894.947093750	1400.000	4000.000	1.0000
84	Spectrogram 1	1	36894.935718750	36894.947093750	1400.000	4000.000	1.0000
85	Waveform 1	1	36984.180718750	36984.192093750	1400.000	4000.000	1.0000
85	Spectrogram 1	1	36984.180718750	36984.192093750	1400.000	4000.000	1.0000
86	Waveform 1	1	37009.624968750	37009.636343750	1400.000	4000.000	1.0000
86	Spectrogram 1	1	37009.624968750	37009.636343750	1400.000	4000.000	1.0000
87	Waveform 1	1	37192.747843750	37192.755968750	1400.000	4000.000	1.0000
87	Spectrogram 1	1	37192.747843750	37192.755968750	1400.000	4000.000	1.0000
88	Waveform 1	1	37226.737968750	37226.759093750	1400.000	4000.000	1.0000
88	Spectrogram 1	1	37226.737968750	37226.759093750	1400.000	4000.000	1.0000
89	Waveform 1	1	37245.184968750	37245.210968750	1400.000	4000.000	1.0000
89	Spectrogram 1	1	37245.184968750	37245.210968750	1400.000	4000.000	1.0000
90	Waveform 1	1	37253.815343750	37253.823468750	1400.000	4000.000	1.0000
90	Spectrogram 1	1	37253.815343750	37253.823468750	1400.000	4000.000	1.0000
91	Waveform 1	1	37271.557093750	37271.570093750	1400.000	4000.000	1.0000
91	Spectrogram 1	1	37271.557093750	37271.570093750	1400.000	4000.000	1.0000
92	Waveform 1	1	37322.525218750	37322.536593750	1400.000	4000.000	1.0000
92	Spectrogram 1	1	37322.525218750	37322.536593750	1400.000	4000.000	1.0000
93	Waveform 1	1	37400.703968750	37400.713718750	1400.000	4000.000	1.0000
93	Spectrogram 1	1	37400.703968750	37400.713718750	1400.000	4000.000	1.0000
94	Waveform 1	1	37634.650343750	37634.661718750	1400.000	4000.000	1.0000
94	Spectrogram 1	1	37634.650343750	37634.661718750	1400.000	4000.000	1.0000
95	Waveform 1	1	37640.485718750	37640.500343750	1400.000	4000.000	1.0000
95	Spectrogram 1	1	37640.485718750	37640.500343750	1400.000	4000.000	1.0000
96	Waveform 1	1	37788.544343750	37788.554093750	1400.000	4000.000	1.0000
96	Spectrogram 1	1	37788.544343750	37788.554093750	1400.000	4000.000	1.0000
97	Waveform 1	1	37812.501718750	37812.513093750	1400.000	4000.000	1.0000
97	Spectrogram 1	1	37812.501718750	37812.513093750	1400.000	4000.000	1.0000
98	Waveform 1	1	38177.489718750	38177.501093750	1400.000	4000.000	1.0000
98	Spectrogram 1	1	38177.489718750	38177.501093750	1400.000	4000.000	1.0000
99	Waveform 1	1	38184.847718750	38184.855843750	1400.000	4000.000	1.0000
99	Spectrogram 1	1	38184.847718750	38184.855843750	1400.000	4000.000	1.0000
100	Waveform 1	1	38188.133468750	38188.144843750	1400.000	4000.000	1.0000
100	Spectrogram 1	1	38188.133468750	38188.144843750	1400.000	4000.000	1.0000
101	Waveform 1	1	38198.148343750	38198.177593750	1400.000	4000.000	1.0000
101	Spectrogram 1	1	38198.148343750	38198.177593750	1400.000	4000.000	1.0000
102	Waveform 1	1	39649.817718750	39649.845343750	1400.000	4000.000	1.0000
102	Spectrogram 1	1	39649.817718750	39649.845343750	1400.000	4000.000	1.0000
103	Waveform 1	1	40054.697843750	40054.718968750	1400.000	4000.000	1.0000
103	Spectrogram 1	1	40054.697843750	40054.718968750	1400.000	4000.000	1.0000
104	Waveform 1	1	40281.752593750	40281.763968750	1400.000	4000.000	1.0000
104	Spectrogram 1	1	40281.752593750	40281.763968750	1400.000	4000.000	1.0000
105	Waveform 1	1	40281.892343750	40281.900468750	1400.000	4000.000	1.0000
105	Spectrogram 1	1	40281.892343750	40281.900468750	1400.000	4000.000	1.0000
106	Waveform 1	1	40283.392218750	40283.408468750	1400.000	4000.000	1.0000
106	Spectrogram 1	1	40283.392218750	40283.408468750	1400.000	4000.000	1.0000
107	Waveform 1	1	40635.628843750	40635.651593750	1400.000	4000.000	1.0000
107	Spectrogram 1	1	40635.628843750	40635.651593750	1400.000	4000.000	1.0000
108	Waveform 1	1	56586.523218750	56586.536218750	1400.000	4000.000	1.0000
108	Spectrogram 1	1	56586.523218750	56586.536218750	1400.000	4000.000	1.0000
109	Waveform 1	1	63904.860218750	63904.878093750	1400.000	4000.000	1.0000
109	Spectrogram 1	1	63904.860218750	63904.878093750	1400.000	4000.000	1.0000
110	Waveform 1	1	63904.912218750	63904.925218750	1400.000	4000.000	1.0000
110	Spectrogram 1	1	63904.912218750	63904.925218750	1400.000	4000.000	1.0000
111	Waveform 1	1	64442.181093750	64442.189218750	1400.000	4000.000	1.0000
111	Spectrogram 1	1	64442.181093750	64442.189218750	1400.000	4000.000	1.0000
112	Waveform 1	1	64442.304593750	64442.314343750	1400.000	4000.000	1.0000
112	Spectrogram 1	1	64442.304593750	64442.314343750	1400.000	4000.000	1.0000
113	Waveform 1	1	75502.608718750	75502.634718750	1400.000	4000.000	1.0000
113	Spectrogram 1	1	75502.608718750	75502.634718750	1400.000	4000.000	1.0000
114	Waveform 1	1	75507.945218750	75507.972843750	1400.000	4000.000	1.0000
114	Spectrogram 1	1	75507.945218750	75507.972843750	1400.000	4000.000	1.0000
115	Waveform 1	1	75510.242968750	75510.265718750	1400.000	4000.000	1.0000
115	Spectrogram 1	1	75510.242968750	75510.265718750	1400.000	4000.000	1.0000
116	Waveform 1	1	75511.586843750	75511.594968750	1400.000	4000.000	1.0000
116	Spectrogram 1	1	75511.586843750	75511.594968750	1400.000	4000.000	1.0000
117	Waveform 1	1	75564.990843750	75565.010343750	1400.000	4000.000	1.0000
117	Spectrogram 1	1	75564.990843750	75565.010343750	1400.000	4000.000	1.0000
118	Waveform 1	1	75610.900343750	75610.913343750	1400.000	4000.000	1.0000
118	Spectrogram 1	1	75610.900343750	75610.913343750	1400.000	4000.000	1.0000
119	Waveform 1	1	75613.622218750	75613.633593750	1400.000	4000.000	1.0000
119	Spectrogram 1	1	75613.622218750	75613.633593750	1400.000	4000.000	1.0000
120	Waveform 1	1	75664.600093750	75664.609843750	1400.000	4000.000	1.0000
120	Spectrogram 1	1	75664.600093750	75664.609843750	1400.000	4000.000	1.0000
121	Waveform 1	1	75671.569718750	75671.595718750	1400.000	4000.000	1.0000
121	Spectrogram 1	1	75671.569718750	75671.595718750	1400.000	4000.000	1.0000
122	Waveform 1	1	75852.674343750	75852.690593750	1400.000	4000.000	1.0000
122	Spectrogram 1	1	75852.674343750	75852.690593750	1400.000	4000.000	1.0000
123	Waveform 1	1	75876.001218750	75876.014218750	1400.000	4000.000	1.0000
123	Spectrogram 1	1	75876.001218750	75876.014218750	1400.000	4000.000	1.0000
124	Waveform 1	1	75876.166968750	75876.179968750	1400.000	4000.000	1.0000
124	Spectrogram 1	1	75876.166968750	75876.179968750	1400.000	4000.000	1.0000
125	Waveform 1	1	75877.289843750	75877.297968750	1400.000	4000.000	1.0000
125	Spectrogram 1	1	75877.289843750	75877.297968750	1400.000	4000.000	1.0000
126	Waveform 1	1	75878.833593750	75878.848218750	1400.000	4000.000	1.0000
126	Spectrogram 1	1	75878.833593750	75878.848218750	1400.000	4000.000	1.0000
127	Waveform 1	1	75880.252218750	75880.270093750	1400.000	4000.000	1.0000
127	Spectrogram 1	1	75880.252218750	75880.270093750	1400.000	4000.000	1.0000
128	Waveform 1	1	75880.404968750	75880.424468750	1400.000	4000.000	1.0000
128	Spectrogram 1	1	75880.404968750	75880.424468750	1400.000	4000.000	1.0000
129	Waveform 1	1	75880.552843750	75880.567468750	1400.000	4000.000	1.0000
129	Spectrogram 1	1	75880.552843750	75880.567468750	1400.000	4000.000	1.0000
130	Waveform 1	1	75880.720218750	75880.749468750	1400.000	4000.000	1.0000
130	Spectrogram 1	1	75880.720218750	75880.749468750	1400.000	4000.000	1.0000
131	Waveform 1	1	75892.576218750	75892.585968750	1400.000	4000.000	1.0000
131	Spectrogram 1	1	75892.576218750	75892.585968750	1400.000	4000.000	1.0000
132	Waveform 1	1	75897.607218750	75897.620218750	1400.000	4000.000	1.0000
132	Spectrogram 1	1	75897.607218750	75897.620218750	1400.000	4000.000	1.0000
133	Waveform 1	1	75936.197718750	75936.220468750	1400.000	4000.000	1.0000
133	Spectrogram 1	1	75936.197718750	75936.220468750	1400.000	4000.000	1.0000
134	Waveform 1	1	75938.726218750	75938.735968750	1400.000	4000.000	1.0000
134	Spectrogram 1	1	75938.726218750	75938.735968750	1400.000	4000.000	1.0000
135	Waveform 1	1	75939.870218750	75939.889718750	1400.000	4000.000	1.0000
135	Spectrogram 1	1	75939.870218750	75939.889718750	1400.000	4000.000	1.0000
136	Waveform 1	1	75955.377593750	75955.393843750	1400.000	4000.000	1.0000
136	Spectrogram 1	1	75955.377593750	75955.393843750	1400.000	4000.000	1.0000
137	Waveform 1	1	75960.738468750	75960.749843750	1400.000	4000.000	1.0000
137	Spectrogram 1	1	75960.738468750	75960.749843750	1400.000	4000.000	1.0000
138	Waveform 1	1	75961.903593750	75961.914968750	1400.000	4000.000	1.0000
138	Spectrogram 1	1	75961.903593750	75961.914968750	1400.000	4000.000	1.0000
139	Waveform 1	1	75967.826718750	75967.855968750	1400.000	4000.000	1.0000
139	Spectrogram 1	1	75967.826718750	75967.855968750	1400.000	4000.000	1.0000
140	Waveform 1	1	75973.582468750	75973.603593750	1400.000	4000.000	1.0000
140	Spectrogram 1	1	75973.582468750	75973.603593750	1400.000	4000.000	1.0000
141	Waveform 1	1	75988.711218750	75988.729093750	1400.000	4000.000	1.0000
141	Spectrogram 1	1	75988.711218750	75988.729093750	1400.000	4000.000	1.0000
142	Waveform 1	1	76001.688468750	76001.712843750	1400.000	4000.000	1.0000
142	Spectrogram 1	1	76001.688468750	76001.712843750	1400.000	4000.000	1.0000
143	Waveform 1	1	76009.792343750	76009.805343750	1400.000	4000.000	1.0000
143	Spectrogram 1	1	76009.792343750	76009.805343750	1400.000	4000.000	1.0000
144	Waveform 1	1	76009.982468750	76009.995468750	1400.000	4000.000	1.0000
144	Spectrogram 1	1	76009.982468750	76009.995468750	1400.000	4000.000	1.0000
145	Waveform 1	1	76016.763593750	76016.779843750	1400.000	4000.000	1.0000
145	Spectrogram 1	1	76016.763593750	76016.779843750	1400.000	4000.000	1.0000
146	Waveform 1	1	76028.187343750	76028.203593750	1400.000	4000.000	1.0000
146	Spectrogram 1	1	76028.187343750	76028.203593750	1400.000	4000.000	1.0000
147	Waveform 1	1	76054.468468750	76054.492843750	1400.000	4000.000	1.0000
147	Spectrogram 1	1	76054.468468750	76054.492843750	1400.000	4000.000	1.0000
148	Waveform 1	1	76056.038218750	76056.046343750	1400.000	4000.000	1.0000
148	Spectrogram 1	1	76056.038218750	76056.046343750	1400.000	4000.000	1.0000
149	Waveform 1	1	76087.020468750	76087.038343750	1400.000	4000.000	1.0000
149	Spectrogram 1	1	76087.020468750	76087.038343750	1400.000	4000.000	1.0000
150	Waveform 1	1	76189.400343750	76189.411718750	1400.000	4000.000	1.0000
150	Spectrogram 1	1	76189.400343750	76189.411718750	1400.000	4000.000	1.0000
151	Waveform 1	1	76193.914593750	76193.932468750	1400.000	4000.000	1.0000
151	Spectrogram 1	1	76193.914593750	76193.932468750	1400.000	4000.000	1.0000
152	Waveform 1	1	76261.030343750	76261.054718750	1400.000	4000.000	1.0000
152	Spectrogram 1	1	76261.030343750	76261.054718750	1400.000	4000.000	1.0000
153	Waveform 1	1	76321.433218750	76321.451093750	1400.000	4000.000	1.0000
153	Spectrogram 1	1	76321.433218750	76321.451093750	1400.000	4000.000	1.0000
154	Waveform 1	1	76326.460968750	76326.480468750	1400.000	4000.000	1.0000
154	Spectrogram 1	1	76326.460968750	76326.480468750	1400.000	4000.000	1.0000
155	Waveform 1	1	76337.688093750	76337.699468750	1400.000	4000.000	1.0000
155	Spectrogram 1	1	76337.688093750	76337.699468750	1400.000	4000.000	1.0000
156	Waveform 1	1	76338.131718750	76338.152843750	1400.000	4000.000	1.0000
156	Spectrogram 1	1	76338.131718750	76338.152843750	1400.000	4000.000	1.0000
157	Waveform 1	1	76345.707468750	76345.717218750	1400.000	4000.000	1.0000
157	Spectrogram 1	1	76345.707468750	76345.717218750	1400.000	4000.000	1.0000
158	Waveform 1	1	76378.603968750	76378.628343750	1400.000	4000.000	1.0000
158	Spectrogram 1	1	76378.603968750	76378.628343750	1400.000	4000.000	1.0000
159	Waveform 1	1	76378.667343750	76378.680343750	1400.000	4000.000	1.0000
159	Spectrogram 1	1	76378.667343750	76378.680343750	1400.000	4000.000	1.0000
160	Waveform 1	1	76388.843093750	76388.859343750	1400.000	4000.000	1.0000
160	Spectrogram 1	1	76388.843093750	76388.859343750	1400.000	4000.000	1.0000
161	Waveform 1	1	76399.535593750	76399.563218750	1400.000	4000.000	1.0000
161	Spectrogram 1	1	76399.535593750	76399.563218750	1400.000	4000.000	1.0000
162	Waveform 1	1	76401.958468750	76401.968218750	1400.000	4000.000	1.0000
162	Spectrogram 1	1	76401.958468750	76401.968218750	1400.000	4000.000	1.0000
163	Waveform 1	1	76402.683218750	76402.714093750	1400.000	4000.000	1.0000
163	Spectrogram 1	1	76402.683218750	76402.714093750	1400.000	4000.000	1.0000
164	Waveform 1	1	76404.654343750	76404.672218750	1400.000	4000.000	1.0000
164	Spectrogram 1	1	76404.654343750	76404.672218750	1400.000	4000.000	1.0000
165	Waveform 1	1	76404.865593750	76404.876968750	1400.000	4000.000	1.0000
165	Spectrogram 1	1	76404.865593750	76404.876968750	1400.000	4000.000	1.0000
166	Waveform 1	1	76406.147718750	76406.157468750	1400.000	4000.000	1.0000
166	Spectrogram 1	1	76406.147718750	76406.157468750	1400.000	4000.000	1.0000
167	Waveform 1	1	76408.425968750	76408.445468750	1400.000	4000.000	1.0000
167	Spectrogram 1	1	76408.425968750	76408.445468750	1400.000	4000.000	1.0000
168	Waveform 1	1	76410.406843750	76410.437718750	1400.000	4000.000	1.0000
168	Spectrogram 1	1	76410.406843750	76410.437718750	1400.000	4000.000	1.0000
169	Waveform 1	1	76417.888343750	76417.914343750	1400.000	4000.000	1.0000
169	Spectrogram 1	1	76417.888343750	76417.914343750	1400.000	4000.000	1.0000
170	Waveform 1	1	76419.813968750	76419.844843750	1400.000	4000.000	1.0000
170	Spectrogram 1	1	76419.813968750	76419.844843750	1400.000	4000.000	1.0000
171	Waveform 1	1	76428.267218750	76428.278593750	1400.000	4000.000	1.0000
171	Spectrogram 1	1	76428.267218750	76428.278593750	1400.000	4000.000	1.0000
172	Waveform 1	1	76428.507718750	76428.528843750	1400.000	4000.000	1.0000
172	Spectrogram 1	1	76428.507718750	76428.528843750	1400.000	4000.000	1.0000
173	Waveform 1	1	76428.987093750	76429.004968750	1400.000	4000.000	1.0000
173	Spectrogram 1	1	76428.987093750	76429.004968750	1400.000	4000.000	1.0000
174	Waveform 1	1	76429.123593750	76429.146343750	1400.000	4000.000	1.0000
174	Spectrogram 1	1	76429.123593750	76429.146343750	1400.000	4000.000	1.0000
175	Waveform 1	1	76429.507093750	76429.523343750	1400.000	4000.000	1.0000
175	Spectrogram 1	1	76429.507093750	76429.523343750	1400.000	4000.000	1.0000
176	Waveform 1	1	76683.891093750	76683.910593750	1400.000	4000.000	1.0000
176	Spectrogram 1	1	76683.891093750	76683.910593750	1400.000	4000.000	1.0000
177	Waveform 1	1	76685.067593750	76685.082218750	1400.000	4000.000	1.0000
177	Spectrogram 1	1	76685.067593750	76685.082218750	1400.000	4000.000	1.0000
178	Waveform 1	1	76722.372718750	76722.388968750	1400.000	4000.000	1.0000
178	Spectrogram 1	1	76722.372718750	76722.388968750	1400.000	4000.000	1.0000
179	Waveform 1	1	76751.785218750	76751.811218750	1400.000	4000.000	1.0000
179	Spectrogram 1	1	76751.785218750	76751.811218750	1400.000	4000.000	1.0000
180	Waveform 1	1	76755.733968750	76755.759968750	1400.000	4000.000	1.0000
180	Spectrogram 1	1	76755.733968750	76755.759968750	1400.000	4000.000	1.0000
181	Waveform 1	1	76773.930718750	76773.938843750	1400.000	4000.000	1.0000
181	Spectrogram 1	1	76773.930718750	76773.938843750	1400.000	4000.000	1.0000
182	Waveform 1	1	76785.902093750	76785.926468750	1400.000	4000.000	1.0000
182	Spectrogram 1	1	76785.902093750	76785.926468750	1400.000	4000.000	1.0000
183	Waveform 1	1	76806.393343750	76806.419343750	1400.000	4000.000	1.0000
183	Spectrogram 1	1	76806.393343750	76806.419343750	1400.000	4000.000	1.0000
184	Waveform 1	1	76806.666343750	76806.679343750	1400.000	4000.000	1.0000
184	Spectrogram 1	1	76806.666343750	76806.679343750	1400.000	4000.000	1.0000
185	Waveform 1	1	76806.838593750	76806.851593750	1400.000	4000.000	1.0000
185	Spectrogram 1	1	76806.838593750	76806.851593750	1400.000	4000.000	1.0000
186	Waveform 1	1	76811.694093750	76811.708718750	1400.000	4000.000	1.0000
186	Spectrogram 1	1	76811.694093750	76811.708718750	1400.000	4000.000	1.0000
187	Waveform 1	1	76829.983468750	76829.999718750	1400.000	4000.000	1.0000
187	Spectrogram 1	1	76829.983468750	76829.999718750	1400.000	4000.000	1.0000
188	Waveform 1	1	76842.123843750	76842.135218750	1400.000	4000.000	1.0000
188	Spectrogram 1	1	76842.123843750	76842.135218750	1400.000	4000.000	1.0000
189	Waveform 1	1	76858.380343750	76858.404718750	1400.000	4000.000	1.0000
189	Spectrogram 1	1	76858.380343750	76858.404718750	1400.000	4000.000	1.0000
190	Waveform 1	1	76860.806468750	76860.837343750	1400.000	4000.000	1.0000
190	Spectrogram 1	1	76860.806468750	76860.837343750	1400.000	4000.000	1.0000
191	Waveform 1	1	76913.831843750	76913.851343750	1400.000	4000.000	1.0000
191	Spectrogram 1	1	76913.831843750	76913.851343750	1400.000	4000.000	1.0000
192	Waveform 1	1	76916.134468750	76916.152343750	1400.000	4000.000	1.0000
192	Spectrogram 1	1	76916.134468750	76916.152343750	1400.000	4000.000	1.0000
193	Waveform 1	1	76920.734843750	76920.752718750	1400.000	4000.000	1.0000
193	Spectrogram 1	1	76920.734843750	76920.752718750	1400.000	4000.000	1.0000
194	Waveform 1	1	76927.007343750	76927.021968750	1400.000	4000.000	1.0000
194	Spectrogram 1	1	76927.007343750	76927.021968750	1400.000	4000.000	1.0000
195	Waveform 1	1	76994.685343750	76994.698343750	1400.000	4000.000	1.0000
195	Spectrogram 1	1	76994.685343750	76994.698343750	1400.000	4000.000	1.0000
196	Waveform 1	1	77062.693218750	77062.704593750	1400.000	4000.000	1.0000
196	Spectrogram 1	1	77062.693218750	77062.704593750	1400.000	4000.000	1.0000
197	Waveform 1	1	77067.785968750	77067.794093750	1400.000	4000.000	1.0000
197	Spectrogram 1	1	77067.785968750	77067.794093750	1400.000	4000.000	1.0000
198	Waveform 1	1	77095.419093750	77095.435343750	1400.000	4000.000	1.0000
198	Spectrogram 1	1	77095.419093750	77095.435343750	1400.000	4000.000	1.0000
199	Waveform 1	1	77142.180093750	77142.191468750	1400.000	4000.000	1.0000
199	Spectrogram 1	1	77142.180093750	77142.191468750	1400.000	4000.000	1.0000
200	Waveform 1	1	77142.251593750	77142.277593750	1400.000	4000.000	1.0000
200	Spectrogram 1	1	77142.251593750	77142.277593750	1400.000	4000.000	1.0000
201	Waveform 1	1	77142.735843750	77142.743968750	1400.000	4000.000	1.0000
201	Spectrogram 1	1	77142.735843750	77142.743968750	1400.000	4000.000	1.0000
202	Waveform 1	1	77142.911343750	77142.929218750	1400.000	4000.000	1.0000
202	Spectrogram 1	1	77142.911343750	77142.929218750	1400.000	4000.000	1.0000
203	Waveform 1	1	77143.380968750	77143.392343750	1400.000	4000.000	1.0000
203	Spectrogram 1	1	77143.380968750	77143.392343750	1400.000	4000.000	1.0000
204	Waveform 1	1	77143.598718750	77143.614968750	1400.000	4000.000	1.0000
204	Spectrogram 1	1	77143.598718750	77143.614968750	1400.000	4000.000	1.0000
205	Waveform 1	1	77144.729718750	77144.744343750	1400.000	4000.000	1.0000
205	Spectrogram 1	1	77144.729718750	77144.744343750	1400.000	4000.000	1.0000
206	Waveform 1	1	77145.573093750	77145.597468750	1400.000	4000.000	1.0000
206	Spectrogram 1	1	77145.573093750	77145.597468750	1400.000	4000.000	1.0000
207	Waveform 1	1	77145.652718750	77145.664093750	1400.000	4000.000	1.0000
207	Spectrogram 1	1	77145.652718750	77145.664093750	1400.000	4000.000	1.0000
208	Waveform 1	1	77154.518718750	77154.526843750	1400.000	4000.000	1.0000
208	Spectrogram 1	1	77154.518718750	77154.526843750	1400.000	4000.000	1.0000
209	Waveform 1	1	77212.929343750	77212.937468750	1400.000	4000.000	1.0000
209	Spectrogram 1	1	77212.929343750	77212.937468750	1400.000	4000.000	1.0000
210	Waveform 1	1	77265.710968750	77265.719093750	1400.000	4000.000	1.0000
210	Spectrogram 1	1	77265.710968750	77265.719093750	1400.000	4000.000	1.0000
211	Waveform 1	1	77334.077968750	77334.090968750	1400.000	4000.000	1.0000
211	Spectrogram 1	1	77334.077968750	77334.090968750	1400.000	4000.000	1.0000
212	Waveform 1	1	77549.533468750	77549.548093750	1400.000	4000.000	1.0000
212	Spectrogram 1	1	77549.533468750	77549.548093750	1400.000	4000.000	1.0000
213	Waveform 1	1	77552.871218750	77552.884218750	1400.000	4000.000	1.0000
213	Spectrogram 1	1	77552.871218750	77552.884218750	1400.000	4000.000	1.0000
214	Waveform 1	1	77721.944343750	77721.960593750	1400.000	4000.000	1.0000
214	Spectrogram 1	1	77721.944343750	77721.960593750	1400.000	4000.000	1.0000
215	Waveform 1	1	77722.649593750	77722.660968750	1400.000	4000.000	1.0000
215	Spectrogram 1	1	77722.649593750	77722.660968750	1400.000	4000.000	1.0000
216	Waveform 1	1	77723.026593750	77723.042843750	1400.000	4000.000	1.0000
216	Spectrogram 1	1	77723.026593750	77723.042843750	1400.000	4000.000	1.0000
217	Waveform 1	1	77745.459718750	77745.472718750	1400.000	4000.000	1.0000
217	Spectrogram 1	1	77745.459718750	77745.472718750	1400.000	4000.000	1.0000
218	Waveform 1	1	77746.018718750	77746.028468750	1400.000	4000.000	1.0000
218	Spectrogram 1	1	77746.018718750	77746.028468750	1400.000	4000.000	1.0000
219	Waveform 1	1	77769.990718750	77770.003718750	1400.000	4000.000	1.0000
219	Spectrogram 1	1	77769.990718750	77770.003718750	1400.000	4000.000	1.0000
220	Waveform 1	1	77893.313593750	77893.326593750	1400.000	4000.000	1.0000
220	Spectrogram 1	1	77893.313593750	77893.326593750	1400.000	4000.000	1.0000
221	Waveform 1	1	77900.591968750	77900.608218750	1400.000	4000.000	1.0000
221	Spectrogram 1	1	77900.591968750	77900.608218750	1400.000	4000.000	1.0000
222	Waveform 1	1	77906.968468750	77906.996093750	1400.000	4000.000	1.0000
222	Spectrogram 1	1	77906.968468750	77906.996093750	1400.000	4000.000	1.0000
223	Waveform 1	1	77959.036718750	77959.048093750	1400.000	4000.000	1.0000
223	Spectrogram 1	1	77959.036718750	77959.048093750	1400.000	4000.000	1.0000
224	Waveform 1	1	78311.416343750	78311.430968750	1400.000	4000.000	1.0000
224	Spectrogram 1	1	78311.416343750	78311.430968750	1400.000	4000.000	1.0000
225	Waveform 1	1	78337.356218750	78337.377343750	1400.000	4000.000	1.0000
225	Spectrogram 1	1	78337.356218750	78337.377343750	1400.000	4000.000	1.0000
226	Waveform 1	1	78357.514343750	78357.527343750	1400.000	4000.000	1.0000
226	Spectrogram 1	1	78357.514343750	78357.527343750	1400.000	4000.000	1.0000
227	Waveform 1	1	78370.813343750	78370.826343750	1400.000	4000.000	1.0000
227	Spectrogram 1	1	78370.813343750	78370.826343750	1400.000	4000.000	1.0000
228	Waveform 1	1	78383.585843750	78383.598843750	1400.000	4000.000	1.0000
228	Spectrogram 1	1	78383.585843750	78383.598843750	1400.000	4000.000	1.0000
229	Waveform 1	1	78388.009093750	78388.018843750	1400.000	4000.000	1.0000
229	Spectrogram 1	1	78388.009093750	78388.018843750	1400.000	4000.000	1.0000
230	Waveform 1	1	78432.376468750	78432.392718750	1400.000	4000.000	1.0000
230	Spectrogram 1	1	78432.376468750	78432.392718750	1400.000	4000.000	1.0000
231	Waveform 1	1	78446.773968750	78446.801593750	1400.000	4000.000	1.0000
231	Spectrogram 1	1	78446.773968750	78446.801593750	1400.000	4000.000	1.0000
232	Waveform 1	1	78451.673343750	78451.686343750	1400.000	4000.000	1.0000
232	Spectrogram 1	1	78451.673343750	78451.686343750	1400.000	4000.000	1.0000
233	Waveform 1	1	78459.695968750	78459.705718750	1400.000	4000.000	1.0000
233	Spectrogram 1	1	78459.695968750	78459.705718750	1400.000	4000.000	1.0000
234	Waveform 1	1	78501.055468750	78501.066843750	1400.000	4000.000	1.0000
234	Spectrogram 1	1	78501.055468750	78501.066843750	1400.000	4000.000	1.0000
235	Waveform 1	1	78501.135093750	78501.144843750	1400.000	4000.000	1.0000
235	Spectrogram 1	1	78501.135093750	78501.144843750	1400.000	4000.000	1.0000
236	Waveform 1	1	78512.462968750	78512.484093750	1400.000	4000.000	1.0000
236	Spectrogram 1	1	78512.462968750	78512.484093750	1400.000	4000.000	1.0000
237	Waveform 1	1	78513.166593750	78513.182843750	1400.000	4000.000	1.0000
237	Spectrogram 1	1	78513.166593750	78513.182843750	1400.000	4000.000	1.0000
238	Waveform 1	1	78514.687593750	78514.708718750	1400.000	4000.000	1.0000
238	Spectrogram 1	1	78514.687593750	78514.708718750	1400.000	4000.000	1.0000
239	Waveform 1	1	78520.817093750	78520.831718750	1400.000	4000.000	1.0000
239	Spectrogram 1	1	78520.817093750	78520.831718750	1400.000	4000.000	1.0000
240	Waveform 1	1	78522.411218750	78522.430718750	1400.000	4000.000	1.0000
240	Spectrogram 1	1	78522.411218750	78522.430718750	1400.000	4000.000	1.0000
241	Waveform 1	1	78535.542843750	78535.550968750	1400.000	4000.000	1.0000
241	Spectrogram 1	1	78535.542843750	78535.550968750	1400.000	4000.000	1.0000
242	Waveform 1	1	78546.012718750	78546.035468750	1400.000	4000.000	1.0000
242	Spectrogram 1	1	78546.012718750	78546.035468750	1400.000	4000.000	1.0000
243	Waveform 1	1	78566.349593750	78566.370718750	1400.000	4000.000	1.0000
243	Spectrogram 1	1	78566.349593750	78566.370718750	1400.000	4000.000	1.0000
244	Waveform 1	1	78567.407468750	78567.420468750	1400.000	4000.000	1.0000
244	Spectrogram 1	1	78567.407468750	78567.420468750	1400.000	4000.000	1.0000
245	Waveform 1	1	78603.544218750	78603.560468750	1400.000	4000.000	1.0000
245	Spectrogram 1	1	78603.544218750	78603.560468750	1400.000	4000.000	1.0000
246	Waveform 1	1	78619.449718750	78619.482218750	1400.000	4000.000	1.0000
246	Spectrogram 1	1	78619.449718750	78619.482218750	1400.000	4000.000	1.0000
247	Waveform 1	1	78703.272093750	78703.280218750	1400.000	4000.000	1.0000
247	Spectrogram 1	1	78703.272093750	78703.280218750	1400.000	4000.000	1.0000
248	Waveform 1	1	78754.778093750	78754.789468750	1400.000	4000.000	1.0000
248	Spectrogram 1	1	78754.778093750	78754.789468750	1400.000	4000.000	1.0000
249	Waveform 1	1	78772.071343750	78772.090843750	1400.000	4000.000	1.0000
249	Spectrogram 1	1	78772.071343750	78772.090843750	1400.000	4000.000	1.0000
250	Waveform 1	1	78790.463093750	78790.471218750	1400.000	4000.000	1.0000
250	Spectrogram 1	1	78790.463093750	78790.471218750	1400.000	4000.000	1.0000
251	Waveform 1	1	78836.049218750	78836.060593750	1400.000	4000.000	1.0000
251	Spectrogram 1	1	78836.049218750	78836.060593750	1400.000	4000.000	1.0000
252	Waveform 1	1	78903.364843750	78903.376218750	1400.000	4000.000	1.0000
252	Spectrogram 1	1	78903.364843750	78903.376218750	1400.000	4000.000	1.0000
253	Waveform 1	1	78948.481343750	78948.500843750	1400.000	4000.000	1.0000
253	Spectrogram 1	1	78948.481343750	78948.500843750	1400.000	4000.000	1.0000
254	Waveform 1	1	78949.916218750	78949.934093750	1400.000	4000.000	1.0000
254	Spectrogram 1	1	78949.916218750	78949.934093750	1400.000	4000.000	1.0000
255	Waveform 1	1	78963.709218750	78963.731968750	1400.000	4000.000	1.0000
255	Spectrogram 1	1	78963.709218750	78963.731968750	1400.000	4000.000	1.0000
256	Waveform 1	1	78963.998468750	78964.013093750	1400.000	4000.000	1.0000
256	Spectrogram 1	1	78963.998468750	78964.013093750	1400.000	4000.000	1.0000
257	Waveform 1	1	78977.585093750	78977.593218750	1400.000	4000.000	1.0000
257	Spectrogram 1	1	78977.585093750	78977.593218750	1400.000	4000.000	1.0000
258	Waveform 1	1	78977.955593750	78977.968593750	1400.000	4000.000	1.0000
258	Spectrogram 1	1	78977.955593750	78977.968593750	1400.000	4000.000	1.0000
259	Waveform 1	1	78978.473968750	78978.483718750	1400.000	4000.000	1.0000
259	Spectrogram 1	1	78978.473968750	78978.483718750	1400.000	4000.000	1.0000
260	Waveform 1	1	78991.797343750	78991.811968750	1400.000	4000.000	1.0000
260	Spectrogram 1	1	78991.797343750	78991.811968750	1400.000	4000.000	1.0000
261	Waveform 1	1	78993.258218750	78993.277718750	1400.000	4000.000	1.0000
261	Spectrogram 1	1	78993.258218750	78993.277718750	1400.000	4000.000	1.0000
262	Waveform 1	1	78997.005468750	78997.023343750	1400.000	4000.000	1.0000
262	Spectrogram 1	1	78997.005468750	78997.023343750	1400.000	4000.000	1.0000
263	Waveform 1	1	79081.588343750	79081.596468750	1400.000	4000.000	1.0000
263	Spectrogram 1	1	79081.588343750	79081.596468750	1400.000	4000.000	1.0000
264	Waveform 1	1	79208.463468750	79208.491093750	1400.000	4000.000	1.0000
264	Spectrogram 1	1	79208.463468750	79208.491093750	1400.000	4000.000	1.0000
265	Waveform 1	1	79262.777468750	79262.792093750	1400.000	4000.000	1.0000
265	Spectrogram 1	1	79262.777468750	79262.792093750	1400.000	4000.000	1.0000
266	Waveform 1	1	79262.839218750	79262.857093750	1400.000	4000.000	1.0000
266	Spectrogram 1	1	79262.839218750	79262.857093750	1400.000	4000.000	1.0000
267	Waveform 1	1	79282.633343750	79282.659343750	1400.000	4000.000	1.0000
267	Spectrogram 1	1	79282.633343750	79282.659343750	1400.000	4000.000	1.0000
268	Waveform 1	1	79300.365343750	79300.386468750	1400.000	4000.000	1.0000
268	Spectrogram 1	1	79300.365343750	79300.386468750	1400.000	4000.000	1.0000
269	Waveform 1	1	79333.603093750	79333.624218750	1400.000	4000.000	1.0000
269	Spectrogram 1	1	79333.603093750	79333.624218750	1400.000	4000.000	1.0000
270	Waveform 1	1	79351.088093750	79351.101093750	1400.000	4000.000	1.0000
270	Spectrogram 1	1	79351.088093750	79351.101093750	1400.000	4000.000	1.0000
271	Waveform 1	1	79351.284718750	79351.294468750	1400.000	4000.000	1.0000
271	Spectrogram 1	1	79351.284718750	79351.294468750	1400.000	4000.000	1.0000
272	Waveform 1	1	79351.344843750	79351.354593750	1400.000	4000.000	1.0000
272	Spectrogram 1	1	79351.344843750	79351.354593750	1400.000	4000.000	1.0000
273	Waveform 1	1	79353.822968750	79353.837593750	1400.000	4000.000	1.0000
273	Spectrogram 1	1	79353.822968750	79353.837593750	1400.000	4000.000	1.0000
274	Waveform 1	1	79354.170718750	79354.180468750	1400.000	4000.000	1.0000
274	Spectrogram 1	1	79354.170718750	79354.180468750	1400.000	4000.000	1.0000
275	Waveform 1	1	79354.290968750	79354.305593750	1400.000	4000.000	1.0000
275	Spectrogram 1	1	79354.290968750	79354.305593750	1400.000	4000.000	1.0000
276	Waveform 1	1	79354.515218750	79354.528218750	1400.000	4000.000	1.0000
276	Spectrogram 1	1	79354.515218750	79354.528218750	1400.000	4000.000	1.0000
277	Waveform 1	1	79358.866968750	79358.886468750	1400.000	4000.000	1.0000
277	Spectrogram 1	1	79358.866968750	79358.886468750	1400.000	4000.000	1.0000
278	Waveform 1	1	79373.961593750	79373.972968750	1400.000	4000.000	1.0000
278	Spectrogram 1	1	79373.961593750	79373.972968750	1400.000	4000.000	1.0000
279	Waveform 1	1	79408.380718750	79408.413218750	1400.000	4000.000	1.0000
279	Spectrogram 1	1	79408.380718750	79408.413218750	1400.000	4000.000	1.0000
280	Waveform 1	1	79409.441843750	79409.451593750	1400.000	4000.000	1.0000
280	Spectrogram 1	1	79409.441843750	79409.451593750	1400.000	4000.000	1.0000
281	Waveform 1	1	79412.985968750	79413.013593750	1400.000	4000.000	1.0000
281	Spectrogram 1	1	79412.985968750	79413.013593750	1400.000	4000.000	1.0000
282	Waveform 1	1	79427.583343750	79427.596343750	1400.000	4000.000	1.0000
282	Spectrogram 1	1	79427.583343750	79427.596343750	1400.000	4000.000	1.0000
283	Waveform 1	1	79532.182968750	79532.197593750	1400.000	4000.000	1.0000
283	Spectrogram 1	1	79532.182968750	79532.197593750	1400.000	4000.000	1.0000
284	Waveform 1	1	79545.740343750	79545.753343750	1400.000	4000.000	1.0000
284	Spectrogram 1	1	79545.740343750	79545.753343750	1400.000	4000.000	1.0000
285	Waveform 1	1	79620.093843750	79620.118218750	1400.000	4000.000	1.0000
285	Spectrogram 1	1	79620.093843750	79620.118218750	1400.000	4000.000	1.0000
286	Waveform 1	1	79623.025343750	79623.046468750	1400.000	4000.000	1.0000
286	Spectrogram 1	1	79623.025343750	79623.046468750	1400.000	4000.000	1.0000
287	Waveform 1	1	79636.239843750	79636.247968750	1400.000	4000.000	1.0000
287	Spectrogram 1	1	79636.239843750	79636.247968750	1400.000	4000.000	1.0000
288	Waveform 1	1	79682.063218750	79682.082718750	1400.000	4000.000	1.0000
288	Spectrogram 1	1	79682.063218750	79682.082718750	1400.000	4000.000	1.0000
289	Waveform 1	1	79789.638218750	79789.665843750	1400.000	4000.000	1.0000
289	Spectrogram 1	1	79789.638218750	79789.665843750	1400.000	4000.000	1.0000
290	Waveform 1	1	79790.826093750	79790.855343750	1400.000	4000.000	1.0000
290	Spectrogram 1	1	79790.826093750	79790.855343750	1400.000	4000.000	1.0000
291	Waveform 1	1	79790.912218750	79790.944718750	1400.000	4000.000	1.0000
291	Spectrogram 1	1	79790.912218750	79790.944718750	1400.000	4000.000	1.0000
292	Waveform 1	1	79792.532343750	79792.564843750	1400.000	4000.000	1.0000
292	Spectrogram 1	1	79792.532343750	79792.564843750	1400.000	4000.000	1.0000
293	Waveform 1	1	79792.662343750	79792.676968750	1400.000	4000.000	1.0000
293	Spectrogram 1	1	79792.662343750	79792.676968750	1400.000	4000.000	1.0000
294	Waveform 1	1	79792.855718750	79792.868718750	1400.000	4000.000	1.0000
294	Spectrogram 1	1	79792.855718750	79792.868718750	1400.000	4000.000	1.0000
295	Waveform 1	1	79793.645468750	79793.677968750	1400.000	4000.000	1.0000
295	Spectrogram 1	1	79793.645468750	79793.677968750	1400.000	4000.000	1.0000
296	Waveform 1	1	79793.747843750	79793.767343750	1400.000	4000.000	1.0000
296	Spectrogram 1	1	79793.747843750	79793.767343750	1400.000	4000.000	1.0000
297	Waveform 1	1	79793.868093750	79793.884343750	1400.000	4000.000	1.0000
297	Spectrogram 1	1	79793.868093750	79793.884343750	1400.000	4000.000	1.0000
298	Waveform 1	1	79795.785593750	79795.814843750	1400.000	4000.000	1.0000
298	Spectrogram 1	1	79795.785593750	79795.814843750	1400.000	4000.000	1.0000
299	Waveform 1	1	79795.978968750	79796.000093750	1400.000	4000.000	1.0000
299	Spectrogram 1	1	79795.978968750	79796.000093750	1400.000	4000.000	1.0000
300	Waveform 1	1	79796.039093750	79796.056968750	1400.000	4000.000	1.0000
300	Spectrogram 1	1	79796.039093750	79796.056968750	1400.000	4000.000	1.0000
301	Waveform 1	1	79796.199968750	79796.216218750	1400.000	4000.000	1.0000
301	Spectrogram 1	1	79796.199968750	79796.216218750	1400.000	4000.000	1.0000
302	Waveform 1	1	79796.383593750	79796.399843750	1400.000	4000.000	1.0000
302	Spectrogram 1	1	79796.383593750	79796.399843750	1400.000	4000.000	1.0000
303	Waveform 1	1	79796.477843750	79796.495718750	1400.000	4000.000	1.0000
303	Spectrogram 1	1	79796.477843750	79796.495718750	1400.000	4000.000	1.0000
304	Waveform 1	1	79823.805468750	79823.831468750	1400.000	4000.000	1.0000
304	Spectrogram 1	1	79823.805468750	79823.831468750	1400.000	4000.000	1.0000
305	Waveform 1	1	79824.808093750	79824.835718750	1400.000	4000.000	1.0000
305	Spectrogram 1	1	79824.808093750	79824.835718750	1400.000	4000.000	1.0000
306	Waveform 1	1	79826.756468750	79826.769468750	1400.000	4000.000	1.0000
306	Spectrogram 1	1	79826.756468750	79826.769468750	1400.000	4000.000	1.0000
307	Waveform 1	1	79839.693093750	79839.715843750	1400.000	4000.000	1.0000
307	Spectrogram 1	1	79839.693093750	79839.715843750	1400.000	4000.000	1.0000
308	Waveform 1	1	79841.893343750	79841.916093750	1400.000	4000.000	1.0000
308	Spectrogram 1	1	79841.893343750	79841.916093750	1400.000	4000.000	1.0000
309	Waveform 1	1	79845.448843750	79845.481343750	1400.000	4000.000	1.0000
309	Spectrogram 1	1	79845.448843750	79845.481343750	1400.000	4000.000	1.0000
310	Waveform 1	1	79847.715718750	79847.728718750	1400.000	4000.000	1.0000
310	Spectrogram 1	1	79847.715718750	79847.728718750	1400.000	4000.000	1.0000
311	Waveform 1	1	79848.076468750	79848.084593750	1400.000	4000.000	1.0000
311	Spectrogram 1	1	79848.076468750	79848.084593750	1400.000	4000.000	1.0000
312	Waveform 1	1	79848.144718750	79848.157718750	1400.000	4000.000	1.0000
312	Spectrogram 1	1	79848.144718750	79848.157718750	1400.000	4000.000	1.0000
313	Waveform 1	1	79849.267593750	79849.278968750	1400.000	4000.000	1.0000
313	Spectrogram 1	1	79849.267593750	79849.278968750	1400.000	4000.000	1.0000
314	Waveform 1	1	79849.626718750	79849.636468750	1400.000	4000.000	1.0000
314	Spectrogram 1	1	79849.626718750	79849.636468750	1400.000	4000.000	1.0000
315	Waveform 1	1	79852.680093750	79852.699593750	1400.000	4000.000	1.0000
315	Spectrogram 1	1	79852.680093750	79852.699593750	1400.000	4000.000	1.0000
316	Waveform 1	1	79862.134343750	79862.144093750	1400.000	4000.000	1.0000
316	Spectrogram 1	1	79862.134343750	79862.144093750	1400.000	4000.000	1.0000
317	Waveform 1	1	79862.360218750	79862.368343750	1400.000	4000.000	1.0000
317	Spectrogram 1	1	79862.360218750	79862.368343750	1400.000	4000.000	1.0000
318	Waveform 1	1	79863.153218750	79863.172718750	1400.000	4000.000	1.0000
318	Spectrogram 1	1	79863.153218750	79863.172718750	1400.000	4000.000	1.0000
319	Waveform 1	1	79864.009593750	79864.019343750	1400.000	4000.000	1.0000
319	Spectrogram 1	1	79864.009593750	79864.019343750	1400.000	4000.000	1.0000
320	Waveform 1	1	79864.259843750	79864.290718750	1400.000	4000.000	1.0000
320	Spectrogram 1	1	79864.259843750	79864.290718750	1400.000	4000.000	1.0000
321	Waveform 1	1	79865.753218750	79865.785718750	1400.000	4000.000	1.0000
321	Spectrogram 1	1	79865.753218750	79865.785718750	1400.000	4000.000	1.0000
322	Waveform 1	1	79868.629468750	79868.648968750	1400.000	4000.000	1.0000
322	Spectrogram 1	1	79868.629468750	79868.648968750	1400.000	4000.000	1.0000
323	Waveform 1	1	79868.865093750	79868.881343750	1400.000	4000.000	1.0000
323	Spectrogram 1	1	79868.865093750	79868.881343750	1400.000	4000.000	1.0000
324	Waveform 1	1	79878.403843750	79878.415218750	1400.000	4000.000	1.0000
324	Spectrogram 1	1	79878.403843750	79878.415218750	1400.000	4000.000	1.0000
325	Waveform 1	1	79878.876718750	79878.899468750	1400.000	4000.000	1.0000
325	Spectrogram 1	1	79878.876718750	79878.899468750	1400.000	4000.000	1.0000
326	Waveform 1	1	79959.497843750	79959.515718750	1400.000	4000.000	1.0000
326	Spectrogram 1	1	79959.497843750	79959.515718750	1400.000	4000.000	1.0000
327	Waveform 1	1	79967.481468750	79967.504218750	1400.000	4000.000	1.0000
327	Spectrogram 1	1	79967.481468750	79967.504218750	1400.000	4000.000	1.0000
328	Waveform 1	1	79978.703718750	79978.719968750	1400.000	4000.000	1.0000
328	Spectrogram 1	1	79978.703718750	79978.719968750	1400.000	4000.000	1.0000
329	Waveform 1	1	79980.291343750	79980.305968750	1400.000	4000.000	1.0000
329	Spectrogram 1	1	79980.291343750	79980.305968750	1400.000	4000.000	1.0000
330	Waveform 1	1	79983.320343750	79983.341468750	1400.000	4000.000	1.0000
330	Spectrogram 1	1	79983.320343750	79983.341468750	1400.000	4000.000	1.0000
331	Waveform 1	1	79984.407468750	79984.430218750	1400.000	4000.000	1.0000
331	Spectrogram 1	1	79984.407468750	79984.430218750	1400.000	4000.000	1.0000
332	Waveform 1	1	79995.553343750	79995.564718750	1400.000	4000.000	1.0000
332	Spectrogram 1	1	79995.553343750	79995.564718750	1400.000	4000.000	1.0000
333	Waveform 1	1	79995.767843750	79995.793843750	1400.000	4000.000	1.0000
333	Spectrogram 1	1	79995.767843750	79995.793843750	1400.000	4000.000	1.0000
334	Waveform 1	1	80025.313593750	80025.331468750	1400.000	4000.000	1.0000
334	Spectrogram 1	1	80025.313593750	80025.331468750	1400.000	4000.000	1.0000
335	Waveform 1	1	80025.996093750	80026.018843750	1400.000	4000.000	1.0000
335	Spectrogram 1	1	80025.996093750	80026.018843750	1400.000	4000.000	1.0000
336	Waveform 1	1	80026.592468750	80026.607093750	1400.000	4000.000	1.0000
336	Spectrogram 1	1	80026.592468750	80026.607093750	1400.000	4000.000	1.0000
337	Waveform 1	1	80069.448593750	80069.477843750	1400.000	4000.000	1.0000
337	Spectrogram 1	1	80069.448593750	80069.477843750	1400.000	4000.000	1.0000
338	Waveform 1	1	80122.976093750	80122.992343750	1400.000	4000.000	1.0000
338	Spectrogram 1	1	80122.976093750	80122.992343750	1400.000	4000.000	1.0000
339	Waveform 1	1	80123.552968750	80123.572468750	1400.000	4000.000	1.0000
339	Spectrogram 1	1	80123.552968750	80123.572468750	1400.000	4000.000	1.0000
340	Waveform 1	1	80124.553968750	80124.578343750	1400.000	4000.000	1.0000
340	Spectrogram 1	1	80124.553968750	80124.578343750	1400.000	4000.000	1.0000
341	Waveform 1	1	80124.823718750	80124.848093750	1400.000	4000.000	1.0000
341	Spectrogram 1	1	80124.823718750	80124.848093750	1400.000	4000.000	1.0000
342	Waveform 1	1	80129.172218750	80129.183593750	1400.000	4000.000	1.0000
342	Spectrogram 1	1	80129.172218750	80129.183593750	1400.000	4000.000	1.0000
343	Waveform 1	1	80129.836843750	80129.853093750	1400.000	4000.000	1.0000
343	Spectrogram 1	1	80129.836843750	80129.853093750	1400.000	4000.000	1.0000
344	Waveform 1	1	80131.023093750	80131.050718750	1400.000	4000.000	1.0000
344	Spectrogram 1	1	80131.023093750	80131.050718750	1400.000	4000.000	1.0000
345	Waveform 1	1	80131.944468750	80131.967218750	1400.000	4000.000	1.0000
345	Spectrogram 1	1	80131.944468750	80131.967218750	1400.000	4000.000	1.0000
346	Waveform 1	1	80153.732468750	80153.761718750	1400.000	4000.000	1.0000
346	Spectrogram 1	1	80153.732468750	80153.761718750	1400.000	4000.000	1.0000
347	Waveform 1	1	80153.916093750	80153.925843750	1400.000	4000.000	1.0000
347	Spectrogram 1	1	80153.916093750	80153.925843750	1400.000	4000.000	1.0000
348	Waveform 1	1	80159.933468750	80159.946468750	1400.000	4000.000	1.0000
348	Spectrogram 1	1	80159.933468750	80159.946468750	1400.000	4000.000	1.0000
349	Waveform 1	1	80194.446843750	80194.461468750	1400.000	4000.000	1.0000
349	Spectrogram 1	1	80194.446843750	80194.461468750	1400.000	4000.000	1.0000
350	Waveform 1	1	80199.063468750	80199.081343750	1400.000	4000.000	1.0000
350	Spectrogram 1	1	80199.063468750	80199.081343750	1400.000	4000.000	1.0000
351	Waveform 1	1	80199.520093750	80199.541218750	1400.000	4000.000	1.0000
351	Spectrogram 1	1	80199.520093750	80199.541218750	1400.000	4000.000	1.0000
352	Waveform 1	1	80204.619343750	80204.637218750	1400.000	4000.000	1.0000
352	Spectrogram 1	1	80204.619343750	80204.637218750	1400.000	4000.000	1.0000
353	Waveform 1	1	80205.150718750	80205.163718750	1400.000	4000.000	1.0000
353	Spectrogram 1	1	80205.150718750	80205.163718750	1400.000	4000.000	1.0000
354	Waveform 1	1	80205.283968750	80205.298593750	1400.000	4000.000	1.0000
354	Spectrogram 1	1	80205.283968750	80205.298593750	1400.000	4000.000	1.0000
355	Waveform 1	1	80208.423468750	80208.444593750	1400.000	4000.000	1.0000
355	Spectrogram 1	1	80208.423468750	80208.444593750	1400.000	4000.000	1.0000
356	Waveform 1	1	80211.372843750	80211.392343750	1400.000	4000.000	1.0000
356	Spectrogram 1	1	80211.372843750	80211.392343750	1400.000	4000.000	1.0000
357	Waveform 1	1	80265.040093750	80265.051468750	1400.000	4000.000	1.0000
357	Spectrogram 1	1	80265.040093750	80265.051468750	1400.000	4000.000	1.0000
358	Waveform 1	1	80266.702468750	80266.718718750	1400.000	4000.000	1.0000
358	Spectrogram 1	1	80266.702468750	80266.718718750	1400.000	4000.000	1.0000
359	Waveform 1	1	80269.185468750	80269.203343750	1400.000	4000.000	1.0000
359	Spectrogram 1	1	80269.185468750	80269.203343750	1400.000	4000.000	1.0000
360	Waveform 1	1	80271.486468750	80271.515718750	1400.000	4000.000	1.0000
360	Spectrogram 1	1	80271.486468750	80271.515718750	1400.000	4000.000	1.0000
361	Waveform 1	1	80271.559593750	80271.585593750	1400.000	4000.000	1.0000
361	Spectrogram 1	1	80271.559593750	80271.585593750	1400.000	4000.000	1.0000
362	Waveform 1	1	80273.312968750	80273.321093750	1400.000	4000.000	1.0000
362	Spectrogram 1	1	80273.312968750	80273.321093750	1400.000	4000.000	1.0000
363	Waveform 1	1	80274.066968750	80274.086468750	1400.000	4000.000	1.0000
363	Spectrogram 1	1	80274.066968750	80274.086468750	1400.000	4000.000	1.0000
364	Waveform 1	1	80303.698843750	80303.710218750	1400.000	4000.000	1.0000
364	Spectrogram 1	1	80303.698843750	80303.710218750	1400.000	4000.000	1.0000
365	Waveform 1	1	80306.921218750	80306.932593750	1400.000	4000.000	1.0000
365	Spectrogram 1	1	80306.921218750	80306.932593750	1400.000	4000.000	1.0000
366	Waveform 1	1	80316.056968750	80316.069968750	1400.000	4000.000	1.0000
366	Spectrogram 1	1	80316.056968750	80316.069968750	1400.000	4000.000	1.0000
367	Waveform 1	1	80333.853968750	80333.870218750	1400.000	4000.000	1.0000
367	Spectrogram 1	1	80333.853968750	80333.870218750	1400.000	4000.000	1.0000
368	Waveform 1	1	80356.061218750	80356.069343750	1400.000	4000.000	1.0000
368	Spectrogram 1	1	80356.061218750	80356.069343750	1400.000	4000.000	1.0000
369	Waveform 1	1	80356.639718750	80356.652718750	1400.000	4000.000	1.0000
369	Spectrogram 1	1	80356.639718750	80356.652718750	1400.000	4000.000	1.0000
370	Waveform 1	1	80383.127218750	80383.145093750	1400.000	4000.000	1.0000
370	Spectrogram 1	1	80383.127218750	80383.145093750	1400.000	4000.000	1.0000
371	Waveform 1	1	80389.185218750	80389.198218750	1400.000	4000.000	1.0000
371	Spectrogram 1	1	80389.185218750	80389.198218750	1400.000	4000.000	1.0000
372	Waveform 1	1	80424.576093750	80424.593968750	1400.000	4000.000	1.0000
372	Spectrogram 1	1	80424.576093750	80424.593968750	1400.000	4000.000	1.0000
373	Waveform 1	1	80429.923968750	80429.935343750	1400.000	4000.000	1.0000
373	Spectrogram 1	1	80429.923968750	80429.935343750	1400.000	4000.000	1.0000
374	Waveform 1	1	80430.409843750	80430.430968750	1400.000	4000.000	1.0000
374	Spectrogram 1	1	80430.409843750	80430.430968750	1400.000	4000.000	1.0000
375	Waveform 1	1	80443.725093750	80443.739718750	1400.000	4000.000	1.0000
375	Spectrogram 1	1	80443.725093750	80443.739718750	1400.000	4000.000	1.0000
376	Waveform 1	1	80452.400968750	80452.409093750	1400.000	4000.000	1.0000
376	Spectrogram 1	1	80452.400968750	80452.409093750	1400.000	4000.000	1.0000
377	Waveform 1	1	80452.469218750	80452.483843750	1400.000	4000.000	1.0000
377	Spectrogram 1	1	80452.469218750	80452.483843750	1400.000	4000.000	1.0000
378	Waveform 1	1	80452.865718750	80452.881968750	1400.000	4000.000	1.0000
378	Spectrogram 1	1	80452.865718750	80452.881968750	1400.000	4000.000	1.0000
379	Waveform 1	1	80455.946718750	80455.962968750	1400.000	4000.000	1.0000
379	Spectrogram 1	1	80455.946718750	80455.962968750	1400.000	4000.000	1.0000
380	Waveform 1	1	80599.843718750	80599.861593750	1400.000	4000.000	1.0000
380	Spectrogram 1	1	80599.843718750	80599.861593750	1400.000	4000.000	1.0000
381	Waveform 1	1	80693.888968750	80693.910093750	1400.000	4000.000	1.0000
381	Spectrogram 1	1	80693.888968750	80693.910093750	1400.000	4000.000	1.0000
382	Waveform 1	1	80708.604968750	80708.629343750	1400.000	4000.000	1.0000
382	Spectrogram 1	1	80708.604968750	80708.629343750	1400.000	4000.000	1.0000
383	Waveform 1	1	80713.239468750	80713.260593750	1400.000	4000.000	1.0000
383	Spectrogram 1	1	80713.239468750	80713.260593750	1400.000	4000.000	1.0000
384	Waveform 1	1	80714.593093750	80714.615843750	1400.000	4000.000	1.0000
384	Spectrogram 1	1	80714.593093750	80714.615843750	1400.000	4000.000	1.0000
385	Waveform 1	1	80736.931968750	80736.951468750	1400.000	4000.000	1.0000
385	Spectrogram 1	1	80736.931968750	80736.951468750	1400.000	4000.000	1.0000
386	Waveform 1	1	80737.042468750	80737.050593750	1400.000	4000.000	1.0000
386	Spectrogram 1	1	80737.042468750	80737.050593750	1400.000	4000.000	1.0000
387	Waveform 1	1	80748.339468750	80748.350843750	1400.000	4000.000	1.0000
387	Spectrogram 1	1	80748.339468750	80748.350843750	1400.000	4000.000	1.0000
388	Waveform 1	1	80761.592968750	80761.605968750	1400.000	4000.000	1.0000
388	Spectrogram 1	1	80761.592968750	80761.605968750	1400.000	4000.000	1.0000
389	Waveform 1	1	80766.375343750	80766.383468750	1400.000	4000.000	1.0000
389	Spectrogram 1	1	80766.375343750	80766.383468750	1400.000	4000.000	1.0000
390	Waveform 1	1	80801.758093750	80801.775968750	1400.000	4000.000	1.0000
390	Spectrogram 1	1	80801.758093750	80801.775968750	1400.000	4000.000	1.0000
391	Waveform 1	1	80807.804718750	80807.812843750	1400.000	4000.000	1.0000
391	Spectrogram 1	1	80807.804718750	80807.812843750	1400.000	4000.000	1.0000
392	Waveform 1	1	80813.748968750	80813.781468750	1400.000	4000.000	1.0000
392	Spectrogram 1	1	80813.748968750	80813.781468750	1400.000	4000.000	1.0000
393	Waveform 1	1	80817.405218750	80817.416593750	1400.000	4000.000	1.0000
393	Spectrogram 1	1	80817.405218750	80817.416593750	1400.000	4000.000	1.0000
394	Waveform 1	1	80817.494593750	80817.520593750	1400.000	4000.000	1.0000
394	Spectrogram 1	1	80817.494593750	80817.520593750	1400.000	4000.000	1.0000
395	Waveform 1	1	80817.600218750	80817.611593750	1400.000	4000.000	1.0000
395	Spectrogram 1	1	80817.600218750	80817.611593750	1400.000	4000.000	1.0000
396	Waveform 1	1	80817.657093750	80817.679843750	1400.000	4000.000	1.0000
396	Spectrogram 1	1	80817.657093750	80817.679843750	1400.000	4000.000	1.0000
397	Waveform 1	1	80825.705718750	80825.738218750	1400.000	4000.000	1.0000
397	Spectrogram 1	1	80825.705718750	80825.738218750	1400.000	4000.000	1.0000
398	Waveform 1	1	80829.088968750	80829.098718750	1400.000	4000.000	1.0000
398	Spectrogram 1	1	80829.088968750	80829.098718750	1400.000	4000.000	1.0000
399	Waveform 1	1	80836.183718750	80836.204843750	1400.000	4000.000	1.0000
399	Spectrogram 1	1	80836.183718750	80836.204843750	1400.000	4000.000	1.0000
400	Waveform 1	1	80874.519093750	80874.541843750	1400.000	4000.000	1.0000
400	Spectrogram 1	1	80874.519093750	80874.541843750	1400.000	4000.000	1.0000
401	Waveform 1	1	80882.202093750	80882.211843750	1400.000	4000.000	1.0000
401	Spectrogram 1	1	80882.202093750	80882.211843750	1400.000	4000.000	1.0000
402	Waveform 1	1	80898.361093750	80898.378968750	1400.000	4000.000	1.0000
402	Spectrogram 1	1	80898.361093750	80898.378968750	1400.000	4000.000	1.0000
403	Waveform 1	1	80904.713218750	80904.734343750	1400.000	4000.000	1.0000
403	Spectrogram 1	1	80904.713218750	80904.734343750	1400.000	4000.000	1.0000
404	Waveform 1	1	80914.968593750	80914.989718750	1400.000	4000.000	1.0000
404	Spectrogram 1	1	80914.968593750	80914.989718750	1400.000	4000.000	1.0000
405	Waveform 1	1	80916.439218750	80916.447343750	1400.000	4000.000	1.0000
405	Spectrogram 1	1	80916.439218750	80916.447343750	1400.000	4000.000	1.0000
406	Waveform 1	1	80916.921843750	80916.931593750	1400.000	4000.000	1.0000
406	Spectrogram 1	1	80916.921843750	80916.931593750	1400.000	4000.000	1.0000
407	Waveform 1	1	80920.108468750	80920.121468750	1400.000	4000.000	1.0000
407	Spectrogram 1	1	80920.108468750	80920.121468750	1400.000	4000.000	1.0000
408	Waveform 1	1	80923.894718750	80923.907718750	1400.000	4000.000	1.0000
408	Spectrogram 1	1	80923.894718750	80923.907718750	1400.000	4000.000	1.0000
409	Waveform 1	1	81013.250218750	81013.259968750	1400.000	4000.000	1.0000
409	Spectrogram 1	1	81013.250218750	81013.259968750	1400.000	4000.000	1.0000
410	Waveform 1	1	81022.056093750	81022.078843750	1400.000	4000.000	1.0000
410	Spectrogram 1	1	81022.056093750	81022.078843750	1400.000	4000.000	1.0000
411	Waveform 1	1	81038.008718750	81038.028218750	1400.000	4000.000	1.0000
411	Spectrogram 1	1	81038.008718750	81038.028218750	1400.000	4000.000	1.0000
412	Waveform 1	1	81040.169968750	81040.186218750	1400.000	4000.000	1.0000
412	Spectrogram 1	1	81040.169968750	81040.186218750	1400.000	4000.000	1.0000
413	Waveform 1	1	81041.268468750	81041.294468750	1400.000	4000.000	1.0000
413	Spectrogram 1	1	81041.268468750	81041.294468750	1400.000	4000.000	1.0000
414	Waveform 1	1	81070.531468750	81070.550968750	1400.000	4000.000	1.0000
414	Spectrogram 1	1	81070.531468750	81070.550968750	1400.000	4000.000	1.0000
415	Waveform 1	1	81089.329468750	81089.360343750	1400.000	4000.000	1.0000
415	Spectrogram 1	1	81089.329468750	81089.360343750	1400.000	4000.000	1.0000
416	Waveform 1	1	81089.815343750	81089.842968750	1400.000	4000.000	1.0000
416	Spectrogram 1	1	81089.815343750	81089.842968750	1400.000	4000.000	1.0000
417	Waveform 1	1	81092.322718750	81092.330843750	1400.000	4000.000	1.0000
417	Spectrogram 1	1	81092.322718750	81092.330843750	1400.000	4000.000	1.0000
418	Waveform 1	1	81139.888093750	81139.897843750	1400.000	4000.000	1.0000
418	Spectrogram 1	1	81139.888093750	81139.897843750	1400.000	4000.000	1.0000
419	Waveform 1	1	81172.253218750	81172.271093750	1400.000	4000.000	1.0000
419	Spectrogram 1	1	81172.253218750	81172.271093750	1400.000	4000.000	1.0000
420	Waveform 1	1	81174.066718750	81174.087843750	1400.000	4000.000	1.0000
420	Spectrogram 1	1	81174.066718750	81174.087843750	1400.000	4000.000	1.0000
421	Waveform 1	1	81174.258468750	81174.284468750	1400.000	4000.000	1.0000
421	Spectrogram 1	1	81174.258468750	81174.284468750	1400.000	4000.000	1.0000
422	Waveform 1	1	81174.628968750	81174.646843750	1400.000	4000.000	1.0000
422	Spectrogram 1	1	81174.628968750	81174.646843750	1400.000	4000.000	1.0000
423	Waveform 1	1	81174.835343750	81174.845093750	1400.000	4000.000	1.0000
423	Spectrogram 1	1	81174.835343750	81174.845093750	1400.000	4000.000	1.0000
424	Waveform 1	1	81179.152968750	81179.165968750	1400.000	4000.000	1.0000
424	Spectrogram 1	1	81179.152968750	81179.165968750	1400.000	4000.000	1.0000
425	Waveform 1	1	81185.714718750	81185.734218750	1400.000	4000.000	1.0000
425	Spectrogram 1	1	81185.714718750	81185.734218750	1400.000	4000.000	1.0000
426	Waveform 1	1	81186.068968750	81186.091718750	1400.000	4000.000	1.0000
426	Spectrogram 1	1	81186.068968750	81186.091718750	1400.000	4000.000	1.0000
427	Waveform 1	1	81187.463218750	81187.485968750	1400.000	4000.000	1.0000
427	Spectrogram 1	1	81187.463218750	81187.485968750	1400.000	4000.000	1.0000
428	Waveform 1	1	81187.654968750	81187.680968750	1400.000	4000.000	1.0000
428	Spectrogram 1	1	81187.654968750	81187.680968750	1400.000	4000.000	1.0000
429	Waveform 1	1	81189.812968750	81189.837343750	1400.000	4000.000	1.0000
429	Spectrogram 1	1	81189.812968750	81189.837343750	1400.000	4000.000	1.0000
430	Waveform 1	1	81190.510093750	81190.540968750	1400.000	4000.000	1.0000
430	Spectrogram 1	1	81190.510093750	81190.540968750	1400.000	4000.000	1.0000
431	Waveform 1	1	81190.661218750	81190.685593750	1400.000	4000.000	1.0000
431	Spectrogram 1	1	81190.661218750	81190.685593750	1400.000	4000.000	1.0000
432	Waveform 1	1	81191.085343750	81191.116218750	1400.000	4000.000	1.0000
432	Spectrogram 1	1	81191.085343750	81191.116218750	1400.000	4000.000	1.0000
433	Waveform 1	1	81240.493468750	81240.503218750	1400.000	4000.000	1.0000
433	Spectrogram 1	1	81240.493468750	81240.503218750	1400.000	4000.000	1.0000
434	Waveform 1	1	81249.848593750	81249.864843750	1400.000	4000.000	1.0000
434	Spectrogram 1	1	81249.848593750	81249.864843750	1400.000	4000.000	1.0000
435	Waveform 1	1	81257.544593750	81257.564093750	1400.000	4000.000	1.0000
435	Spectrogram 1	1	81257.544593750	81257.564093750	1400.000	4000.000	1.0000
436	Waveform 1	1	81264.712468750	81264.728718750	1400.000	4000.000	1.0000
436	Spectrogram 1	1	81264.712468750	81264.728718750	1400.000	4000.000	1.0000
437	Waveform 1	1	81270.724968750	81270.744468750	1400.000	4000.000	1.0000
437	Spectrogram 1	1	81270.724968750	81270.744468750	1400.000	4000.000	1.0000
438	Waveform 1	1	81282.824718750	81282.850718750	1400.000	4000.000	1.0000
438	Spectrogram 1	1	81282.824718750	81282.850718750	1400.000	4000.000	1.0000
439	Waveform 1	1	81289.878843750	81289.904843750	1400.000	4000.000	1.0000
439	Spectrogram 1	1	81289.878843750	81289.904843750	1400.000	4000.000	1.0000
440	Waveform 1	1	81295.881593750	81295.896218750	1400.000	4000.000	1.0000
440	Spectrogram 1	1	81295.881593750	81295.896218750	1400.000	4000.000	1.0000
441	Waveform 1	1	81296.344718750	81296.354468750	1400.000	4000.000	1.0000
441	Spectrogram 1	1	81296.344718750	81296.354468750	1400.000	4000.000	1.0000
442	Waveform 1	1	81301.153093750	81301.166093750	1400.000	4000.000	1.0000
442	Spectrogram 1	1	81301.153093750	81301.166093750	1400.000	4000.000	1.0000
443	Waveform 1	1	81330.068343750	81330.099218750	1400.000	4000.000	1.0000
443	Spectrogram 1	1	81330.068343750	81330.099218750	1400.000	4000.000	1.0000
444	Waveform 1	1	81334.641093750	81334.649218750	1400.000	4000.000	1.0000
444	Spectrogram 1	1	81334.641093750	81334.649218750	1400.000	4000.000	1.0000
445	Waveform 1	1	81350.076968750	81350.099718750	1400.000	4000.000	1.0000
445	Spectrogram 1	1	81350.076968750	81350.099718750	1400.000	4000.000	1.0000
446	Waveform 1	1	81392.294468750	81392.312343750	1400.000	4000.000	1.0000
446	Spectrogram 1	1	81392.294468750	81392.312343750	1400.000	4000.000	1.0000
447	Waveform 1	1	81415.876468750	81415.887843750	1400.000	4000.000	1.0000
447	Spectrogram 1	1	81415.876468750	81415.887843750	1400.000	4000.000	1.0000
448	Waveform 1	1	81427.990843750	81428.007093750	1400.000	4000.000	1.0000
448	Spectrogram 1	1	81427.990843750	81428.007093750	1400.000	4000.000	1.0000
449	Waveform 1	1	81452.161093750	81452.182218750	1400.000	4000.000	1.0000
449	Spectrogram 1	1	81452.161093750	81452.182218750	1400.000	4000.000	1.0000
450	Waveform 1	1	81470.312343750	81470.320468750	1400.000	4000.000	1.0000
450	Spectrogram 1	1	81470.312343750	81470.320468750	1400.000	4000.000	1.0000
451	Waveform 1	1	81490.605343750	81490.637843750	1400.000	4000.000	1.0000
451	Spectrogram 1	1	81490.605343750	81490.637843750	1400.000	4000.000	1.0000
452	Waveform 1	1	84456.438343750	84456.462718750	1400.000	4000.000	1.0000
452	Spectrogram 1	1	84456.438343750	84456.462718750	1400.000	4000.000	1.0000
453	Waveform 1	1	84457.375968750	84457.400343750	1400.000	4000.000	1.0000
453	Spectrogram 1	1	84457.375968750	84457.400343750	1400.000	4000.000	1.0000
454	Waveform 1	1	84484.170593750	84484.196593750	1400.000	4000.000	1.0000
454	Spectrogram 1	1	84484.170593750	84484.196593750	1400.000	4000.000	1.0000
455	Waveform 1	1	85139.367343750	85139.375468750	1400.000	4000.000	1.0000
455	Spectrogram 1	1	85139.367343750	85139.375468750	1400.000	4000.000	1.0000
456	Waveform 1	1	85334.391718750	85334.419343750	1400.000	4000.000	1.0000
456	Spectrogram 1	1	85334.391718750	85334.419343750	1400.000	4000.000	1.0000
457	Waveform 1	1	85372.020218750	85372.042968750	1400.000	4000.000	1.0000
457	Spectrogram 1	1	85372.020218750	85372.042968750	1400.000	4000.000	1.0000
458	Waveform 1	1	85372.709218750	85372.727093750	1400.000	4000.000	1.0000
458	Spectrogram 1	1	85372.709218750	85372.727093750	1400.000	4000.000	1.0000
