Selection	View	Channel	Begin Time (s)	End Time (s)	Low Freq (Hz)	High Freq (Hz)	Occupancy
1	Waveform 1	1	3941.006593750	3941.014718750	1400.000	4000.000	1.0000
1	Spectrogram 1	1	3941.006593750	3941.014718750	1400.000	4000.000	1.0000
2	Waveform 1	1	3995.278343750	3995.286468750	1400.000	4000.000	1.0000
2	Spectrogram 1	1	3995.278343750	3995.286468750	1400.000	4000.000	1.0000
3	Waveform 1	1	4150.781093750	4150.805468750	1400.000	4000.000	1.0000
3	Spectrogram 1	1	4150.781093750	4150.805468750	1400.000	4000.000	1.0000
4	Waveform 1	1	8417.488343750	8417.502968750	1400.000	4000.000	1.0000
4	Spectrogram 1	1	8417.488343750	8417.502968750	1400.000	4000.000	1.0000
5	Waveform 1	1	8475.047468750	8475.058843750	1400.000	4000.000	1.0000
5	Spectrogram 1	1	8475.047468750	8475.058843750	1400.000	4000.000	1.0000
6	Waveform 1	1	8628.450718750	8628.458843750	1400.000	4000.000	1.0000
6	Spectrogram 1	1	8628.450718750	8628.458843750	1400.000	4000.000	1.0000
7	Waveform 1	1	8628.541718750	8628.553093750	1400.000	4000.000	1.0000
7	Spectrogram 1	1	8628.541718750	8628.553093750	1400.000	4000.000	1.0000
8	Waveform 1	1	8784.219968750	8784.234593750	1400.000	4000.000	1.0000
8	Spectrogram 1	1	8784.219968750	8784.234593750	1400.000	4000.000	1.0000
9	Waveform 1	1	9457.327468750	9457.340468750	1400.000	4000.000	1.0000
9	Spectrogram 1	1	9457.327468750	9457.340468750	1400.000	4000.000	1.0000
10	Waveform 1	1	9466.277968750	9466.294218750	1400.000	4000.000	1.0000
10	Spectrogram 1	1	9466.277968750	9466.294218750	1400.000	4000.000	1.0000
11	Waveform 1	1	9800.158593750	9800.168343750	1400.000	4000.000	1.0000
11	Spectrogram 1	1	9800.158593750	9800.168343750	1400.000	4000.000	1.0000
12	Waveform 1	1	10192.654593750	10192.680593750	1400.000	4000.000	1.0000
12	Spectrogram 1	1	10192.654593750	10192.680593750	1400.000	4000.000	1.0000
13	Waveform 1	1	10218.142718750	10218.154093750	1400.000	4000.000	1.0000
13	Spectrogram 1	1	10218.142718750	10218.154093750	1400.000	4000.000	1.0000
14	Waveform 1	1	10382.942093750	10382.955093750	1400.000	4000.000	1.0000
14	Spectrogram 1	1	10382.942093750	10382.955093750	1400.000	4000.000	1.0000
15	Waveform 1	1	10478.752093750	10478.761843750	1400.000	4000.000	1.0000
15	Spectrogram 1	1	10478.752093750	10478.761843750	1400.000	4000.000	1.0000
16	Waveform 1	1	10659.060468750	10659.073468750	1400.000	4000.000	1.0000
16	Spectrogram 1	1	10659.060468750	10659.073468750	1400.000	4000.000	1.0000
17	Waveform 1	1	10858.488593750	10858.501593750	1400.000	4000.000	1.0000
17	Spectrogram 1	1	10858.488593750	10858.501593750	1400.000	4000.000	1.0000
18	Waveform 1	1	10858.543843750	10858.564968750	1400.000	4000.000	1.0000
18	Spectrogram 1	1	10858.543843750	10858.564968750	1400.000	4000.000	1.0000
19	Waveform 1	1	10859.284843750	10859.292968750	1400.000	4000.000	1.0000
19	Spectrogram 1	1	10859.284843750	10859.292968750	1400.000	4000.000	1.0000
20	Waveform 1	1	11261.207468750	11261.220468750	1400.000	4000.000	1.0000
20	Spectrogram 1	1	11261.207468750	11261.220468750	1400.000	4000.000	1.0000
21	Waveform 1	1	11271.566843750	11271.587968750	1400.000	4000.000	1.0000
21	Spectrogram 1	1	11271.566843750	11271.587968750	1400.000	4000.000	1.0000
22	Waveform 1	1	11271.717968750	11271.732593750	1400.000	4000.000	1.0000
22	Spectrogram 1	1	11271.717968750	11271.732593750	1400.000	4000.000	1.0000
23	Waveform 1	1	11303.488343750	11303.499718750	1400.000	4000.000	1.0000
23	Spectrogram 1	1	11303.488343750	11303.499718750	1400.000	4000.000	1.0000
24	Waveform 1	1	11307.448468750	11307.477718750	1400.000	4000.000	1.0000
24	Spectrogram 1	1	11307.448468750	11307.477718750	1400.000	4000.000	1.0000
25	Waveform 1	1	11307.523218750	11307.532968750	1400.000	4000.000	1.0000
25	Spectrogram 1	1	11307.523218750	11307.532968750	1400.000	4000.000	1.0000
26	Waveform 1	1	11329.788968750	11329.805218750	1400.000	4000.000	1.0000
26	Spectrogram 1	1	11329.788968750	11329.805218750	1400.000	4000.000	1.0000
27	Waveform 1	1	11338.981593750	11338.992968750	1400.000	4000.000	1.0000
27	Spectrogram 1	1	11338.981593750	11338.992968750	1400.000	4000.000	1.0000
28	Waveform 1	1	11340.115843750	11340.135343750	1400.000	4000.000	1.0000
28	Spectrogram 1	1	11340.115843750	11340.135343750	1400.000	4000.000	1.0000
29	Waveform 1	1	11356.367468750	11356.390218750	1400.000	4000.000	1.0000
29	Spectrogram 1	1	11356.367468750	11356.390218750	1400.000	4000.000	1.0000
30	Waveform 1	1	11390.596468750	11390.606218750	1400.000	4000.000	1.0000
30	Spectrogram 1	1	11390.596468750	11390.606218750	1400.000	4000.000	1.0000
31	Waveform 1	1	11392.380718750	11392.398593750	1400.000	4000.000	1.0000
31	Spectrogram 1	1	11392.380718750	11392.398593750	1400.000	4000.000	1.0000
32	Waveform 1	1	11392.840593750	11392.871468750	1400.000	4000.000	1.0000
32	Spectrogram 1	1	11392.840593750	11392.871468750	1400.000	4000.000	1.0000
33	Waveform 1	1	11392.942968750	11392.968968750	1400.000	4000.000	1.0000
33	Spectrogram 1	1	11392.942968750	11392.968968750	1400.000	4000.000	1.0000
34	Waveform 1	1	11393.033968750	11393.063218750	1400.000	4000.000	1.0000
34	Spectrogram 1	1	11393.033968750	11393.063218750	1400.000	4000.000	1.0000
35	Waveform 1	1	11394.805218750	11394.819843750	1400.000	4000.000	1.0000
35	Spectrogram 1	1	11394.805218750	11394.819843750	1400.000	4000.000	1.0000
36	Waveform 1	1	11397.566093750	11397.580718750	1400.000	4000.000	1.0000
36	Spectrogram 1	1	11397.566093750	11397.580718750	1400.000	4000.000	1.0000
37	Waveform 1	1	11397.795218750	11397.808218750	1400.000	4000.000	1.0000
37	Spectrogram 1	1	11397.795218750	11397.808218750	1400.000	4000.000	1.0000
38	Waveform 1	1	11450.931093750	11450.940843750	1400.000	4000.000	1.0000
38	Spectrogram 1	1	11450.931093750	11450.940843750	1400.000	4000.000	1.0000
39	Waveform 1	1	11466.306843750	11466.314968750	1400.000	4000.000	1.0000
39	Spectrogram 1	1	11466.306843750	11466.314968750	1400.000	4000.000	1.0000
40	Waveform 1	1	11466.357218750	11466.365343750	1400.000	4000.000	1.0000
40	Spectrogram 1	1	11466.357218750	11466.365343750	1400.000	4000.000	1.0000
41	Waveform 1	1	11558.561343750	11558.585718750	1400.000	4000.000	1.0000
41	Spectrogram 1	1	11558.561343750	11558.585718750	1400.000	4000.000	1.0000
42	Waveform 1	1	11579.996718750	11580.004843750	1400.000	4000.000	1.0000
42	Spectrogram 1	1	11579.996718750	11580.004843750	1400.000	4000.000	1.0000
43	Waveform 1	1	11583.787843750	11583.795968750	1400.000	4000.000	1.0000
43	Spectrogram 1	1	11583.787843750	11583.795968750	1400.000	4000.000	1.0000
44	Waveform 1	1	11585.898718750	11585.913343750	1400.000	4000.000	1.0000
44	Spectrogram 1	1	11585.898718750	11585.913343750	1400.000	4000.000	1.0000
45	Waveform 1	1	11608.954218750	11608.963968750	1400.000	4000.000	1.0000
45	Spectrogram 1	1	11608.954218750	11608.963968750	1400.000	4000.000	1.0000
46	Waveform 1	1	11618.566093750	11618.579093750	1400.000	4000.000	1.0000
46	Spectrogram 1	1	11618.566093750	11618.579093750	1400.000	4000.000	1.0000
47	Waveform 1	1	11631.778968750	11631.811468750	1400.000	4000.000	1.0000
47	Spectrogram 1	1	11631.778968750	11631.811468750	1400.000	4000.000	1.0000
48	Waveform 1	1	11635.535968750	11635.563593750	1400.000	4000.000	1.0000
48	Spectrogram 1	1	11635.535968750	11635.563593750	1400.000	4000.000	1.0000
49	Waveform 1	1	11636.413468750	11636.428093750	1400.000	4000.000	1.0000
49	Spectrogram 1	1	11636.413468750	11636.428093750	1400.000	4000.000	1.0000
50	Waveform 1	1	11636.480093750	11636.489843750	1400.000	4000.000	1.0000
50	Spectrogram 1	1	11636.480093750	11636.489843750	1400.000	4000.000	1.0000
51	Waveform 1	1	11642.507218750	11642.531593750	1400.000	4000.000	1.0000
51	Spectrogram 1	1	11642.507218750	11642.531593750	1400.000	4000.000	1.0000
52	Waveform 1	1	11647.213218750	11647.232718750	1400.000	4000.000	1.0000
52	Spectrogram 1	1	11647.213218750	11647.232718750	1400.000	4000.000	1.0000
53	Waveform 1	1	11647.400093750	11647.419593750	1400.000	4000.000	1.0000
53	Spectrogram 1	1	11647.400093750	11647.419593750	1400.000	4000.000	1.0000
54	Waveform 1	1	11658.952218750	11658.971718750	1400.000	4000.000	1.0000
54	Spectrogram 1	1	11658.952218750	11658.971718750	1400.000	4000.000	1.0000
55	Waveform 1	1	11662.949718750	11662.980593750	1400.000	4000.000	0.7895
55	Spectrogram 1	1	11662.949718750	11662.980593750	1400.000	4000.000	0.7895
56	Waveform 1	1	11663.050468750	11663.063468750	1400.000	4000.000	1.0000
56	Spectrogram 1	1	11663.050468750	11663.063468750	1400.000	4000.000	1.0000
57	Waveform 1	1	11663.386843750	11663.399843750	1400.000	4000.000	1.0000
57	Spectrogram 1	1	11663.386843750	11663.399843750	1400.000	4000.000	1.0000
58	Waveform 1	1	11667.483468750	11667.499718750	1400.000	4000.000	1.0000
58	Spectrogram 1	1	11667.483468750	11667.499718750	1400.000	4000.000	1.0000
59	Waveform 1	1	11675.241218750	11675.250968750	1400.000	4000.000	1.0000
59	Spectrogram 1	1	11675.241218750	11675.250968750	1400.000	4000.000	1.0000
60	Waveform 1	1	11678.593593750	11678.606593750	1400.000	4000.000	1.0000
60	Spectrogram 1	1	11678.593593750	11678.606593750	1400.000	4000.000	1.0000
61	Waveform 1	1	11712.247343750	11712.260343750	1400.000	4000.000	1.0000
61	Spectrogram 1	1	11712.247343750	11712.260343750	1400.000	4000.000	1.0000
62	Waveform 1	1	11712.409843750	11712.435843750	1400.000	4000.000	1.0000
62	Spectrogram 1	1	11712.409843750	11712.435843750	1400.000	4000.000	1.0000
63	Waveform 1	1	11712.473218750	11712.486218750	1400.000	4000.000	1.0000
63	Spectrogram 1	1	11712.473218750	11712.486218750	1400.000	4000.000	1.0000
64	Waveform 1	1	11731.765218750	11731.783093750	1400.000	4000.000	1.0000
64	Spectrogram 1	1	11731.765218750	11731.783093750	1400.000	4000.000	1.0000
65	Waveform 1	1	11736.411093750	11736.420843750	1400.000	4000.000	1.0000
65	Spectrogram 1	1	11736.411093750	11736.420843750	1400.000	4000.000	1.0000
66	Waveform 1	1	11736.458218750	11736.466343750	1400.000	4000.000	1.0000
66	Spectrogram 1	1	11736.458218750	11736.466343750	1400.000	4000.000	1.0000
67	Waveform 1	1	11765.592843750	11765.605843750	1400.000	4000.000	1.0000
67	Spectrogram 1	1	11765.592843750	11765.605843750	1400.000	4000.000	1.0000
68	Waveform 1	1	11793.685843750	11793.710218750	1400.000	4000.000	1.0000
68	Spectrogram 1	1	11793.685843750	11793.710218750	1400.000	4000.000	1.0000
69	Waveform 1	1	11793.754093750	11793.778468750	1400.000	4000.000	1.0000
69	Spectrogram 1	1	11793.754093750	11793.778468750	1400.000	4000.000	1.0000
70	Waveform 1	1	11811.370718750	11811.386968750	1400.000	4000.000	1.0000
70	Spectrogram 1	1	11811.370718750	11811.386968750	1400.000	4000.000	1.0000
71	Waveform 1	1	11815.933718750	11815.943468750	1400.000	4000.000	1.0000
71	Spectrogram 1	1	11815.933718750	11815.943468750	1400.000	4000.000	1.0000
72	Waveform 1	1	11820.030343750	11820.053093750	1400.000	4000.000	1.0000
72	Spectrogram 1	1	11820.030343750	11820.053093750	1400.000	4000.000	1.0000
73	Waveform 1	1	11824.378843750	11824.396718750	1400.000	4000.000	1.0000
73	Spectrogram 1	1	11824.378843750	11824.396718750	1400.000	4000.000	1.0000
74	Waveform 1	1	11827.937593750	11827.970093750	1400.000	4000.000	1.0000
74	Spectrogram 1	1	11827.937593750	11827.970093750	1400.000	4000.000	1.0000
75	Waveform 1	1	11842.543093750	11842.564218750	1400.000	4000.000	1.0000
75	Spectrogram 1	1	11842.543093750	11842.564218750	1400.000	4000.000	1.0000
76	Waveform 1	1	11846.573093750	11846.581218750	1400.000	4000.000	1.0000
76	Spectrogram 1	1	11846.573093750	11846.581218750	1400.000	4000.000	1.0000
77	Waveform 1	1	11875.696343750	11875.709343750	1400.000	4000.000	1.0000
77	Spectrogram 1	1	11875.696343750	11875.709343750	1400.000	4000.000	1.0000
78	Waveform 1	1	11876.157843750	11876.169218750	1400.000	4000.000	1.0000
78	Spectrogram 1	1	11876.157843750	11876.169218750	1400.000	4000.000	1.0000
79	Waveform 1	1	11896.187593750	11896.197343750	1400.000	4000.000	1.0000
79	Spectrogram 1	1	11896.187593750	11896.197343750	1400.000	4000.000	1.0000
80	Waveform 1	1	11899.765843750	11899.793468750	1400.000	4000.000	1.0000
80	Spectrogram 1	1	11899.765843750	11899.793468750	1400.000	4000.000	1.0000
81	Waveform 1	1	11900.204593750	11900.220843750	1400.000	4000.000	1.0000
81	Spectrogram 1	1	11900.204593750	11900.220843750	1400.000	4000.000	1.0000
82	Waveform 1	1	11914.676843750	11914.689843750	1400.000	4000.000	1.0000
82	Spectrogram 1	1	11914.676843750	11914.689843750	1400.000	4000.000	1.0000
83	Waveform 1	1	11917.811468750	11917.821218750	1400.000	4000.000	1.0000
83	Spectrogram 1	1	11917.811468750	11917.821218750	1400.000	4000.000	1.0000
84	Waveform 1	1	11926.612468750	11926.625468750	1400.000	4000.000	1.0000
84	Spectrogram 1	1	11926.612468750	11926.625468750	1400.000	4000.000	1.0000
85	Waveform 1	1	11961.075468750	11961.090093750	1400.000	4000.000	1.0000
85	Spectrogram 1	1	11961.075468750	11961.090093750	1400.000	4000.000	1.0000
86	Waveform 1	1	11965.137968750	11965.146093750	1400.000	4000.000	1.0000
86	Spectrogram 1	1	11965.137968750	11965.146093750	1400.000	4000.000	1.0000
87	Waveform 1	1	12188.663218750	12188.671343750	1400.000	4000.000	1.0000
87	Spectrogram 1	1	12188.663218750	12188.671343750	1400.000	4000.000	1.0000
88	Waveform 1	1	12193.505718750	12193.517093750	1400.000	4000.000	1.0000
88	Spectrogram 1	1	12193.505718750	12193.517093750	1400.000	4000.000	1.0000
89	Waveform 1	1	12206.219718750	12206.237593750	1400.000	4000.000	1.0000
89	Spectrogram 1	1	12206.219718750	12206.237593750	1400.000	4000.000	1.0000
90	Waveform 1	1	12230.653218750	12230.664593750	1400.000	4000.000	1.0000
90	Spectrogram 1	1	12230.653218750	12230.664593750	1400.000	4000.000	1.0000
91	Waveform 1	1	12235.208093750	12235.217843750	1400.000	4000.000	1.0000
91	Spectrogram 1	1	12235.208093750	12235.217843750	1400.000	4000.000	1.0000
92	Waveform 1	1	12238.810718750	12238.822093750	1400.000	4000.000	1.0000
92	Spectrogram 1	1	12238.810718750	12238.822093750	1400.000	4000.000	1.0000
93	Waveform 1	1	12243.352593750	12243.363968750	1400.000	4000.000	1.0000
93	Spectrogram 1	1	12243.352593750	12243.363968750	1400.000	4000.000	1.0000
94	Waveform 1	1	12259.903218750	12259.916218750	1400.000	4000.000	1.0000
94	Spectrogram 1	1	12259.903218750	12259.916218750	1400.000	4000.000	1.0000
95	Waveform 1	1	12260.117718750	12260.130718750	1400.000	4000.000	1.0000
95	Spectrogram 1	1	12260.117718750	12260.130718750	1400.000	4000.000	1.0000
96	Waveform 1	1	12267.677218750	12267.688593750	1400.000	4000.000	1.0000
96	Spectrogram 1	1	12267.677218750	12267.688593750	1400.000	4000.000	1.0000
97	Waveform 1	1	12277.267968750	12277.280968750	1400.000	4000.000	1.0000
97	Spectrogram 1	1	12277.267968750	12277.280968750	1400.000	4000.000	1.0000
98	Waveform 1	1	12324.839843750	12324.867468750	1400.000	4000.000	1.0000
98	Spectrogram 1	1	12324.839843750	12324.867468750	1400.000	4000.000	1.0000
99	Waveform 1	1	12325.096593750	12325.104718750	1400.000	4000.000	1.0000
99	Spectrogram 1	1	12325.096593750	12325.104718750	1400.000	4000.000	1.0000
100	Waveform 1	1	12338.176218750	12338.185968750	1400.000	4000.000	1.0000
100	Spectrogram 1	1	12338.176218750	12338.185968750	1400.000	4000.000	1.0000
101	Waveform 1	1	12343.642718750	12343.655718750	1400.000	4000.000	1.0000
101	Spectrogram 1	1	12343.642718750	12343.655718750	1400.000	4000.000	1.0000
102	Waveform 1	1	12364.424843750	12364.445968750	1400.000	4000.000	1.0000
102	Spectrogram 1	1	12364.424843750	12364.445968750	1400.000	4000.000	1.0000
103	Waveform 1	1	12387.301593750	12387.309718750	1400.000	4000.000	1.0000
103	Spectrogram 1	1	12387.301593750	12387.309718750	1400.000	4000.000	1.0000
104	Waveform 1	1	12421.957968750	12421.975843750	1400.000	4000.000	1.0000
104	Spectrogram 1	1	12421.957968750	12421.975843750	1400.000	4000.000	1.0000
105	Waveform 1	1	12515.644093750	12515.666843750	1400.000	4000.000	1.0000
105	Spectrogram 1	1	12515.644093750	12515.666843750	1400.000	4000.000	1.0000
106	Waveform 1	1	12520.223343750	12520.250968750	1400.000	4000.000	1.0000
106	Spectrogram 1	1	12520.223343750	12520.250968750	1400.000	4000.000	1.0000
107	Waveform 1	1	12552.570593750	12552.588468750	1400.000	4000.000	1.0000
107	Spectrogram 1	1	12552.570593750	12552.588468750	1400.000	4000.000	1.0000
108	Waveform 1	1	12556.493343750	12556.512843750	1400.000	4000.000	1.0000
108	Spectrogram 1	1	12556.493343750	12556.512843750	1400.000	4000.000	1.0000
109	Waveform 1	1	12560.911718750	12560.934468750	1400.000	4000.000	1.0000
109	Spectrogram 1	1	12560.911718750	12560.934468750	1400.000	4000.000	1.0000
110	Waveform 1	1	12564.423343750	12564.441218750	1400.000	4000.000	1.0000
110	Spectrogram 1	1	12564.423343750	12564.441218750	1400.000	4000.000	1.0000
111	Waveform 1	1	12673.100093750	12673.109843750	1400.000	4000.000	1.0000
111	Spectrogram 1	1	12673.100093750	12673.109843750	1400.000	4000.000	1.0000
112	Waveform 1	1	12674.804718750	12674.819343750	1400.000	4000.000	1.0000
112	Spectrogram 1	1	12674.804718750	12674.819343750	1400.000	4000.000	1.0000
113	Waveform 1	1	12675.644843750	12675.677343750	1400.000	4000.000	1.0000
113	Spectrogram 1	1	12675.644843750	12675.677343750	1400.000	4000.000	1.0000
114	Waveform 1	1	12699.408843750	12699.426718750	1400.000	4000.000	1.0000
114	Spectrogram 1	1	12699.408843750	12699.426718750	1400.000	4000.000	1.0000
115	Waveform 1	1	12757.460343750	12757.473343750	1400.000	4000.000	1.0000
115	Spectrogram 1	1	12757.460343750	12757.473343750	1400.000	4000.000	1.0000
116	Waveform 1	1	12757.642343750	12757.669968750	1400.000	4000.000	1.0000
116	Spectrogram 1	1	12757.642343750	12757.669968750	1400.000	4000.000	1.0000
117	Waveform 1	1	12757.770718750	12757.780468750	1400.000	4000.000	1.0000
117	Spectrogram 1	1	12757.770718750	12757.780468750	1400.000	4000.000	1.0000
118	Waveform 1	1	12833.879218750	12833.905218750	1400.000	4000.000	1.0000
118	Spectrogram 1	1	12833.879218750	12833.905218750	1400.000	4000.000	1.0000
119	Waveform 1	1	12834.170093750	12834.178218750	1400.000	4000.000	1.0000
119	Spectrogram 1	1	12834.170093750	12834.178218750	1400.000	4000.000	1.0000
120	Waveform 1	1	12884.319218750	12884.337093750	1400.000	4000.000	1.0000
120	Spectrogram 1	1	12884.319218750	12884.337093750	1400.000	4000.000	1.0000
121	Waveform 1	1	12900.468468750	12900.489593750	1400.000	4000.000	1.0000
121	Spectrogram 1	1	12900.468468750	12900.489593750	1400.000	4000.000	1.0000
122	Waveform 1	1	12903.473093750	12903.503968750	1400.000	4000.000	1.0000
122	Spectrogram 1	1	12903.473093750	12903.503968750	1400.000	4000.000	1.0000
123	Waveform 1	1	12906.883968750	12906.901843750	1400.000	4000.000	1.0000
123	Spectrogram 1	1	12906.883968750	12906.901843750	1400.000	4000.000	1.0000
124	Waveform 1	1	12906.979843750	12906.992843750	1400.000	4000.000	1.0000
124	Spectrogram 1	1	12906.979843750	12906.992843750	1400.000	4000.000	1.0000
125	Waveform 1	1	12918.905718750	12918.928468750	1400.000	4000.000	1.0000
125	Spectrogram 1	1	12918.905718750	12918.928468750	1400.000	4000.000	1.0000
126	Waveform 1	1	12940.825343750	12940.854593750	1400.000	4000.000	1.0000
126	Spectrogram 1	1	12940.825343750	12940.854593750	1400.000	4000.000	1.0000
127	Waveform 1	1	12944.262218750	12944.289843750	1400.000	4000.000	0.8235
127	Spectrogram 1	1	12944.262218750	12944.289843750	1400.000	4000.000	0.8235
128	Waveform 1	1	12944.436093750	12944.445843750	1400.000	4000.000	1.0000
128	Spectrogram 1	1	12944.436093750	12944.445843750	1400.000	4000.000	1.0000
129	Waveform 1	1	12946.394218750	12946.403968750	1400.000	4000.000	1.0000
129	Spectrogram 1	1	12946.394218750	12946.403968750	1400.000	4000.000	1.0000
130	Waveform 1	1	12946.496593750	12946.504718750	1400.000	4000.000	1.0000
130	Spectrogram 1	1	12946.496593750	12946.504718750	1400.000	4000.000	1.0000
131	Waveform 1	1	12947.021468750	12947.047468750	1400.000	4000.000	1.0000
131	Spectrogram 1	1	12947.021468750	12947.047468750	1400.000	4000.000	1.0000
132	Waveform 1	1	12960.391968750	12960.403343750	1400.000	4000.000	1.0000
132	Spectrogram 1	1	12960.391968750	12960.403343750	1400.000	4000.000	1.0000
133	Waveform 1	1	12960.489468750	12960.499218750	1400.000	4000.000	1.0000
133	Spectrogram 1	1	12960.489468750	12960.499218750	1400.000	4000.000	1.0000
134	Waveform 1	1	12960.726718750	12960.747843750	1400.000	4000.000	1.0000
134	Spectrogram 1	1	12960.726718750	12960.747843750	1400.000	4000.000	1.0000
135	Waveform 1	1	12960.983468750	12960.996468750	1400.000	4000.000	1.0000
135	Spectrogram 1	1	12960.983468750	12960.996468750	1400.000	4000.000	1.0000
136	Waveform 1	1	12967.143843750	12967.166593750	1400.000	4000.000	1.0000
136	Spectrogram 1	1	12967.143843750	12967.166593750	1400.000	4000.000	1.0000
137	Waveform 1	1	12969.716218750	12969.745468750	1400.000	4000.000	0.8333
137	Spectrogram 1	1	12969.716218750	12969.745468750	1400.000	4000.000	0.8333
138	Waveform 1	1	12972.706218750	12972.714343750	1400.000	4000.000	1.0000
138	Spectrogram 1	1	12972.706218750	12972.714343750	1400.000	4000.000	1.0000
139	Waveform 1	1	12972.818343750	12972.831343750	1400.000	4000.000	1.0000
139	Spectrogram 1	1	12972.818343750	12972.831343750	1400.000	4000.000	1.0000
140	Waveform 1	1	12982.324593750	12982.334343750	1400.000	4000.000	1.0000
140	Spectrogram 1	1	12982.324593750	12982.334343750	1400.000	4000.000	1.0000
141	Waveform 1	1	12985.533968750	12985.548593750	1400.000	4000.000	1.0000
141	Spectrogram 1	1	12985.533968750	12985.548593750	1400.000	4000.000	1.0000
142	Waveform 1	1	12995.374968750	12995.383093750	1400.000	4000.000	1.0000
142	Spectrogram 1	1	12995.374968750	12995.383093750	1400.000	4000.000	1.0000
143	Waveform 1	1	13014.418343750	13014.429718750	1400.000	4000.000	1.0000
143	Spectrogram 1	1	13014.418343750	13014.429718750	1400.000	4000.000	1.0000
144	Waveform 1	1	13017.107718750	13017.125593750	1400.000	4000.000	1.0000
144	Spectrogram 1	1	13017.107718750	13017.125593750	1400.000	4000.000	1.0000
145	Waveform 1	1	13017.188968750	13017.205218750	1400.000	4000.000	1.0000
145	Spectrogram 1	1	13017.188968750	13017.205218750	1400.000	4000.000	1.0000
146	Waveform 1	1	13033.018093750	13033.029468750	1400.000	4000.000	1.0000
146	Spectrogram 1	1	13033.018093750	13033.029468750	1400.000	4000.000	1.0000
147	Waveform 1	1	13046.393468750	13046.401593750	1400.000	4000.000	1.0000
147	Spectrogram 1	1	13046.393468750	13046.401593750	1400.000	4000.000	1.0000
148	Waveform 1	1	13061.842343750	13061.853718750	1400.000	4000.000	1.0000
148	Spectrogram 1	1	13061.842343750	13061.853718750	1400.000	4000.000	1.0000
149	Waveform 1	1	13067.398218750	13067.409593750	1400.000	4000.000	1.0000
149	Spectrogram 1	1	13067.398218750	13067.409593750	1400.000	4000.000	1.0000
150	Waveform 1	1	13072.299218750	13072.308968750	1400.000	4000.000	1.0000
150	Spectrogram 1	1	13072.299218750	13072.308968750	1400.000	4000.000	1.0000
151	Waveform 1	1	13072.476343750	13072.490968750	1400.000	4000.000	1.0000
151	Spectrogram 1	1	13072.476343750	13072.490968750	1400.000	4000.000	1.0000
152	Waveform 1	1	13084.480218750	13084.494843750	1400.000	4000.000	1.0000
152	Spectrogram 1	1	13084.480218750	13084.494843750	1400.000	4000.000	1.0000
153	Waveform 1	1	13116.091343750	13116.110843750	1400.000	4000.000	1.0000
153	Spectrogram 1	1	13116.091343750	13116.110843750	1400.000	4000.000	1.0000
154	Waveform 1	1	13326.380968750	13326.397218750	1400.000	4000.000	1.0000
154	Spectrogram 1	1	13326.380968750	13326.397218750	1400.000	4000.000	1.0000
155	Waveform 1	1	13328.782718750	13328.798968750	1400.000	4000.000	1.0000
155	Spectrogram 1	1	13328.782718750	13328.798968750	1400.000	4000.000	1.0000
156	Waveform 1	1	13328.834718750	13328.852593750	1400.000	4000.000	1.0000
156	Spectrogram 1	1	13328.834718750	13328.852593750	1400.000	4000.000	1.0000
157	Waveform 1	1	13332.362593750	13332.375593750	1400.000	4000.000	1.0000
157	Spectrogram 1	1	13332.362593750	13332.375593750	1400.000	4000.000	1.0000
158	Waveform 1	1	13349.839468750	13349.857343750	1400.000	4000.000	1.0000
158	Spectrogram 1	1	13349.839468750	13349.857343750	1400.000	4000.000	1.0000
159	Waveform 1	1	13372.452968750	13372.462718750	1400.000	4000.000	1.0000
159	Spectrogram 1	1	13372.452968750	13372.462718750	1400.000	4000.000	1.0000
160	Waveform 1	1	13430.215218750	13430.229843750	1400.000	4000.000	1.0000
160	Spectrogram 1	1	13430.215218750	13430.229843750	1400.000	4000.000	1.0000
161	Waveform 1	1	13479.842718750	13479.875218750	1400.000	4000.000	1.0000
161	Spectrogram 1	1	13479.842718750	13479.875218750	1400.000	4000.000	1.0000
162	Waveform 1	1	13493.573968750	13493.590218750	1400.000	4000.000	1.0000
162	Spectrogram 1	1	13493.573968750	13493.590218750	1400.000	4000.000	1.0000
163	Waveform 1	1	13509.539593750	13509.559093750	1400.000	4000.000	1.0000
163	Spectrogram 1	1	13509.539593750	13509.559093750	1400.000	4000.000	1.0000
164	Waveform 1	1	13527.989843750	13527.997968750	1400.000	4000.000	1.0000
164	Spectrogram 1	1	13527.989843750	13527.997968750	1400.000	4000.000	1.0000
165	Waveform 1	1	13541.207593750	13541.235218750	1400.000	4000.000	1.0000
165	Spectrogram 1	1	13541.207593750	13541.235218750	1400.000	4000.000	1.0000
166	Waveform 1	1	13544.537218750	13544.555093750	1400.000	4000.000	1.0000
166	Spectrogram 1	1	13544.537218750	13544.555093750	1400.000	4000.000	1.0000
167	Waveform 1	1	13544.616843750	13544.626593750	1400.000	4000.000	1.0000
167	Spectrogram 1	1	13544.616843750	13544.626593750	1400.000	4000.000	1.0000
168	Waveform 1	1	13547.424843750	13547.436218750	1400.000	4000.000	1.0000
168	Spectrogram 1	1	13547.424843750	13547.436218750	1400.000	4000.000	1.0000
169	Waveform 1	1	13637.730968750	13637.740718750	1400.000	4000.000	1.0000
169	Spectrogram 1	1	13637.730968750	13637.740718750	1400.000	4000.000	1.0000
170	Waveform 1	1	13652.615968750	13652.625718750	1400.000	4000.000	1.0000
170	Spectrogram 1	1	13652.615968750	13652.625718750	1400.000	4000.000	1.0000
171	Waveform 1	1	13867.452343750	13867.465343750	1400.000	4000.000	1.0000
171	Spectrogram 1	1	13867.452343750	13867.465343750	1400.000	4000.000	1.0000
172	Waveform 1	1	13867.536843750	13867.553093750	1400.000	4000.000	1.0000
172	Spectrogram 1	1	13867.536843750	13867.553093750	1400.000	4000.000	1.0000
173	Waveform 1	1	13867.588843750	13867.618093750	1400.000	4000.000	1.0000
173	Spectrogram 1	1	13867.588843750	13867.618093750	1400.000	4000.000	1.0000
174	Waveform 1	1	13899.027718750	13899.050468750	1400.000	4000.000	1.0000
174	Spectrogram 1	1	13899.027718750	13899.050468750	1400.000	4000.000	1.0000
175	Waveform 1	1	13931.691843750	13931.704843750	1400.000	4000.000	1.0000
175	Spectrogram 1	1	13931.691843750	13931.704843750	1400.000	4000.000	1.0000
176	Waveform 1	1	13937.187593750	13937.197343750	1400.000	4000.000	1.0000
176	Spectrogram 1	1	13937.187593750	13937.197343750	1400.000	4000.000	1.0000
177	Waveform 1	1	13968.489968750	13968.498093750	1400.000	4000.000	1.0000
177	Spectrogram 1	1	13968.489968750	13968.498093750	1400.000	4000.000	1.0000
178	Waveform 1	1	13968.662218750	13968.671968750	1400.000	4000.000	1.0000
178	Spectrogram 1	1	13968.662218750	13968.671968750	1400.000	4000.000	1.0000
179	Waveform 1	1	13982.100968750	13982.112343750	1400.000	4000.000	1.0000
179	Spectrogram 1	1	13982.100968750	13982.112343750	1400.000	4000.000	1.0000
180	Waveform 1	1	13994.116218750	13994.135718750	1400.000	4000.000	1.0000
180	Spectrogram 1	1	13994.116218750	13994.135718750	1400.000	4000.000	1.0000
181	Waveform 1	1	13994.205593750	13994.231593750	1400.000	4000.000	1.0000
181	Spectrogram 1	1	13994.205593750	13994.231593750	1400.000	4000.000	1.0000
182	Waveform 1	1	13994.491593750	13994.517593750	1400.000	4000.000	1.0000
182	Spectrogram 1	1	13994.491593750	13994.517593750	1400.000	4000.000	1.0000
183	Waveform 1	1	14006.198093750	14006.220843750	1400.000	4000.000	1.0000
183	Spectrogram 1	1	14006.198093750	14006.220843750	1400.000	4000.000	1.0000
184	Waveform 1	1	14006.305343750	14006.315093750	1400.000	4000.000	1.0000
184	Spectrogram 1	1	14006.305343750	14006.315093750	1400.000	4000.000	1.0000
185	Waveform 1	1	14044.255593750	14044.270218750	1400.000	4000.000	1.0000
185	Spectrogram 1	1	14044.255593750	14044.270218750	1400.000	4000.000	1.0000
186	Waveform 1	1	14053.033843750	14053.046843750	1400.000	4000.000	1.0000
186	Spectrogram 1	1	14053.033843750	14053.046843750	1400.000	4000.000	1.0000
187	Waveform 1	1	14053.084218750	14053.110218750	1400.000	4000.000	1.0000
187	Spectrogram 1	1	14053.084218750	14053.110218750	1400.000	4000.000	1.0000
188	Waveform 1	1	14068.703718750	14068.723218750	1400.000	4000.000	1.0000
188	Spectrogram 1	1	14068.703718750	14068.723218750	1400.000	4000.000	1.0000
189	Waveform 1	1	14068.888968750	14068.921468750	1400.000	4000.000	1.0000
189	Spectrogram 1	1	14068.888968750	14068.921468750	1400.000	4000.000	1.0000
190	Waveform 1	1	14069.062843750	14069.075843750	1400.000	4000.000	1.0000
190	Spectrogram 1	1	14069.062843750	14069.075843750	1400.000	4000.000	1.0000
191	Waveform 1	1	14071.909843750	14071.932593750	1400.000	4000.000	1.0000
191	Spectrogram 1	1	14071.909843750	14071.932593750	1400.000	4000.000	1.0000
192	Waveform 1	1	14072.205593750	14072.226718750	1400.000	4000.000	1.0000
192	Spectrogram 1	1	14072.205593750	14072.226718750	1400.000	4000.000	1.0000
193	Waveform 1	1	14072.273843750	14072.285218750	1400.000	4000.000	1.0000
193	Spectrogram 1	1	14072.273843750	14072.285218750	1400.000	4000.000	1.0000
194	Waveform 1	1	14088.052593750	14088.075343750	1400.000	4000.000	1.0000
194	Spectrogram 1	1	14088.052593750	14088.075343750	1400.000	4000.000	1.0000
195	Waveform 1	1	14088.156593750	14088.174468750	1400.000	4000.000	1.0000
195	Spectrogram 1	1	14088.156593750	14088.174468750	1400.000	4000.000	1.0000
196	Waveform 1	1	14090.317843750	14090.327593750	1400.000	4000.000	1.0000
196	Spectrogram 1	1	14090.317843750	14090.327593750	1400.000	4000.000	1.0000
197	Waveform 1	1	14090.382843750	14090.408843750	1400.000	4000.000	1.0000
197	Spectrogram 1	1	14090.382843750	14090.408843750	1400.000	4000.000	1.0000
198	Waveform 1	1	14093.533718750	14093.564593750	1400.000	4000.000	1.0000
198	Spectrogram 1	1	14093.533718750	14093.564593750	1400.000	4000.000	1.0000
199	Waveform 1	1	14093.619843750	14093.639343750	1400.000	4000.000	1.0000
199	Spectrogram 1	1	14093.619843750	14093.639343750	1400.000	4000.000	1.0000
200	Waveform 1	1	14100.703218750	14100.717843750	1400.000	4000.000	1.0000
200	Spectrogram 1	1	14100.703218750	14100.717843750	1400.000	4000.000	1.0000
201	Waveform 1	1	14111.691468750	14111.702843750	1400.000	4000.000	1.0000
201	Spectrogram 1	1	14111.691468750	14111.702843750	1400.000	4000.000	1.0000
202	Waveform 1	1	14111.753218750	14111.777593750	1400.000	4000.000	1.0000
202	Spectrogram 1	1	14111.753218750	14111.777593750	1400.000	4000.000	1.0000
203	Waveform 1	1	14111.988843750	14112.011593750	1400.000	4000.000	1.0000
203	Spectrogram 1	1	14111.988843750	14112.011593750	1400.000	4000.000	1.0000
204	Waveform 1	1	14128.155968750	14128.168968750	1400.000	4000.000	1.0000
204	Spectrogram 1	1	14128.155968750	14128.168968750	1400.000	4000.000	1.0000
205	Waveform 1	1	14128.602843750	14128.615843750	1400.000	4000.000	1.0000
205	Spectrogram 1	1	14128.602843750	14128.615843750	1400.000	4000.000	1.0000
206	Waveform 1	1	14128.893718750	14128.924593750	1400.000	4000.000	1.0000
206	Spectrogram 1	1	14128.893718750	14128.924593750	1400.000	4000.000	1.0000
207	Waveform 1	1	14134.530843750	14134.545468750	1400.000	4000.000	1.0000
207	Spectrogram 1	1	14134.530843750	14134.545468750	1400.000	4000.000	1.0000
208	Waveform 1	1	14179.627843750	14179.635968750	1400.000	4000.000	1.0000
208	Spectrogram 1	1	14179.627843750	14179.635968750	1400.000	4000.000	1.0000
209	Waveform 1	1	14685.997343750	14686.018468750	1400.000	4000.000	1.0000
209	Spectrogram 1	1	14685.997343750	14686.018468750	1400.000	4000.000	1.0000
210	Waveform 1	1	14893.708093750	14893.722718750	1400.000	4000.000	1.0000
210	Spectrogram 1	1	14893.708093750	14893.722718750	1400.000	4000.000	1.0000
211	Waveform 1	1	14915.504218750	14915.512343750	1400.000	4000.000	1.0000
211	Spectrogram 1	1	14915.504218750	14915.512343750	1400.000	4000.000	1.0000
212	Waveform 1	1	14933.198843750	14933.211843750	1400.000	4000.000	1.0000
212	Spectrogram 1	1	14933.198843750	14933.211843750	1400.000	4000.000	1.0000
213	Waveform 1	1	14933.384093750	14933.411718750	1400.000	4000.000	1.0000
213	Spectrogram 1	1	14933.384093750	14933.411718750	1400.000	4000.000	1.0000
214	Waveform 1	1	14956.337218750	14956.346968750	1400.000	4000.000	1.0000
214	Spectrogram 1	1	14956.337218750	14956.346968750	1400.000	4000.000	1.0000
215	Waveform 1	1	14958.933968750	14958.942093750	1400.000	4000.000	1.0000
215	Spectrogram 1	1	14958.933968750	14958.942093750	1400.000	4000.000	1.0000
216	Waveform 1	1	14964.847343750	14964.857093750	1400.000	4000.000	1.0000
216	Spectrogram 1	1	14964.847343750	14964.857093750	1400.000	4000.000	1.0000
217	Waveform 1	1	15001.421218750	15001.429343750	1400.000	4000.000	1.0000
217	Spectrogram 1	1	15001.421218750	15001.429343750	1400.000	4000.000	1.0000
218	Waveform 1	1	15015.571718750	15015.592843750	1400.000	4000.000	1.0000
218	Spectrogram 1	1	15015.571718750	15015.592843750	1400.000	4000.000	1.0000
219	Waveform 1	1	15088.735718750	15088.745468750	1400.000	4000.000	1.0000
219	Spectrogram 1	1	15088.735718750	15088.745468750	1400.000	4000.000	1.0000
220	Waveform 1	1	15088.782843750	15088.813718750	1400.000	4000.000	1.0000
220	Spectrogram 1	1	15088.782843750	15088.813718750	1400.000	4000.000	1.0000
221	Waveform 1	1	15179.444843750	15179.464343750	1400.000	4000.000	1.0000
221	Spectrogram 1	1	15179.444843750	15179.464343750	1400.000	4000.000	1.0000
222	Waveform 1	1	15179.691843750	15179.708093750	1400.000	4000.000	1.0000
222	Spectrogram 1	1	15179.691843750	15179.708093750	1400.000	4000.000	1.0000
223	Waveform 1	1	15192.714593750	15192.722718750	1400.000	4000.000	1.0000
223	Spectrogram 1	1	15192.714593750	15192.722718750	1400.000	4000.000	1.0000
224	Waveform 1	1	15201.819468750	15201.837343750	1400.000	4000.000	1.0000
224	Spectrogram 1	1	15201.819468750	15201.837343750	1400.000	4000.000	1.0000
225	Waveform 1	1	15207.853093750	15207.882343750	1400.000	4000.000	1.0000
225	Spectrogram 1	1	15207.853093750	15207.882343750	1400.000	4000.000	1.0000
226	Waveform 1	1	15208.067593750	15208.098468750	1400.000	4000.000	1.0000
226	Spectrogram 1	1	15208.067593750	15208.098468750	1400.000	4000.000	1.0000
227	Waveform 1	1	15221.161843750	15221.173218750	1400.000	4000.000	1.0000
227	Spectrogram 1	1	15221.161843750	15221.173218750	1400.000	4000.000	1.0000
228	Waveform 1	1	15221.213843750	15221.231718750	1400.000	4000.000	1.0000
228	Spectrogram 1	1	15221.213843750	15221.231718750	1400.000	4000.000	1.0000
229	Waveform 1	1	15221.304843750	15221.322718750	1400.000	4000.000	1.0000
229	Spectrogram 1	1	15221.304843750	15221.322718750	1400.000	4000.000	1.0000
230	Waveform 1	1	15230.482843750	15230.502343750	1400.000	4000.000	1.0000
230	Spectrogram 1	1	15230.482843750	15230.502343750	1400.000	4000.000	1.0000
231	Waveform 1	1	15233.255093750	15233.264843750	1400.000	4000.000	1.0000
231	Spectrogram 1	1	15233.255093750	15233.264843750	1400.000	4000.000	1.0000
232	Waveform 1	1	15296.040218750	15296.051593750	1400.000	4000.000	1.0000
232	Spectrogram 1	1	15296.040218750	15296.051593750	1400.000	4000.000	1.0000
233	Waveform 1	1	15296.240093750	15296.266093750	1400.000	4000.000	1.0000
233	Spectrogram 1	1	15296.240093750	15296.266093750	1400.000	4000.000	1.0000
234	Waveform 1	1	15674.055843750	15674.065593750	1400.000	4000.000	1.0000
234	Spectrogram 1	1	15674.055843750	15674.065593750	1400.000	4000.000	1.0000
235	Waveform 1	1	15708.853593750	15708.861718750	1400.000	4000.000	1.0000
235	Spectrogram 1	1	15708.853593750	15708.861718750	1400.000	4000.000	1.0000
236	Waveform 1	1	16029.529468750	16029.555468750	1400.000	4000.000	1.0000
236	Spectrogram 1	1	16029.529468750	16029.555468750	1400.000	4000.000	1.0000
237	Waveform 1	1	16169.744218750	16169.766968750	1400.000	4000.000	1.0000
237	Spectrogram 1	1	16169.744218750	16169.766968750	1400.000	4000.000	1.0000
238	Waveform 1	1	16654.696218750	16654.714093750	1400.000	4000.000	1.0000
238	Spectrogram 1	1	16654.696218750	16654.714093750	1400.000	4000.000	1.0000
239	Waveform 1	1	16817.514718750	16817.522843750	1400.000	4000.000	1.0000
239	Spectrogram 1	1	16817.514718750	16817.522843750	1400.000	4000.000	1.0000
240	Waveform 1	1	18076.850718750	18076.862093750	1400.000	4000.000	1.0000
240	Spectrogram 1	1	18076.850718750	18076.862093750	1400.000	4000.000	1.0000
241	Waveform 1	1	18093.807593750	18093.815718750	1400.000	4000.000	1.0000
241	Spectrogram 1	1	18093.807593750	18093.815718750	1400.000	4000.000	1.0000
242	Waveform 1	1	18103.495843750	18103.505593750	1400.000	4000.000	1.0000
242	Spectrogram 1	1	18103.495843750	18103.505593750	1400.000	4000.000	1.0000
243	Waveform 1	1	18483.277843750	18483.287593750	1400.000	4000.000	1.0000
243	Spectrogram 1	1	18483.277843750	18483.287593750	1400.000	4000.000	1.0000
244	Waveform 1	1	18483.721468750	18483.739343750	1400.000	4000.000	1.0000
244	Spectrogram 1	1	18483.721468750	18483.739343750	1400.000	4000.000	1.0000
245	Waveform 1	1	21063.369968750	21063.379718750	1400.000	4000.000	1.0000
245	Spectrogram 1	1	21063.369968750	21063.379718750	1400.000	4000.000	1.0000
246	Waveform 1	1	27666.781718750	27666.796343750	1400.000	4000.000	1.0000
246	Spectrogram 1	1	27666.781718750	27666.796343750	1400.000	4000.000	1.0000
247	Waveform 1	1	27676.968843750	27676.980218750	1400.000	4000.000	1.0000
247	Spectrogram 1	1	27676.968843750	27676.980218750	1400.000	4000.000	1.0000
248	Waveform 1	1	27860.891218750	27860.902593750	1400.000	4000.000	1.0000
248	Spectrogram 1	1	27860.891218750	27860.902593750	1400.000	4000.000	1.0000
249	Waveform 1	1	27918.765593750	27918.783468750	1400.000	4000.000	1.0000
249	Spectrogram 1	1	27918.765593750	27918.783468750	1400.000	4000.000	1.0000
250	Waveform 1	1	28225.884093750	28225.901968750	1400.000	4000.000	1.0000
250	Spectrogram 1	1	28225.884093750	28225.901968750	1400.000	4000.000	1.0000
251	Waveform 1	1	28250.915593750	28250.925343750	1400.000	4000.000	1.0000
251	Spectrogram 1	1	28250.915593750	28250.925343750	1400.000	4000.000	1.0000
252	Waveform 1	1	29669.888343750	29669.907843750	1400.000	4000.000	1.0000
252	Spectrogram 1	1	29669.888343750	29669.907843750	1400.000	4000.000	1.0000
253	Waveform 1	1	30097.338093750	30097.352718750	1400.000	4000.000	1.0000
253	Spectrogram 1	1	30097.338093750	30097.352718750	1400.000	4000.000	1.0000
254	Waveform 1	1	30111.418718750	30111.426843750	1400.000	4000.000	1.0000
254	Spectrogram 1	1	30111.418718750	30111.426843750	1400.000	4000.000	1.0000
255	Waveform 1	1	30169.652218750	30169.660343750	1400.000	4000.000	1.0000
255	Spectrogram 1	1	30169.652218750	30169.660343750	1400.000	4000.000	1.0000
256	Waveform 1	1	30191.175343750	30191.199718750	1400.000	4000.000	1.0000
256	Spectrogram 1	1	30191.175343750	30191.199718750	1400.000	4000.000	1.0000
257	Waveform 1	1	30192.041468750	30192.067468750	1400.000	4000.000	1.0000
257	Spectrogram 1	1	30192.041468750	30192.067468750	1400.000	4000.000	1.0000
258	Waveform 1	1	30511.943843750	30511.956843750	1400.000	4000.000	1.0000
258	Spectrogram 1	1	30511.943843750	30511.956843750	1400.000	4000.000	1.0000
259	Waveform 1	1	30814.055718750	30814.088218750	1400.000	4000.000	0.8500
259	Spectrogram 1	1	30814.055718750	30814.088218750	1400.000	4000.000	0.8500
260	Waveform 1	1	30920.527343750	30920.540343750	1400.000	4000.000	1.0000
260	Spectrogram 1	1	30920.527343750	30920.540343750	1400.000	4000.000	1.0000
261	Waveform 1	1	31134.076718750	31134.086468750	1400.000	4000.000	1.0000
261	Spectrogram 1	1	31134.076718750	31134.086468750	1400.000	4000.000	1.0000
262	Waveform 1	1	31964.261593750	31964.269718750	1400.000	4000.000	1.0000
262	Spectrogram 1	1	31964.261593750	31964.269718750	1400.000	4000.000	1.0000
263	Waveform 1	1	32096.027968750	32096.049093750	1400.000	4000.000	1.0000
263	Spectrogram 1	1	32096.027968750	32096.049093750	1400.000	4000.000	1.0000
264	Waveform 1	1	38861.262093750	38861.273468750	1400.000	4000.000	1.0000
264	Spectrogram 1	1	38861.262093750	38861.273468750	1400.000	4000.000	1.0000
265	Waveform 1	1	41115.710718750	41115.723718750	1400.000	4000.000	1.0000
265	Spectrogram 1	1	41115.710718750	41115.723718750	1400.000	4000.000	1.0000
266	Waveform 1	1	46128.174343750	46128.182468750	1400.000	4000.000	1.0000
266	Spectrogram 1	1	46128.174343750	46128.182468750	1400.000	4000.000	1.0000
267	Waveform 1	1	46388.213343750	46388.221468750	1400.000	4000.000	1.0000
267	Spectrogram 1	1	46388.213343750	46388.221468750	1400.000	4000.000	1.0000
268	Waveform 1	1	46602.944093750	46602.963593750	1400.000	4000.000	1.0000
268	Spectrogram 1	1	46602.944093750	46602.963593750	1400.000	4000.000	1.0000
269	Waveform 1	1	46618.651343750	46618.659468750	1400.000	4000.000	1.0000
269	Spectrogram 1	1	46618.651343750	46618.659468750	1400.000	4000.000	1.0000
270	Waveform 1	1	46634.223718750	46634.233468750	1400.000	4000.000	1.0000
270	Spectrogram 1	1	46634.223718750	46634.233468750	1400.000	4000.000	1.0000
271	Waveform 1	1	46635.028093750	46635.037843750	1400.000	4000.000	1.0000
271	Spectrogram 1	1	46635.028093750	46635.037843750	1400.000	4000.000	1.0000
272	Waveform 1	1	46651.369093750	46651.385343750	1400.000	4000.000	1.0000
272	Spectrogram 1	1	46651.369093750	46651.385343750	1400.000	4000.000	1.0000
273	Waveform 1	1	46655.114718750	46655.129343750	1400.000	4000.000	1.0000
273	Spectrogram 1	1	46655.114718750	46655.129343750	1400.000	4000.000	1.0000
274	Waveform 1	1	46681.143968750	46681.158593750	1400.000	4000.000	1.0000
274	Spectrogram 1	1	46681.143968750	46681.158593750	1400.000	4000.000	1.0000
275	Waveform 1	1	46683.869093750	46683.885343750	1400.000	4000.000	1.0000
275	Spectrogram 1	1	46683.869093750	46683.885343750	1400.000	4000.000	1.0000
276	Waveform 1	1	46683.948718750	46683.964968750	1400.000	4000.000	1.0000
276	Spectrogram 1	1	46683.948718750	46683.964968750	1400.000	4000.000	1.0000
277	Waveform 1	1	46684.107968750	46684.116093750	1400.000	4000.000	1.0000
277	Spectrogram 1	1	46684.107968750	46684.116093750	1400.000	4000.000	1.0000
278	Waveform 1	1	46688.984593750	46689.004093750	1400.000	4000.000	1.0000
278	Spectrogram 1	1	46688.984593750	46689.004093750	1400.000	4000.000	1.0000
279	Waveform 1	1	46691.880343750	46691.891718750	1400.000	4000.000	1.0000
279	Spectrogram 1	1	46691.880343750	46691.891718750	1400.000	4000.000	1.0000
280	Waveform 1	1	46691.976218750	46691.984343750	1400.000	4000.000	1.0000
280	Spectrogram 1	1	46691.976218750	46691.984343750	1400.000	4000.000	1.0000
281	Waveform 1	1	46707.418593750	46707.426718750	1400.000	4000.000	1.0000
281	Spectrogram 1	1	46707.418593750	46707.426718750	1400.000	4000.000	1.0000
282	Waveform 1	1	46707.714343750	46707.724093750	1400.000	4000.000	1.0000
282	Spectrogram 1	1	46707.714343750	46707.724093750	1400.000	4000.000	1.0000
283	Waveform 1	1	46716.993093750	46717.007718750	1400.000	4000.000	1.0000
283	Spectrogram 1	1	46716.993093750	46717.007718750	1400.000	4000.000	1.0000
284	Waveform 1	1	46767.241343750	46767.252718750	1400.000	4000.000	1.0000
284	Spectrogram 1	1	46767.241343750	46767.252718750	1400.000	4000.000	1.0000
285	Waveform 1	1	46830.299468750	46830.307593750	1400.000	4000.000	1.0000
285	Spectrogram 1	1	46830.299468750	46830.307593750	1400.000	4000.000	1.0000
286	Waveform 1	1	46880.955593750	46880.965343750	1400.000	4000.000	1.0000
286	Spectrogram 1	1	46880.955593750	46880.965343750	1400.000	4000.000	1.0000
287	Waveform 1	1	46881.116468750	46881.127843750	1400.000	4000.000	1.0000
287	Spectrogram 1	1	46881.116468750	46881.127843750	1400.000	4000.000	1.0000
288	Waveform 1	1	46881.197718750	46881.209093750	1400.000	4000.000	1.0000
288	Spectrogram 1	1	46881.197718750	46881.209093750	1400.000	4000.000	1.0000
289	Waveform 1	1	46894.860718750	46894.886718750	1400.000	4000.000	1.0000
289	Spectrogram 1	1	46894.860718750	46894.886718750	1400.000	4000.000	1.0000
290	Waveform 1	1	46903.387093750	46903.413093750	1400.000	4000.000	1.0000
290	Spectrogram 1	1	46903.387093750	46903.413093750	1400.000	4000.000	1.0000
291	Waveform 1	1	46914.011343750	46914.019468750	1400.000	4000.000	1.0000
291	Spectrogram 1	1	46914.011343750	46914.019468750	1400.000	4000.000	1.0000
292	Waveform 1	1	47167.407343750	47167.426843750	1400.000	4000.000	1.0000
292	Spectrogram 1	1	47167.407343750	47167.426843750	1400.000	4000.000	1.0000
293	Waveform 1	1	47213.459843750	47213.471218750	1400.000	4000.000	1.0000
293	Spectrogram 1	1	47213.459843750	47213.471218750	1400.000	4000.000	1.0000
294	Waveform 1	1	47254.362718750	47254.378968750	1400.000	4000.000	1.0000
294	Spectrogram 1	1	47254.362718750	47254.378968750	1400.000	4000.000	1.0000
295	Waveform 1	1	47293.458593750	47293.471593750	1400.000	4000.000	1.0000
295	Spectrogram 1	1	47293.458593750	47293.471593750	1400.000	4000.000	1.0000
296	Waveform 1	1	47305.405593750	47305.413718750	1400.000	4000.000	1.0000
296	Spectrogram 1	1	47305.405593750	47305.413718750	1400.000	4000.000	1.0000
297	Waveform 1	1	47305.647718750	47305.660718750	1400.000	4000.000	1.0000
297	Spectrogram 1	1	47305.647718750	47305.660718750	1400.000	4000.000	1.0000
298	Waveform 1	1	47608.138218750	47608.147968750	1400.000	4000.000	1.0000
298	Spectrogram 1	1	47608.138218750	47608.147968750	1400.000	4000.000	1.0000
299	Waveform 1	1	47753.848718750	47753.858468750	1400.000	4000.000	1.0000
299	Spectrogram 1	1	47753.848718750	47753.858468750	1400.000	4000.000	1.0000
300	Waveform 1	1	47785.297343750	47785.316843750	1400.000	4000.000	1.0000
300	Spectrogram 1	1	47785.297343750	47785.316843750	1400.000	4000.000	1.0000
301	Waveform 1	1	47817.613718750	47817.628343750	1400.000	4000.000	1.0000
301	Spectrogram 1	1	47817.613718750	47817.628343750	1400.000	4000.000	1.0000
302	Waveform 1	1	47835.628468750	47835.639843750	1400.000	4000.000	1.0000
302	Spectrogram 1	1	47835.628468750	47835.639843750	1400.000	4000.000	1.0000
303	Waveform 1	1	47835.714593750	47835.743843750	1400.000	4000.000	1.0000
303	Spectrogram 1	1	47835.714593750	47835.743843750	1400.000	4000.000	1.0000
304	Waveform 1	1	47840.847968750	47840.862593750	1400.000	4000.000	1.0000
304	Spectrogram 1	1	47840.847968750	47840.862593750	1400.000	4000.000	1.0000
305	Waveform 1	1	47863.290843750	47863.298968750	1400.000	4000.000	1.0000
305	Spectrogram 1	1	47863.290843750	47863.298968750	1400.000	4000.000	1.0000
306	Waveform 1	1	47882.881843750	47882.894843750	1400.000	4000.000	1.0000
306	Spectrogram 1	1	47882.881843750	47882.894843750	1400.000	4000.000	1.0000
307	Waveform 1	1	48315.820843750	48315.850093750	1400.000	4000.000	1.0000
307	Spectrogram 1	1	48315.820843750	48315.850093750	1400.000	4000.000	1.0000
308	Waveform 1	1	48315.926468750	48315.939468750	1400.000	4000.000	1.0000
308	Spectrogram 1	1	48315.926468750	48315.939468750	1400.000	4000.000	1.0000
309	Waveform 1	1	48341.463343750	48341.479593750	1400.000	4000.000	1.0000
309	Spectrogram 1	1	48341.463343750	48341.479593750	1400.000	4000.000	1.0000
310	Waveform 1	1	48341.624218750	48341.635593750	1400.000	4000.000	1.0000
310	Spectrogram 1	1	48341.624218750	48341.635593750	1400.000	4000.000	1.0000
311	Waveform 1	1	48348.432968750	48348.445968750	1400.000	4000.000	1.0000
311	Spectrogram 1	1	48348.432968750	48348.445968750	1400.000	4000.000	1.0000
312	Waveform 1	1	48425.191468750	48425.206093750	1400.000	4000.000	1.0000
312	Spectrogram 1	1	48425.191468750	48425.206093750	1400.000	4000.000	1.0000
313	Waveform 1	1	48465.663718750	48465.675093750	1400.000	4000.000	1.0000
313	Spectrogram 1	1	48465.663718750	48465.675093750	1400.000	4000.000	1.0000
314	Waveform 1	1	48469.922843750	48469.942343750	1400.000	4000.000	1.0000
314	Spectrogram 1	1	48469.922843750	48469.942343750	1400.000	4000.000	1.0000
315	Waveform 1	1	48656.627218750	48656.635343750	1400.000	4000.000	1.0000
315	Spectrogram 1	1	48656.627218750	48656.635343750	1400.000	4000.000	1.0000
316	Waveform 1	1	48699.718968750	48699.740093750	1400.000	4000.000	0.7692
316	Spectrogram 1	1	48699.718968750	48699.740093750	1400.000	4000.000	0.7692
317	Waveform 1	1	48717.424968750	48717.446093750	1400.000	4000.000	1.0000
317	Spectrogram 1	1	48717.424968750	48717.446093750	1400.000	4000.000	1.0000
318	Waveform 1	1	48724.025718750	48724.051718750	1400.000	4000.000	1.0000
318	Spectrogram 1	1	48724.025718750	48724.051718750	1400.000	4000.000	1.0000
319	Waveform 1	1	48724.128093750	48724.145968750	1400.000	4000.000	1.0000
319	Spectrogram 1	1	48724.128093750	48724.145968750	1400.000	4000.000	1.0000
320	Waveform 1	1	48729.108718750	48729.129843750	1400.000	4000.000	1.0000
320	Spectrogram 1	1	48729.108718750	48729.129843750	1400.000	4000.000	1.0000
321	Waveform 1	1	48743.051218750	48743.070718750	1400.000	4000.000	1.0000
321	Spectrogram 1	1	48743.051218750	48743.070718750	1400.000	4000.000	1.0000
322	Waveform 1	1	48743.481843750	48743.494843750	1400.000	4000.000	1.0000
322	Spectrogram 1	1	48743.481843750	48743.494843750	1400.000	4000.000	1.0000
323	Waveform 1	1	48750.295468750	48750.323093750	1400.000	4000.000	1.0000
323	Spectrogram 1	1	48750.295468750	48750.323093750	1400.000	4000.000	1.0000
324	Waveform 1	1	48755.601093750	48755.614093750	1400.000	4000.000	1.0000
324	Spectrogram 1	1	48755.601093750	48755.614093750	1400.000	4000.000	1.0000
325	Waveform 1	1	48802.709843750	48802.742343750	1400.000	4000.000	1.0000
325	Spectrogram 1	1	48802.709843750	48802.742343750	1400.000	4000.000	1.0000
326	Waveform 1	1	48805.771343750	48805.779468750	1400.000	4000.000	1.0000
326	Spectrogram 1	1	48805.771343750	48805.779468750	1400.000	4000.000	1.0000
327	Waveform 1	1	49306.539468750	49306.554093750	1400.000	4000.000	1.0000
327	Spectrogram 1	1	49306.539468750	49306.554093750	1400.000	4000.000	1.0000
328	Waveform 1	1	49361.267843750	49361.282468750	1400.000	4000.000	1.0000
328	Spectrogram 1	1	49361.267843750	49361.282468750	1400.000	4000.000	1.0000
329	Waveform 1	1	49414.863593750	49414.883093750	1400.000	4000.000	1.0000
329	Spectrogram 1	1	49414.863593750	49414.883093750	1400.000	4000.000	1.0000
330	Waveform 1	1	49419.153593750	49419.176343750	1400.000	4000.000	1.0000
330	Spectrogram 1	1	49419.153593750	49419.176343750	1400.000	4000.000	1.0000
331	Waveform 1	1	49445.179593750	49445.197468750	1400.000	4000.000	1.0000
331	Spectrogram 1	1	49445.179593750	49445.197468750	1400.000	4000.000	1.0000
332	Waveform 1	1	49445.528968750	49445.551718750	1400.000	4000.000	1.0000
332	Spectrogram 1	1	49445.528968750	49445.551718750	1400.000	4000.000	1.0000
333	Waveform 1	1	49454.061843750	49454.073218750	1400.000	4000.000	1.0000
333	Spectrogram 1	1	49454.061843750	49454.073218750	1400.000	4000.000	1.0000
334	Waveform 1	1	49457.822093750	49457.835093750	1400.000	4000.000	1.0000
334	Spectrogram 1	1	49457.822093750	49457.835093750	1400.000	4000.000	1.0000
335	Waveform 1	1	49458.160093750	49458.169843750	1400.000	4000.000	1.0000
335	Spectrogram 1	1	49458.160093750	49458.169843750	1400.000	4000.000	1.0000
336	Waveform 1	1	49458.875093750	49458.883218750	1400.000	4000.000	1.0000
336	Spectrogram 1	1	49458.875093750	49458.883218750	1400.000	4000.000	1.0000
337	Waveform 1	1	49459.370718750	49459.395093750	1400.000	4000.000	1.0000
337	Spectrogram 1	1	49459.370718750	49459.395093750	1400.000	4000.000	1.0000
338	Waveform 1	1	50048.818343750	50048.826468750	1400.000	4000.000	1.0000
338	Spectrogram 1	1	50048.818343750	50048.826468750	1400.000	4000.000	1.0000
339	Waveform 1	1	51580.343468750	51580.351593750	1400.000	4000.000	1.0000
339	Spectrogram 1	1	51580.343468750	51580.351593750	1400.000	4000.000	1.0000
340	Waveform 1	1	51585.941593750	51585.974093750	1400.000	4000.000	1.0000
340	Spectrogram 1	1	51585.941593750	51585.974093750	1400.000	4000.000	1.0000
341	Waveform 1	1	51642.660593750	51642.680093750	1400.000	4000.000	1.0000
341	Spectrogram 1	1	51642.660593750	51642.680093750	1400.000	4000.000	1.0000
342	Waveform 1	1	51697.627843750	51697.637593750	1400.000	4000.000	1.0000
342	Spectrogram 1	1	51697.627843750	51697.637593750	1400.000	4000.000	1.0000
343	Waveform 1	1	51785.598843750	51785.621593750	1400.000	4000.000	1.0000
343	Spectrogram 1	1	51785.598843750	51785.621593750	1400.000	4000.000	1.0000
344	Waveform 1	1	51785.665468750	51785.684968750	1400.000	4000.000	1.0000
344	Spectrogram 1	1	51785.665468750	51785.684968750	1400.000	4000.000	1.0000
345	Waveform 1	1	51804.328593750	51804.349718750	1400.000	4000.000	1.0000
345	Spectrogram 1	1	51804.328593750	51804.349718750	1400.000	4000.000	1.0000
346	Waveform 1	1	51805.654593750	51805.665968750	1400.000	4000.000	1.0000
346	Spectrogram 1	1	51805.654593750	51805.665968750	1400.000	4000.000	1.0000
347	Waveform 1	1	51830.440718750	51830.463468750	1400.000	4000.000	1.0000
347	Spectrogram 1	1	51830.440718750	51830.463468750	1400.000	4000.000	1.0000
348	Waveform 1	1	51830.536593750	51830.546343750	1400.000	4000.000	1.0000
348	Spectrogram 1	1	51830.536593750	51830.546343750	1400.000	4000.000	1.0000
349	Waveform 1	1	51843.125468750	51843.136843750	1400.000	4000.000	1.0000
349	Spectrogram 1	1	51843.125468750	51843.136843750	1400.000	4000.000	1.0000
350	Waveform 1	1	51843.336718750	51843.352968750	1400.000	4000.000	1.0000
350	Spectrogram 1	1	51843.336718750	51843.352968750	1400.000	4000.000	1.0000
351	Waveform 1	1	51844.085843750	51844.118343750	1400.000	4000.000	1.0000
351	Spectrogram 1	1	51844.085843750	51844.118343750	1400.000	4000.000	1.0000
352	Waveform 1	1	51846.858093750	51846.867843750	1400.000	4000.000	1.0000
352	Spectrogram 1	1	51846.858093750	51846.867843750	1400.000	4000.000	1.0000
353	Waveform 1	1	51875.680718750	51875.688843750	1400.000	4000.000	1.0000
353	Spectrogram 1	1	51875.680718750	51875.688843750	1400.000	4000.000	1.0000
354	Waveform 1	1	51875.757093750	51875.765218750	1400.000	4000.000	1.0000
354	Spectrogram 1	1	51875.757093750	51875.765218750	1400.000	4000.000	1.0000
355	Waveform 1	1	51914.284218750	51914.306968750	1400.000	4000.000	1.0000
355	Spectrogram 1	1	51914.284218750	51914.306968750	1400.000	4000.000	1.0000
356	Waveform 1	1	51915.000843750	51915.012218750	1400.000	4000.000	1.0000
356	Spectrogram 1	1	51915.000843750	51915.012218750	1400.000	4000.000	1.0000
357	Waveform 1	1	51954.888093750	51954.899468750	1400.000	4000.000	1.0000
357	Spectrogram 1	1	51954.888093750	51954.899468750	1400.000	4000.000	1.0000
358	Waveform 1	1	51954.935218750	51954.946593750	1400.000	4000.000	1.0000
358	Spectrogram 1	1	51954.935218750	51954.946593750	1400.000	4000.000	1.0000
359	Waveform 1	1	51954.980718750	51954.993718750	1400.000	4000.000	1.0000
359	Spectrogram 1	1	51954.980718750	51954.993718750	1400.000	4000.000	1.0000
360	Waveform 1	1	51955.115593750	51955.123718750	1400.000	4000.000	1.0000
360	Spectrogram 1	1	51955.115593750	51955.123718750	1400.000	4000.000	1.0000
361	Waveform 1	1	51961.253218750	51961.262968750	1400.000	4000.000	1.0000
361	Spectrogram 1	1	51961.253218750	51961.262968750	1400.000	4000.000	1.0000
362	Waveform 1	1	51969.758468750	51969.769843750	1400.000	4000.000	1.0000
362	Spectrogram 1	1	51969.758468750	51969.769843750	1400.000	4000.000	1.0000
363	Waveform 1	1	51982.295343750	51982.308343750	1400.000	4000.000	1.0000
363	Spectrogram 1	1	51982.295343750	51982.308343750	1400.000	4000.000	1.0000
364	Waveform 1	1	51999.715343750	51999.731593750	1400.000	4000.000	1.0000
364	Spectrogram 1	1	51999.715343750	51999.731593750	1400.000	4000.000	1.0000
365	Waveform 1	1	52000.173593750	52000.183343750	1400.000	4000.000	1.0000
365	Spectrogram 1	1	52000.173593750	52000.183343750	1400.000	4000.000	1.0000
366	Waveform 1	1	52042.667343750	52042.688468750	1400.000	4000.000	1.0000
366	Spectrogram 1	1	52042.667343750	52042.688468750	1400.000	4000.000	1.0000
367	Waveform 1	1	52162.125968750	52162.151968750	1400.000	4000.000	1.0000
367	Spectrogram 1	1	52162.125968750	52162.151968750	1400.000	4000.000	1.0000
368	Waveform 1	1	52179.435468750	52179.445218750	1400.000	4000.000	1.0000
368	Spectrogram 1	1	52179.435468750	52179.445218750	1400.000	4000.000	1.0000
369	Waveform 1	1	53426.418218750	53426.429593750	1400.000	4000.000	1.0000
369	Spectrogram 1	1	53426.418218750	53426.429593750	1400.000	4000.000	1.0000
370	Waveform 1	1	53884.845343750	53884.863218750	1400.000	4000.000	1.0000
370	Spectrogram 1	1	53884.845343750	53884.863218750	1400.000	4000.000	1.0000
371	Waveform 1	1	54285.718218750	54285.737718750	1400.000	4000.000	1.0000
371	Spectrogram 1	1	54285.718218750	54285.737718750	1400.000	4000.000	1.0000
