Selection	View	Channel	Begin Time (s)	End Time (s)	Low Freq (Hz)	High Freq (Hz)	Occupancy
1	Waveform 1	1	68.222093750	68.236718750	1400.000	4000.000	1.0000
1	Spectrogram 1	1	68.222093750	68.236718750	1400.000	4000.000	1.0000
2	Waveform 1	1	547.727093750	547.735218750	1400.000	4000.000	1.0000
2	Spectrogram 1	1	547.727093750	547.735218750	1400.000	4000.000	1.0000
3	Waveform 1	1	593.095468750	593.111718750	1400.000	4000.000	1.0000
3	Spectrogram 1	1	593.095468750	593.111718750	1400.000	4000.000	1.0000
4	Waveform 1	1	615.850343750	615.866593750	1400.000	4000.000	1.0000
4	Spectrogram 1	1	615.850343750	615.866593750	1400.000	4000.000	1.0000
5	Waveform 1	1	659.915468750	659.925218750	1400.000	4000.000	1.0000
5	Spectrogram 1	1	659.915468750	659.925218750	1400.000	4000.000	1.0000
6	Waveform 1	1	677.423218750	677.437843750	1400.000	4000.000	1.0000
6	Spectrogram 1	1	677.423218750	677.437843750	1400.000	4000.000	1.0000
7	Waveform 1	1	1875.935468750	1875.961468750	1400.000	4000.000	1.0000
7	Spectrogram 1	1	1875.935468750	1875.961468750	1400.000	4000.000	1.0000
8	Waveform 1	1	1876.068718750	1876.094718750	1400.000	4000.000	1.0000
8	Spectrogram 1	1	1876.068718750	1876.094718750	1400.000	4000.000	1.0000
9	Waveform 1	1	1876.221468750	1876.232843750	1400.000	4000.000	1.0000
9	Spectrogram 1	1	1876.221468750	1876.232843750	1400.000	4000.000	1.0000
10	Waveform 1	1	2690.799843750	2690.812843750	1400.000	4000.000	1.0000
10	Spectrogram 1	1	2690.799843750	2690.812843750	1400.000	4000.000	1.0000
11	Waveform 1	1	3000.485843750	3000.493968750	1400.000	4000.000	1.0000
11	Spectrogram 1	1	3000.485843750	3000.493968750	1400.000	4000.000	1.0000
12	Waveform 1	1	3160.785593750	3160.793718750	1400.000	4000.000	1.0000
12	Spectrogram 1	1	3160.785593750	3160.793718750	1400.000	4000.000	1.0000
13	Waveform 1	1	3415.177718750	3415.192343750	1400.000	4000.000	1.0000
13	Spectrogram 1	1	3415.177718750	3415.192343750	1400.000	4000.000	1.0000
14	Waveform 1	1	3909.291468750	3909.306093750	1400.000	4000.000	1.0000
14	Spectrogram 1	1	3909.291468750	3909.306093750	1400.000	4000.000	1.0000
15	Waveform 1	1	3923.357468750	3923.378593750	1400.000	4000.000	1.0000
15	Spectrogram 1	1	3923.357468750	3923.378593750	1400.000	4000.000	1.0000
16	Waveform 1	1	3944.459718750	3944.482468750	1400.000	4000.000	1.0000
16	Spectrogram 1	1	3944.459718750	3944.482468750	1400.000	4000.000	1.0000
17	Waveform 1	1	3944.838343750	3944.848093750	1400.000	4000.000	1.0000
17	Spectrogram 1	1	3944.838343750	3944.848093750	1400.000	4000.000	1.0000
18	Waveform 1	1	4164.270218750	4164.284843750	1400.000	4000.000	1.0000
18	Spectrogram 1	1	4164.270218750	4164.284843750	1400.000	4000.000	1.0000
19	Waveform 1	1	4414.481218750	4414.500718750	1400.000	4000.000	1.0000
19	Spectrogram 1	1	4414.481218750	4414.500718750	1400.000	4000.000	1.0000
20	Waveform 1	1	4950.523218750	4950.537843750	1400.000	4000.000	1.0000
20	Spectrogram 1	1	4950.523218750	4950.537843750	1400.000	4000.000	1.0000
21	Waveform 1	1	4996.955968750	4996.965718750	1400.000	4000.000	1.0000
21	Spectrogram 1	1	4996.955968750	4996.965718750	1400.000	4000.000	1.0000
22	Waveform 1	1	5147.541468750	5147.549593750	1400.000	4000.000	1.0000
22	Spectrogram 1	1	5147.541468750	5147.549593750	1400.000	4000.000	1.0000
23	Waveform 1	1	5716.983718750	5717.004843750	1400.000	4000.000	1.0000
23	Spectrogram 1	1	5716.983718750	5717.004843750	1400.000	4000.000	1.0000
24	Waveform 1	1	5756.880718750	5756.892093750	1400.000	4000.000	1.0000
24	Spectrogram 1	1	5756.880718750	5756.892093750	1400.000	4000.000	1.0000
25	Waveform 1	1	6212.454343750	6212.467343750	1400.000	4000.000	1.0000
25	Spectrogram 1	1	6212.454343750	6212.467343750	1400.000	4000.000	1.0000
26	Waveform 1	1	6298.051218750	6298.059343750	1400.000	4000.000	1.0000
26	Spectrogram 1	1	6298.051218750	6298.059343750	1400.000	4000.000	1.0000
27	Waveform 1	1	6301.393843750	6301.401968750	1400.000	4000.000	1.0000
27	Spectrogram 1	1	6301.393843750	6301.401968750	1400.000	4000.000	1.0000
28	Waveform 1	1	6331.591218750	6331.599343750	1400.000	4000.000	1.0000
28	Spectrogram 1	1	6331.591218750	6331.599343750	1400.000	4000.000	1.0000
29	Waveform 1	1	6338.278093750	6338.287843750	1400.000	4000.000	1.0000
29	Spectrogram 1	1	6338.278093750	6338.287843750	1400.000	4000.000	1.0000
30	Waveform 1	1	6345.376093750	6345.385843750	1400.000	4000.000	1.0000
30	Spectrogram 1	1	6345.376093750	6345.385843750	1400.000	4000.000	1.0000
31	Waveform 1	1	6667.270718750	6667.280468750	1400.000	4000.000	1.0000
31	Spectrogram 1	1	6667.270718750	6667.280468750	1400.000	4000.000	1.0000
32	Waveform 1	1	6670.346843750	6670.364718750	1400.000	4000.000	1.0000
32	Spectrogram 1	1	6670.346843750	6670.364718750	1400.000	4000.000	1.0000
33	Waveform 1	1	6726.596218750	6726.610843750	1400.000	4000.000	1.0000
33	Spectrogram 1	1	6726.596218750	6726.610843750	1400.000	4000.000	1.0000
34	Waveform 1	1	6976.374968750	6976.397718750	1400.000	4000.000	1.0000
34	Spectrogram 1	1	6976.374968750	6976.397718750	1400.000	4000.000	1.0000
35	Waveform 1	1	6977.338593750	6977.361343750	1400.000	4000.000	1.0000
35	Spectrogram 1	1	6977.338593750	6977.361343750	1400.000	4000.000	1.0000
36	Waveform 1	1	6999.695343750	6999.703468750	1400.000	4000.000	1.0000
36	Spectrogram 1	1	6999.695343750	6999.703468750	1400.000	4000.000	1.0000
37	Waveform 1	1	7112.319218750	7112.340343750	1400.000	4000.000	1.0000
37	Spectrogram 1	1	7112.319218750	7112.340343750	1400.000	4000.000	1.0000
38	Waveform 1	1	7302.557968750	7302.583968750	1400.000	4000.000	1.0000
38	Spectrogram 1	1	7302.557968750	7302.583968750	1400.000	4000.000	1.0000
39	Waveform 1	1	7523.408468750	7523.419843750	1400.000	4000.000	1.0000
39	Spectrogram 1	1	7523.408468750	7523.419843750	1400.000	4000.000	1.0000
40	Waveform 1	1	8322.963718750	8322.975093750	1400.000	4000.000	1.0000
40	Spectrogram 1	1	8322.963718750	8322.975093750	1400.000	4000.000	1.0000
41	Waveform 1	1	8634.684218750	8634.693968750	1400.000	4000.000	1.0000
41	Spectrogram 1	1	8634.684218750	8634.693968750	1400.000	4000.000	1.0000
42	Waveform 1	1	8991.361968750	8991.383093750	1400.000	4000.000	1.0000
42	Spectrogram 1	1	8991.361968750	8991.383093750	1400.000	4000.000	1.0000
43	Waveform 1	1	9011.362468750	9011.388468750	1400.000	4000.000	1.0000
43	Spectrogram 1	1	9011.362468750	9011.388468750	1400.000	4000.000	1.0000
44	Waveform 1	1	9084.685718750	9084.714968750	1400.000	4000.000	1.0000
44	Spectrogram 1	1	9084.685718750	9084.714968750	1400.000	4000.000	1.0000
45	Waveform 1	1	9231.382593750	9231.405343750	1400.000	4000.000	1.0000
45	Spectrogram 1	1	9231.382593750	9231.405343750	1400.000	4000.000	1.0000
46	Waveform 1	1	9313.672593750	9313.683968750	1400.000	4000.000	1.0000
46	Spectrogram 1	1	9313.672593750	9313.683968750	1400.000	4000.000	1.0000
47	Waveform 1	1	9314.127593750	9314.135718750	1400.000	4000.000	1.0000
47	Spectrogram 1	1	9314.127593750	9314.135718750	1400.000	4000.000	1.0000
48	Waveform 1	1	9504.307843750	9504.319218750	1400.000	4000.000	1.0000
48	Spectrogram 1	1	9504.307843750	9504.319218750	1400.000	4000.000	1.0000
49	Waveform 1	1	9505.955593750	9505.965343750	1400.000	4000.000	1.0000
49	Spectrogram 1	1	9505.955593750	9505.965343750	1400.000	4000.000	1.0000
50	Waveform 1	1	9562.425968750	9562.442218750	1400.000	4000.000	1.0000
50	Spectrogram 1	1	9562.425968750	9562.442218750	1400.000	4000.000	1.0000
51	Waveform 1	1	9566.569718750	9566.581093750	1400.000	4000.000	1.0000
51	Spectrogram 1	1	9566.569718750	9566.581093750	1400.000	4000.000	1.0000
52	Waveform 1	1	9599.458093750	9599.467843750	1400.000	4000.000	1.0000
52	Spectrogram 1	1	9599.458093750	9599.467843750	1400.000	4000.000	1.0000
53	Waveform 1	1	9600.522468750	9600.532218750	1400.000	4000.000	1.0000
53	Spectrogram 1	1	9600.522468750	9600.532218750	1400.000	4000.000	1.0000
54	Waveform 1	1	9607.412468750	9607.441718750	1400.000	4000.000	0.7222
54	Spectrogram 1	1	9607.412468750	9607.441718750	1400.000	4000.000	0.7222
55	Waveform 1	1	9607.639968750	9607.656218750	1400.000	4000.000	1.0000
55	Spectrogram 1	1	9607.639968750	9607.656218750	1400.000	4000.000	1.0000
56	Waveform 1	1	10054.893593750	10054.903343750	1400.000	4000.000	1.0000
56	Spectrogram 1	1	10054.893593750	10054.903343750	1400.000	4000.000	1.0000
57	Waveform 1	1	10596.933468750	10596.946468750	1400.000	4000.000	1.0000
57	Spectrogram 1	1	10596.933468750	10596.946468750	1400.000	4000.000	1.0000
58	Waveform 1	1	10852.916468750	10852.927843750	1400.000	4000.000	1.0000
58	Spectrogram 1	1	10852.916468750	10852.927843750	1400.000	4000.000	1.0000
59	Waveform 1	1	10853.031843750	10853.056218750	1400.000	4000.000	1.0000
59	Spectrogram 1	1	10853.031843750	10853.056218750	1400.000	4000.000	1.0000
60	Waveform 1	1	10933.048468750	10933.061468750	1400.000	4000.000	1.0000
60	Spectrogram 1	1	10933.048468750	10933.061468750	1400.000	4000.000	1.0000
61	Waveform 1	1	11017.719093750	11017.745093750	1400.000	4000.000	1.0000
61	Spectrogram 1	1	11017.719093750	11017.745093750	1400.000	4000.000	1.0000
62	Waveform 1	1	11071.371718750	11071.384718750	1400.000	4000.000	1.0000
62	Spectrogram 1	1	11071.371718750	11071.384718750	1400.000	4000.000	1.0000
63	Waveform 1	1	11071.485468750	11071.495218750	1400.000	4000.000	1.0000
63	Spectrogram 1	1	11071.485468750	11071.495218750	1400.000	4000.000	1.0000
64	Waveform 1	1	11344.569968750	11344.578093750	1400.000	4000.000	1.0000
64	Spectrogram 1	1	11344.569968750	11344.578093750	1400.000	4000.000	1.0000
65	Waveform 1	1	11690.413843750	11690.421968750	1400.000	4000.000	1.0000
65	Spectrogram 1	1	11690.413843750	11690.421968750	1400.000	4000.000	1.0000
66	Waveform 1	1	11690.467468750	11690.478843750	1400.000	4000.000	1.0000
66	Spectrogram 1	1	11690.467468750	11690.478843750	1400.000	4000.000	1.0000
67	Waveform 1	1	12241.022343750	12241.040218750	1400.000	4000.000	1.0000
67	Spectrogram 1	1	12241.022343750	12241.040218750	1400.000	4000.000	1.0000
68	Waveform 1	1	12393.019968750	12393.034593750	1400.000	4000.000	1.0000
68	Spectrogram 1	1	12393.019968750	12393.034593750	1400.000	4000.000	1.0000
69	Waveform 1	1	13290.686218750	13290.699218750	1400.000	4000.000	1.0000
69	Spectrogram 1	1	13290.686218750	13290.699218750	1400.000	4000.000	1.0000
70	Waveform 1	1	13567.306718750	13567.316468750	1400.000	4000.000	1.0000
70	Spectrogram 1	1	13567.306718750	13567.316468750	1400.000	4000.000	1.0000
71	Waveform 1	1	13637.240218750	13637.269468750	1400.000	4000.000	1.0000
71	Spectrogram 1	1	13637.240218750	13637.269468750	1400.000	4000.000	1.0000
72	Waveform 1	1	13652.523343750	13652.537968750	1400.000	4000.000	1.0000
72	Spectrogram 1	1	13652.523343750	13652.537968750	1400.000	4000.000	1.0000
73	Waveform 1	1	13764.181968750	13764.193343750	1400.000	4000.000	1.0000
73	Spectrogram 1	1	13764.181968750	13764.193343750	1400.000	4000.000	1.0000
74	Waveform 1	1	14091.838843750	14091.850218750	1400.000	4000.000	1.0000
74	Spectrogram 1	1	14091.838843750	14091.850218750	1400.000	4000.000	1.0000
75	Waveform 1	1	14415.680218750	14415.689968750	1400.000	4000.000	1.0000
75	Spectrogram 1	1	14415.680218750	14415.689968750	1400.000	4000.000	1.0000
76	Waveform 1	1	14809.225968750	14809.237343750	1400.000	4000.000	1.0000
76	Spectrogram 1	1	14809.225968750	14809.237343750	1400.000	4000.000	1.0000
77	Waveform 1	1	14833.609093750	14833.622093750	1400.000	4000.000	1.0000
77	Spectrogram 1	1	14833.609093750	14833.622093750	1400.000	4000.000	1.0000
78	Waveform 1	1	14852.442843750	14852.459093750	1400.000	4000.000	1.0000
78	Spectrogram 1	1	14852.442843750	14852.459093750	1400.000	4000.000	1.0000
79	Waveform 1	1	15005.758343750	15005.766468750	1400.000	4000.000	1.0000
79	Spectrogram 1	1	15005.758343750	15005.766468750	1400.000	4000.000	1.0000
80	Waveform 1	1	16445.701718750	16445.726093750	1400.000	4000.000	1.0000
80	Spectrogram 1	1	16445.701718750	16445.726093750	1400.000	4000.000	1.0000
81	Waveform 1	1	16451.015468750	16451.036593750	1400.000	4000.000	1.0000
81	Spectrogram 1	1	16451.015468750	16451.036593750	1400.000	4000.000	1.0000
82	Waveform 1	1	16455.196593750	16455.212843750	1400.000	4000.000	1.0000
82	Spectrogram 1	1	16455.196593750	16455.212843750	1400.000	4000.000	1.0000
83	Waveform 1	1	16931.638468750	16931.654718750	1400.000	4000.000	1.0000
83	Spectrogram 1	1	16931.638468750	16931.654718750	1400.000	4000.000	1.0000
84	Waveform 1	1	17059.009218750	17059.017343750	1400.000	4000.000	1.0000
84	Spectrogram 1	1	17059.009218750	17059.017343750	1400.000	4000.000	1.0000
85	Waveform 1	1	17063.385343750	17063.395093750	1400.000	4000.000	1.0000
85	Spectrogram 1	1	17063.385343750	17063.395093750	1400.000	4000.000	1.0000
86	Waveform 1	1	17190.608218750	17190.616343750	1400.000	4000.000	1.0000
86	Spectrogram 1	1	17190.608218750	17190.616343750	1400.000	4000.000	1.0000
87	Waveform 1	1	17358.352093750	17358.366718750	1400.000	4000.000	1.0000
87	Spectrogram 1	1	17358.352093750	17358.366718750	1400.000	4000.000	1.0000
88	Waveform 1	1	17672.534468750	17672.549093750	1400.000	4000.000	1.0000
88	Spectrogram 1	1	17672.534468750	17672.549093750	1400.000	4000.000	1.0000
89	Waveform 1	1	17868.699593750	17868.714218750	1400.000	4000.000	1.0000
89	Spectrogram 1	1	17868.699593750	17868.714218750	1400.000	4000.000	1.0000
90	Waveform 1	1	19800.775843750	19800.792093750	1400.000	4000.000	1.0000
90	Spectrogram 1	1	19800.775843750	19800.792093750	1400.000	4000.000	1.0000
91	Waveform 1	1	19801.097593750	19801.107343750	1400.000	4000.000	1.0000
91	Spectrogram 1	1	19801.097593750	19801.107343750	1400.000	4000.000	1.0000
92	Waveform 1	1	20081.561218750	20081.580718750	1400.000	4000.000	1.0000
92	Spectrogram 1	1	20081.561218750	20081.580718750	1400.000	4000.000	1.0000
93	Waveform 1	1	20103.969968750	20103.992718750	1400.000	4000.000	1.0000
93	Spectrogram 1	1	20103.969968750	20103.992718750	1400.000	4000.000	1.0000
94	Waveform 1	1	20214.530093750	20214.556093750	1400.000	4000.000	1.0000
94	Spectrogram 1	1	20214.530093750	20214.556093750	1400.000	4000.000	1.0000
95	Waveform 1	1	20214.593468750	20214.604843750	1400.000	4000.000	1.0000
95	Spectrogram 1	1	20214.593468750	20214.604843750	1400.000	4000.000	1.0000
96	Waveform 1	1	20836.861218750	20836.872593750	1400.000	4000.000	1.0000
96	Spectrogram 1	1	20836.861218750	20836.872593750	1400.000	4000.000	1.0000
97	Waveform 1	1	20946.681968750	20946.691718750	1400.000	4000.000	1.0000
97	Spectrogram 1	1	20946.681968750	20946.691718750	1400.000	4000.000	1.0000
98	Waveform 1	1	22088.673468750	22088.689718750	1400.000	4000.000	1.0000
98	Spectrogram 1	1	22088.673468750	22088.689718750	1400.000	4000.000	1.0000
99	Waveform 1	1	22141.763843750	22141.783343750	1400.000	4000.000	1.0000
99	Spectrogram 1	1	22141.763843750	22141.783343750	1400.000	4000.000	1.0000
100	Waveform 1	1	22711.711468750	22711.719593750	1400.000	4000.000	1.0000
100	Spectrogram 1	1	22711.711468750	22711.719593750	1400.000	4000.000	1.0000
101	Waveform 1	1	23427.809968750	23427.821343750	1400.000	4000.000	1.0000
101	Spectrogram 1	1	23427.809968750	23427.821343750	1400.000	4000.000	1.0000
102	Waveform 1	1	24820.161968750	24820.176593750	1400.000	4000.000	1.0000
102	Spectrogram 1	1	24820.161968750	24820.176593750	1400.000	4000.000	1.0000
103	Waveform 1	1	25167.404968750	25167.417968750	1400.000	4000.000	1.0000
103	Spectrogram 1	1	25167.404968750	25167.417968750	1400.000	4000.000	1.0000
104	Waveform 1	1	27211.110593750	27211.120343750	1400.000	4000.000	1.0000
104	Spectrogram 1	1	27211.110593750	27211.120343750	1400.000	4000.000	1.0000
105	Waveform 1	1	30531.614468750	30531.629093750	1400.000	4000.000	1.0000
105	Spectrogram 1	1	30531.614468750	30531.629093750	1400.000	4000.000	1.0000
106	Waveform 1	1	30531.676218750	30531.685968750	1400.000	4000.000	1.0000
106	Spectrogram 1	1	30531.676218750	30531.685968750	1400.000	4000.000	1.0000
107	Waveform 1	1	30557.087968750	30557.104218750	1400.000	4000.000	1.0000
107	Spectrogram 1	1	30557.087968750	30557.104218750	1400.000	4000.000	1.0000
108	Waveform 1	1	30557.149718750	30557.164343750	1400.000	4000.000	1.0000
108	Spectrogram 1	1	30557.149718750	30557.164343750	1400.000	4000.000	1.0000
109	Waveform 1	1	30560.547593750	30560.563843750	1400.000	4000.000	1.0000
109	Spectrogram 1	1	30560.547593750	30560.563843750	1400.000	4000.000	1.0000
110	Waveform 1	1	30560.610968750	30560.622343750	1400.000	4000.000	1.0000
110	Spectrogram 1	1	30560.610968750	30560.622343750	1400.000	4000.000	1.0000
111	Waveform 1	1	31080.242093750	31080.264843750	1400.000	4000.000	1.0000
111	Spectrogram 1	1	31080.242093750	31080.264843750	1400.000	4000.000	1.0000
112	Waveform 1	1	31102.379468750	31102.402218750	1400.000	4000.000	1.0000
112	Spectrogram 1	1	31102.379468750	31102.402218750	1400.000	4000.000	1.0000
113	Waveform 1	1	31106.103968750	31106.113718750	1400.000	4000.000	1.0000
113	Spectrogram 1	1	31106.103968750	31106.113718750	1400.000	4000.000	1.0000
114	Waveform 1	1	31133.226843750	31133.234968750	1400.000	4000.000	1.0000
114	Spectrogram 1	1	31133.226843750	31133.234968750	1400.000	4000.000	1.0000
115	Waveform 1	1	32000.754218750	32000.763968750	1400.000	4000.000	1.0000
115	Spectrogram 1	1	32000.754218750	32000.763968750	1400.000	4000.000	1.0000
116	Waveform 1	1	32010.403468750	32010.421343750	1400.000	4000.000	1.0000
116	Spectrogram 1	1	32010.403468750	32010.421343750	1400.000	4000.000	1.0000
117	Waveform 1	1	32011.007968750	32011.016093750	1400.000	4000.000	1.0000
117	Spectrogram 1	1	32011.007968750	32011.016093750	1400.000	4000.000	1.0000
118	Waveform 1	1	32685.114843750	32685.122968750	1400.000	4000.000	1.0000
118	Spectrogram 1	1	32685.114843750	32685.122968750	1400.000	4000.000	1.0000
119	Waveform 1	1	34035.590593750	34035.598718750	1400.000	4000.000	1.0000
119	Spectrogram 1	1	34035.590593750	34035.598718750	1400.000	4000.000	1.0000
120	Waveform 1	1	36269.027968750	36269.057218750	1400.000	4000.000	1.0000
120	Spectrogram 1	1	36269.027968750	36269.057218750	1400.000	4000.000	1.0000
121	Waveform 1	1	36282.598343750	36282.622718750	1400.000	4000.000	1.0000
121	Spectrogram 1	1	36282.598343750	36282.622718750	1400.000	4000.000	1.0000
122	Waveform 1	1	36286.846093750	36286.876968750	1400.000	4000.000	1.0000
122	Spectrogram 1	1	36286.846093750	36286.876968750	1400.000	4000.000	1.0000
123	Waveform 1	1	39766.021468750	39766.047468750	1400.000	4000.000	1.0000
123	Spectrogram 1	1	39766.021468750	39766.047468750	1400.000	4000.000	1.0000
124	Waveform 1	1	39766.086468750	39766.099468750	1400.000	4000.000	1.0000
124	Spectrogram 1	1	39766.086468750	39766.099468750	1400.000	4000.000	1.0000
125	Waveform 1	1	39778.930468750	39778.940218750	1400.000	4000.000	1.0000
125	Spectrogram 1	1	39778.930468750	39778.940218750	1400.000	4000.000	1.0000
126	Waveform 1	1	40508.930843750	40508.950343750	1400.000	4000.000	1.0000
126	Spectrogram 1	1	40508.930843750	40508.950343750	1400.000	4000.000	1.0000
127	Waveform 1	1	41000.124468750	41000.134218750	1400.000	4000.000	1.0000
127	Spectrogram 1	1	41000.124468750	41000.134218750	1400.000	4000.000	1.0000
128	Waveform 1	1	41264.736218750	41264.752468750	1400.000	4000.000	1.0000
128	Spectrogram 1	1	41264.736218750	41264.752468750	1400.000	4000.000	1.0000
129	Waveform 1	1	41291.148968750	41291.168468750	1400.000	4000.000	1.0000
129	Spectrogram 1	1	41291.148968750	41291.168468750	1400.000	4000.000	1.0000
130	Waveform 1	1	41448.822718750	41448.842218750	1400.000	4000.000	1.0000
130	Spectrogram 1	1	41448.822718750	41448.842218750	1400.000	4000.000	1.0000
131	Waveform 1	1	41448.882843750	41448.890968750	1400.000	4000.000	1.0000
131	Spectrogram 1	1	41448.882843750	41448.890968750	1400.000	4000.000	1.0000
132	Waveform 1	1	42000.955468750	42000.970093750	1400.000	4000.000	1.0000
132	Spectrogram 1	1	42000.955468750	42000.970093750	1400.000	4000.000	1.0000
133	Waveform 1	1	42059.362843750	42059.370968750	1400.000	4000.000	1.0000
133	Spectrogram 1	1	42059.362843750	42059.370968750	1400.000	4000.000	1.0000
134	Waveform 1	1	42435.394343750	42435.423593750	1400.000	4000.000	0.7222
134	Spectrogram 1	1	42435.394343750	42435.423593750	1400.000	4000.000	0.7222
135	Waveform 1	1	43570.112343750	43570.131843750	1400.000	4000.000	1.0000
135	Spectrogram 1	1	43570.112343750	43570.131843750	1400.000	4000.000	1.0000
136	Waveform 1	1	44373.167843750	44373.187343750	1400.000	4000.000	1.0000
136	Spectrogram 1	1	44373.167843750	44373.187343750	1400.000	4000.000	1.0000
137	Waveform 1	1	44740.533218750	44740.546218750	1400.000	4000.000	1.0000
137	Spectrogram 1	1	44740.533218750	44740.546218750	1400.000	4000.000	1.0000
138	Waveform 1	1	44777.310218750	44777.342718750	1400.000	4000.000	1.0000
138	Spectrogram 1	1	44777.310218750	44777.342718750	1400.000	4000.000	1.0000
139	Waveform 1	1	44788.321218750	44788.332593750	1400.000	4000.000	1.0000
139	Spectrogram 1	1	44788.321218750	44788.332593750	1400.000	4000.000	1.0000
140	Waveform 1	1	44793.418843750	44793.443218750	1400.000	4000.000	1.0000
140	Spectrogram 1	1	44793.418843750	44793.443218750	1400.000	4000.000	1.0000
141	Waveform 1	1	44896.897218750	44896.923218750	1400.000	4000.000	1.0000
141	Spectrogram 1	1	44896.897218750	44896.923218750	1400.000	4000.000	1.0000
142	Waveform 1	1	44902.669218750	44902.685468750	1400.000	4000.000	1.0000
142	Spectrogram 1	1	44902.669218750	44902.685468750	1400.000	4000.000	1.0000
143	Waveform 1	1	45012.710968750	45012.720718750	1400.000	4000.000	1.0000
143	Spectrogram 1	1	45012.710968750	45012.720718750	1400.000	4000.000	1.0000
144	Waveform 1	1	45051.897843750	45051.905968750	1400.000	4000.000	1.0000
144	Spectrogram 1	1	45051.897843750	45051.905968750	1400.000	4000.000	1.0000
145	Waveform 1	1	45238.083843750	45238.096843750	1400.000	4000.000	1.0000
145	Spectrogram 1	1	45238.083843750	45238.096843750	1400.000	4000.000	1.0000
146	Waveform 1	1	45243.001093750	45243.014093750	1400.000	4000.000	1.0000
146	Spectrogram 1	1	45243.001093750	45243.014093750	1400.000	4000.000	1.0000
147	Waveform 1	1	46178.211343750	46178.232468750	1400.000	4000.000	1.0000
147	Spectrogram 1	1	46178.211343750	46178.232468750	1400.000	4000.000	1.0000
148	Waveform 1	1	46178.268218750	46178.289343750	1400.000	4000.000	1.0000
148	Spectrogram 1	1	46178.268218750	46178.289343750	1400.000	4000.000	1.0000
149	Waveform 1	1	46223.820218750	46223.836468750	1400.000	4000.000	1.0000
149	Spectrogram 1	1	46223.820218750	46223.836468750	1400.000	4000.000	1.0000
150	Waveform 1	1	46232.860093750	46232.881218750	1400.000	4000.000	1.0000
150	Spectrogram 1	1	46232.860093750	46232.881218750	1400.000	4000.000	1.0000
151	Waveform 1	1	46232.918593750	46232.934843750	1400.000	4000.000	1.0000
151	Spectrogram 1	1	46232.918593750	46232.934843750	1400.000	4000.000	1.0000
152	Waveform 1	1	46249.131218750	46249.150718750	1400.000	4000.000	1.0000
152	Spectrogram 1	1	46249.131218750	46249.150718750	1400.000	4000.000	1.0000
153	Waveform 1	1	46331.325343750	46331.344843750	1400.000	4000.000	1.0000
153	Spectrogram 1	1	46331.325343750	46331.344843750	1400.000	4000.000	1.0000
154	Waveform 1	1	47857.925093750	47857.934843750	1400.000	4000.000	1.0000
154	Spectrogram 1	1	47857.925093750	47857.934843750	1400.000	4000.000	1.0000
155	Waveform 1	1	47871.331343750	47871.341093750	1400.000	4000.000	1.0000
155	Spectrogram 1	1	47871.331343750	47871.341093750	1400.000	4000.000	1.0000
156	Waveform 1	1	47875.471843750	47875.484843750	1400.000	4000.000	1.0000
156	Spectrogram 1	1	47875.471843750	47875.484843750	1400.000	4000.000	1.0000
157	Waveform 1	1	48107.175718750	48107.193593750	1400.000	4000.000	1.0000
157	Spectrogram 1	1	48107.175718750	48107.193593750	1400.000	4000.000	1.0000
158	Waveform 1	1	48107.578718750	48107.601468750	1400.000	4000.000	1.0000
158	Spectrogram 1	1	48107.578718750	48107.601468750	1400.000	4000.000	1.0000
159	Waveform 1	1	49331.670093750	49331.678218750	1400.000	4000.000	1.0000
159	Spectrogram 1	1	49331.670093750	49331.678218750	1400.000	4000.000	1.0000
160	Waveform 1	1	52066.832718750	52066.844093750	1400.000	4000.000	1.0000
160	Spectrogram 1	1	52066.832718750	52066.844093750	1400.000	4000.000	1.0000
161	Waveform 1	1	52796.941968750	52796.966343750	1400.000	4000.000	1.0000
161	Spectrogram 1	1	52796.941968750	52796.966343750	1400.000	4000.000	1.0000
162	Waveform 1	1	52888.151593750	52888.159718750	1400.000	4000.000	1.0000
162	Spectrogram 1	1	52888.151593750	52888.159718750	1400.000	4000.000	1.0000
163	Waveform 1	1	54824.119718750	54824.139218750	1400.000	4000.000	1.0000
163	Spectrogram 1	1	54824.119718750	54824.139218750	1400.000	4000.000	1.0000
164	Waveform 1	1	55478.248843750	55478.258593750	1400.000	4000.000	1.0000
164	Spectrogram 1	1	55478.248843750	55478.258593750	1400.000	4000.000	1.0000
165	Waveform 1	1	56086.632593750	56086.647218750	1400.000	4000.000	1.0000
165	Spectrogram 1	1	56086.632593750	56086.647218750	1400.000	4000.000	1.0000
166	Waveform 1	1	57116.759093750	57116.767218750	1400.000	4000.000	1.0000
166	Spectrogram 1	1	57116.759093750	57116.767218750	1400.000	4000.000	1.0000
167	Waveform 1	1	58330.885968750	58330.908718750	1400.000	4000.000	1.0000
167	Spectrogram 1	1	58330.885968750	58330.908718750	1400.000	4000.000	1.0000
168	Waveform 1	1	60741.695343750	60741.713218750	1400.000	4000.000	1.0000
168	Spectrogram 1	1	60741.695343750	60741.713218750	1400.000	4000.000	1.0000
169	Waveform 1	1	60757.188093750	60757.197843750	1400.000	4000.000	1.0000
169	Spectrogram 1	1	60757.188093750	60757.197843750	1400.000	4000.000	1.0000
170	Waveform 1	1	60757.734093750	60757.760093750	1400.000	4000.000	1.0000
170	Spectrogram 1	1	60757.734093750	60757.760093750	1400.000	4000.000	1.0000
171	Waveform 1	1	61018.796843750	61018.804968750	1400.000	4000.000	1.0000
171	Spectrogram 1	1	61018.796843750	61018.804968750	1400.000	4000.000	1.0000
172	Waveform 1	1	61768.566968750	61768.579968750	1400.000	4000.000	1.0000
172	Spectrogram 1	1	61768.566968750	61768.579968750	1400.000	4000.000	1.0000
173	Waveform 1	1	61771.729218750	61771.748718750	1400.000	4000.000	1.0000
173	Spectrogram 1	1	61771.729218750	61771.748718750	1400.000	4000.000	1.0000
174	Waveform 1	1	61772.408468750	61772.431218750	1400.000	4000.000	1.0000
174	Spectrogram 1	1	61772.408468750	61772.431218750	1400.000	4000.000	1.0000
175	Waveform 1	1	61947.169093750	61947.178843750	1400.000	4000.000	1.0000
175	Spectrogram 1	1	61947.169093750	61947.178843750	1400.000	4000.000	1.0000
176	Waveform 1	1	61980.226468750	61980.241093750	1400.000	4000.000	1.0000
176	Spectrogram 1	1	61980.226468750	61980.241093750	1400.000	4000.000	1.0000
177	Waveform 1	1	61980.346718750	61980.358093750	1400.000	4000.000	1.0000
177	Spectrogram 1	1	61980.346718750	61980.358093750	1400.000	4000.000	1.0000
178	Waveform 1	1	62384.017843750	62384.050343750	1400.000	4000.000	1.0000
178	Spectrogram 1	1	62384.017843750	62384.050343750	1400.000	4000.000	1.0000
179	Waveform 1	1	62907.414093750	62907.446593750	1400.000	4000.000	1.0000
179	Spectrogram 1	1	62907.414093750	62907.446593750	1400.000	4000.000	1.0000
180	Waveform 1	1	65769.139843750	65769.154468750	1400.000	4000.000	1.0000
180	Spectrogram 1	1	65769.139843750	65769.154468750	1400.000	4000.000	1.0000
181	Waveform 1	1	65779.957468750	65779.975343750	1400.000	4000.000	1.0000
181	Spectrogram 1	1	65779.957468750	65779.975343750	1400.000	4000.000	1.0000
182	Waveform 1	1	65780.430343750	65780.454718750	1400.000	4000.000	1.0000
182	Spectrogram 1	1	65780.430343750	65780.454718750	1400.000	4000.000	1.0000
183	Waveform 1	1	65809.608843750	65809.618593750	1400.000	4000.000	1.0000
183	Spectrogram 1	1	65809.608843750	65809.618593750	1400.000	4000.000	1.0000
184	Waveform 1	1	65910.652968750	65910.685468750	1400.000	4000.000	0.8000
184	Spectrogram 1	1	65910.652968750	65910.685468750	1400.000	4000.000	0.8000
185	Waveform 1	1	65920.295718750	65920.310343750	1400.000	4000.000	1.0000
185	Spectrogram 1	1	65920.295718750	65920.310343750	1400.000	4000.000	1.0000
186	Waveform 1	1	65920.352593750	65920.370468750	1400.000	4000.000	1.0000
186	Spectrogram 1	1	65920.352593750	65920.370468750	1400.000	4000.000	1.0000
187	Waveform 1	1	65925.937718750	65925.963718750	1400.000	4000.000	1.0000
187	Spectrogram 1	1	65925.937718750	65925.963718750	1400.000	4000.000	1.0000
188	Waveform 1	1	65926.155468750	65926.184718750	1400.000	4000.000	1.0000
188	Spectrogram 1	1	65926.155468750	65926.184718750	1400.000	4000.000	1.0000
189	Waveform 1	1	65926.670593750	65926.678718750	1400.000	4000.000	1.0000
189	Spectrogram 1	1	65926.670593750	65926.678718750	1400.000	4000.000	1.0000
190	Waveform 1	1	65926.886718750	65926.911093750	1400.000	4000.000	1.0000
190	Spectrogram 1	1	65926.886718750	65926.911093750	1400.000	4000.000	1.0000
191	Waveform 1	1	65927.315718750	65927.327093750	1400.000	4000.000	1.0000
191	Spectrogram 1	1	65927.315718750	65927.327093750	1400.000	4000.000	1.0000
192	Waveform 1	1	65927.804843750	65927.816218750	1400.000	4000.000	1.0000
192	Spectrogram 1	1	65927.804843750	65927.816218750	1400.000	4000.000	1.0000
193	Waveform 1	1	65928.001468750	65928.014468750	1400.000	4000.000	1.0000
193	Spectrogram 1	1	65928.001468750	65928.014468750	1400.000	4000.000	1.0000
194	Waveform 1	1	65930.110718750	65930.126968750	1400.000	4000.000	1.0000
194	Spectrogram 1	1	65930.110718750	65930.126968750	1400.000	4000.000	1.0000
195	Waveform 1	1	65934.126093750	65934.147218750	1400.000	4000.000	1.0000
195	Spectrogram 1	1	65934.126093750	65934.147218750	1400.000	4000.000	1.0000
196	Waveform 1	1	65938.247093750	65938.258468750	1400.000	4000.000	1.0000
196	Spectrogram 1	1	65938.247093750	65938.258468750	1400.000	4000.000	1.0000
197	Waveform 1	1	65939.503218750	65939.516218750	1400.000	4000.000	1.0000
197	Spectrogram 1	1	65939.503218750	65939.516218750	1400.000	4000.000	1.0000
198	Waveform 1	1	65943.456843750	65943.473093750	1400.000	4000.000	1.0000
198	Spectrogram 1	1	65943.456843750	65943.473093750	1400.000	4000.000	1.0000
199	Waveform 1	1	66242.880968750	66242.900468750	1400.000	4000.000	1.0000
199	Spectrogram 1	1	66242.880968750	66242.900468750	1400.000	4000.000	1.0000
200	Waveform 1	1	66243.006093750	66243.022343750	1400.000	4000.000	1.0000
200	Spectrogram 1	1	66243.006093750	66243.022343750	1400.000	4000.000	1.0000
201	Waveform 1	1	66451.121468750	66451.131218750	1400.000	4000.000	1.0000
201	Spectrogram 1	1	66451.121468750	66451.131218750	1400.000	4000.000	1.0000
202	Waveform 1	1	66842.739968750	66842.756218750	1400.000	4000.000	1.0000
202	Spectrogram 1	1	66842.739968750	66842.756218750	1400.000	4000.000	1.0000
203	Waveform 1	1	66895.337968750	66895.355843750	1400.000	4000.000	1.0000
203	Spectrogram 1	1	66895.337968750	66895.355843750	1400.000	4000.000	1.0000
204	Waveform 1	1	67095.022843750	67095.037468750	1400.000	4000.000	1.0000
204	Spectrogram 1	1	67095.022843750	67095.037468750	1400.000	4000.000	1.0000
205	Waveform 1	1	67271.590468750	67271.609968750	1400.000	4000.000	1.0000
205	Spectrogram 1	1	67271.590468750	67271.609968750	1400.000	4000.000	1.0000
206	Waveform 1	1	67288.394593750	67288.414093750	1400.000	4000.000	1.0000
206	Spectrogram 1	1	67288.394593750	67288.414093750	1400.000	4000.000	1.0000
207	Waveform 1	1	67383.081718750	67383.097968750	1400.000	4000.000	1.0000
207	Spectrogram 1	1	67383.081718750	67383.097968750	1400.000	4000.000	1.0000
208	Waveform 1	1	67466.211843750	67466.242718750	1400.000	4000.000	1.0000
208	Spectrogram 1	1	67466.211843750	67466.242718750	1400.000	4000.000	1.0000
209	Waveform 1	1	67494.132593750	67494.140718750	1400.000	4000.000	1.0000
209	Spectrogram 1	1	67494.132593750	67494.140718750	1400.000	4000.000	1.0000
210	Waveform 1	1	67608.706468750	67608.714593750	1400.000	4000.000	1.0000
210	Spectrogram 1	1	67608.706468750	67608.714593750	1400.000	4000.000	1.0000
211	Waveform 1	1	67609.847218750	67609.860218750	1400.000	4000.000	1.0000
211	Spectrogram 1	1	67609.847218750	67609.860218750	1400.000	4000.000	1.0000
212	Waveform 1	1	67610.242093750	67610.256718750	1400.000	4000.000	1.0000
212	Spectrogram 1	1	67610.242093750	67610.256718750	1400.000	4000.000	1.0000
213	Waveform 1	1	67613.240218750	67613.256468750	1400.000	4000.000	1.0000
213	Spectrogram 1	1	67613.240218750	67613.256468750	1400.000	4000.000	1.0000
214	Waveform 1	1	67649.298968750	67649.308718750	1400.000	4000.000	1.0000
214	Spectrogram 1	1	67649.298968750	67649.308718750	1400.000	4000.000	1.0000
215	Waveform 1	1	67652.136218750	67652.152468750	1400.000	4000.000	1.0000
215	Spectrogram 1	1	67652.136218750	67652.152468750	1400.000	4000.000	1.0000
216	Waveform 1	1	67674.380843750	67674.400343750	1400.000	4000.000	1.0000
216	Spectrogram 1	1	67674.380843750	67674.400343750	1400.000	4000.000	1.0000
217	Waveform 1	1	67676.153718750	67676.163468750	1400.000	4000.000	1.0000
217	Spectrogram 1	1	67676.153718750	67676.163468750	1400.000	4000.000	1.0000
218	Waveform 1	1	67681.846093750	67681.868843750	1400.000	4000.000	1.0000
218	Spectrogram 1	1	67681.846093750	67681.868843750	1400.000	4000.000	1.0000
219	Waveform 1	1	67700.871593750	67700.886218750	1400.000	4000.000	1.0000
219	Spectrogram 1	1	67700.871593750	67700.886218750	1400.000	4000.000	1.0000
220	Waveform 1	1	67749.842593750	67749.855593750	1400.000	4000.000	1.0000
220	Spectrogram 1	1	67749.842593750	67749.855593750	1400.000	4000.000	1.0000
221	Waveform 1	1	67755.814468750	67755.832343750	1400.000	4000.000	1.0000
221	Spectrogram 1	1	67755.814468750	67755.832343750	1400.000	4000.000	1.0000
222	Waveform 1	1	67765.016843750	67765.036343750	1400.000	4000.000	1.0000
222	Spectrogram 1	1	67765.016843750	67765.036343750	1400.000	4000.000	1.0000
223	Waveform 1	1	67774.302093750	67774.321593750	1400.000	4000.000	1.0000
223	Spectrogram 1	1	67774.302093750	67774.321593750	1400.000	4000.000	1.0000
224	Waveform 1	1	67817.169593750	67817.182593750	1400.000	4000.000	1.0000
224	Spectrogram 1	1	67817.169593750	67817.182593750	1400.000	4000.000	1.0000
225	Waveform 1	1	67869.566093750	67869.583968750	1400.000	4000.000	1.0000
225	Spectrogram 1	1	67869.566093750	67869.583968750	1400.000	4000.000	1.0000
226	Waveform 1	1	67872.560968750	67872.573968750	1400.000	4000.000	1.0000
226	Spectrogram 1	1	67872.560968750	67872.573968750	1400.000	4000.000	1.0000
227	Waveform 1	1	67874.756343750	67874.769343750	1400.000	4000.000	1.0000
227	Spectrogram 1	1	67874.756343750	67874.769343750	1400.000	4000.000	1.0000
228	Waveform 1	1	67970.528968750	67970.550093750	1400.000	4000.000	1.0000
228	Spectrogram 1	1	67970.528968750	67970.550093750	1400.000	4000.000	1.0000
229	Waveform 1	1	68000.753968750	68000.768593750	1400.000	4000.000	1.0000
229	Spectrogram 1	1	68000.753968750	68000.768593750	1400.000	4000.000	1.0000
230	Waveform 1	1	68041.263593750	68041.271718750	1400.000	4000.000	1.0000
230	Spectrogram 1	1	68041.263593750	68041.271718750	1400.000	4000.000	1.0000
231	Waveform 1	1	68069.148593750	68069.176218750	1400.000	4000.000	1.0000
231	Spectrogram 1	1	68069.148593750	68069.176218750	1400.000	4000.000	1.0000
232	Waveform 1	1	68069.489843750	68069.510968750	1400.000	4000.000	1.0000
232	Spectrogram 1	1	68069.489843750	68069.510968750	1400.000	4000.000	1.0000
233	Waveform 1	1	68069.647468750	68069.658843750	1400.000	4000.000	1.0000
233	Spectrogram 1	1	68069.647468750	68069.658843750	1400.000	4000.000	1.0000
234	Waveform 1	1	68070.511968750	68070.524968750	1400.000	4000.000	1.0000
234	Spectrogram 1	1	68070.511968750	68070.524968750	1400.000	4000.000	1.0000
235	Waveform 1	1	68151.896843750	68151.904968750	1400.000	4000.000	1.0000
235	Spectrogram 1	1	68151.896843750	68151.904968750	1400.000	4000.000	1.0000
236	Waveform 1	1	68152.116218750	68152.132468750	1400.000	4000.000	1.0000
236	Spectrogram 1	1	68152.116218750	68152.132468750	1400.000	4000.000	1.0000
237	Waveform 1	1	68234.594718750	68234.606093750	1400.000	4000.000	1.0000
237	Spectrogram 1	1	68234.594718750	68234.606093750	1400.000	4000.000	1.0000
238	Waveform 1	1	68236.734843750	68236.765718750	1400.000	4000.000	1.0000
238	Spectrogram 1	1	68236.734843750	68236.765718750	1400.000	4000.000	1.0000
239	Waveform 1	1	68241.362843750	68241.392093750	1400.000	4000.000	1.0000
239	Spectrogram 1	1	68241.362843750	68241.392093750	1400.000	4000.000	1.0000
240	Waveform 1	1	68242.617343750	68242.627093750	1400.000	4000.000	1.0000
240	Spectrogram 1	1	68242.617343750	68242.627093750	1400.000	4000.000	1.0000
241	Waveform 1	1	68242.856218750	68242.867593750	1400.000	4000.000	1.0000
241	Spectrogram 1	1	68242.856218750	68242.867593750	1400.000	4000.000	1.0000
242	Waveform 1	1	68251.296468750	68251.325718750	1400.000	4000.000	1.0000
242	Spectrogram 1	1	68251.296468750	68251.325718750	1400.000	4000.000	1.0000
243	Waveform 1	1	68251.437843750	68251.455718750	1400.000	4000.000	1.0000
243	Spectrogram 1	1	68251.437843750	68251.455718750	1400.000	4000.000	1.0000
244	Waveform 1	1	68253.751843750	68253.776218750	1400.000	4000.000	1.0000
244	Spectrogram 1	1	68253.751843750	68253.776218750	1400.000	4000.000	1.0000
245	Waveform 1	1	68256.065843750	68256.077218750	1400.000	4000.000	1.0000
245	Spectrogram 1	1	68256.065843750	68256.077218750	1400.000	4000.000	1.0000
246	Waveform 1	1	68263.709843750	68263.724468750	1400.000	4000.000	1.0000
246	Spectrogram 1	1	68263.709843750	68263.724468750	1400.000	4000.000	1.0000
247	Waveform 1	1	68267.717093750	68267.726843750	1400.000	4000.000	1.0000
247	Spectrogram 1	1	68267.717093750	68267.726843750	1400.000	4000.000	1.0000
248	Waveform 1	1	68268.453218750	68268.474343750	1400.000	4000.000	1.0000
248	Spectrogram 1	1	68268.453218750	68268.474343750	1400.000	4000.000	1.0000
249	Waveform 1	1	68275.903843750	68275.916843750	1400.000	4000.000	1.0000
249	Spectrogram 1	1	68275.903843750	68275.916843750	1400.000	4000.000	1.0000
250	Waveform 1	1	68292.192843750	68292.202593750	1400.000	4000.000	1.0000
250	Spectrogram 1	1	68292.192843750	68292.202593750	1400.000	4000.000	1.0000
251	Waveform 1	1	68293.609843750	68293.626093750	1400.000	4000.000	1.0000
251	Spectrogram 1	1	68293.609843750	68293.626093750	1400.000	4000.000	1.0000
252	Waveform 1	1	68294.292343750	68294.319968750	1400.000	4000.000	1.0000
252	Spectrogram 1	1	68294.292343750	68294.319968750	1400.000	4000.000	1.0000
253	Waveform 1	1	68294.391468750	68294.402843750	1400.000	4000.000	1.0000
253	Spectrogram 1	1	68294.391468750	68294.402843750	1400.000	4000.000	1.0000
254	Waveform 1	1	68296.889093750	68296.900468750	1400.000	4000.000	1.0000
254	Spectrogram 1	1	68296.889093750	68296.900468750	1400.000	4000.000	1.0000
255	Waveform 1	1	68302.219093750	68302.236968750	1400.000	4000.000	1.0000
255	Spectrogram 1	1	68302.219093750	68302.236968750	1400.000	4000.000	1.0000
256	Waveform 1	1	68305.358593750	68305.373218750	1400.000	4000.000	1.0000
256	Spectrogram 1	1	68305.358593750	68305.373218750	1400.000	4000.000	1.0000
257	Waveform 1	1	68312.706843750	68312.719843750	1400.000	4000.000	1.0000
257	Spectrogram 1	1	68312.706843750	68312.719843750	1400.000	4000.000	1.0000
258	Waveform 1	1	68323.062968750	68323.072718750	1400.000	4000.000	1.0000
258	Spectrogram 1	1	68323.062968750	68323.072718750	1400.000	4000.000	1.0000
259	Waveform 1	1	68335.629093750	68335.642093750	1400.000	4000.000	1.0000
259	Spectrogram 1	1	68335.629093750	68335.642093750	1400.000	4000.000	1.0000
260	Waveform 1	1	68366.442343750	68366.474843750	1400.000	4000.000	1.0000
260	Spectrogram 1	1	68366.442343750	68366.474843750	1400.000	4000.000	1.0000
261	Waveform 1	1	68367.002968750	68367.028968750	1400.000	4000.000	1.0000
261	Spectrogram 1	1	68367.002968750	68367.028968750	1400.000	4000.000	1.0000
262	Waveform 1	1	68367.217468750	68367.230468750	1400.000	4000.000	1.0000
262	Spectrogram 1	1	68367.217468750	68367.230468750	1400.000	4000.000	1.0000
263	Waveform 1	1	68381.475218750	68381.501218750	1400.000	4000.000	1.0000
263	Spectrogram 1	1	68381.475218750	68381.501218750	1400.000	4000.000	1.0000
264	Waveform 1	1	68407.361468750	68407.390718750	1400.000	4000.000	1.0000
264	Spectrogram 1	1	68407.361468750	68407.390718750	1400.000	4000.000	1.0000
265	Waveform 1	1	68408.784968750	68408.807718750	1400.000	4000.000	1.0000
265	Spectrogram 1	1	68408.784968750	68408.807718750	1400.000	4000.000	1.0000
266	Waveform 1	1	68422.917593750	68422.941968750	1400.000	4000.000	1.0000
266	Spectrogram 1	1	68422.917593750	68422.941968750	1400.000	4000.000	1.0000
267	Waveform 1	1	68423.296218750	68423.310843750	1400.000	4000.000	1.0000
267	Spectrogram 1	1	68423.296218750	68423.310843750	1400.000	4000.000	1.0000
268	Waveform 1	1	68424.849718750	68424.878968750	1400.000	4000.000	1.0000
268	Spectrogram 1	1	68424.849718750	68424.878968750	1400.000	4000.000	1.0000
269	Waveform 1	1	68478.245593750	68478.256968750	1400.000	4000.000	1.0000
269	Spectrogram 1	1	68478.245593750	68478.256968750	1400.000	4000.000	1.0000
270	Waveform 1	1	68506.936593750	68506.951218750	1400.000	4000.000	1.0000
270	Spectrogram 1	1	68506.936593750	68506.951218750	1400.000	4000.000	1.0000
271	Waveform 1	1	68507.147843750	68507.164093750	1400.000	4000.000	1.0000
271	Spectrogram 1	1	68507.147843750	68507.164093750	1400.000	4000.000	1.0000
272	Waveform 1	1	68543.040843750	68543.050593750	1400.000	4000.000	1.0000
272	Spectrogram 1	1	68543.040843750	68543.050593750	1400.000	4000.000	1.0000
273	Waveform 1	1	68573.766343750	68573.774468750	1400.000	4000.000	1.0000
273	Spectrogram 1	1	68573.766343750	68573.774468750	1400.000	4000.000	1.0000
274	Waveform 1	1	68580.469468750	68580.500343750	1400.000	4000.000	1.0000
274	Spectrogram 1	1	68580.469468750	68580.500343750	1400.000	4000.000	1.0000
275	Waveform 1	1	68584.572593750	68584.583968750	1400.000	4000.000	1.0000
275	Spectrogram 1	1	68584.572593750	68584.583968750	1400.000	4000.000	1.0000
276	Waveform 1	1	68584.993468750	68585.008093750	1400.000	4000.000	1.0000
276	Spectrogram 1	1	68584.993468750	68585.008093750	1400.000	4000.000	1.0000
277	Waveform 1	1	68598.238843750	68598.256718750	1400.000	4000.000	1.0000
277	Spectrogram 1	1	68598.238843750	68598.256718750	1400.000	4000.000	1.0000
278	Waveform 1	1	68644.405093750	68644.435968750	1400.000	4000.000	1.0000
278	Spectrogram 1	1	68644.405093750	68644.435968750	1400.000	4000.000	1.0000
279	Waveform 1	1	68653.469343750	68653.483968750	1400.000	4000.000	1.0000
279	Spectrogram 1	1	68653.469343750	68653.483968750	1400.000	4000.000	1.0000
280	Waveform 1	1	68680.987093750	68680.996843750	1400.000	4000.000	1.0000
280	Spectrogram 1	1	68680.987093750	68680.996843750	1400.000	4000.000	1.0000
281	Waveform 1	1	68681.412843750	68681.424218750	1400.000	4000.000	1.0000
281	Spectrogram 1	1	68681.412843750	68681.424218750	1400.000	4000.000	1.0000
282	Waveform 1	1	68686.438968750	68686.463343750	1400.000	4000.000	1.0000
282	Spectrogram 1	1	68686.438968750	68686.463343750	1400.000	4000.000	1.0000
283	Waveform 1	1	68694.378718750	68694.398218750	1400.000	4000.000	1.0000
283	Spectrogram 1	1	68694.378718750	68694.398218750	1400.000	4000.000	1.0000
284	Waveform 1	1	68703.746843750	68703.769593750	1400.000	4000.000	1.0000
284	Spectrogram 1	1	68703.746843750	68703.769593750	1400.000	4000.000	1.0000
285	Waveform 1	1	68707.404718750	68707.420968750	1400.000	4000.000	1.0000
285	Spectrogram 1	1	68707.404718750	68707.420968750	1400.000	4000.000	1.0000
286	Waveform 1	1	68708.792468750	68708.815218750	1400.000	4000.000	1.0000
286	Spectrogram 1	1	68708.792468750	68708.815218750	1400.000	4000.000	1.0000
287	Waveform 1	1	68716.472218750	68716.480343750	1400.000	4000.000	1.0000
287	Spectrogram 1	1	68716.472218750	68716.480343750	1400.000	4000.000	1.0000
288	Waveform 1	1	68717.777093750	68717.791718750	1400.000	4000.000	1.0000
288	Spectrogram 1	1	68717.777093750	68717.791718750	1400.000	4000.000	1.0000
289	Waveform 1	1	68737.784093750	68737.795468750	1400.000	4000.000	1.0000
289	Spectrogram 1	1	68737.784093750	68737.795468750	1400.000	4000.000	1.0000
290	Waveform 1	1	68737.862093750	68737.873468750	1400.000	4000.000	1.0000
290	Spectrogram 1	1	68737.862093750	68737.873468750	1400.000	4000.000	1.0000
291	Waveform 1	1	68739.683718750	68739.703218750	1400.000	4000.000	1.0000
291	Spectrogram 1	1	68739.683718750	68739.703218750	1400.000	4000.000	1.0000
292	Waveform 1	1	68741.731218750	68741.757218750	1400.000	4000.000	1.0000
292	Spectrogram 1	1	68741.731218750	68741.757218750	1400.000	4000.000	1.0000
293	Waveform 1	1	68747.636468750	68747.657593750	1400.000	4000.000	1.0000
293	Spectrogram 1	1	68747.636468750	68747.657593750	1400.000	4000.000	1.0000
294	Waveform 1	1	68777.815968750	68777.827343750	1400.000	4000.000	1.0000
294	Spectrogram 1	1	68777.815968750	68777.827343750	1400.000	4000.000	1.0000
295	Waveform 1	1	68780.022718750	68780.030843750	1400.000	4000.000	1.0000
295	Spectrogram 1	1	68780.022718750	68780.030843750	1400.000	4000.000	1.0000
296	Waveform 1	1	68804.191343750	68804.204343750	1400.000	4000.000	1.0000
296	Spectrogram 1	1	68804.191343750	68804.204343750	1400.000	4000.000	1.0000
297	Waveform 1	1	68805.996718750	68806.008093750	1400.000	4000.000	1.0000
297	Spectrogram 1	1	68805.996718750	68806.008093750	1400.000	4000.000	1.0000
298	Waveform 1	1	68998.562468750	68998.575468750	1400.000	4000.000	1.0000
298	Spectrogram 1	1	68998.562468750	68998.575468750	1400.000	4000.000	1.0000
299	Waveform 1	1	69016.583718750	69016.604843750	1400.000	4000.000	1.0000
299	Spectrogram 1	1	69016.583718750	69016.604843750	1400.000	4000.000	1.0000
300	Waveform 1	1	69050.542968750	69050.564093750	1400.000	4000.000	1.0000
300	Spectrogram 1	1	69050.542968750	69050.564093750	1400.000	4000.000	1.0000
301	Waveform 1	1	69095.687093750	69095.713093750	1400.000	4000.000	1.0000
301	Spectrogram 1	1	69095.687093750	69095.713093750	1400.000	4000.000	1.0000
302	Waveform 1	1	70436.048843750	70436.066718750	1400.000	4000.000	1.0000
302	Spectrogram 1	1	70436.048843750	70436.066718750	1400.000	4000.000	1.0000
303	Waveform 1	1	70436.295843750	70436.318593750	1400.000	4000.000	1.0000
303	Spectrogram 1	1	70436.295843750	70436.318593750	1400.000	4000.000	1.0000
304	Waveform 1	1	71104.729843750	71104.741218750	1400.000	4000.000	1.0000
304	Spectrogram 1	1	71104.729843750	71104.741218750	1400.000	4000.000	1.0000
305	Waveform 1	1	71304.440718750	71304.453718750	1400.000	4000.000	1.0000
305	Spectrogram 1	1	71304.440718750	71304.453718750	1400.000	4000.000	1.0000
306	Waveform 1	1	71475.434593750	71475.450843750	1400.000	4000.000	1.0000
306	Spectrogram 1	1	71475.434593750	71475.450843750	1400.000	4000.000	1.0000
307	Waveform 1	1	71605.852218750	71605.861968750	1400.000	4000.000	1.0000
307	Spectrogram 1	1	71605.852218750	71605.861968750	1400.000	4000.000	1.0000
308	Waveform 1	1	72694.218718750	72694.233343750	1400.000	4000.000	1.0000
308	Spectrogram 1	1	72694.218718750	72694.233343750	1400.000	4000.000	1.0000
309	Waveform 1	1	73686.050468750	73686.082968750	1400.000	4000.000	1.0000
309	Spectrogram 1	1	73686.050468750	73686.082968750	1400.000	4000.000	1.0000
310	Waveform 1	1	74456.479218750	74456.487343750	1400.000	4000.000	1.0000
310	Spectrogram 1	1	74456.479218750	74456.487343750	1400.000	4000.000	1.0000
311	Waveform 1	1	74539.890468750	74539.903468750	1400.000	4000.000	1.0000
311	Spectrogram 1	1	74539.890468750	74539.903468750	1400.000	4000.000	1.0000
312	Waveform 1	1	75791.946468750	75791.967593750	1400.000	4000.000	1.0000
312	Spectrogram 1	1	75791.946468750	75791.967593750	1400.000	4000.000	1.0000
313	Waveform 1	1	76520.511968750	76520.526593750	1400.000	4000.000	1.0000
313	Spectrogram 1	1	76520.511968750	76520.526593750	1400.000	4000.000	1.0000
314	Waveform 1	1	77743.012468750	77743.035218750	1400.000	4000.000	1.0000
314	Spectrogram 1	1	77743.012468750	77743.035218750	1400.000	4000.000	1.0000
315	Waveform 1	1	78495.140468750	78495.148593750	1400.000	4000.000	1.0000
315	Spectrogram 1	1	78495.140468750	78495.148593750	1400.000	4000.000	1.0000
316	Waveform 1	1	79394.183093750	79394.202593750	1400.000	4000.000	1.0000
316	Spectrogram 1	1	79394.183093750	79394.202593750	1400.000	4000.000	1.0000
317	Waveform 1	1	80111.232218750	80111.254968750	1400.000	4000.000	1.0000
317	Spectrogram 1	1	80111.232218750	80111.254968750	1400.000	4000.000	1.0000
318	Waveform 1	1	81061.658968750	81061.668718750	1400.000	4000.000	1.0000
318	Spectrogram 1	1	81061.658968750	81061.668718750	1400.000	4000.000	1.0000
319	Waveform 1	1	81748.414843750	81748.440843750	1400.000	4000.000	1.0000
319	Spectrogram 1	1	81748.414843750	81748.440843750	1400.000	4000.000	1.0000
320	Waveform 1	1	81794.936968750	81794.954843750	1400.000	4000.000	1.0000
320	Spectrogram 1	1	81794.936968750	81794.954843750	1400.000	4000.000	1.0000
321	Waveform 1	1	81794.995468750	81795.013343750	1400.000	4000.000	1.0000
321	Spectrogram 1	1	81794.995468750	81795.013343750	1400.000	4000.000	1.0000
322	Waveform 1	1	81827.628718750	81827.644968750	1400.000	4000.000	1.0000
322	Spectrogram 1	1	81827.628718750	81827.644968750	1400.000	4000.000	1.0000
323	Waveform 1	1	81846.810218750	81846.836218750	1400.000	4000.000	1.0000
323	Spectrogram 1	1	81846.810218750	81846.836218750	1400.000	4000.000	1.0000
324	Waveform 1	1	81898.836218750	81898.858968750	1400.000	4000.000	1.0000
324	Spectrogram 1	1	81898.836218750	81898.858968750	1400.000	4000.000	1.0000
325	Waveform 1	1	81898.912593750	81898.928843750	1400.000	4000.000	1.0000
325	Spectrogram 1	1	81898.912593750	81898.928843750	1400.000	4000.000	1.0000
326	Waveform 1	1	81906.208843750	81906.226718750	1400.000	4000.000	1.0000
326	Spectrogram 1	1	81906.208843750	81906.226718750	1400.000	4000.000	1.0000
327	Waveform 1	1	81909.627843750	81909.640843750	1400.000	4000.000	1.0000
327	Spectrogram 1	1	81909.627843750	81909.640843750	1400.000	4000.000	1.0000
328	Waveform 1	1	81930.052468750	81930.062218750	1400.000	4000.000	1.0000
328	Spectrogram 1	1	81930.052468750	81930.062218750	1400.000	4000.000	1.0000
329	Waveform 1	1	82029.946093750	82029.968843750	1400.000	4000.000	1.0000
329	Spectrogram 1	1	82029.946093750	82029.968843750	1400.000	4000.000	1.0000
330	Waveform 1	1	82034.271843750	82034.297843750	1400.000	4000.000	1.0000
330	Spectrogram 1	1	82034.271843750	82034.297843750	1400.000	4000.000	1.0000
331	Waveform 1	1	82040.323343750	82040.347718750	1400.000	4000.000	1.0000
331	Spectrogram 1	1	82040.323343750	82040.347718750	1400.000	4000.000	1.0000
332	Waveform 1	1	82181.170218750	82181.181593750	1400.000	4000.000	1.0000
332	Spectrogram 1	1	82181.170218750	82181.181593750	1400.000	4000.000	1.0000
333	Waveform 1	1	82181.259593750	82181.279093750	1400.000	4000.000	1.0000
333	Spectrogram 1	1	82181.259593750	82181.279093750	1400.000	4000.000	1.0000
334	Waveform 1	1	82208.473468750	82208.492968750	1400.000	4000.000	1.0000
334	Spectrogram 1	1	82208.473468750	82208.492968750	1400.000	4000.000	1.0000
335	Waveform 1	1	82208.553093750	82208.577468750	1400.000	4000.000	1.0000
335	Spectrogram 1	1	82208.553093750	82208.577468750	1400.000	4000.000	1.0000
336	Waveform 1	1	82520.733468750	82520.744843750	1400.000	4000.000	1.0000
336	Spectrogram 1	1	82520.733468750	82520.744843750	1400.000	4000.000	1.0000
337	Waveform 1	1	83922.370718750	83922.388593750	1400.000	4000.000	1.0000
337	Spectrogram 1	1	83922.370718750	83922.388593750	1400.000	4000.000	1.0000
338	Waveform 1	1	84688.101593750	84688.121093750	1400.000	4000.000	1.0000
338	Spectrogram 1	1	84688.101593750	84688.121093750	1400.000	4000.000	1.0000
339	Waveform 1	1	85047.473593750	85047.483343750	1400.000	4000.000	1.0000
339	Spectrogram 1	1	85047.473593750	85047.483343750	1400.000	4000.000	1.0000
340	Waveform 1	1	85067.274218750	85067.290468750	1400.000	4000.000	1.0000
340	Spectrogram 1	1	85067.274218750	85067.290468750	1400.000	4000.000	1.0000
341	Waveform 1	1	85874.926843750	85874.936593750	1400.000	4000.000	1.0000
341	Spectrogram 1	1	85874.926843750	85874.936593750	1400.000	4000.000	1.0000
342	Waveform 1	1	86358.874593750	86358.884343750	1400.000	4000.000	1.0000
342	Spectrogram 1	1	86358.874593750	86358.884343750	1400.000	4000.000	1.0000
