Selection	View	Channel	Begin Time (s)	End Time (s)	Low Freq (Hz)	High Freq (Hz)	Occupancy
1	Waveform 1	1	2926.561343750	2926.572718750	1400.000	4000.000	1.0000
1	Spectrogram 1	1	2926.561343750	2926.572718750	1400.000	4000.000	1.0000
2	Waveform 1	1	2926.691343750	2926.707593750	1400.000	4000.000	1.0000
2	Spectrogram 1	1	2926.691343750	2926.707593750	1400.000	4000.000	1.0000
3	Waveform 1	1	2958.360968750	2958.370718750	1400.000	4000.000	1.0000
3	Spectrogram 1	1	2958.360968750	2958.370718750	1400.000	4000.000	1.0000
4	Waveform 1	1	6938.031468750	6938.055843750	1400.000	4000.000	0.8000
4	Spectrogram 1	1	6938.031468750	6938.055843750	1400.000	4000.000	0.8000
5	Waveform 1	1	16513.088843750	16513.096968750	1400.000	4000.000	1.0000
5	Spectrogram 1	1	16513.088843750	16513.096968750	1400.000	4000.000	1.0000
6	Waveform 1	1	17428.857593750	17428.872218750	1400.000	4000.000	1.0000
6	Spectrogram 1	1	17428.857593750	17428.872218750	1400.000	4000.000	1.0000
7	Waveform 1	1	18054.183593750	18054.199843750	1400.000	4000.000	1.0000
7	Spectrogram 1	1	18054.183593750	18054.199843750	1400.000	4000.000	1.0000
8	Waveform 1	1	22394.019093750	22394.040218750	1400.000	4000.000	1.0000
8	Spectrogram 1	1	22394.019093750	22394.040218750	1400.000	4000.000	1.0000
9	Waveform 1	1	27743.262343750	27743.276968750	1400.000	4000.000	1.0000
9	Spectrogram 1	1	27743.262343750	27743.276968750	1400.000	4000.000	1.0000
10	Waveform 1	1	29265.217843750	29265.229218750	1400.000	4000.000	1.0000
10	Spectrogram 1	1	29265.217843750	29265.229218750	1400.000	4000.000	1.0000
11	Waveform 1	1	29286.593093750	29286.609343750	1400.000	4000.000	1.0000
11	Spectrogram 1	1	29286.593093750	29286.609343750	1400.000	4000.000	1.0000
12	Waveform 1	1	29286.654843750	29286.672718750	1400.000	4000.000	1.0000
12	Spectrogram 1	1	29286.654843750	29286.672718750	1400.000	4000.000	1.0000
13	Waveform 1	1	29303.530468750	29303.541843750	1400.000	4000.000	1.0000
13	Spectrogram 1	1	29303.530468750	29303.541843750	1400.000	4000.000	1.0000
14	Waveform 1	1	29303.595468750	29303.605218750	1400.000	4000.000	1.0000
14	Spectrogram 1	1	29303.595468750	29303.605218750	1400.000	4000.000	1.0000
15	Waveform 1	1	29532.341843750	29532.353218750	1400.000	4000.000	1.0000
15	Spectrogram 1	1	29532.341843750	29532.353218750	1400.000	4000.000	1.0000
16	Waveform 1	1	29809.098843750	29809.108593750	1400.000	4000.000	1.0000
16	Spectrogram 1	1	29809.098843750	29809.108593750	1400.000	4000.000	1.0000
17	Waveform 1	1	31294.811968750	31294.828218750	1400.000	4000.000	1.0000
17	Spectrogram 1	1	31294.811968750	31294.828218750	1400.000	4000.000	1.0000
18	Waveform 1	1	32580.638718750	32580.651718750	1400.000	4000.000	1.0000
18	Spectrogram 1	1	32580.638718750	32580.651718750	1400.000	4000.000	1.0000
19	Waveform 1	1	33912.574843750	33912.584593750	1400.000	4000.000	1.0000
19	Spectrogram 1	1	33912.574843750	33912.584593750	1400.000	4000.000	1.0000
20	Waveform 1	1	33967.779343750	33967.793968750	1400.000	4000.000	1.0000
20	Spectrogram 1	1	33967.779343750	33967.793968750	1400.000	4000.000	1.0000
21	Waveform 1	1	33987.838343750	33987.859468750	1400.000	4000.000	1.0000
21	Spectrogram 1	1	33987.838343750	33987.859468750	1400.000	4000.000	1.0000
22	Waveform 1	1	33990.503343750	33990.519593750	1400.000	4000.000	1.0000
22	Spectrogram 1	1	33990.503343750	33990.519593750	1400.000	4000.000	1.0000
23	Waveform 1	1	33992.271343750	33992.284343750	1400.000	4000.000	1.0000
23	Spectrogram 1	1	33992.271343750	33992.284343750	1400.000	4000.000	1.0000
24	Waveform 1	1	33992.463093750	33992.477718750	1400.000	4000.000	1.0000
24	Spectrogram 1	1	33992.463093750	33992.477718750	1400.000	4000.000	1.0000
25	Waveform 1	1	33992.640218750	33992.648343750	1400.000	4000.000	1.0000
25	Spectrogram 1	1	33992.640218750	33992.648343750	1400.000	4000.000	1.0000
26	Waveform 1	1	33993.868718750	33993.899593750	1400.000	4000.000	1.0000
26	Spectrogram 1	1	33993.868718750	33993.899593750	1400.000	4000.000	1.0000
27	Waveform 1	1	33994.088093750	33994.101093750	1400.000	4000.000	1.0000
27	Spectrogram 1	1	33994.088093750	33994.101093750	1400.000	4000.000	1.0000
28	Waveform 1	1	33994.390343750	33994.419593750	1400.000	4000.000	1.0000
28	Spectrogram 1	1	33994.390343750	33994.419593750	1400.000	4000.000	1.0000
29	Waveform 1	1	33996.161593750	33996.187593750	1400.000	4000.000	1.0000
29	Spectrogram 1	1	33996.161593750	33996.187593750	1400.000	4000.000	1.0000
30	Waveform 1	1	33997.429093750	33997.446968750	1400.000	4000.000	1.0000
30	Spectrogram 1	1	33997.429093750	33997.446968750	1400.000	4000.000	1.0000
31	Waveform 1	1	33997.835343750	33997.867843750	1400.000	4000.000	1.0000
31	Spectrogram 1	1	33997.835343750	33997.867843750	1400.000	4000.000	1.0000
32	Waveform 1	1	33998.004343750	33998.017343750	1400.000	4000.000	1.0000
32	Spectrogram 1	1	33998.004343750	33998.017343750	1400.000	4000.000	1.0000
33	Waveform 1	1	33998.184718750	33998.192843750	1400.000	4000.000	1.0000
33	Spectrogram 1	1	33998.184718750	33998.192843750	1400.000	4000.000	1.0000
34	Waveform 1	1	33999.526968750	33999.559468750	1400.000	4000.000	1.0000
34	Spectrogram 1	1	33999.526968750	33999.559468750	1400.000	4000.000	1.0000
35	Waveform 1	1	34001.447718750	34001.459093750	1400.000	4000.000	1.0000
35	Spectrogram 1	1	34001.447718750	34001.459093750	1400.000	4000.000	1.0000
36	Waveform 1	1	34002.700593750	34002.731468750	1400.000	4000.000	1.0000
36	Spectrogram 1	1	34002.700593750	34002.731468750	1400.000	4000.000	1.0000
37	Waveform 1	1	34004.320718750	34004.330468750	1400.000	4000.000	1.0000
37	Spectrogram 1	1	34004.320718750	34004.330468750	1400.000	4000.000	1.0000
38	Waveform 1	1	34011.707968750	34011.730718750	1400.000	4000.000	1.0000
38	Spectrogram 1	1	34011.707968750	34011.730718750	1400.000	4000.000	1.0000
39	Waveform 1	1	34013.235468750	34013.254968750	1400.000	4000.000	1.0000
39	Spectrogram 1	1	34013.235468750	34013.254968750	1400.000	4000.000	1.0000
40	Waveform 1	1	34015.274843750	34015.287843750	1400.000	4000.000	1.0000
40	Spectrogram 1	1	34015.274843750	34015.287843750	1400.000	4000.000	1.0000
41	Waveform 1	1	34019.361718750	34019.379593750	1400.000	4000.000	1.0000
41	Spectrogram 1	1	34019.361718750	34019.379593750	1400.000	4000.000	1.0000
42	Waveform 1	1	34020.684468750	34020.695843750	1400.000	4000.000	1.0000
42	Spectrogram 1	1	34020.684468750	34020.695843750	1400.000	4000.000	1.0000
43	Waveform 1	1	34020.907093750	34020.920093750	1400.000	4000.000	1.0000
43	Spectrogram 1	1	34020.907093750	34020.920093750	1400.000	4000.000	1.0000
44	Waveform 1	1	34023.628968750	34023.650093750	1400.000	4000.000	1.0000
44	Spectrogram 1	1	34023.628968750	34023.650093750	1400.000	4000.000	1.0000
45	Waveform 1	1	34026.209468750	34026.224093750	1400.000	4000.000	1.0000
45	Spectrogram 1	1	34026.209468750	34026.224093750	1400.000	4000.000	1.0000
46	Waveform 1	1	34027.720718750	34027.745093750	1400.000	4000.000	1.0000
46	Spectrogram 1	1	34027.720718750	34027.745093750	1400.000	4000.000	1.0000
47	Waveform 1	1	34028.334968750	34028.356093750	1400.000	4000.000	1.0000
47	Spectrogram 1	1	34028.334968750	34028.356093750	1400.000	4000.000	1.0000
48	Waveform 1	1	34029.269343750	34029.287218750	1400.000	4000.000	1.0000
48	Spectrogram 1	1	34029.269343750	34029.287218750	1400.000	4000.000	1.0000
49	Waveform 1	1	34033.037718750	34033.052343750	1400.000	4000.000	1.0000
49	Spectrogram 1	1	34033.037718750	34033.052343750	1400.000	4000.000	1.0000
50	Waveform 1	1	34033.842093750	34033.853468750	1400.000	4000.000	1.0000
50	Spectrogram 1	1	34033.842093750	34033.853468750	1400.000	4000.000	1.0000
51	Waveform 1	1	34034.324718750	34034.345843750	1400.000	4000.000	1.0000
51	Spectrogram 1	1	34034.324718750	34034.345843750	1400.000	4000.000	1.0000
52	Waveform 1	1	34034.417343750	34034.438468750	1400.000	4000.000	1.0000
52	Spectrogram 1	1	34034.417343750	34034.438468750	1400.000	4000.000	1.0000
53	Waveform 1	1	34034.596093750	34034.610718750	1400.000	4000.000	1.0000
53	Spectrogram 1	1	34034.596093750	34034.610718750	1400.000	4000.000	1.0000
54	Waveform 1	1	34036.573718750	34036.588343750	1400.000	4000.000	1.0000
54	Spectrogram 1	1	34036.573718750	34036.588343750	1400.000	4000.000	1.0000
55	Waveform 1	1	34036.630593750	34036.645218750	1400.000	4000.000	1.0000
55	Spectrogram 1	1	34036.630593750	34036.645218750	1400.000	4000.000	1.0000
56	Waveform 1	1	34036.900343750	34036.919843750	1400.000	4000.000	1.0000
56	Spectrogram 1	1	34036.900343750	34036.919843750	1400.000	4000.000	1.0000
57	Waveform 1	1	34040.623218750	34040.636218750	1400.000	4000.000	1.0000
57	Spectrogram 1	1	34040.623218750	34040.636218750	1400.000	4000.000	1.0000
58	Waveform 1	1	34041.086343750	34041.094468750	1400.000	4000.000	1.0000
58	Spectrogram 1	1	34041.086343750	34041.094468750	1400.000	4000.000	1.0000
59	Waveform 1	1	34041.178968750	34041.195218750	1400.000	4000.000	1.0000
59	Spectrogram 1	1	34041.178968750	34041.195218750	1400.000	4000.000	1.0000
60	Waveform 1	1	34043.379218750	34043.405218750	1400.000	4000.000	1.0000
60	Spectrogram 1	1	34043.379218750	34043.405218750	1400.000	4000.000	1.0000
61	Waveform 1	1	34043.460468750	34043.476718750	1400.000	4000.000	1.0000
61	Spectrogram 1	1	34043.460468750	34043.476718750	1400.000	4000.000	1.0000
62	Waveform 1	1	34047.353968750	34047.371843750	1400.000	4000.000	1.0000
62	Spectrogram 1	1	34047.353968750	34047.371843750	1400.000	4000.000	1.0000
63	Waveform 1	1	34052.066468750	34052.097343750	1400.000	4000.000	1.0000
63	Spectrogram 1	1	34052.066468750	34052.097343750	1400.000	4000.000	1.0000
64	Waveform 1	1	34055.586218750	34055.602468750	1400.000	4000.000	1.0000
64	Spectrogram 1	1	34055.586218750	34055.602468750	1400.000	4000.000	1.0000
65	Waveform 1	1	34058.871968750	34058.881718750	1400.000	4000.000	1.0000
65	Spectrogram 1	1	34058.871968750	34058.881718750	1400.000	4000.000	1.0000
66	Waveform 1	1	34062.550968750	34062.570468750	1400.000	4000.000	1.0000
66	Spectrogram 1	1	34062.550968750	34062.570468750	1400.000	4000.000	1.0000
67	Waveform 1	1	34067.659968750	34067.669718750	1400.000	4000.000	1.0000
67	Spectrogram 1	1	34067.659968750	34067.669718750	1400.000	4000.000	1.0000
68	Waveform 1	1	34081.612218750	34081.620343750	1400.000	4000.000	1.0000
68	Spectrogram 1	1	34081.612218750	34081.620343750	1400.000	4000.000	1.0000
69	Waveform 1	1	34081.670718750	34081.696718750	1400.000	4000.000	1.0000
69	Spectrogram 1	1	34081.670718750	34081.696718750	1400.000	4000.000	1.0000
70	Waveform 1	1	34081.946968750	34081.971343750	1400.000	4000.000	1.0000
70	Spectrogram 1	1	34081.946968750	34081.971343750	1400.000	4000.000	1.0000
71	Waveform 1	1	34089.735593750	34089.755093750	1400.000	4000.000	1.0000
71	Spectrogram 1	1	34089.735593750	34089.755093750	1400.000	4000.000	1.0000
72	Waveform 1	1	34092.249468750	34092.259218750	1400.000	4000.000	1.0000
72	Spectrogram 1	1	34092.249468750	34092.259218750	1400.000	4000.000	1.0000
73	Waveform 1	1	34102.509718750	34102.535718750	1400.000	4000.000	1.0000
73	Spectrogram 1	1	34102.509718750	34102.535718750	1400.000	4000.000	1.0000
74	Waveform 1	1	34104.818843750	34104.826968750	1400.000	4000.000	1.0000
74	Spectrogram 1	1	34104.818843750	34104.826968750	1400.000	4000.000	1.0000
75	Waveform 1	1	34106.557593750	34106.578718750	1400.000	4000.000	1.0000
75	Spectrogram 1	1	34106.557593750	34106.578718750	1400.000	4000.000	1.0000
76	Waveform 1	1	34108.413343750	34108.439343750	1400.000	4000.000	1.0000
76	Spectrogram 1	1	34108.413343750	34108.439343750	1400.000	4000.000	1.0000
77	Waveform 1	1	34108.704218750	34108.736718750	1400.000	4000.000	1.0000
77	Spectrogram 1	1	34108.704218750	34108.736718750	1400.000	4000.000	1.0000
78	Waveform 1	1	34109.032468750	34109.040593750	1400.000	4000.000	1.0000
78	Spectrogram 1	1	34109.032468750	34109.040593750	1400.000	4000.000	1.0000
79	Waveform 1	1	34111.541468750	34111.562593750	1400.000	4000.000	1.0000
79	Spectrogram 1	1	34111.541468750	34111.562593750	1400.000	4000.000	1.0000
80	Waveform 1	1	34111.778718750	34111.811218750	1400.000	4000.000	1.0000
80	Spectrogram 1	1	34111.778718750	34111.811218750	1400.000	4000.000	1.0000
81	Waveform 1	1	34111.848593750	34111.859968750	1400.000	4000.000	1.0000
81	Spectrogram 1	1	34111.848593750	34111.859968750	1400.000	4000.000	1.0000
82	Waveform 1	1	34111.994843750	34112.015968750	1400.000	4000.000	1.0000
82	Spectrogram 1	1	34111.994843750	34112.015968750	1400.000	4000.000	1.0000
83	Waveform 1	1	34116.728468750	34116.736593750	1400.000	4000.000	1.0000
83	Spectrogram 1	1	34116.728468750	34116.736593750	1400.000	4000.000	1.0000
84	Waveform 1	1	34116.777218750	34116.790218750	1400.000	4000.000	1.0000
84	Spectrogram 1	1	34116.777218750	34116.790218750	1400.000	4000.000	1.0000
85	Waveform 1	1	34118.043093750	34118.059343750	1400.000	4000.000	1.0000
85	Spectrogram 1	1	34118.043093750	34118.059343750	1400.000	4000.000	1.0000
86	Waveform 1	1	34118.626468750	34118.652468750	1400.000	4000.000	1.0000
86	Spectrogram 1	1	34118.626468750	34118.652468750	1400.000	4000.000	1.0000
87	Waveform 1	1	34121.239468750	34121.257343750	1400.000	4000.000	1.0000
87	Spectrogram 1	1	34121.239468750	34121.257343750	1400.000	4000.000	1.0000
88	Waveform 1	1	34122.810843750	34122.830343750	1400.000	4000.000	1.0000
88	Spectrogram 1	1	34122.810843750	34122.830343750	1400.000	4000.000	1.0000
89	Waveform 1	1	34127.728093750	34127.745968750	1400.000	4000.000	1.0000
89	Spectrogram 1	1	34127.728093750	34127.745968750	1400.000	4000.000	1.0000
90	Waveform 1	1	34127.838593750	34127.853218750	1400.000	4000.000	1.0000
90	Spectrogram 1	1	34127.838593750	34127.853218750	1400.000	4000.000	1.0000
91	Waveform 1	1	34132.177343750	34132.193593750	1400.000	4000.000	1.0000
91	Spectrogram 1	1	34132.177343750	34132.193593750	1400.000	4000.000	1.0000
92	Waveform 1	1	34135.464718750	34135.476093750	1400.000	4000.000	1.0000
92	Spectrogram 1	1	34135.464718750	34135.476093750	1400.000	4000.000	1.0000
93	Waveform 1	1	34138.524593750	34138.542468750	1400.000	4000.000	1.0000
93	Spectrogram 1	1	34138.524593750	34138.542468750	1400.000	4000.000	1.0000
94	Waveform 1	1	34140.602968750	34140.619218750	1400.000	4000.000	1.0000
94	Spectrogram 1	1	34140.602968750	34140.619218750	1400.000	4000.000	1.0000
95	Waveform 1	1	34140.937718750	34140.952343750	1400.000	4000.000	1.0000
95	Spectrogram 1	1	34140.937718750	34140.952343750	1400.000	4000.000	1.0000
96	Waveform 1	1	34141.015718750	34141.031968750	1400.000	4000.000	1.0000
96	Spectrogram 1	1	34141.015718750	34141.031968750	1400.000	4000.000	1.0000
97	Waveform 1	1	34301.694093750	34301.702218750	1400.000	4000.000	1.0000
97	Spectrogram 1	1	34301.694093750	34301.702218750	1400.000	4000.000	1.0000
98	Waveform 1	1	34302.313218750	34302.326218750	1400.000	4000.000	1.0000
98	Spectrogram 1	1	34302.313218750	34302.326218750	1400.000	4000.000	1.0000
99	Waveform 1	1	34302.678843750	34302.704843750	1400.000	4000.000	1.0000
99	Spectrogram 1	1	34302.678843750	34302.704843750	1400.000	4000.000	1.0000
100	Waveform 1	1	34303.481593750	34303.496218750	1400.000	4000.000	1.0000
100	Spectrogram 1	1	34303.481593750	34303.496218750	1400.000	4000.000	1.0000
101	Waveform 1	1	34616.554093750	34616.571968750	1400.000	4000.000	1.0000
101	Spectrogram 1	1	34616.554093750	34616.571968750	1400.000	4000.000	1.0000
102	Waveform 1	1	34616.607718750	34616.615843750	1400.000	4000.000	1.0000
102	Spectrogram 1	1	34616.607718750	34616.615843750	1400.000	4000.000	1.0000
103	Waveform 1	1	34616.711718750	34616.731218750	1400.000	4000.000	1.0000
103	Spectrogram 1	1	34616.711718750	34616.731218750	1400.000	4000.000	1.0000
104	Waveform 1	1	34675.452218750	34675.468468750	1400.000	4000.000	1.0000
104	Spectrogram 1	1	34675.452218750	34675.468468750	1400.000	4000.000	1.0000
105	Waveform 1	1	34718.678843750	34718.693468750	1400.000	4000.000	1.0000
105	Spectrogram 1	1	34718.678843750	34718.693468750	1400.000	4000.000	1.0000
106	Waveform 1	1	34718.799093750	34718.820218750	1400.000	4000.000	1.0000
106	Spectrogram 1	1	34718.799093750	34718.820218750	1400.000	4000.000	1.0000
107	Waveform 1	1	34719.148468750	34719.161468750	1400.000	4000.000	1.0000
107	Spectrogram 1	1	34719.148468750	34719.161468750	1400.000	4000.000	1.0000
108	Waveform 1	1	34719.265468750	34719.286593750	1400.000	4000.000	1.0000
108	Spectrogram 1	1	34719.265468750	34719.286593750	1400.000	4000.000	1.0000
109	Waveform 1	1	34719.426343750	34719.439343750	1400.000	4000.000	1.0000
109	Spectrogram 1	1	34719.426343750	34719.439343750	1400.000	4000.000	1.0000
110	Waveform 1	1	34724.848968750	34724.868468750	1400.000	4000.000	1.0000
110	Spectrogram 1	1	34724.848968750	34724.868468750	1400.000	4000.000	1.0000
111	Waveform 1	1	34794.104843750	34794.112968750	1400.000	4000.000	1.0000
111	Spectrogram 1	1	34794.104843750	34794.112968750	1400.000	4000.000	1.0000
112	Waveform 1	1	34804.805468750	34804.813593750	1400.000	4000.000	1.0000
112	Spectrogram 1	1	34804.805468750	34804.813593750	1400.000	4000.000	1.0000
113	Waveform 1	1	34911.918968750	34911.927093750	1400.000	4000.000	1.0000
113	Spectrogram 1	1	34911.918968750	34911.927093750	1400.000	4000.000	1.0000
114	Waveform 1	1	35081.580343750	35081.588468750	1400.000	4000.000	1.0000
114	Spectrogram 1	1	35081.580343750	35081.588468750	1400.000	4000.000	1.0000
115	Waveform 1	1	35081.633968750	35081.642093750	1400.000	4000.000	1.0000
115	Spectrogram 1	1	35081.633968750	35081.642093750	1400.000	4000.000	1.0000
116	Waveform 1	1	35401.425843750	35401.442093750	1400.000	4000.000	1.0000
116	Spectrogram 1	1	35401.425843750	35401.442093750	1400.000	4000.000	1.0000
117	Waveform 1	1	35614.685968750	35614.695718750	1400.000	4000.000	1.0000
117	Spectrogram 1	1	35614.685968750	35614.695718750	1400.000	4000.000	1.0000
118	Waveform 1	1	35658.253843750	35658.265218750	1400.000	4000.000	1.0000
118	Spectrogram 1	1	35658.253843750	35658.265218750	1400.000	4000.000	1.0000
119	Waveform 1	1	35689.052468750	35689.060593750	1400.000	4000.000	1.0000
119	Spectrogram 1	1	35689.052468750	35689.060593750	1400.000	4000.000	1.0000
120	Waveform 1	1	35712.432968750	35712.450843750	1400.000	4000.000	1.0000
120	Spectrogram 1	1	35712.432968750	35712.450843750	1400.000	4000.000	1.0000
121	Waveform 1	1	35763.388093750	35763.401093750	1400.000	4000.000	1.0000
121	Spectrogram 1	1	35763.388093750	35763.401093750	1400.000	4000.000	1.0000
122	Waveform 1	1	35785.429593750	35785.440968750	1400.000	4000.000	1.0000
122	Spectrogram 1	1	35785.429593750	35785.440968750	1400.000	4000.000	1.0000
123	Waveform 1	1	35797.431843750	35797.448093750	1400.000	4000.000	1.0000
123	Spectrogram 1	1	35797.431843750	35797.448093750	1400.000	4000.000	1.0000
124	Waveform 1	1	35849.618718750	35849.626843750	1400.000	4000.000	1.0000
124	Spectrogram 1	1	35849.618718750	35849.626843750	1400.000	4000.000	1.0000
125	Waveform 1	1	35872.319968750	35872.328093750	1400.000	4000.000	1.0000
125	Spectrogram 1	1	35872.319968750	35872.328093750	1400.000	4000.000	1.0000
126	Waveform 1	1	35897.250718750	35897.265343750	1400.000	4000.000	1.0000
126	Spectrogram 1	1	35897.250718750	35897.265343750	1400.000	4000.000	1.0000
127	Waveform 1	1	35902.221593750	35902.231343750	1400.000	4000.000	1.0000
127	Spectrogram 1	1	35902.221593750	35902.231343750	1400.000	4000.000	1.0000
128	Waveform 1	1	35916.698718750	35916.718218750	1400.000	4000.000	1.0000
128	Spectrogram 1	1	35916.698718750	35916.718218750	1400.000	4000.000	1.0000
129	Waveform 1	1	35919.678968750	35919.687093750	1400.000	4000.000	1.0000
129	Spectrogram 1	1	35919.678968750	35919.687093750	1400.000	4000.000	1.0000
130	Waveform 1	1	35922.839593750	35922.855843750	1400.000	4000.000	1.0000
130	Spectrogram 1	1	35922.839593750	35922.855843750	1400.000	4000.000	1.0000
131	Waveform 1	1	35942.324968750	35942.333093750	1400.000	4000.000	1.0000
131	Spectrogram 1	1	35942.324968750	35942.333093750	1400.000	4000.000	1.0000
132	Waveform 1	1	35955.432218750	35955.443593750	1400.000	4000.000	1.0000
132	Spectrogram 1	1	35955.432218750	35955.443593750	1400.000	4000.000	1.0000
133	Waveform 1	1	35967.301218750	35967.312593750	1400.000	4000.000	1.0000
133	Spectrogram 1	1	35967.301218750	35967.312593750	1400.000	4000.000	1.0000
134	Waveform 1	1	35967.348343750	35967.366218750	1400.000	4000.000	1.0000
134	Spectrogram 1	1	35967.348343750	35967.366218750	1400.000	4000.000	1.0000
135	Waveform 1	1	35967.557968750	35967.566093750	1400.000	4000.000	1.0000
135	Spectrogram 1	1	35967.557968750	35967.566093750	1400.000	4000.000	1.0000
136	Waveform 1	1	36083.045093750	36083.071093750	1400.000	4000.000	1.0000
136	Spectrogram 1	1	36083.045093750	36083.071093750	1400.000	4000.000	1.0000
137	Waveform 1	1	36148.881968750	36148.896593750	1400.000	4000.000	1.0000
137	Spectrogram 1	1	36148.881968750	36148.896593750	1400.000	4000.000	1.0000
138	Waveform 1	1	36151.116343750	36151.126093750	1400.000	4000.000	1.0000
138	Spectrogram 1	1	36151.116343750	36151.126093750	1400.000	4000.000	1.0000
139	Waveform 1	1	36153.459593750	36153.475843750	1400.000	4000.000	1.0000
139	Spectrogram 1	1	36153.459593750	36153.475843750	1400.000	4000.000	1.0000
140	Waveform 1	1	36153.596093750	36153.610718750	1400.000	4000.000	1.0000
140	Spectrogram 1	1	36153.596093750	36153.610718750	1400.000	4000.000	1.0000
141	Waveform 1	1	36155.885718750	36155.900343750	1400.000	4000.000	1.0000
141	Spectrogram 1	1	36155.885718750	36155.900343750	1400.000	4000.000	1.0000
142	Waveform 1	1	36172.311218750	36172.322593750	1400.000	4000.000	1.0000
142	Spectrogram 1	1	36172.311218750	36172.322593750	1400.000	4000.000	1.0000
143	Waveform 1	1	36255.828093750	36255.836218750	1400.000	4000.000	1.0000
143	Spectrogram 1	1	36255.828093750	36255.836218750	1400.000	4000.000	1.0000
144	Waveform 1	1	36323.085218750	36323.093343750	1400.000	4000.000	1.0000
144	Spectrogram 1	1	36323.085218750	36323.093343750	1400.000	4000.000	1.0000
145	Waveform 1	1	36324.650093750	36324.659843750	1400.000	4000.000	1.0000
145	Spectrogram 1	1	36324.650093750	36324.659843750	1400.000	4000.000	1.0000
146	Waveform 1	1	36356.576468750	36356.584593750	1400.000	4000.000	1.0000
146	Spectrogram 1	1	36356.576468750	36356.584593750	1400.000	4000.000	1.0000
147	Waveform 1	1	36356.938843750	36356.950218750	1400.000	4000.000	1.0000
147	Spectrogram 1	1	36356.938843750	36356.950218750	1400.000	4000.000	1.0000
148	Waveform 1	1	36357.055843750	36357.065593750	1400.000	4000.000	1.0000
148	Spectrogram 1	1	36357.055843750	36357.065593750	1400.000	4000.000	1.0000
149	Waveform 1	1	36357.169593750	36357.179343750	1400.000	4000.000	1.0000
149	Spectrogram 1	1	36357.169593750	36357.179343750	1400.000	4000.000	1.0000
150	Waveform 1	1	36399.567468750	36399.575593750	1400.000	4000.000	1.0000
150	Spectrogram 1	1	36399.567468750	36399.575593750	1400.000	4000.000	1.0000
151	Waveform 1	1	36430.323843750	36430.336843750	1400.000	4000.000	1.0000
151	Spectrogram 1	1	36430.323843750	36430.336843750	1400.000	4000.000	1.0000
152	Waveform 1	1	36451.593468750	36451.601593750	1400.000	4000.000	1.0000
152	Spectrogram 1	1	36451.593468750	36451.601593750	1400.000	4000.000	1.0000
153	Waveform 1	1	36492.948093750	36492.956218750	1400.000	4000.000	1.0000
153	Spectrogram 1	1	36492.948093750	36492.956218750	1400.000	4000.000	1.0000
154	Waveform 1	1	36498.781843750	36498.789968750	1400.000	4000.000	1.0000
154	Spectrogram 1	1	36498.781843750	36498.789968750	1400.000	4000.000	1.0000
155	Waveform 1	1	36501.146218750	36501.154343750	1400.000	4000.000	1.0000
155	Spectrogram 1	1	36501.146218750	36501.154343750	1400.000	4000.000	1.0000
156	Waveform 1	1	36526.518968750	36526.530343750	1400.000	4000.000	1.0000
156	Spectrogram 1	1	36526.518968750	36526.530343750	1400.000	4000.000	1.0000
157	Waveform 1	1	36545.290968750	36545.300718750	1400.000	4000.000	1.0000
157	Spectrogram 1	1	36545.290968750	36545.300718750	1400.000	4000.000	1.0000
158	Waveform 1	1	36569.791093750	36569.804093750	1400.000	4000.000	1.0000
158	Spectrogram 1	1	36569.791093750	36569.804093750	1400.000	4000.000	1.0000
159	Waveform 1	1	36569.877218750	36569.886968750	1400.000	4000.000	1.0000
159	Spectrogram 1	1	36569.877218750	36569.886968750	1400.000	4000.000	1.0000
160	Waveform 1	1	36658.182968750	36658.191093750	1400.000	4000.000	1.0000
160	Spectrogram 1	1	36658.182968750	36658.191093750	1400.000	4000.000	1.0000
161	Waveform 1	1	36668.646343750	36668.654468750	1400.000	4000.000	1.0000
161	Spectrogram 1	1	36668.646343750	36668.654468750	1400.000	4000.000	1.0000
162	Waveform 1	1	36687.080343750	36687.088468750	1400.000	4000.000	1.0000
162	Spectrogram 1	1	36687.080343750	36687.088468750	1400.000	4000.000	1.0000
163	Waveform 1	1	37026.976718750	37026.986468750	1400.000	4000.000	1.0000
163	Spectrogram 1	1	37026.976718750	37026.986468750	1400.000	4000.000	1.0000
164	Waveform 1	1	37048.402343750	37048.410468750	1400.000	4000.000	1.0000
164	Spectrogram 1	1	37048.402343750	37048.410468750	1400.000	4000.000	1.0000
165	Waveform 1	1	37143.554218750	37143.563968750	1400.000	4000.000	1.0000
165	Spectrogram 1	1	37143.554218750	37143.563968750	1400.000	4000.000	1.0000
166	Waveform 1	1	37159.124968750	37159.141218750	1400.000	4000.000	1.0000
166	Spectrogram 1	1	37159.124968750	37159.141218750	1400.000	4000.000	1.0000
167	Waveform 1	1	37210.281593750	37210.297843750	1400.000	4000.000	1.0000
167	Spectrogram 1	1	37210.281593750	37210.297843750	1400.000	4000.000	1.0000
168	Waveform 1	1	37215.424718750	37215.444218750	1400.000	4000.000	1.0000
168	Spectrogram 1	1	37215.424718750	37215.444218750	1400.000	4000.000	1.0000
169	Waveform 1	1	37220.691343750	37220.701093750	1400.000	4000.000	1.0000
169	Spectrogram 1	1	37220.691343750	37220.701093750	1400.000	4000.000	1.0000
170	Waveform 1	1	37226.091218750	37226.102593750	1400.000	4000.000	1.0000
170	Spectrogram 1	1	37226.091218750	37226.102593750	1400.000	4000.000	1.0000
171	Waveform 1	1	37919.732218750	37919.740343750	1400.000	4000.000	1.0000
171	Spectrogram 1	1	37919.732218750	37919.740343750	1400.000	4000.000	1.0000
172	Waveform 1	1	39022.031468750	39022.041218750	1400.000	4000.000	1.0000
172	Spectrogram 1	1	39022.031468750	39022.041218750	1400.000	4000.000	1.0000
173	Waveform 1	1	39097.888093750	39097.896218750	1400.000	4000.000	1.0000
173	Spectrogram 1	1	39097.888093750	39097.896218750	1400.000	4000.000	1.0000
174	Waveform 1	1	39443.923718750	39443.931843750	1400.000	4000.000	1.0000
174	Spectrogram 1	1	39443.923718750	39443.931843750	1400.000	4000.000	1.0000
175	Waveform 1	1	39520.779718750	39520.787843750	1400.000	4000.000	1.0000
175	Spectrogram 1	1	39520.779718750	39520.787843750	1400.000	4000.000	1.0000
176	Waveform 1	1	39840.230343750	39840.238468750	1400.000	4000.000	1.0000
176	Spectrogram 1	1	39840.230343750	39840.238468750	1400.000	4000.000	1.0000
177	Waveform 1	1	39894.710093750	39894.718218750	1400.000	4000.000	1.0000
177	Spectrogram 1	1	39894.710093750	39894.718218750	1400.000	4000.000	1.0000
178	Waveform 1	1	39895.842718750	39895.850843750	1400.000	4000.000	1.0000
178	Spectrogram 1	1	39895.842718750	39895.850843750	1400.000	4000.000	1.0000
179	Waveform 1	1	39904.893968750	39904.902093750	1400.000	4000.000	1.0000
179	Spectrogram 1	1	39904.893968750	39904.902093750	1400.000	4000.000	1.0000
180	Waveform 1	1	39908.923968750	39908.933718750	1400.000	4000.000	1.0000
180	Spectrogram 1	1	39908.923968750	39908.933718750	1400.000	4000.000	1.0000
181	Waveform 1	1	39932.039593750	39932.047718750	1400.000	4000.000	1.0000
181	Spectrogram 1	1	39932.039593750	39932.047718750	1400.000	4000.000	1.0000
182	Waveform 1	1	39943.395093750	39943.403218750	1400.000	4000.000	1.0000
182	Spectrogram 1	1	39943.395093750	39943.403218750	1400.000	4000.000	1.0000
183	Waveform 1	1	39991.322843750	39991.330968750	1400.000	4000.000	1.0000
183	Spectrogram 1	1	39991.322843750	39991.330968750	1400.000	4000.000	1.0000
184	Waveform 1	1	40009.761718750	40009.769843750	1400.000	4000.000	1.0000
184	Spectrogram 1	1	40009.761718750	40009.769843750	1400.000	4000.000	1.0000
185	Waveform 1	1	40176.927093750	40176.935218750	1400.000	4000.000	1.0000
185	Spectrogram 1	1	40176.927093750	40176.935218750	1400.000	4000.000	1.0000
186	Waveform 1	1	40276.222718750	40276.234093750	1400.000	4000.000	1.0000
186	Spectrogram 1	1	40276.222718750	40276.234093750	1400.000	4000.000	1.0000
187	Waveform 1	1	40462.667093750	40462.681718750	1400.000	4000.000	1.0000
187	Spectrogram 1	1	40462.667093750	40462.681718750	1400.000	4000.000	1.0000
188	Waveform 1	1	40475.983968750	40475.998593750	1400.000	4000.000	1.0000
188	Spectrogram 1	1	40475.983968750	40475.998593750	1400.000	4000.000	1.0000
189	Waveform 1	1	40477.777968750	40477.789343750	1400.000	4000.000	1.0000
189	Spectrogram 1	1	40477.777968750	40477.789343750	1400.000	4000.000	1.0000
190	Waveform 1	1	40573.820343750	40573.828468750	1400.000	4000.000	1.0000
190	Spectrogram 1	1	40573.820343750	40573.828468750	1400.000	4000.000	1.0000
191	Waveform 1	1	40817.336343750	40817.346093750	1400.000	4000.000	1.0000
191	Spectrogram 1	1	40817.336343750	40817.346093750	1400.000	4000.000	1.0000
192	Waveform 1	1	40865.662218750	40865.678468750	1400.000	4000.000	1.0000
192	Spectrogram 1	1	40865.662218750	40865.678468750	1400.000	4000.000	1.0000
193	Waveform 1	1	40875.615343750	40875.626718750	1400.000	4000.000	1.0000
193	Spectrogram 1	1	40875.615343750	40875.626718750	1400.000	4000.000	1.0000
194	Waveform 1	1	40960.354218750	40960.365593750	1400.000	4000.000	1.0000
194	Spectrogram 1	1	40960.354218750	40960.365593750	1400.000	4000.000	1.0000
195	Waveform 1	1	40960.476093750	40960.489093750	1400.000	4000.000	1.0000
195	Spectrogram 1	1	40960.476093750	40960.489093750	1400.000	4000.000	1.0000
196	Waveform 1	1	44160.661718750	44160.684468750	1400.000	4000.000	1.0000
196	Spectrogram 1	1	44160.661718750	44160.684468750	1400.000	4000.000	1.0000
197	Waveform 1	1	44658.605593750	44658.616968750	1400.000	4000.000	1.0000
197	Spectrogram 1	1	44658.605593750	44658.616968750	1400.000	4000.000	1.0000
198	Waveform 1	1	49266.697718750	49266.722093750	1400.000	4000.000	1.0000
198	Spectrogram 1	1	49266.697718750	49266.722093750	1400.000	4000.000	1.0000
199	Waveform 1	1	54387.454593750	54387.465968750	1400.000	4000.000	1.0000
199	Spectrogram 1	1	54387.454593750	54387.465968750	1400.000	4000.000	1.0000
200	Waveform 1	1	54387.513093750	54387.521218750	1400.000	4000.000	1.0000
200	Spectrogram 1	1	54387.513093750	54387.521218750	1400.000	4000.000	1.0000
201	Waveform 1	1	54387.568343750	54387.578093750	1400.000	4000.000	1.0000
201	Spectrogram 1	1	54387.568343750	54387.578093750	1400.000	4000.000	1.0000
202	Waveform 1	1	54702.051343750	54702.064343750	1400.000	4000.000	1.0000
202	Spectrogram 1	1	54702.051343750	54702.064343750	1400.000	4000.000	1.0000
203	Waveform 1	1	55571.335343750	55571.345093750	1400.000	4000.000	1.0000
203	Spectrogram 1	1	55571.335343750	55571.345093750	1400.000	4000.000	1.0000
204	Waveform 1	1	55728.825468750	55728.840093750	1400.000	4000.000	1.0000
204	Spectrogram 1	1	55728.825468750	55728.840093750	1400.000	4000.000	1.0000
205	Waveform 1	1	56040.648343750	56040.667843750	1400.000	4000.000	1.0000
205	Spectrogram 1	1	56040.648343750	56040.667843750	1400.000	4000.000	1.0000
206	Waveform 1	1	56570.778593750	56570.791593750	1400.000	4000.000	1.0000
206	Spectrogram 1	1	56570.778593750	56570.791593750	1400.000	4000.000	1.0000
207	Waveform 1	1	56761.439843750	56761.449593750	1400.000	4000.000	1.0000
207	Spectrogram 1	1	56761.439843750	56761.449593750	1400.000	4000.000	1.0000
208	Waveform 1	1	56832.637593750	56832.653843750	1400.000	4000.000	1.0000
208	Spectrogram 1	1	56832.637593750	56832.653843750	1400.000	4000.000	1.0000
209	Waveform 1	1	57115.608593750	57115.621593750	1400.000	4000.000	1.0000
209	Spectrogram 1	1	57115.608593750	57115.621593750	1400.000	4000.000	1.0000
210	Waveform 1	1	58417.776343750	58417.784468750	1400.000	4000.000	1.0000
210	Spectrogram 1	1	58417.776343750	58417.784468750	1400.000	4000.000	1.0000
211	Waveform 1	1	65235.166468750	65235.185968750	1400.000	4000.000	1.0000
211	Spectrogram 1	1	65235.166468750	65235.185968750	1400.000	4000.000	1.0000
212	Waveform 1	1	66003.048843750	66003.071593750	1400.000	4000.000	1.0000
212	Spectrogram 1	1	66003.048843750	66003.071593750	1400.000	4000.000	1.0000
213	Waveform 1	1	66242.830593750	66242.846843750	1400.000	4000.000	1.0000
213	Spectrogram 1	1	66242.830593750	66242.846843750	1400.000	4000.000	1.0000
214	Waveform 1	1	67226.239968750	67226.267593750	1400.000	4000.000	1.0000
214	Spectrogram 1	1	67226.239968750	67226.267593750	1400.000	4000.000	1.0000
215	Waveform 1	1	70233.882593750	70233.897218750	1400.000	4000.000	1.0000
215	Spectrogram 1	1	70233.882593750	70233.897218750	1400.000	4000.000	1.0000
216	Waveform 1	1	70591.939968750	70591.948093750	1400.000	4000.000	1.0000
216	Spectrogram 1	1	70591.939968750	70591.948093750	1400.000	4000.000	1.0000
217	Waveform 1	1	70995.230843750	70995.238968750	1400.000	4000.000	1.0000
217	Spectrogram 1	1	70995.230843750	70995.238968750	1400.000	4000.000	1.0000
218	Waveform 1	1	70999.309593750	70999.320968750	1400.000	4000.000	1.0000
218	Spectrogram 1	1	70999.309593750	70999.320968750	1400.000	4000.000	1.0000
219	Waveform 1	1	71000.312218750	71000.323593750	1400.000	4000.000	1.0000
219	Spectrogram 1	1	71000.312218750	71000.323593750	1400.000	4000.000	1.0000
220	Waveform 1	1	71001.290468750	71001.301843750	1400.000	4000.000	1.0000
220	Spectrogram 1	1	71001.290468750	71001.301843750	1400.000	4000.000	1.0000
221	Waveform 1	1	71014.272593750	71014.282343750	1400.000	4000.000	1.0000
221	Spectrogram 1	1	71014.272593750	71014.282343750	1400.000	4000.000	1.0000
222	Waveform 1	1	71015.224843750	71015.232968750	1400.000	4000.000	1.0000
222	Spectrogram 1	1	71015.224843750	71015.232968750	1400.000	4000.000	1.0000
223	Waveform 1	1	71016.256718750	71016.268093750	1400.000	4000.000	1.0000
223	Spectrogram 1	1	71016.256718750	71016.268093750	1400.000	4000.000	1.0000
224	Waveform 1	1	71017.327593750	71017.337343750	1400.000	4000.000	1.0000
224	Spectrogram 1	1	71017.327593750	71017.337343750	1400.000	4000.000	1.0000
225	Waveform 1	1	71052.204968750	71052.213093750	1400.000	4000.000	1.0000
225	Spectrogram 1	1	71052.204968750	71052.213093750	1400.000	4000.000	1.0000
226	Waveform 1	1	71053.218968750	71053.228718750	1400.000	4000.000	1.0000
226	Spectrogram 1	1	71053.218968750	71053.228718750	1400.000	4000.000	1.0000
227	Waveform 1	1	71054.215093750	71054.224843750	1400.000	4000.000	1.0000
227	Spectrogram 1	1	71054.215093750	71054.224843750	1400.000	4000.000	1.0000
228	Waveform 1	1	71229.227593750	71229.235718750	1400.000	4000.000	1.0000
228	Spectrogram 1	1	71229.227593750	71229.235718750	1400.000	4000.000	1.0000
229	Waveform 1	1	71230.209093750	71230.218843750	1400.000	4000.000	1.0000
229	Spectrogram 1	1	71230.209093750	71230.218843750	1400.000	4000.000	1.0000
230	Waveform 1	1	71232.144468750	71232.152593750	1400.000	4000.000	1.0000
230	Spectrogram 1	1	71232.144468750	71232.152593750	1400.000	4000.000	1.0000
231	Waveform 1	1	71236.158218750	71236.167968750	1400.000	4000.000	1.0000
231	Spectrogram 1	1	71236.158218750	71236.167968750	1400.000	4000.000	1.0000
232	Waveform 1	1	71238.870343750	71238.878468750	1400.000	4000.000	1.0000
232	Spectrogram 1	1	71238.870343750	71238.878468750	1400.000	4000.000	1.0000
233	Waveform 1	1	71239.819343750	71239.829093750	1400.000	4000.000	1.0000
233	Spectrogram 1	1	71239.819343750	71239.829093750	1400.000	4000.000	1.0000
234	Waveform 1	1	71264.665593750	71264.675343750	1400.000	4000.000	1.0000
234	Spectrogram 1	1	71264.665593750	71264.675343750	1400.000	4000.000	1.0000
235	Waveform 1	1	71317.378968750	71317.388718750	1400.000	4000.000	1.0000
235	Spectrogram 1	1	71317.378968750	71317.388718750	1400.000	4000.000	1.0000
236	Waveform 1	1	71325.661593750	71325.674593750	1400.000	4000.000	1.0000
236	Spectrogram 1	1	71325.661593750	71325.674593750	1400.000	4000.000	1.0000
237	Waveform 1	1	71327.774093750	71327.785468750	1400.000	4000.000	1.0000
237	Spectrogram 1	1	71327.774093750	71327.785468750	1400.000	4000.000	1.0000
238	Waveform 1	1	71405.410093750	71405.418218750	1400.000	4000.000	1.0000
238	Spectrogram 1	1	71405.410093750	71405.418218750	1400.000	4000.000	1.0000
239	Waveform 1	1	71537.022093750	71537.030218750	1400.000	4000.000	1.0000
239	Spectrogram 1	1	71537.022093750	71537.030218750	1400.000	4000.000	1.0000
240	Waveform 1	1	71542.789218750	71542.807093750	1400.000	4000.000	1.0000
240	Spectrogram 1	1	71542.789218750	71542.807093750	1400.000	4000.000	1.0000
241	Waveform 1	1	71543.119093750	71543.130468750	1400.000	4000.000	1.0000
241	Spectrogram 1	1	71543.119093750	71543.130468750	1400.000	4000.000	1.0000
242	Waveform 1	1	71643.084218750	71643.093968750	1400.000	4000.000	1.0000
242	Spectrogram 1	1	71643.084218750	71643.093968750	1400.000	4000.000	1.0000
243	Waveform 1	1	71773.451468750	71773.461218750	1400.000	4000.000	1.0000
243	Spectrogram 1	1	71773.451468750	71773.461218750	1400.000	4000.000	1.0000
244	Waveform 1	1	71773.521343750	71773.531093750	1400.000	4000.000	1.0000
244	Spectrogram 1	1	71773.521343750	71773.531093750	1400.000	4000.000	1.0000
245	Waveform 1	1	71856.373593750	71856.381718750	1400.000	4000.000	1.0000
245	Spectrogram 1	1	71856.373593750	71856.381718750	1400.000	4000.000	1.0000
246	Waveform 1	1	71870.749968750	71870.758093750	1400.000	4000.000	1.0000
246	Spectrogram 1	1	71870.749968750	71870.758093750	1400.000	4000.000	1.0000
247	Waveform 1	1	71874.674343750	71874.682468750	1400.000	4000.000	1.0000
247	Spectrogram 1	1	71874.674343750	71874.682468750	1400.000	4000.000	1.0000
248	Waveform 1	1	71933.842218750	71933.855218750	1400.000	4000.000	1.0000
248	Spectrogram 1	1	71933.842218750	71933.855218750	1400.000	4000.000	1.0000
249	Waveform 1	1	71934.989468750	71934.999218750	1400.000	4000.000	1.0000
249	Spectrogram 1	1	71934.989468750	71934.999218750	1400.000	4000.000	1.0000
250	Waveform 1	1	71936.799718750	71936.809468750	1400.000	4000.000	1.0000
250	Spectrogram 1	1	71936.799718750	71936.809468750	1400.000	4000.000	1.0000
251	Waveform 1	1	71969.470343750	71969.481718750	1400.000	4000.000	1.0000
251	Spectrogram 1	1	71969.470343750	71969.481718750	1400.000	4000.000	1.0000
252	Waveform 1	1	71970.494093750	71970.502218750	1400.000	4000.000	1.0000
252	Spectrogram 1	1	71970.494093750	71970.502218750	1400.000	4000.000	1.0000
253	Waveform 1	1	71972.663468750	71972.676468750	1400.000	4000.000	1.0000
253	Spectrogram 1	1	71972.663468750	71972.676468750	1400.000	4000.000	1.0000
254	Waveform 1	1	71973.670968750	71973.680718750	1400.000	4000.000	1.0000
254	Spectrogram 1	1	71973.670968750	71973.680718750	1400.000	4000.000	1.0000
255	Waveform 1	1	71974.717468750	71974.727218750	1400.000	4000.000	1.0000
255	Spectrogram 1	1	71974.717468750	71974.727218750	1400.000	4000.000	1.0000
256	Waveform 1	1	71990.725343750	71990.735093750	1400.000	4000.000	1.0000
256	Spectrogram 1	1	71990.725343750	71990.735093750	1400.000	4000.000	1.0000
257	Waveform 1	1	72048.133343750	72048.141468750	1400.000	4000.000	1.0000
257	Spectrogram 1	1	72048.133343750	72048.141468750	1400.000	4000.000	1.0000
258	Waveform 1	1	72164.109593750	72164.117718750	1400.000	4000.000	1.0000
258	Spectrogram 1	1	72164.109593750	72164.117718750	1400.000	4000.000	1.0000
259	Waveform 1	1	72165.214593750	72165.222718750	1400.000	4000.000	1.0000
259	Spectrogram 1	1	72165.214593750	72165.222718750	1400.000	4000.000	1.0000
260	Waveform 1	1	72166.295218750	72166.313093750	1400.000	4000.000	1.0000
260	Spectrogram 1	1	72166.295218750	72166.313093750	1400.000	4000.000	1.0000
261	Waveform 1	1	72167.172718750	72167.180843750	1400.000	4000.000	1.0000
261	Spectrogram 1	1	72167.172718750	72167.180843750	1400.000	4000.000	1.0000
262	Waveform 1	1	72213.633093750	72213.646093750	1400.000	4000.000	1.0000
262	Spectrogram 1	1	72213.633093750	72213.646093750	1400.000	4000.000	1.0000
263	Waveform 1	1	72340.896593750	72340.907968750	1400.000	4000.000	1.0000
263	Spectrogram 1	1	72340.896593750	72340.907968750	1400.000	4000.000	1.0000
264	Waveform 1	1	72420.165718750	72420.181968750	1400.000	4000.000	1.0000
264	Spectrogram 1	1	72420.165718750	72420.181968750	1400.000	4000.000	1.0000
265	Waveform 1	1	72514.511593750	72514.524593750	1400.000	4000.000	1.0000
265	Spectrogram 1	1	72514.511593750	72514.524593750	1400.000	4000.000	1.0000
266	Waveform 1	1	72520.832843750	72520.850718750	1400.000	4000.000	1.0000
266	Spectrogram 1	1	72520.832843750	72520.850718750	1400.000	4000.000	1.0000
267	Waveform 1	1	72521.802968750	72521.817593750	1400.000	4000.000	1.0000
267	Spectrogram 1	1	72521.802968750	72521.817593750	1400.000	4000.000	1.0000
268	Waveform 1	1	72522.808843750	72522.823468750	1400.000	4000.000	1.0000
268	Spectrogram 1	1	72522.808843750	72522.823468750	1400.000	4000.000	1.0000
269	Waveform 1	1	72577.329218750	72577.337343750	1400.000	4000.000	1.0000
269	Spectrogram 1	1	72577.329218750	72577.337343750	1400.000	4000.000	1.0000
270	Waveform 1	1	72590.673718750	72590.681843750	1400.000	4000.000	1.0000
270	Spectrogram 1	1	72590.673718750	72590.681843750	1400.000	4000.000	1.0000
271	Waveform 1	1	72591.759218750	72591.768968750	1400.000	4000.000	1.0000
271	Spectrogram 1	1	72591.759218750	72591.768968750	1400.000	4000.000	1.0000
272	Waveform 1	1	72592.789468750	72592.804093750	1400.000	4000.000	1.0000
272	Spectrogram 1	1	72592.789468750	72592.804093750	1400.000	4000.000	1.0000
273	Waveform 1	1	72593.679968750	72593.692968750	1400.000	4000.000	1.0000
273	Spectrogram 1	1	72593.679968750	72593.692968750	1400.000	4000.000	1.0000
274	Waveform 1	1	72594.609468750	72594.619218750	1400.000	4000.000	1.0000
274	Spectrogram 1	1	72594.609468750	72594.619218750	1400.000	4000.000	1.0000
275	Waveform 1	1	72595.612093750	72595.623468750	1400.000	4000.000	1.0000
275	Spectrogram 1	1	72595.612093750	72595.623468750	1400.000	4000.000	1.0000
276	Waveform 1	1	72608.842843750	72608.852593750	1400.000	4000.000	1.0000
276	Spectrogram 1	1	72608.842843750	72608.852593750	1400.000	4000.000	1.0000
277	Waveform 1	1	72618.362093750	72618.370218750	1400.000	4000.000	1.0000
277	Spectrogram 1	1	72618.362093750	72618.370218750	1400.000	4000.000	1.0000
278	Waveform 1	1	72619.241218750	72619.249343750	1400.000	4000.000	1.0000
278	Spectrogram 1	1	72619.241218750	72619.249343750	1400.000	4000.000	1.0000
279	Waveform 1	1	72620.112218750	72620.121968750	1400.000	4000.000	1.0000
279	Spectrogram 1	1	72620.112218750	72620.121968750	1400.000	4000.000	1.0000
280	Waveform 1	1	72621.014093750	72621.023843750	1400.000	4000.000	1.0000
280	Spectrogram 1	1	72621.014093750	72621.023843750	1400.000	4000.000	1.0000
281	Waveform 1	1	72621.924093750	72621.933843750	1400.000	4000.000	1.0000
281	Spectrogram 1	1	72621.924093750	72621.933843750	1400.000	4000.000	1.0000
282	Waveform 1	1	72622.869843750	72622.881218750	1400.000	4000.000	1.0000
282	Spectrogram 1	1	72622.869843750	72622.881218750	1400.000	4000.000	1.0000
283	Waveform 1	1	72623.901718750	72623.914718750	1400.000	4000.000	1.0000
283	Spectrogram 1	1	72623.901718750	72623.914718750	1400.000	4000.000	1.0000
284	Waveform 1	1	72625.048968750	72625.061968750	1400.000	4000.000	1.0000
284	Spectrogram 1	1	72625.048968750	72625.061968750	1400.000	4000.000	1.0000
285	Waveform 1	1	72626.019093750	72626.032093750	1400.000	4000.000	1.0000
285	Spectrogram 1	1	72626.019093750	72626.032093750	1400.000	4000.000	1.0000
286	Waveform 1	1	72626.938843750	72626.946968750	1400.000	4000.000	1.0000
286	Spectrogram 1	1	72626.938843750	72626.946968750	1400.000	4000.000	1.0000
287	Waveform 1	1	72627.821218750	72627.832593750	1400.000	4000.000	1.0000
287	Spectrogram 1	1	72627.821218750	72627.832593750	1400.000	4000.000	1.0000
288	Waveform 1	1	72635.616343750	72635.624468750	1400.000	4000.000	1.0000
288	Spectrogram 1	1	72635.616343750	72635.624468750	1400.000	4000.000	1.0000
289	Waveform 1	1	72643.372468750	72643.380593750	1400.000	4000.000	1.0000
289	Spectrogram 1	1	72643.372468750	72643.380593750	1400.000	4000.000	1.0000
290	Waveform 1	1	72791.164593750	72791.172718750	1400.000	4000.000	1.0000
290	Spectrogram 1	1	72791.164593750	72791.172718750	1400.000	4000.000	1.0000
291	Waveform 1	1	72796.031468750	72796.039593750	1400.000	4000.000	1.0000
291	Spectrogram 1	1	72796.031468750	72796.039593750	1400.000	4000.000	1.0000
292	Waveform 1	1	72798.670468750	72798.681843750	1400.000	4000.000	1.0000
292	Spectrogram 1	1	72798.670468750	72798.681843750	1400.000	4000.000	1.0000
293	Waveform 1	1	72888.061718750	72888.069843750	1400.000	4000.000	1.0000
293	Spectrogram 1	1	72888.061718750	72888.069843750	1400.000	4000.000	1.0000
294	Waveform 1	1	72888.703593750	72888.716593750	1400.000	4000.000	1.0000
294	Spectrogram 1	1	72888.703593750	72888.716593750	1400.000	4000.000	1.0000
295	Waveform 1	1	72889.585968750	72889.600593750	1400.000	4000.000	1.0000
295	Spectrogram 1	1	72889.585968750	72889.600593750	1400.000	4000.000	1.0000
296	Waveform 1	1	72890.556093750	72890.570718750	1400.000	4000.000	1.0000
296	Spectrogram 1	1	72890.556093750	72890.570718750	1400.000	4000.000	1.0000
297	Waveform 1	1	72891.661093750	72891.678968750	1400.000	4000.000	1.0000
297	Spectrogram 1	1	72891.661093750	72891.678968750	1400.000	4000.000	1.0000
298	Waveform 1	1	72892.761218750	72892.775843750	1400.000	4000.000	1.0000
298	Spectrogram 1	1	72892.761218750	72892.775843750	1400.000	4000.000	1.0000
299	Waveform 1	1	72893.689093750	72893.706968750	1400.000	4000.000	1.0000
299	Spectrogram 1	1	72893.689093750	72893.706968750	1400.000	4000.000	1.0000
300	Waveform 1	1	72894.041718750	72894.053093750	1400.000	4000.000	1.0000
300	Spectrogram 1	1	72894.041718750	72894.053093750	1400.000	4000.000	1.0000
301	Waveform 1	1	72894.629968750	72894.646218750	1400.000	4000.000	1.0000
301	Spectrogram 1	1	72894.629968750	72894.646218750	1400.000	4000.000	1.0000
302	Waveform 1	1	72895.562718750	72895.574093750	1400.000	4000.000	1.0000
302	Spectrogram 1	1	72895.562718750	72895.574093750	1400.000	4000.000	1.0000
303	Waveform 1	1	72912.779593750	72912.787718750	1400.000	4000.000	1.0000
303	Spectrogram 1	1	72912.779593750	72912.787718750	1400.000	4000.000	1.0000
304	Waveform 1	1	72913.868343750	72913.882968750	1400.000	4000.000	1.0000
304	Spectrogram 1	1	72913.868343750	72913.882968750	1400.000	4000.000	1.0000
305	Waveform 1	1	72951.212468750	72951.220593750	1400.000	4000.000	1.0000
305	Spectrogram 1	1	72951.212468750	72951.220593750	1400.000	4000.000	1.0000
306	Waveform 1	1	72983.634468750	72983.644218750	1400.000	4000.000	1.0000
306	Spectrogram 1	1	72983.634468750	72983.644218750	1400.000	4000.000	1.0000
307	Waveform 1	1	72997.029343750	72997.039093750	1400.000	4000.000	1.0000
307	Spectrogram 1	1	72997.029343750	72997.039093750	1400.000	4000.000	1.0000
308	Waveform 1	1	72999.075218750	72999.086593750	1400.000	4000.000	1.0000
308	Spectrogram 1	1	72999.075218750	72999.086593750	1400.000	4000.000	1.0000
309	Waveform 1	1	73001.119468750	73001.127593750	1400.000	4000.000	1.0000
309	Spectrogram 1	1	73001.119468750	73001.127593750	1400.000	4000.000	1.0000
310	Waveform 1	1	73007.287968750	73007.296093750	1400.000	4000.000	1.0000
310	Spectrogram 1	1	73007.287968750	73007.296093750	1400.000	4000.000	1.0000
311	Waveform 1	1	73043.858593750	73043.866718750	1400.000	4000.000	1.0000
311	Spectrogram 1	1	73043.858593750	73043.866718750	1400.000	4000.000	1.0000
312	Waveform 1	1	73045.610343750	73045.621718750	1400.000	4000.000	1.0000
312	Spectrogram 1	1	73045.610343750	73045.621718750	1400.000	4000.000	1.0000
313	Waveform 1	1	73055.056468750	73055.067843750	1400.000	4000.000	1.0000
313	Spectrogram 1	1	73055.056468750	73055.067843750	1400.000	4000.000	1.0000
314	Waveform 1	1	73079.043093750	73079.052843750	1400.000	4000.000	1.0000
314	Spectrogram 1	1	73079.043093750	73079.052843750	1400.000	4000.000	1.0000
315	Waveform 1	1	73107.586218750	73107.600843750	1400.000	4000.000	1.0000
315	Spectrogram 1	1	73107.586218750	73107.600843750	1400.000	4000.000	1.0000
316	Waveform 1	1	73114.677718750	73114.687468750	1400.000	4000.000	1.0000
316	Spectrogram 1	1	73114.677718750	73114.687468750	1400.000	4000.000	1.0000
317	Waveform 1	1	73116.109343750	73116.119093750	1400.000	4000.000	1.0000
317	Spectrogram 1	1	73116.109343750	73116.119093750	1400.000	4000.000	1.0000
318	Waveform 1	1	73117.568593750	73117.583218750	1400.000	4000.000	1.0000
318	Spectrogram 1	1	73117.568593750	73117.583218750	1400.000	4000.000	1.0000
319	Waveform 1	1	73118.972593750	73118.985593750	1400.000	4000.000	1.0000
319	Spectrogram 1	1	73118.972593750	73118.985593750	1400.000	4000.000	1.0000
320	Waveform 1	1	73120.381468750	73120.397718750	1400.000	4000.000	1.0000
320	Spectrogram 1	1	73120.381468750	73120.397718750	1400.000	4000.000	1.0000
321	Waveform 1	1	73121.817968750	73121.830968750	1400.000	4000.000	1.0000
321	Spectrogram 1	1	73121.817968750	73121.830968750	1400.000	4000.000	1.0000
322	Waveform 1	1	73123.288593750	73123.301593750	1400.000	4000.000	1.0000
322	Spectrogram 1	1	73123.288593750	73123.301593750	1400.000	4000.000	1.0000
323	Waveform 1	1	73124.780343750	73124.794968750	1400.000	4000.000	1.0000
323	Spectrogram 1	1	73124.780343750	73124.794968750	1400.000	4000.000	1.0000
324	Waveform 1	1	73126.231468750	73126.246093750	1400.000	4000.000	1.0000
324	Spectrogram 1	1	73126.231468750	73126.246093750	1400.000	4000.000	1.0000
325	Waveform 1	1	73127.617593750	73127.632218750	1400.000	4000.000	1.0000
325	Spectrogram 1	1	73127.617593750	73127.632218750	1400.000	4000.000	1.0000
326	Waveform 1	1	73128.953343750	73128.966343750	1400.000	4000.000	1.0000
326	Spectrogram 1	1	73128.953343750	73128.966343750	1400.000	4000.000	1.0000
327	Waveform 1	1	73131.589093750	73131.598843750	1400.000	4000.000	1.0000
327	Spectrogram 1	1	73131.589093750	73131.598843750	1400.000	4000.000	1.0000
328	Waveform 1	1	73167.732343750	73167.750218750	1400.000	4000.000	1.0000
328	Spectrogram 1	1	73167.732343750	73167.750218750	1400.000	4000.000	1.0000
329	Waveform 1	1	73213.245343750	73213.253468750	1400.000	4000.000	1.0000
329	Spectrogram 1	1	73213.245343750	73213.253468750	1400.000	4000.000	1.0000
330	Waveform 1	1	73214.553468750	73214.566468750	1400.000	4000.000	1.0000
330	Spectrogram 1	1	73214.553468750	73214.566468750	1400.000	4000.000	1.0000
331	Waveform 1	1	73444.048968750	73444.068468750	1400.000	4000.000	1.0000
331	Spectrogram 1	1	73444.048968750	73444.068468750	1400.000	4000.000	1.0000
332	Waveform 1	1	73446.200468750	73446.219968750	1400.000	4000.000	1.0000
332	Spectrogram 1	1	73446.200468750	73446.219968750	1400.000	4000.000	1.0000
333	Waveform 1	1	73477.855468750	73477.863593750	1400.000	4000.000	1.0000
333	Spectrogram 1	1	73477.855468750	73477.863593750	1400.000	4000.000	1.0000
334	Waveform 1	1	73496.305718750	73496.317093750	1400.000	4000.000	1.0000
334	Spectrogram 1	1	73496.305718750	73496.317093750	1400.000	4000.000	1.0000
335	Waveform 1	1	73594.098218750	73594.109593750	1400.000	4000.000	1.0000
335	Spectrogram 1	1	73594.098218750	73594.109593750	1400.000	4000.000	1.0000
336	Waveform 1	1	73598.654718750	73598.666093750	1400.000	4000.000	1.0000
336	Spectrogram 1	1	73598.654718750	73598.666093750	1400.000	4000.000	1.0000
337	Waveform 1	1	73599.574468750	73599.582593750	1400.000	4000.000	1.0000
337	Spectrogram 1	1	73599.574468750	73599.582593750	1400.000	4000.000	1.0000
338	Waveform 1	1	73602.384093750	73602.392218750	1400.000	4000.000	1.0000
338	Spectrogram 1	1	73602.384093750	73602.392218750	1400.000	4000.000	1.0000
339	Waveform 1	1	73615.450718750	73615.460468750	1400.000	4000.000	1.0000
339	Spectrogram 1	1	73615.450718750	73615.460468750	1400.000	4000.000	1.0000
340	Waveform 1	1	73616.414343750	73616.428968750	1400.000	4000.000	1.0000
340	Spectrogram 1	1	73616.414343750	73616.428968750	1400.000	4000.000	1.0000
341	Waveform 1	1	73617.436468750	73617.446218750	1400.000	4000.000	1.0000
341	Spectrogram 1	1	73617.436468750	73617.446218750	1400.000	4000.000	1.0000
342	Waveform 1	1	73618.437468750	73618.456968750	1400.000	4000.000	1.0000
342	Spectrogram 1	1	73618.437468750	73618.456968750	1400.000	4000.000	1.0000
343	Waveform 1	1	73619.378343750	73619.392968750	1400.000	4000.000	1.0000
343	Spectrogram 1	1	73619.378343750	73619.392968750	1400.000	4000.000	1.0000
344	Waveform 1	1	73620.237968750	73620.249343750	1400.000	4000.000	1.0000
344	Spectrogram 1	1	73620.237968750	73620.249343750	1400.000	4000.000	1.0000
345	Waveform 1	1	73621.123593750	73621.133343750	1400.000	4000.000	1.0000
345	Spectrogram 1	1	73621.123593750	73621.133343750	1400.000	4000.000	1.0000
346	Waveform 1	1	73627.500093750	73627.511468750	1400.000	4000.000	1.0000
346	Spectrogram 1	1	73627.500093750	73627.511468750	1400.000	4000.000	1.0000
347	Waveform 1	1	73628.332093750	73628.341843750	1400.000	4000.000	1.0000
347	Spectrogram 1	1	73628.332093750	73628.341843750	1400.000	4000.000	1.0000
348	Waveform 1	1	73629.180343750	73629.188468750	1400.000	4000.000	1.0000
348	Spectrogram 1	1	73629.180343750	73629.188468750	1400.000	4000.000	1.0000
349	Waveform 1	1	73630.046468750	73630.056218750	1400.000	4000.000	1.0000
349	Spectrogram 1	1	73630.046468750	73630.056218750	1400.000	4000.000	1.0000
350	Waveform 1	1	73630.932093750	73630.948343750	1400.000	4000.000	1.0000
350	Spectrogram 1	1	73630.932093750	73630.948343750	1400.000	4000.000	1.0000
351	Waveform 1	1	73631.869718750	73631.881093750	1400.000	4000.000	1.0000
351	Spectrogram 1	1	73631.869718750	73631.881093750	1400.000	4000.000	1.0000
352	Waveform 1	1	73632.906468750	73632.919468750	1400.000	4000.000	1.0000
352	Spectrogram 1	1	73632.906468750	73632.919468750	1400.000	4000.000	1.0000
353	Waveform 1	1	73633.913968750	73633.923718750	1400.000	4000.000	1.0000
353	Spectrogram 1	1	73633.913968750	73633.923718750	1400.000	4000.000	1.0000
354	Waveform 1	1	73684.306843750	73684.316593750	1400.000	4000.000	1.0000
354	Spectrogram 1	1	73684.306843750	73684.316593750	1400.000	4000.000	1.0000
355	Waveform 1	1	73775.896718750	73775.909718750	1400.000	4000.000	1.0000
355	Spectrogram 1	1	73775.896718750	73775.909718750	1400.000	4000.000	1.0000
356	Waveform 1	1	73776.974093750	73776.985468750	1400.000	4000.000	1.0000
356	Spectrogram 1	1	73776.974093750	73776.985468750	1400.000	4000.000	1.0000
357	Waveform 1	1	73779.873093750	73779.881218750	1400.000	4000.000	1.0000
357	Spectrogram 1	1	73779.873093750	73779.881218750	1400.000	4000.000	1.0000
358	Waveform 1	1	73782.801343750	73782.817593750	1400.000	4000.000	1.0000
358	Spectrogram 1	1	73782.801343750	73782.817593750	1400.000	4000.000	1.0000
359	Waveform 1	1	73783.945343750	73783.958343750	1400.000	4000.000	1.0000
359	Spectrogram 1	1	73783.945343750	73783.958343750	1400.000	4000.000	1.0000
360	Waveform 1	1	73784.917093750	73784.928468750	1400.000	4000.000	1.0000
360	Spectrogram 1	1	73784.917093750	73784.928468750	1400.000	4000.000	1.0000
361	Waveform 1	1	73785.805968750	73785.817343750	1400.000	4000.000	1.0000
361	Spectrogram 1	1	73785.805968750	73785.817343750	1400.000	4000.000	1.0000
362	Waveform 1	1	73803.026093750	73803.035843750	1400.000	4000.000	1.0000
362	Spectrogram 1	1	73803.026093750	73803.035843750	1400.000	4000.000	1.0000
363	Waveform 1	1	73804.131093750	73804.145718750	1400.000	4000.000	1.0000
363	Spectrogram 1	1	73804.131093750	73804.145718750	1400.000	4000.000	1.0000
364	Waveform 1	1	73804.397593750	73804.405718750	1400.000	4000.000	1.0000
364	Spectrogram 1	1	73804.397593750	73804.405718750	1400.000	4000.000	1.0000
365	Waveform 1	1	73808.994718750	73809.006093750	1400.000	4000.000	1.0000
365	Spectrogram 1	1	73808.994718750	73809.006093750	1400.000	4000.000	1.0000
366	Waveform 1	1	73810.135468750	73810.146843750	1400.000	4000.000	1.0000
366	Spectrogram 1	1	73810.135468750	73810.146843750	1400.000	4000.000	1.0000
367	Waveform 1	1	73814.076093750	73814.093968750	1400.000	4000.000	1.0000
367	Spectrogram 1	1	73814.076093750	73814.093968750	1400.000	4000.000	1.0000
368	Waveform 1	1	73819.053468750	73819.066468750	1400.000	4000.000	1.0000
368	Spectrogram 1	1	73819.053468750	73819.066468750	1400.000	4000.000	1.0000
369	Waveform 1	1	73822.244968750	73822.254718750	1400.000	4000.000	1.0000
369	Spectrogram 1	1	73822.244968750	73822.254718750	1400.000	4000.000	1.0000
370	Waveform 1	1	73828.337093750	73828.351718750	1400.000	4000.000	1.0000
370	Spectrogram 1	1	73828.337093750	73828.351718750	1400.000	4000.000	1.0000
371	Waveform 1	1	73902.869343750	73902.877468750	1400.000	4000.000	1.0000
371	Spectrogram 1	1	73902.869343750	73902.877468750	1400.000	4000.000	1.0000
372	Waveform 1	1	73905.648093750	73905.656218750	1400.000	4000.000	1.0000
372	Spectrogram 1	1	73905.648093750	73905.656218750	1400.000	4000.000	1.0000
373	Waveform 1	1	73906.588968750	73906.600343750	1400.000	4000.000	1.0000
373	Spectrogram 1	1	73906.588968750	73906.600343750	1400.000	4000.000	1.0000
374	Waveform 1	1	73907.464843750	73907.474593750	1400.000	4000.000	1.0000
374	Spectrogram 1	1	73907.464843750	73907.474593750	1400.000	4000.000	1.0000
375	Waveform 1	1	73908.293593750	73908.304968750	1400.000	4000.000	1.0000
375	Spectrogram 1	1	73908.293593750	73908.304968750	1400.000	4000.000	1.0000
376	Waveform 1	1	73909.125593750	73909.138593750	1400.000	4000.000	1.0000
376	Spectrogram 1	1	73909.125593750	73909.138593750	1400.000	4000.000	1.0000
377	Waveform 1	1	73977.235843750	73977.245593750	1400.000	4000.000	1.0000
377	Spectrogram 1	1	73977.235843750	73977.245593750	1400.000	4000.000	1.0000
378	Waveform 1	1	74077.436593750	74077.446343750	1400.000	4000.000	1.0000
378	Spectrogram 1	1	74077.436593750	74077.446343750	1400.000	4000.000	1.0000
379	Waveform 1	1	74113.259718750	74113.282468750	1400.000	4000.000	1.0000
379	Spectrogram 1	1	74113.259718750	74113.282468750	1400.000	4000.000	1.0000
380	Waveform 1	1	74187.644093750	74187.655468750	1400.000	4000.000	1.0000
380	Spectrogram 1	1	74187.644093750	74187.655468750	1400.000	4000.000	1.0000
381	Waveform 1	1	74192.398843750	74192.408593750	1400.000	4000.000	1.0000
381	Spectrogram 1	1	74192.398843750	74192.408593750	1400.000	4000.000	1.0000
382	Waveform 1	1	74193.360843750	74193.370593750	1400.000	4000.000	1.0000
382	Spectrogram 1	1	74193.360843750	74193.370593750	1400.000	4000.000	1.0000
383	Waveform 1	1	74197.463968750	74197.475343750	1400.000	4000.000	1.0000
383	Spectrogram 1	1	74197.463968750	74197.475343750	1400.000	4000.000	1.0000
384	Waveform 1	1	74199.207593750	74199.215718750	1400.000	4000.000	1.0000
384	Spectrogram 1	1	74199.207593750	74199.215718750	1400.000	4000.000	1.0000
385	Waveform 1	1	74200.054218750	74200.062343750	1400.000	4000.000	1.0000
385	Spectrogram 1	1	74200.054218750	74200.062343750	1400.000	4000.000	1.0000
386	Waveform 1	1	74200.920343750	74200.928468750	1400.000	4000.000	1.0000
386	Spectrogram 1	1	74200.920343750	74200.928468750	1400.000	4000.000	1.0000
387	Waveform 1	1	74201.812468750	74201.822218750	1400.000	4000.000	1.0000
387	Spectrogram 1	1	74201.812468750	74201.822218750	1400.000	4000.000	1.0000
388	Waveform 1	1	74203.663343750	74203.673093750	1400.000	4000.000	1.0000
388	Spectrogram 1	1	74203.663343750	74203.673093750	1400.000	4000.000	1.0000
389	Waveform 1	1	74209.752218750	74209.761968750	1400.000	4000.000	1.0000
389	Spectrogram 1	1	74209.752218750	74209.761968750	1400.000	4000.000	1.0000
390	Waveform 1	1	74220.101843750	74220.109968750	1400.000	4000.000	1.0000
390	Spectrogram 1	1	74220.101843750	74220.109968750	1400.000	4000.000	1.0000
391	Waveform 1	1	74568.555468750	74568.576593750	1400.000	4000.000	1.0000
391	Spectrogram 1	1	74568.555468750	74568.576593750	1400.000	4000.000	1.0000
392	Waveform 1	1	74806.367718750	74806.375843750	1400.000	4000.000	1.0000
392	Spectrogram 1	1	74806.367718750	74806.375843750	1400.000	4000.000	1.0000
393	Waveform 1	1	74806.422968750	74806.432718750	1400.000	4000.000	1.0000
393	Spectrogram 1	1	74806.422968750	74806.432718750	1400.000	4000.000	1.0000
394	Waveform 1	1	74809.960593750	74809.970343750	1400.000	4000.000	1.0000
394	Spectrogram 1	1	74809.960593750	74809.970343750	1400.000	4000.000	1.0000
395	Waveform 1	1	74830.008218750	74830.016343750	1400.000	4000.000	1.0000
395	Spectrogram 1	1	74830.008218750	74830.016343750	1400.000	4000.000	1.0000
396	Waveform 1	1	74832.385593750	74832.408343750	1400.000	4000.000	1.0000
396	Spectrogram 1	1	74832.385593750	74832.408343750	1400.000	4000.000	1.0000
397	Waveform 1	1	74832.604968750	74832.617968750	1400.000	4000.000	1.0000
397	Spectrogram 1	1	74832.604968750	74832.617968750	1400.000	4000.000	1.0000
398	Waveform 1	1	74832.812968750	74832.825968750	1400.000	4000.000	1.0000
398	Spectrogram 1	1	74832.812968750	74832.825968750	1400.000	4000.000	1.0000
399	Waveform 1	1	74835.260218750	74835.273218750	1400.000	4000.000	1.0000
399	Spectrogram 1	1	74835.260218750	74835.273218750	1400.000	4000.000	1.0000
400	Waveform 1	1	74839.234968750	74839.249593750	1400.000	4000.000	1.0000
400	Spectrogram 1	1	74839.234968750	74839.249593750	1400.000	4000.000	1.0000
401	Waveform 1	1	74839.303218750	74839.314593750	1400.000	4000.000	1.0000
401	Spectrogram 1	1	74839.303218750	74839.314593750	1400.000	4000.000	1.0000
402	Waveform 1	1	74839.369843750	74839.379593750	1400.000	4000.000	1.0000
402	Spectrogram 1	1	74839.369843750	74839.379593750	1400.000	4000.000	1.0000
403	Waveform 1	1	74839.439718750	74839.447843750	1400.000	4000.000	1.0000
403	Spectrogram 1	1	74839.439718750	74839.447843750	1400.000	4000.000	1.0000
404	Waveform 1	1	74840.647093750	74840.658468750	1400.000	4000.000	1.0000
404	Spectrogram 1	1	74840.647093750	74840.658468750	1400.000	4000.000	1.0000
405	Waveform 1	1	74842.229843750	74842.237968750	1400.000	4000.000	1.0000
405	Spectrogram 1	1	74842.229843750	74842.237968750	1400.000	4000.000	1.0000
406	Waveform 1	1	74855.398843750	74855.406968750	1400.000	4000.000	1.0000
406	Spectrogram 1	1	74855.398843750	74855.406968750	1400.000	4000.000	1.0000
407	Waveform 1	1	74855.709218750	74855.720593750	1400.000	4000.000	1.0000
407	Spectrogram 1	1	74855.709218750	74855.720593750	1400.000	4000.000	1.0000
408	Waveform 1	1	74856.048843750	74856.056968750	1400.000	4000.000	1.0000
408	Spectrogram 1	1	74856.048843750	74856.056968750	1400.000	4000.000	1.0000
409	Waveform 1	1	74861.507218750	74861.526718750	1400.000	4000.000	1.0000
409	Spectrogram 1	1	74861.507218750	74861.526718750	1400.000	4000.000	1.0000
410	Waveform 1	1	74874.416218750	74874.424343750	1400.000	4000.000	1.0000
410	Spectrogram 1	1	74874.416218750	74874.424343750	1400.000	4000.000	1.0000
411	Waveform 1	1	74874.708718750	74874.724968750	1400.000	4000.000	1.0000
411	Spectrogram 1	1	74874.708718750	74874.724968750	1400.000	4000.000	1.0000
412	Waveform 1	1	74912.878343750	74912.894593750	1400.000	4000.000	1.0000
412	Spectrogram 1	1	74912.878343750	74912.894593750	1400.000	4000.000	1.0000
413	Waveform 1	1	74921.086218750	74921.097593750	1400.000	4000.000	1.0000
413	Spectrogram 1	1	74921.086218750	74921.097593750	1400.000	4000.000	1.0000
414	Waveform 1	1	74963.919593750	74963.930968750	1400.000	4000.000	1.0000
414	Spectrogram 1	1	74963.919593750	74963.930968750	1400.000	4000.000	1.0000
415	Waveform 1	1	74974.412218750	74974.420343750	1400.000	4000.000	1.0000
415	Spectrogram 1	1	74974.412218750	74974.420343750	1400.000	4000.000	1.0000
416	Waveform 1	1	74974.550343750	74974.558468750	1400.000	4000.000	1.0000
416	Spectrogram 1	1	74974.550343750	74974.558468750	1400.000	4000.000	1.0000
417	Waveform 1	1	74974.608843750	74974.626718750	1400.000	4000.000	1.0000
417	Spectrogram 1	1	74974.608843750	74974.626718750	1400.000	4000.000	1.0000
418	Waveform 1	1	74985.845718750	74985.853843750	1400.000	4000.000	1.0000
418	Spectrogram 1	1	74985.845718750	74985.853843750	1400.000	4000.000	1.0000
419	Waveform 1	1	74985.915593750	74985.933468750	1400.000	4000.000	1.0000
419	Spectrogram 1	1	74985.915593750	74985.933468750	1400.000	4000.000	1.0000
420	Waveform 1	1	75102.839218750	75102.852218750	1400.000	4000.000	1.0000
420	Spectrogram 1	1	75102.839218750	75102.852218750	1400.000	4000.000	1.0000
421	Waveform 1	1	75104.438218750	75104.452843750	1400.000	4000.000	1.0000
421	Spectrogram 1	1	75104.438218750	75104.452843750	1400.000	4000.000	1.0000
422	Waveform 1	1	75106.111968750	75106.124968750	1400.000	4000.000	1.0000
422	Spectrogram 1	1	75106.111968750	75106.124968750	1400.000	4000.000	1.0000
423	Waveform 1	1	75107.754843750	75107.767843750	1400.000	4000.000	1.0000
423	Spectrogram 1	1	75107.754843750	75107.767843750	1400.000	4000.000	1.0000
424	Waveform 1	1	75117.815218750	75117.826593750	1400.000	4000.000	1.0000
424	Spectrogram 1	1	75117.815218750	75117.826593750	1400.000	4000.000	1.0000
425	Waveform 1	1	75119.508468750	75119.516593750	1400.000	4000.000	1.0000
425	Spectrogram 1	1	75119.508468750	75119.516593750	1400.000	4000.000	1.0000
426	Waveform 1	1	75252.729218750	75252.742218750	1400.000	4000.000	1.0000
426	Spectrogram 1	1	75252.729218750	75252.742218750	1400.000	4000.000	1.0000
427	Waveform 1	1	75271.821343750	75271.832718750	1400.000	4000.000	1.0000
427	Spectrogram 1	1	75271.821343750	75271.832718750	1400.000	4000.000	1.0000
428	Waveform 1	1	75273.498343750	75273.506468750	1400.000	4000.000	1.0000
428	Spectrogram 1	1	75273.498343750	75273.506468750	1400.000	4000.000	1.0000
429	Waveform 1	1	75677.905593750	75677.913718750	1400.000	4000.000	1.0000
429	Spectrogram 1	1	75677.905593750	75677.913718750	1400.000	4000.000	1.0000
430	Waveform 1	1	75682.091593750	75682.099718750	1400.000	4000.000	1.0000
430	Spectrogram 1	1	75682.091593750	75682.099718750	1400.000	4000.000	1.0000
431	Waveform 1	1	75707.722718750	75707.737343750	1400.000	4000.000	1.0000
431	Spectrogram 1	1	75707.722718750	75707.737343750	1400.000	4000.000	1.0000
432	Waveform 1	1	76224.159093750	76224.176968750	1400.000	4000.000	1.0000
432	Spectrogram 1	1	76224.159093750	76224.176968750	1400.000	4000.000	1.0000
433	Waveform 1	1	76250.064843750	76250.077843750	1400.000	4000.000	1.0000
433	Spectrogram 1	1	76250.064843750	76250.077843750	1400.000	4000.000	1.0000
434	Waveform 1	1	76394.026843750	76394.038218750	1400.000	4000.000	1.0000
434	Spectrogram 1	1	76394.026843750	76394.038218750	1400.000	4000.000	1.0000
435	Waveform 1	1	76405.359593750	76405.377468750	1400.000	4000.000	1.0000
435	Spectrogram 1	1	76405.359593750	76405.377468750	1400.000	4000.000	1.0000
436	Waveform 1	1	76406.921218750	76406.942343750	1400.000	4000.000	1.0000
436	Spectrogram 1	1	76406.921218750	76406.942343750	1400.000	4000.000	1.0000
437	Waveform 1	1	76408.513718750	76408.534843750	1400.000	4000.000	1.0000
437	Spectrogram 1	1	76408.513718750	76408.534843750	1400.000	4000.000	1.0000
438	Waveform 1	1	76410.112718750	76410.122468750	1400.000	4000.000	1.0000
438	Spectrogram 1	1	76410.112718750	76410.122468750	1400.000	4000.000	1.0000
439	Waveform 1	1	76553.075343750	76553.094843750	1400.000	4000.000	1.0000
439	Spectrogram 1	1	76553.075343750	76553.094843750	1400.000	4000.000	1.0000
440	Waveform 1	1	76555.546968750	76555.561593750	1400.000	4000.000	1.0000
440	Spectrogram 1	1	76555.546968750	76555.561593750	1400.000	4000.000	1.0000
441	Waveform 1	1	76746.999593750	76747.012593750	1400.000	4000.000	1.0000
441	Spectrogram 1	1	76746.999593750	76747.012593750	1400.000	4000.000	1.0000
442	Waveform 1	1	76803.742968750	76803.755968750	1400.000	4000.000	1.0000
442	Spectrogram 1	1	76803.742968750	76803.755968750	1400.000	4000.000	1.0000
443	Waveform 1	1	76804.729343750	76804.742343750	1400.000	4000.000	1.0000
443	Spectrogram 1	1	76804.729343750	76804.742343750	1400.000	4000.000	1.0000
444	Waveform 1	1	76805.709218750	76805.725468750	1400.000	4000.000	1.0000
444	Spectrogram 1	1	76805.709218750	76805.725468750	1400.000	4000.000	1.0000
445	Waveform 1	1	76806.697218750	76806.715093750	1400.000	4000.000	1.0000
445	Spectrogram 1	1	76806.697218750	76806.715093750	1400.000	4000.000	1.0000
446	Waveform 1	1	76807.668968750	76807.685218750	1400.000	4000.000	1.0000
446	Spectrogram 1	1	76807.668968750	76807.685218750	1400.000	4000.000	1.0000
447	Waveform 1	1	76808.640718750	76808.650468750	1400.000	4000.000	1.0000
447	Spectrogram 1	1	76808.640718750	76808.650468750	1400.000	4000.000	1.0000
448	Waveform 1	1	76812.457843750	76812.470843750	1400.000	4000.000	1.0000
448	Spectrogram 1	1	76812.457843750	76812.470843750	1400.000	4000.000	1.0000
449	Waveform 1	1	76813.325593750	76813.343468750	1400.000	4000.000	1.0000
449	Spectrogram 1	1	76813.325593750	76813.343468750	1400.000	4000.000	1.0000
450	Waveform 1	1	76814.276218750	76814.287593750	1400.000	4000.000	1.0000
450	Spectrogram 1	1	76814.276218750	76814.287593750	1400.000	4000.000	1.0000
451	Waveform 1	1	76815.189468750	76815.202468750	1400.000	4000.000	1.0000
451	Spectrogram 1	1	76815.189468750	76815.202468750	1400.000	4000.000	1.0000
452	Waveform 1	1	76816.097843750	76816.112468750	1400.000	4000.000	1.0000
452	Spectrogram 1	1	76816.097843750	76816.112468750	1400.000	4000.000	1.0000
453	Waveform 1	1	76817.020843750	76817.040343750	1400.000	4000.000	1.0000
453	Spectrogram 1	1	76817.020843750	76817.040343750	1400.000	4000.000	1.0000
454	Waveform 1	1	76817.950343750	76817.966593750	1400.000	4000.000	1.0000
454	Spectrogram 1	1	76817.950343750	76817.966593750	1400.000	4000.000	1.0000
455	Waveform 1	1	76818.894468750	76818.910718750	1400.000	4000.000	1.0000
455	Spectrogram 1	1	76818.894468750	76818.910718750	1400.000	4000.000	1.0000
456	Waveform 1	1	76819.794718750	76819.804468750	1400.000	4000.000	1.0000
456	Spectrogram 1	1	76819.794718750	76819.804468750	1400.000	4000.000	1.0000
457	Waveform 1	1	76819.853218750	76819.874343750	1400.000	4000.000	1.0000
457	Spectrogram 1	1	76819.853218750	76819.874343750	1400.000	4000.000	1.0000
458	Waveform 1	1	76820.808718750	76820.828218750	1400.000	4000.000	1.0000
458	Spectrogram 1	1	76820.808718750	76820.828218750	1400.000	4000.000	1.0000
459	Waveform 1	1	76821.821093750	76821.843843750	1400.000	4000.000	1.0000
459	Spectrogram 1	1	76821.821093750	76821.843843750	1400.000	4000.000	1.0000
460	Waveform 1	1	76822.917968750	76822.939093750	1400.000	4000.000	1.0000
460	Spectrogram 1	1	76822.917968750	76822.939093750	1400.000	4000.000	1.0000
461	Waveform 1	1	76824.027843750	76824.047343750	1400.000	4000.000	1.0000
461	Spectrogram 1	1	76824.027843750	76824.047343750	1400.000	4000.000	1.0000
462	Waveform 1	1	76824.976843750	76824.996343750	1400.000	4000.000	1.0000
462	Spectrogram 1	1	76824.976843750	76824.996343750	1400.000	4000.000	1.0000
463	Waveform 1	1	76825.864093750	76825.880343750	1400.000	4000.000	1.0000
463	Spectrogram 1	1	76825.864093750	76825.880343750	1400.000	4000.000	1.0000
464	Waveform 1	1	76826.759468750	76826.769218750	1400.000	4000.000	1.0000
464	Spectrogram 1	1	76826.759468750	76826.769218750	1400.000	4000.000	1.0000
465	Waveform 1	1	76830.581468750	76830.589593750	1400.000	4000.000	1.0000
465	Spectrogram 1	1	76830.581468750	76830.589593750	1400.000	4000.000	1.0000
466	Waveform 1	1	76923.208093750	76923.217843750	1400.000	4000.000	1.0000
466	Spectrogram 1	1	76923.208093750	76923.217843750	1400.000	4000.000	1.0000
467	Waveform 1	1	76926.004718750	76926.012843750	1400.000	4000.000	1.0000
467	Spectrogram 1	1	76926.004718750	76926.012843750	1400.000	4000.000	1.0000
468	Waveform 1	1	76926.357343750	76926.365468750	1400.000	4000.000	1.0000
468	Spectrogram 1	1	76926.357343750	76926.365468750	1400.000	4000.000	1.0000
469	Waveform 1	1	76996.259968750	76996.269718750	1400.000	4000.000	1.0000
469	Spectrogram 1	1	76996.259968750	76996.269718750	1400.000	4000.000	1.0000
470	Waveform 1	1	77199.027468750	77199.042093750	1400.000	4000.000	1.0000
470	Spectrogram 1	1	77199.027468750	77199.042093750	1400.000	4000.000	1.0000
471	Waveform 1	1	77199.979718750	77199.992718750	1400.000	4000.000	1.0000
471	Spectrogram 1	1	77199.979718750	77199.992718750	1400.000	4000.000	1.0000
472	Waveform 1	1	77201.027843750	77201.040843750	1400.000	4000.000	1.0000
472	Spectrogram 1	1	77201.027843750	77201.040843750	1400.000	4000.000	1.0000
473	Waveform 1	1	77202.079218750	77202.095468750	1400.000	4000.000	1.0000
473	Spectrogram 1	1	77202.079218750	77202.095468750	1400.000	4000.000	1.0000
474	Waveform 1	1	77203.007093750	77203.020093750	1400.000	4000.000	1.0000
474	Spectrogram 1	1	77203.007093750	77203.020093750	1400.000	4000.000	1.0000
475	Waveform 1	1	77203.952843750	77203.962593750	1400.000	4000.000	1.0000
475	Spectrogram 1	1	77203.952843750	77203.962593750	1400.000	4000.000	1.0000
476	Waveform 1	1	77204.919718750	77204.931093750	1400.000	4000.000	1.0000
476	Spectrogram 1	1	77204.919718750	77204.931093750	1400.000	4000.000	1.0000
477	Waveform 1	1	77205.896343750	77205.910968750	1400.000	4000.000	1.0000
477	Spectrogram 1	1	77205.896343750	77205.910968750	1400.000	4000.000	1.0000
478	Waveform 1	1	77206.877843750	77206.894093750	1400.000	4000.000	1.0000
478	Spectrogram 1	1	77206.877843750	77206.894093750	1400.000	4000.000	1.0000
479	Waveform 1	1	77207.864218750	77207.880468750	1400.000	4000.000	1.0000
479	Spectrogram 1	1	77207.864218750	77207.880468750	1400.000	4000.000	1.0000
480	Waveform 1	1	77208.831093750	77208.844093750	1400.000	4000.000	1.0000
480	Spectrogram 1	1	77208.831093750	77208.844093750	1400.000	4000.000	1.0000
481	Waveform 1	1	77209.732968750	77209.749218750	1400.000	4000.000	1.0000
481	Spectrogram 1	1	77209.732968750	77209.749218750	1400.000	4000.000	1.0000
482	Waveform 1	1	77210.647843750	77210.657593750	1400.000	4000.000	1.0000
482	Spectrogram 1	1	77210.647843750	77210.657593750	1400.000	4000.000	1.0000
483	Waveform 1	1	77219.453718750	77219.465093750	1400.000	4000.000	1.0000
483	Spectrogram 1	1	77219.453718750	77219.465093750	1400.000	4000.000	1.0000
484	Waveform 1	1	77225.818843750	77225.828593750	1400.000	4000.000	1.0000
484	Spectrogram 1	1	77225.818843750	77225.828593750	1400.000	4000.000	1.0000
485	Waveform 1	1	77233.379968750	77233.389718750	1400.000	4000.000	1.0000
485	Spectrogram 1	1	77233.379968750	77233.389718750	1400.000	4000.000	1.0000
486	Waveform 1	1	77235.312093750	77235.320218750	1400.000	4000.000	1.0000
486	Spectrogram 1	1	77235.312093750	77235.320218750	1400.000	4000.000	1.0000
487	Waveform 1	1	77245.328593750	77245.341593750	1400.000	4000.000	1.0000
487	Spectrogram 1	1	77245.328593750	77245.341593750	1400.000	4000.000	1.0000
488	Waveform 1	1	77443.469718750	77443.477843750	1400.000	4000.000	1.0000
488	Spectrogram 1	1	77443.469718750	77443.477843750	1400.000	4000.000	1.0000
489	Waveform 1	1	77449.272593750	77449.292093750	1400.000	4000.000	1.0000
489	Spectrogram 1	1	77449.272593750	77449.292093750	1400.000	4000.000	1.0000
490	Waveform 1	1	77455.250968750	77455.267218750	1400.000	4000.000	1.0000
490	Spectrogram 1	1	77455.250968750	77455.267218750	1400.000	4000.000	1.0000
491	Waveform 1	1	77460.000843750	77460.030093750	1400.000	4000.000	1.0000
491	Spectrogram 1	1	77460.000843750	77460.030093750	1400.000	4000.000	1.0000
492	Waveform 1	1	77461.640468750	77461.659968750	1400.000	4000.000	1.0000
492	Spectrogram 1	1	77461.640468750	77461.659968750	1400.000	4000.000	1.0000
493	Waveform 1	1	77467.942218750	77467.958468750	1400.000	4000.000	1.0000
493	Spectrogram 1	1	77467.942218750	77467.958468750	1400.000	4000.000	1.0000
494	Waveform 1	1	77737.178718750	77737.191718750	1400.000	4000.000	1.0000
494	Spectrogram 1	1	77737.178718750	77737.191718750	1400.000	4000.000	1.0000
495	Waveform 1	1	77752.614593750	77752.622718750	1400.000	4000.000	1.0000
495	Spectrogram 1	1	77752.614593750	77752.622718750	1400.000	4000.000	1.0000
496	Waveform 1	1	77855.046468750	77855.056218750	1400.000	4000.000	1.0000
496	Spectrogram 1	1	77855.046468750	77855.056218750	1400.000	4000.000	1.0000
497	Waveform 1	1	77899.833093750	77899.846093750	1400.000	4000.000	1.0000
497	Spectrogram 1	1	77899.833093750	77899.846093750	1400.000	4000.000	1.0000
498	Waveform 1	1	77952.736593750	77952.752843750	1400.000	4000.000	1.0000
498	Spectrogram 1	1	77952.736593750	77952.752843750	1400.000	4000.000	1.0000
499	Waveform 1	1	77990.192843750	77990.202593750	1400.000	4000.000	1.0000
499	Spectrogram 1	1	77990.192843750	77990.202593750	1400.000	4000.000	1.0000
500	Waveform 1	1	78024.408843750	78024.418593750	1400.000	4000.000	1.0000
500	Spectrogram 1	1	78024.408843750	78024.418593750	1400.000	4000.000	1.0000
501	Waveform 1	1	78072.661593750	78072.672968750	1400.000	4000.000	1.0000
501	Spectrogram 1	1	78072.661593750	78072.672968750	1400.000	4000.000	1.0000
502	Waveform 1	1	78072.713593750	78072.724968750	1400.000	4000.000	1.0000
502	Spectrogram 1	1	78072.713593750	78072.724968750	1400.000	4000.000	1.0000
503	Waveform 1	1	78109.891968750	78109.917968750	1400.000	4000.000	1.0000
503	Spectrogram 1	1	78109.891968750	78109.917968750	1400.000	4000.000	1.0000
504	Waveform 1	1	78109.963468750	78109.981343750	1400.000	4000.000	1.0000
504	Spectrogram 1	1	78109.963468750	78109.981343750	1400.000	4000.000	1.0000
505	Waveform 1	1	78120.358593750	78120.379718750	1400.000	4000.000	1.0000
505	Spectrogram 1	1	78120.358593750	78120.379718750	1400.000	4000.000	1.0000
506	Waveform 1	1	78129.187218750	78129.198593750	1400.000	4000.000	1.0000
506	Spectrogram 1	1	78129.187218750	78129.198593750	1400.000	4000.000	1.0000
507	Waveform 1	1	78250.646218750	78250.660843750	1400.000	4000.000	1.0000
507	Spectrogram 1	1	78250.646218750	78250.660843750	1400.000	4000.000	1.0000
508	Waveform 1	1	78301.195093750	78301.204843750	1400.000	4000.000	1.0000
508	Spectrogram 1	1	78301.195093750	78301.204843750	1400.000	4000.000	1.0000
509	Waveform 1	1	78493.088093750	78493.102718750	1400.000	4000.000	1.0000
509	Spectrogram 1	1	78493.088093750	78493.102718750	1400.000	4000.000	1.0000
510	Waveform 1	1	78523.938718750	78523.954968750	1400.000	4000.000	1.0000
510	Spectrogram 1	1	78523.938718750	78523.954968750	1400.000	4000.000	1.0000
511	Waveform 1	1	78524.421343750	78524.439218750	1400.000	4000.000	1.0000
511	Spectrogram 1	1	78524.421343750	78524.439218750	1400.000	4000.000	1.0000
512	Waveform 1	1	78613.014718750	78613.024468750	1400.000	4000.000	1.0000
512	Spectrogram 1	1	78613.014718750	78613.024468750	1400.000	4000.000	1.0000
513	Waveform 1	1	78697.332718750	78697.340843750	1400.000	4000.000	1.0000
513	Spectrogram 1	1	78697.332718750	78697.340843750	1400.000	4000.000	1.0000
514	Waveform 1	1	78757.469093750	78757.478843750	1400.000	4000.000	1.0000
514	Spectrogram 1	1	78757.469093750	78757.478843750	1400.000	4000.000	1.0000
515	Waveform 1	1	78762.760093750	78762.771468750	1400.000	4000.000	1.0000
515	Spectrogram 1	1	78762.760093750	78762.771468750	1400.000	4000.000	1.0000
516	Waveform 1	1	78763.559593750	78763.570968750	1400.000	4000.000	1.0000
516	Spectrogram 1	1	78763.559593750	78763.570968750	1400.000	4000.000	1.0000
517	Waveform 1	1	78764.396468750	78764.409468750	1400.000	4000.000	1.0000
517	Spectrogram 1	1	78764.396468750	78764.409468750	1400.000	4000.000	1.0000
518	Waveform 1	1	78928.914718750	78928.930968750	1400.000	4000.000	1.0000
518	Spectrogram 1	1	78928.914718750	78928.930968750	1400.000	4000.000	1.0000
519	Waveform 1	1	79066.186593750	79066.197968750	1400.000	4000.000	1.0000
519	Spectrogram 1	1	79066.186593750	79066.197968750	1400.000	4000.000	1.0000
520	Waveform 1	1	79376.312968750	79376.329218750	1400.000	4000.000	1.0000
520	Spectrogram 1	1	79376.312968750	79376.329218750	1400.000	4000.000	1.0000
521	Waveform 1	1	79557.090968750	79557.100718750	1400.000	4000.000	1.0000
521	Spectrogram 1	1	79557.090968750	79557.100718750	1400.000	4000.000	1.0000
522	Waveform 1	1	79557.970093750	79557.978218750	1400.000	4000.000	1.0000
522	Spectrogram 1	1	79557.970093750	79557.978218750	1400.000	4000.000	1.0000
523	Waveform 1	1	79640.060218750	79640.073218750	1400.000	4000.000	1.0000
523	Spectrogram 1	1	79640.060218750	79640.073218750	1400.000	4000.000	1.0000
524	Waveform 1	1	79792.912593750	79792.938593750	1400.000	4000.000	1.0000
524	Spectrogram 1	1	79792.912593750	79792.938593750	1400.000	4000.000	1.0000
525	Waveform 1	1	80291.925718750	80291.945218750	1400.000	4000.000	1.0000
525	Spectrogram 1	1	80291.925718750	80291.945218750	1400.000	4000.000	1.0000
526	Waveform 1	1	80302.038093750	80302.049468750	1400.000	4000.000	1.0000
526	Spectrogram 1	1	80302.038093750	80302.049468750	1400.000	4000.000	1.0000
527	Waveform 1	1	80351.858968750	80351.867093750	1400.000	4000.000	1.0000
527	Spectrogram 1	1	80351.858968750	80351.867093750	1400.000	4000.000	1.0000
528	Waveform 1	1	80464.196843750	80464.208218750	1400.000	4000.000	1.0000
528	Spectrogram 1	1	80464.196843750	80464.208218750	1400.000	4000.000	1.0000
529	Waveform 1	1	80742.598343750	80742.606468750	1400.000	4000.000	1.0000
529	Spectrogram 1	1	80742.598343750	80742.606468750	1400.000	4000.000	1.0000
530	Waveform 1	1	80743.661093750	80743.674093750	1400.000	4000.000	1.0000
530	Spectrogram 1	1	80743.661093750	80743.674093750	1400.000	4000.000	1.0000
531	Waveform 1	1	80748.789593750	80748.804218750	1400.000	4000.000	1.0000
531	Spectrogram 1	1	80748.789593750	80748.804218750	1400.000	4000.000	1.0000
532	Waveform 1	1	80749.814968750	80749.829593750	1400.000	4000.000	1.0000
532	Spectrogram 1	1	80749.814968750	80749.829593750	1400.000	4000.000	1.0000
533	Waveform 1	1	80750.856593750	80750.869593750	1400.000	4000.000	1.0000
533	Spectrogram 1	1	80750.856593750	80750.869593750	1400.000	4000.000	1.0000
534	Waveform 1	1	80755.008468750	80755.016593750	1400.000	4000.000	1.0000
534	Spectrogram 1	1	80755.008468750	80755.016593750	1400.000	4000.000	1.0000
535	Waveform 1	1	80756.024093750	80756.032218750	1400.000	4000.000	1.0000
535	Spectrogram 1	1	80756.024093750	80756.032218750	1400.000	4000.000	1.0000
536	Waveform 1	1	80757.029968750	80757.039718750	1400.000	4000.000	1.0000
536	Spectrogram 1	1	80757.029968750	80757.039718750	1400.000	4000.000	1.0000
537	Waveform 1	1	80761.204593750	80761.214343750	1400.000	4000.000	1.0000
537	Spectrogram 1	1	80761.204593750	80761.214343750	1400.000	4000.000	1.0000
538	Waveform 1	1	80762.865343750	80762.876718750	1400.000	4000.000	1.0000
538	Spectrogram 1	1	80762.865343750	80762.876718750	1400.000	4000.000	1.0000
539	Waveform 1	1	80763.679468750	80763.690843750	1400.000	4000.000	1.0000
539	Spectrogram 1	1	80763.679468750	80763.690843750	1400.000	4000.000	1.0000
540	Waveform 1	1	80768.853468750	80768.866468750	1400.000	4000.000	1.0000
540	Spectrogram 1	1	80768.853468750	80768.866468750	1400.000	4000.000	1.0000
541	Waveform 1	1	80788.675218750	80788.686593750	1400.000	4000.000	1.0000
541	Spectrogram 1	1	80788.675218750	80788.686593750	1400.000	4000.000	1.0000
542	Waveform 1	1	81151.233843750	81151.254968750	1400.000	4000.000	1.0000
542	Spectrogram 1	1	81151.233843750	81151.254968750	1400.000	4000.000	1.0000
543	Waveform 1	1	81262.726718750	81262.741343750	1400.000	4000.000	1.0000
543	Spectrogram 1	1	81262.726718750	81262.741343750	1400.000	4000.000	1.0000
544	Waveform 1	1	81384.968968750	81384.978718750	1400.000	4000.000	1.0000
544	Spectrogram 1	1	81384.968968750	81384.978718750	1400.000	4000.000	1.0000
545	Waveform 1	1	81385.731093750	81385.740843750	1400.000	4000.000	1.0000
545	Spectrogram 1	1	81385.731093750	81385.740843750	1400.000	4000.000	1.0000
546	Waveform 1	1	81436.346593750	81436.356343750	1400.000	4000.000	1.0000
546	Spectrogram 1	1	81436.346593750	81436.356343750	1400.000	4000.000	1.0000
547	Waveform 1	1	81529.671968750	81529.683343750	1400.000	4000.000	1.0000
547	Spectrogram 1	1	81529.671968750	81529.683343750	1400.000	4000.000	1.0000
548	Waveform 1	1	81584.431218750	81584.442593750	1400.000	4000.000	1.0000
548	Spectrogram 1	1	81584.431218750	81584.442593750	1400.000	4000.000	1.0000
549	Waveform 1	1	81584.871593750	81584.884593750	1400.000	4000.000	1.0000
549	Spectrogram 1	1	81584.871593750	81584.884593750	1400.000	4000.000	1.0000
550	Waveform 1	1	81653.015968750	81653.024093750	1400.000	4000.000	1.0000
550	Spectrogram 1	1	81653.015968750	81653.024093750	1400.000	4000.000	1.0000
551	Waveform 1	1	81654.837593750	81654.853843750	1400.000	4000.000	1.0000
551	Spectrogram 1	1	81654.837593750	81654.853843750	1400.000	4000.000	1.0000
552	Waveform 1	1	81657.539968750	81657.552968750	1400.000	4000.000	1.0000
552	Spectrogram 1	1	81657.539968750	81657.552968750	1400.000	4000.000	1.0000
553	Waveform 1	1	81897.102343750	81897.113718750	1400.000	4000.000	1.0000
553	Spectrogram 1	1	81897.102343750	81897.113718750	1400.000	4000.000	1.0000
554	Waveform 1	1	82027.155968750	82027.173843750	1400.000	4000.000	1.0000
554	Spectrogram 1	1	82027.155968750	82027.173843750	1400.000	4000.000	1.0000
555	Waveform 1	1	82040.545968750	82040.567093750	1400.000	4000.000	1.0000
555	Spectrogram 1	1	82040.545968750	82040.567093750	1400.000	4000.000	1.0000
556	Waveform 1	1	82126.245218750	82126.258218750	1400.000	4000.000	1.0000
556	Spectrogram 1	1	82126.245218750	82126.258218750	1400.000	4000.000	1.0000
557	Waveform 1	1	82130.670093750	82130.678218750	1400.000	4000.000	1.0000
557	Spectrogram 1	1	82130.670093750	82130.678218750	1400.000	4000.000	1.0000
558	Waveform 1	1	82149.056968750	82149.071593750	1400.000	4000.000	1.0000
558	Spectrogram 1	1	82149.056968750	82149.071593750	1400.000	4000.000	1.0000
559	Waveform 1	1	82203.525343750	82203.533468750	1400.000	4000.000	1.0000
559	Spectrogram 1	1	82203.525343750	82203.533468750	1400.000	4000.000	1.0000
560	Waveform 1	1	82305.992968750	82306.004343750	1400.000	4000.000	1.0000
560	Spectrogram 1	1	82305.992968750	82306.004343750	1400.000	4000.000	1.0000
561	Waveform 1	1	82307.972218750	82307.988468750	1400.000	4000.000	1.0000
561	Spectrogram 1	1	82307.972218750	82307.988468750	1400.000	4000.000	1.0000
562	Waveform 1	1	82351.033093750	82351.046093750	1400.000	4000.000	1.0000
562	Spectrogram 1	1	82351.033093750	82351.046093750	1400.000	4000.000	1.0000
563	Waveform 1	1	82432.133593750	82432.144968750	1400.000	4000.000	1.0000
563	Spectrogram 1	1	82432.133593750	82432.144968750	1400.000	4000.000	1.0000
564	Waveform 1	1	82443.245343750	82443.253468750	1400.000	4000.000	1.0000
564	Spectrogram 1	1	82443.245343750	82443.253468750	1400.000	4000.000	1.0000
565	Waveform 1	1	82461.624093750	82461.640343750	1400.000	4000.000	1.0000
565	Spectrogram 1	1	82461.624093750	82461.640343750	1400.000	4000.000	1.0000
566	Waveform 1	1	82465.618343750	82465.632968750	1400.000	4000.000	1.0000
566	Spectrogram 1	1	82465.618343750	82465.632968750	1400.000	4000.000	1.0000
567	Waveform 1	1	82631.833093750	82631.844468750	1400.000	4000.000	1.0000
567	Spectrogram 1	1	82631.833093750	82631.844468750	1400.000	4000.000	1.0000
568	Waveform 1	1	82783.770593750	82783.798218750	1400.000	4000.000	1.0000
568	Spectrogram 1	1	82783.770593750	82783.798218750	1400.000	4000.000	1.0000
569	Waveform 1	1	82808.036718750	82808.052968750	1400.000	4000.000	1.0000
569	Spectrogram 1	1	82808.036718750	82808.052968750	1400.000	4000.000	1.0000
570	Waveform 1	1	82870.074343750	82870.085718750	1400.000	4000.000	1.0000
570	Spectrogram 1	1	82870.074343750	82870.085718750	1400.000	4000.000	1.0000
571	Waveform 1	1	82909.423718750	82909.436718750	1400.000	4000.000	1.0000
571	Spectrogram 1	1	82909.423718750	82909.436718750	1400.000	4000.000	1.0000
572	Waveform 1	1	83173.907093750	83173.916843750	1400.000	4000.000	1.0000
572	Spectrogram 1	1	83173.907093750	83173.916843750	1400.000	4000.000	1.0000
573	Waveform 1	1	83206.709343750	83206.722343750	1400.000	4000.000	1.0000
573	Spectrogram 1	1	83206.709343750	83206.722343750	1400.000	4000.000	1.0000
574	Waveform 1	1	83240.566218750	83240.575968750	1400.000	4000.000	1.0000
574	Spectrogram 1	1	83240.566218750	83240.575968750	1400.000	4000.000	1.0000
575	Waveform 1	1	83242.157093750	83242.165218750	1400.000	4000.000	1.0000
575	Spectrogram 1	1	83242.157093750	83242.165218750	1400.000	4000.000	1.0000
576	Waveform 1	1	83247.150718750	83247.162093750	1400.000	4000.000	1.0000
576	Spectrogram 1	1	83247.150718750	83247.162093750	1400.000	4000.000	1.0000
577	Waveform 1	1	83252.194718750	83252.210968750	1400.000	4000.000	1.0000
577	Spectrogram 1	1	83252.194718750	83252.210968750	1400.000	4000.000	1.0000
578	Waveform 1	1	83253.798593750	83253.808343750	1400.000	4000.000	1.0000
578	Spectrogram 1	1	83253.798593750	83253.808343750	1400.000	4000.000	1.0000
579	Waveform 1	1	83255.407343750	83255.417093750	1400.000	4000.000	1.0000
579	Spectrogram 1	1	83255.407343750	83255.417093750	1400.000	4000.000	1.0000
580	Waveform 1	1	83257.064843750	83257.081093750	1400.000	4000.000	1.0000
580	Spectrogram 1	1	83257.064843750	83257.081093750	1400.000	4000.000	1.0000
581	Waveform 1	1	83258.723968750	83258.740218750	1400.000	4000.000	1.0000
581	Spectrogram 1	1	83258.723968750	83258.740218750	1400.000	4000.000	1.0000
582	Waveform 1	1	83260.392843750	83260.404218750	1400.000	4000.000	1.0000
582	Spectrogram 1	1	83260.392843750	83260.404218750	1400.000	4000.000	1.0000
583	Waveform 1	1	83263.751718750	83263.759843750	1400.000	4000.000	1.0000
583	Spectrogram 1	1	83263.751718750	83263.759843750	1400.000	4000.000	1.0000
584	Waveform 1	1	83266.993593750	83267.009843750	1400.000	4000.000	1.0000
584	Spectrogram 1	1	83266.993593750	83267.009843750	1400.000	4000.000	1.0000
585	Waveform 1	1	83354.634718750	83354.646093750	1400.000	4000.000	1.0000
585	Spectrogram 1	1	83354.634718750	83354.646093750	1400.000	4000.000	1.0000
586	Waveform 1	1	83630.327343750	83630.345218750	1400.000	4000.000	1.0000
586	Spectrogram 1	1	83630.327343750	83630.345218750	1400.000	4000.000	1.0000
587	Waveform 1	1	83632.807093750	83632.824968750	1400.000	4000.000	1.0000
587	Spectrogram 1	1	83632.807093750	83632.824968750	1400.000	4000.000	1.0000
588	Waveform 1	1	83728.368468750	83728.381468750	1400.000	4000.000	1.0000
588	Spectrogram 1	1	83728.368468750	83728.381468750	1400.000	4000.000	1.0000
589	Waveform 1	1	83728.553718750	83728.571593750	1400.000	4000.000	1.0000
589	Spectrogram 1	1	83728.553718750	83728.571593750	1400.000	4000.000	1.0000
590	Waveform 1	1	83821.628843750	83821.638593750	1400.000	4000.000	1.0000
590	Spectrogram 1	1	83821.628843750	83821.638593750	1400.000	4000.000	1.0000
591	Waveform 1	1	83861.493343750	83861.512843750	1400.000	4000.000	1.0000
591	Spectrogram 1	1	83861.493343750	83861.512843750	1400.000	4000.000	1.0000
592	Waveform 1	1	83861.564843750	83861.576218750	1400.000	4000.000	1.0000
592	Spectrogram 1	1	83861.564843750	83861.576218750	1400.000	4000.000	1.0000
593	Waveform 1	1	84019.604218750	84019.615593750	1400.000	4000.000	1.0000
593	Spectrogram 1	1	84019.604218750	84019.615593750	1400.000	4000.000	1.0000
594	Waveform 1	1	84130.107468750	84130.123718750	1400.000	4000.000	1.0000
594	Spectrogram 1	1	84130.107468750	84130.123718750	1400.000	4000.000	1.0000
595	Waveform 1	1	84407.369843750	84407.384468750	1400.000	4000.000	1.0000
595	Spectrogram 1	1	84407.369843750	84407.384468750	1400.000	4000.000	1.0000
596	Waveform 1	1	84555.356968750	84555.379718750	1400.000	4000.000	1.0000
596	Spectrogram 1	1	84555.356968750	84555.379718750	1400.000	4000.000	1.0000
597	Waveform 1	1	84589.158593750	84589.173218750	1400.000	4000.000	1.0000
597	Spectrogram 1	1	84589.158593750	84589.173218750	1400.000	4000.000	1.0000
598	Waveform 1	1	84924.690218750	84924.698343750	1400.000	4000.000	1.0000
598	Spectrogram 1	1	84924.690218750	84924.698343750	1400.000	4000.000	1.0000
599	Waveform 1	1	84924.747093750	84924.773093750	1400.000	4000.000	1.0000
599	Spectrogram 1	1	84924.747093750	84924.773093750	1400.000	4000.000	1.0000
600	Waveform 1	1	84933.762593750	84933.770718750	1400.000	4000.000	1.0000
600	Spectrogram 1	1	84933.762593750	84933.770718750	1400.000	4000.000	1.0000
601	Waveform 1	1	84971.607218750	84971.623468750	1400.000	4000.000	1.0000
601	Spectrogram 1	1	84971.607218750	84971.623468750	1400.000	4000.000	1.0000
602	Waveform 1	1	84988.796468750	84988.809468750	1400.000	4000.000	1.0000
602	Spectrogram 1	1	84988.796468750	84988.809468750	1400.000	4000.000	1.0000
603	Waveform 1	1	84999.930968750	84999.950468750	1400.000	4000.000	1.0000
603	Spectrogram 1	1	84999.930968750	84999.950468750	1400.000	4000.000	1.0000
604	Waveform 1	1	85572.372968750	85572.387593750	1400.000	4000.000	1.0000
604	Spectrogram 1	1	85572.372968750	85572.387593750	1400.000	4000.000	1.0000
605	Waveform 1	1	85803.298468750	85803.306593750	1400.000	4000.000	1.0000
605	Spectrogram 1	1	85803.298468750	85803.306593750	1400.000	4000.000	1.0000
606	Waveform 1	1	85804.850343750	85804.860093750	1400.000	4000.000	1.0000
606	Spectrogram 1	1	85804.850343750	85804.860093750	1400.000	4000.000	1.0000
607	Waveform 1	1	86127.300718750	86127.315343750	1400.000	4000.000	1.0000
607	Spectrogram 1	1	86127.300718750	86127.315343750	1400.000	4000.000	1.0000
