Selection	View	Channel	Begin Time (s)	End Time (s)	Low Freq (Hz)	High Freq (Hz)	Occupancy
1	Waveform 1	1	4502.601718750	4502.616343750	1400.000	4000.000	1.0000
1	Spectrogram 1	1	4502.601718750	4502.616343750	1400.000	4000.000	1.0000
2	Waveform 1	1	4912.688343750	4912.698093750	1400.000	4000.000	1.0000
2	Spectrogram 1	1	4912.688343750	4912.698093750	1400.000	4000.000	1.0000
3	Waveform 1	1	5456.231343750	5456.239468750	1400.000	4000.000	1.0000
3	Spectrogram 1	1	5456.231343750	5456.239468750	1400.000	4000.000	1.0000
4	Waveform 1	1	5522.604468750	5522.620718750	1400.000	4000.000	1.0000
4	Spectrogram 1	1	5522.604468750	5522.620718750	1400.000	4000.000	1.0000
5	Waveform 1	1	5589.208343750	5589.218093750	1400.000	4000.000	1.0000
5	Spectrogram 1	1	5589.208343750	5589.218093750	1400.000	4000.000	1.0000
6	Waveform 1	1	6434.556093750	6434.564218750	1400.000	4000.000	1.0000
6	Spectrogram 1	1	6434.556093750	6434.564218750	1400.000	4000.000	1.0000
7	Waveform 1	1	6600.939843750	6600.949593750	1400.000	4000.000	1.0000
7	Spectrogram 1	1	6600.939843750	6600.949593750	1400.000	4000.000	1.0000
8	Waveform 1	1	8526.867093750	8526.897968750	1400.000	4000.000	1.0000
8	Spectrogram 1	1	8526.867093750	8526.897968750	1400.000	4000.000	1.0000
9	Waveform 1	1	8842.763843750	8842.786593750	1400.000	4000.000	1.0000
9	Spectrogram 1	1	8842.763843750	8842.786593750	1400.000	4000.000	1.0000
10	Waveform 1	1	9715.796718750	9715.808093750	1400.000	4000.000	1.0000
10	Spectrogram 1	1	9715.796718750	9715.808093750	1400.000	4000.000	1.0000
11	Waveform 1	1	10348.116718750	10348.129718750	1400.000	4000.000	1.0000
11	Spectrogram 1	1	10348.116718750	10348.129718750	1400.000	4000.000	1.0000
12	Waveform 1	1	10880.079968750	10880.092968750	1400.000	4000.000	1.0000
12	Spectrogram 1	1	10880.079968750	10880.092968750	1400.000	4000.000	1.0000
13	Waveform 1	1	11525.206593750	11525.217968750	1400.000	4000.000	1.0000
13	Spectrogram 1	1	11525.206593750	11525.217968750	1400.000	4000.000	1.0000
14	Waveform 1	1	11847.798343750	11847.812968750	1400.000	4000.000	1.0000
14	Spectrogram 1	1	11847.798343750	11847.812968750	1400.000	4000.000	1.0000
15	Waveform 1	1	11871.524968750	11871.539593750	1400.000	4000.000	1.0000
15	Spectrogram 1	1	11871.524968750	11871.539593750	1400.000	4000.000	1.0000
16	Waveform 1	1	11902.975218750	11902.984968750	1400.000	4000.000	1.0000
16	Spectrogram 1	1	11902.975218750	11902.984968750	1400.000	4000.000	1.0000
17	Waveform 1	1	12538.205593750	12538.216968750	1400.000	4000.000	1.0000
17	Spectrogram 1	1	12538.205593750	12538.216968750	1400.000	4000.000	1.0000
18	Waveform 1	1	12806.933468750	12806.952968750	1400.000	4000.000	1.0000
18	Spectrogram 1	1	12806.933468750	12806.952968750	1400.000	4000.000	1.0000
19	Waveform 1	1	12807.459968750	12807.472968750	1400.000	4000.000	1.0000
19	Spectrogram 1	1	12807.459968750	12807.472968750	1400.000	4000.000	1.0000
20	Waveform 1	1	12855.959718750	12855.971093750	1400.000	4000.000	1.0000
20	Spectrogram 1	1	12855.959718750	12855.971093750	1400.000	4000.000	1.0000
21	Waveform 1	1	13135.188343750	13135.199718750	1400.000	4000.000	1.0000
21	Spectrogram 1	1	13135.188343750	13135.199718750	1400.000	4000.000	1.0000
22	Waveform 1	1	13143.636718750	13143.654593750	1400.000	4000.000	1.0000
22	Spectrogram 1	1	13143.636718750	13143.654593750	1400.000	4000.000	1.0000
23	Waveform 1	1	13574.612718750	13574.632218750	1400.000	4000.000	1.0000
23	Spectrogram 1	1	13574.612718750	13574.632218750	1400.000	4000.000	1.0000
24	Waveform 1	1	14132.306218750	14132.319218750	1400.000	4000.000	1.0000
24	Spectrogram 1	1	14132.306218750	14132.319218750	1400.000	4000.000	1.0000
25	Waveform 1	1	14161.427843750	14161.437593750	1400.000	4000.000	1.0000
25	Spectrogram 1	1	14161.427843750	14161.437593750	1400.000	4000.000	1.0000
26	Waveform 1	1	14213.418093750	14213.426218750	1400.000	4000.000	1.0000
26	Spectrogram 1	1	14213.418093750	14213.426218750	1400.000	4000.000	1.0000
27	Waveform 1	1	14288.138843750	14288.151843750	1400.000	4000.000	1.0000
27	Spectrogram 1	1	14288.138843750	14288.151843750	1400.000	4000.000	1.0000
28	Waveform 1	1	14458.531468750	14458.542843750	1400.000	4000.000	1.0000
28	Spectrogram 1	1	14458.531468750	14458.542843750	1400.000	4000.000	1.0000
29	Waveform 1	1	14534.794343750	14534.813843750	1400.000	4000.000	1.0000
29	Spectrogram 1	1	14534.794343750	14534.813843750	1400.000	4000.000	1.0000
30	Waveform 1	1	14687.523218750	14687.531343750	1400.000	4000.000	1.0000
30	Spectrogram 1	1	14687.523218750	14687.531343750	1400.000	4000.000	1.0000
31	Waveform 1	1	14693.529218750	14693.540593750	1400.000	4000.000	1.0000
31	Spectrogram 1	1	14693.529218750	14693.540593750	1400.000	4000.000	1.0000
32	Waveform 1	1	15448.507468750	15448.526968750	1400.000	4000.000	1.0000
32	Spectrogram 1	1	15448.507468750	15448.526968750	1400.000	4000.000	1.0000
33	Waveform 1	1	18243.236093750	18243.258843750	1400.000	4000.000	1.0000
33	Spectrogram 1	1	18243.236093750	18243.258843750	1400.000	4000.000	1.0000
34	Waveform 1	1	19936.650218750	19936.664843750	1400.000	4000.000	1.0000
34	Spectrogram 1	1	19936.650218750	19936.664843750	1400.000	4000.000	1.0000
35	Waveform 1	1	19958.103468750	19958.124593750	1400.000	4000.000	1.0000
35	Spectrogram 1	1	19958.103468750	19958.124593750	1400.000	4000.000	1.0000
36	Waveform 1	1	19990.543343750	19990.554718750	1400.000	4000.000	1.0000
36	Spectrogram 1	1	19990.543343750	19990.554718750	1400.000	4000.000	1.0000
37	Waveform 1	1	19998.304343750	19998.335218750	1400.000	4000.000	1.0000
37	Spectrogram 1	1	19998.304343750	19998.335218750	1400.000	4000.000	1.0000
38	Waveform 1	1	20001.123718750	20001.152968750	1400.000	4000.000	1.0000
38	Spectrogram 1	1	20001.123718750	20001.152968750	1400.000	4000.000	1.0000
39	Waveform 1	1	20003.583968750	20003.605093750	1400.000	4000.000	1.0000
39	Spectrogram 1	1	20003.583968750	20003.605093750	1400.000	4000.000	1.0000
40	Waveform 1	1	20048.843468750	20048.864593750	1400.000	4000.000	1.0000
40	Spectrogram 1	1	20048.843468750	20048.864593750	1400.000	4000.000	1.0000
41	Waveform 1	1	20050.613093750	20050.642343750	1400.000	4000.000	1.0000
41	Spectrogram 1	1	20050.613093750	20050.642343750	1400.000	4000.000	1.0000
42	Waveform 1	1	20051.261468750	20051.284218750	1400.000	4000.000	1.0000
42	Spectrogram 1	1	20051.261468750	20051.284218750	1400.000	4000.000	1.0000
43	Waveform 1	1	20052.368093750	20052.387593750	1400.000	4000.000	1.0000
43	Spectrogram 1	1	20052.368093750	20052.387593750	1400.000	4000.000	1.0000
44	Waveform 1	1	20084.279843750	20084.292843750	1400.000	4000.000	1.0000
44	Spectrogram 1	1	20084.279843750	20084.292843750	1400.000	4000.000	1.0000
45	Waveform 1	1	20102.585468750	20102.606593750	1400.000	4000.000	1.0000
45	Spectrogram 1	1	20102.585468750	20102.606593750	1400.000	4000.000	1.0000
46	Waveform 1	1	20104.142218750	20104.158468750	1400.000	4000.000	1.0000
46	Spectrogram 1	1	20104.142218750	20104.158468750	1400.000	4000.000	1.0000
47	Waveform 1	1	20105.788343750	20105.814343750	1400.000	4000.000	1.0000
47	Spectrogram 1	1	20105.788343750	20105.814343750	1400.000	4000.000	1.0000
48	Waveform 1	1	20107.393843750	20107.419843750	1400.000	4000.000	1.0000
48	Spectrogram 1	1	20107.393843750	20107.419843750	1400.000	4000.000	1.0000
49	Waveform 1	1	22244.109593750	22244.120968750	1400.000	4000.000	1.0000
49	Spectrogram 1	1	22244.109593750	22244.120968750	1400.000	4000.000	1.0000
50	Waveform 1	1	22810.976218750	22810.995718750	1400.000	4000.000	1.0000
50	Spectrogram 1	1	22810.976218750	22810.995718750	1400.000	4000.000	1.0000
51	Waveform 1	1	23091.020593750	23091.035218750	1400.000	4000.000	1.0000
51	Spectrogram 1	1	23091.020593750	23091.035218750	1400.000	4000.000	1.0000
52	Waveform 1	1	25806.158343750	25806.172968750	1400.000	4000.000	1.0000
52	Spectrogram 1	1	25806.158343750	25806.172968750	1400.000	4000.000	1.0000
53	Waveform 1	1	25917.136093750	25917.145843750	1400.000	4000.000	1.0000
53	Spectrogram 1	1	25917.136093750	25917.145843750	1400.000	4000.000	1.0000
54	Waveform 1	1	26030.026468750	26030.044343750	1400.000	4000.000	1.0000
54	Spectrogram 1	1	26030.026468750	26030.044343750	1400.000	4000.000	1.0000
55	Waveform 1	1	26255.841343750	26255.854343750	1400.000	4000.000	1.0000
55	Spectrogram 1	1	26255.841343750	26255.854343750	1400.000	4000.000	1.0000
56	Waveform 1	1	26507.912968750	26507.929218750	1400.000	4000.000	1.0000
56	Spectrogram 1	1	26507.912968750	26507.929218750	1400.000	4000.000	1.0000
57	Waveform 1	1	26519.167718750	26519.185593750	1400.000	4000.000	1.0000
57	Spectrogram 1	1	26519.167718750	26519.185593750	1400.000	4000.000	1.0000
58	Waveform 1	1	26556.978218750	26556.991218750	1400.000	4000.000	1.0000
58	Spectrogram 1	1	26556.978218750	26556.991218750	1400.000	4000.000	1.0000
59	Waveform 1	1	26627.124593750	26627.144093750	1400.000	4000.000	1.0000
59	Spectrogram 1	1	26627.124593750	26627.144093750	1400.000	4000.000	1.0000
60	Waveform 1	1	26850.458093750	26850.467843750	1400.000	4000.000	1.0000
60	Spectrogram 1	1	26850.458093750	26850.467843750	1400.000	4000.000	1.0000
61	Waveform 1	1	26865.757468750	26865.765593750	1400.000	4000.000	1.0000
61	Spectrogram 1	1	26865.757468750	26865.765593750	1400.000	4000.000	1.0000
62	Waveform 1	1	26868.198218750	26868.214468750	1400.000	4000.000	1.0000
62	Spectrogram 1	1	26868.198218750	26868.214468750	1400.000	4000.000	1.0000
63	Waveform 1	1	26882.899593750	26882.912593750	1400.000	4000.000	1.0000
63	Spectrogram 1	1	26882.899593750	26882.912593750	1400.000	4000.000	1.0000
64	Waveform 1	1	26888.065468750	26888.078468750	1400.000	4000.000	1.0000
64	Spectrogram 1	1	26888.065468750	26888.078468750	1400.000	4000.000	1.0000
65	Waveform 1	1	26945.824468750	26945.856968750	1400.000	4000.000	1.0000
65	Spectrogram 1	1	26945.824468750	26945.856968750	1400.000	4000.000	1.0000
66	Waveform 1	1	27017.729093750	27017.756718750	1400.000	4000.000	1.0000
66	Spectrogram 1	1	27017.729093750	27017.756718750	1400.000	4000.000	1.0000
67	Waveform 1	1	27942.175343750	27942.193218750	1400.000	4000.000	1.0000
67	Spectrogram 1	1	27942.175343750	27942.193218750	1400.000	4000.000	1.0000
68	Waveform 1	1	28207.758843750	28207.779968750	1400.000	4000.000	1.0000
68	Spectrogram 1	1	28207.758843750	28207.779968750	1400.000	4000.000	1.0000
69	Waveform 1	1	35560.428843750	35560.451593750	1400.000	4000.000	1.0000
69	Spectrogram 1	1	35560.428843750	35560.451593750	1400.000	4000.000	1.0000
70	Waveform 1	1	35560.492218750	35560.510093750	1400.000	4000.000	1.0000
70	Spectrogram 1	1	35560.492218750	35560.510093750	1400.000	4000.000	1.0000
71	Waveform 1	1	35645.091343750	35645.112468750	1400.000	4000.000	1.0000
71	Spectrogram 1	1	35645.091343750	35645.112468750	1400.000	4000.000	1.0000
72	Waveform 1	1	36176.407843750	36176.430593750	1400.000	4000.000	1.0000
72	Spectrogram 1	1	36176.407843750	36176.430593750	1400.000	4000.000	1.0000
73	Waveform 1	1	38407.462968750	38407.471093750	1400.000	4000.000	1.0000
73	Spectrogram 1	1	38407.462968750	38407.471093750	1400.000	4000.000	1.0000
74	Waveform 1	1	38501.716218750	38501.737343750	1400.000	4000.000	1.0000
74	Spectrogram 1	1	38501.716218750	38501.737343750	1400.000	4000.000	1.0000
75	Waveform 1	1	38999.994843750	39000.017593750	1400.000	4000.000	1.0000
75	Spectrogram 1	1	38999.994843750	39000.017593750	1400.000	4000.000	1.0000
76	Waveform 1	1	40544.175468750	40544.193343750	1400.000	4000.000	1.0000
76	Spectrogram 1	1	40544.175468750	40544.193343750	1400.000	4000.000	1.0000
77	Waveform 1	1	42543.170843750	42543.195218750	1400.000	4000.000	1.0000
77	Spectrogram 1	1	42543.170843750	42543.195218750	1400.000	4000.000	1.0000
78	Waveform 1	1	42545.803343750	42545.811468750	1400.000	4000.000	1.0000
78	Spectrogram 1	1	42545.803343750	42545.811468750	1400.000	4000.000	1.0000
79	Waveform 1	1	43013.931718750	43013.944718750	1400.000	4000.000	1.0000
79	Spectrogram 1	1	43013.931718750	43013.944718750	1400.000	4000.000	1.0000
80	Waveform 1	1	44335.324843750	44335.337843750	1400.000	4000.000	1.0000
80	Spectrogram 1	1	44335.324843750	44335.337843750	1400.000	4000.000	1.0000
81	Waveform 1	1	44368.328593750	44368.351343750	1400.000	4000.000	1.0000
81	Spectrogram 1	1	44368.328593750	44368.351343750	1400.000	4000.000	1.0000
82	Waveform 1	1	45415.738593750	45415.748343750	1400.000	4000.000	1.0000
82	Spectrogram 1	1	45415.738593750	45415.748343750	1400.000	4000.000	1.0000
83	Waveform 1	1	50286.040718750	50286.060218750	1400.000	4000.000	1.0000
83	Spectrogram 1	1	50286.040718750	50286.060218750	1400.000	4000.000	1.0000
84	Waveform 1	1	50286.095968750	50286.104093750	1400.000	4000.000	1.0000
84	Spectrogram 1	1	50286.095968750	50286.104093750	1400.000	4000.000	1.0000
85	Waveform 1	1	50318.181593750	50318.202718750	1400.000	4000.000	1.0000
85	Spectrogram 1	1	50318.181593750	50318.202718750	1400.000	4000.000	1.0000
86	Waveform 1	1	50318.748718750	50318.764968750	1400.000	4000.000	1.0000
86	Spectrogram 1	1	50318.748718750	50318.764968750	1400.000	4000.000	1.0000
87	Waveform 1	1	50332.463718750	50332.475093750	1400.000	4000.000	1.0000
87	Spectrogram 1	1	50332.463718750	50332.475093750	1400.000	4000.000	1.0000
88	Waveform 1	1	50511.728843750	50511.736968750	1400.000	4000.000	1.0000
88	Spectrogram 1	1	50511.728843750	50511.736968750	1400.000	4000.000	1.0000
89	Waveform 1	1	50622.358843750	50622.373468750	1400.000	4000.000	1.0000
89	Spectrogram 1	1	50622.358843750	50622.373468750	1400.000	4000.000	1.0000
90	Waveform 1	1	50622.964968750	50622.974718750	1400.000	4000.000	1.0000
90	Spectrogram 1	1	50622.964968750	50622.974718750	1400.000	4000.000	1.0000
91	Waveform 1	1	50648.589593750	50648.600968750	1400.000	4000.000	1.0000
91	Spectrogram 1	1	50648.589593750	50648.600968750	1400.000	4000.000	1.0000
92	Waveform 1	1	51016.897468750	51016.915343750	1400.000	4000.000	1.0000
92	Spectrogram 1	1	51016.897468750	51016.915343750	1400.000	4000.000	1.0000
93	Waveform 1	1	51063.414718750	51063.430968750	1400.000	4000.000	1.0000
93	Spectrogram 1	1	51063.414718750	51063.430968750	1400.000	4000.000	1.0000
94	Waveform 1	1	51179.176468750	51179.195968750	1400.000	4000.000	1.0000
94	Spectrogram 1	1	51179.176468750	51179.195968750	1400.000	4000.000	1.0000
95	Waveform 1	1	51266.370718750	51266.383718750	1400.000	4000.000	1.0000
95	Spectrogram 1	1	51266.370718750	51266.383718750	1400.000	4000.000	1.0000
96	Waveform 1	1	51271.037718750	51271.058843750	1400.000	4000.000	1.0000
96	Spectrogram 1	1	51271.037718750	51271.058843750	1400.000	4000.000	1.0000
97	Waveform 1	1	51420.069718750	51420.081093750	1400.000	4000.000	1.0000
97	Spectrogram 1	1	51420.069718750	51420.081093750	1400.000	4000.000	1.0000
98	Waveform 1	1	51432.994968750	51433.007968750	1400.000	4000.000	1.0000
98	Spectrogram 1	1	51432.994968750	51433.007968750	1400.000	4000.000	1.0000
99	Waveform 1	1	51455.879843750	51455.892843750	1400.000	4000.000	1.0000
99	Spectrogram 1	1	51455.879843750	51455.892843750	1400.000	4000.000	1.0000
100	Waveform 1	1	51782.212343750	51782.223718750	1400.000	4000.000	1.0000
100	Spectrogram 1	1	51782.212343750	51782.223718750	1400.000	4000.000	1.0000
101	Waveform 1	1	51893.126718750	51893.147843750	1400.000	4000.000	0.7692
101	Spectrogram 1	1	51893.126718750	51893.147843750	1400.000	4000.000	0.7692
102	Waveform 1	1	52068.542218750	52068.555218750	1400.000	4000.000	1.0000
102	Spectrogram 1	1	52068.542218750	52068.555218750	1400.000	4000.000	1.0000
103	Waveform 1	1	52231.612593750	52231.638593750	1400.000	4000.000	1.0000
103	Spectrogram 1	1	52231.612593750	52231.638593750	1400.000	4000.000	1.0000
104	Waveform 1	1	52378.044593750	52378.055968750	1400.000	4000.000	1.0000
104	Spectrogram 1	1	52378.044593750	52378.055968750	1400.000	4000.000	1.0000
105	Waveform 1	1	52480.811218750	52480.822593750	1400.000	4000.000	1.0000
105	Spectrogram 1	1	52480.811218750	52480.822593750	1400.000	4000.000	1.0000
106	Waveform 1	1	52500.434718750	52500.455843750	1400.000	4000.000	1.0000
106	Spectrogram 1	1	52500.434718750	52500.455843750	1400.000	4000.000	1.0000
107	Waveform 1	1	52556.789718750	52556.814093750	1400.000	4000.000	1.0000
107	Spectrogram 1	1	52556.789718750	52556.814093750	1400.000	4000.000	1.0000
108	Waveform 1	1	52635.722468750	52635.740343750	1400.000	4000.000	1.0000
108	Spectrogram 1	1	52635.722468750	52635.740343750	1400.000	4000.000	1.0000
109	Waveform 1	1	52643.216968750	52643.236468750	1400.000	4000.000	1.0000
109	Spectrogram 1	1	52643.216968750	52643.236468750	1400.000	4000.000	1.0000
110	Waveform 1	1	52780.271093750	52780.285718750	1400.000	4000.000	1.0000
110	Spectrogram 1	1	52780.271093750	52780.285718750	1400.000	4000.000	1.0000
111	Waveform 1	1	53069.725843750	53069.742093750	1400.000	4000.000	1.0000
111	Spectrogram 1	1	53069.725843750	53069.742093750	1400.000	4000.000	1.0000
112	Waveform 1	1	53236.675093750	53236.688093750	1400.000	4000.000	1.0000
112	Spectrogram 1	1	53236.675093750	53236.688093750	1400.000	4000.000	1.0000
113	Waveform 1	1	53243.085718750	53243.108468750	1400.000	4000.000	1.0000
113	Spectrogram 1	1	53243.085718750	53243.108468750	1400.000	4000.000	1.0000
114	Waveform 1	1	53292.266343750	53292.287468750	1400.000	4000.000	1.0000
114	Spectrogram 1	1	53292.266343750	53292.287468750	1400.000	4000.000	1.0000
115	Waveform 1	1	53432.835343750	53432.849968750	1400.000	4000.000	1.0000
115	Spectrogram 1	1	53432.835343750	53432.849968750	1400.000	4000.000	1.0000
116	Waveform 1	1	53557.240468750	53557.251843750	1400.000	4000.000	1.0000
116	Spectrogram 1	1	53557.240468750	53557.251843750	1400.000	4000.000	1.0000
117	Waveform 1	1	53704.540218750	53704.566218750	1400.000	4000.000	1.0000
117	Spectrogram 1	1	53704.540218750	53704.566218750	1400.000	4000.000	1.0000
118	Waveform 1	1	53704.632843750	53704.649093750	1400.000	4000.000	1.0000
118	Spectrogram 1	1	53704.632843750	53704.649093750	1400.000	4000.000	1.0000
119	Waveform 1	1	53741.157968750	53741.180718750	1400.000	4000.000	1.0000
119	Spectrogram 1	1	53741.157968750	53741.180718750	1400.000	4000.000	1.0000
120	Waveform 1	1	53741.250593750	53741.260343750	1400.000	4000.000	1.0000
120	Spectrogram 1	1	53741.250593750	53741.260343750	1400.000	4000.000	1.0000
121	Waveform 1	1	53786.563718750	53786.576718750	1400.000	4000.000	1.0000
121	Spectrogram 1	1	53786.563718750	53786.576718750	1400.000	4000.000	1.0000
122	Waveform 1	1	53808.270468750	53808.296468750	1400.000	4000.000	1.0000
122	Spectrogram 1	1	53808.270468750	53808.296468750	1400.000	4000.000	1.0000
123	Waveform 1	1	53808.346843750	53808.363093750	1400.000	4000.000	1.0000
123	Spectrogram 1	1	53808.346843750	53808.363093750	1400.000	4000.000	1.0000
124	Waveform 1	1	53837.726843750	53837.743093750	1400.000	4000.000	1.0000
124	Spectrogram 1	1	53837.726843750	53837.743093750	1400.000	4000.000	1.0000
125	Waveform 1	1	53864.332968750	53864.355718750	1400.000	4000.000	1.0000
125	Spectrogram 1	1	53864.332968750	53864.355718750	1400.000	4000.000	1.0000
126	Waveform 1	1	53887.396593750	53887.407968750	1400.000	4000.000	1.0000
126	Spectrogram 1	1	53887.396593750	53887.407968750	1400.000	4000.000	1.0000
127	Waveform 1	1	53897.814468750	53897.829093750	1400.000	4000.000	1.0000
127	Spectrogram 1	1	53897.814468750	53897.829093750	1400.000	4000.000	1.0000
128	Waveform 1	1	54058.723593750	54058.744718750	1400.000	4000.000	1.0000
128	Spectrogram 1	1	54058.723593750	54058.744718750	1400.000	4000.000	1.0000
129	Waveform 1	1	54083.989093750	54084.000468750	1400.000	4000.000	1.0000
129	Spectrogram 1	1	54083.989093750	54084.000468750	1400.000	4000.000	1.0000
130	Waveform 1	1	54216.309593750	54216.337218750	1400.000	4000.000	1.0000
130	Spectrogram 1	1	54216.309593750	54216.337218750	1400.000	4000.000	1.0000
131	Waveform 1	1	54654.464843750	54654.490843750	1400.000	4000.000	1.0000
131	Spectrogram 1	1	54654.464843750	54654.490843750	1400.000	4000.000	1.0000
132	Waveform 1	1	55053.777718750	55053.790718750	1400.000	4000.000	1.0000
132	Spectrogram 1	1	55053.777718750	55053.790718750	1400.000	4000.000	1.0000
133	Waveform 1	1	55185.566843750	55185.592843750	1400.000	4000.000	1.0000
133	Spectrogram 1	1	55185.566843750	55185.592843750	1400.000	4000.000	1.0000
134	Waveform 1	1	55186.101468750	55186.130718750	1400.000	4000.000	1.0000
134	Spectrogram 1	1	55186.101468750	55186.130718750	1400.000	4000.000	1.0000
135	Waveform 1	1	55210.564218750	55210.578843750	1400.000	4000.000	1.0000
135	Spectrogram 1	1	55210.564218750	55210.578843750	1400.000	4000.000	1.0000
136	Waveform 1	1	55222.087093750	55222.104968750	1400.000	4000.000	1.0000
136	Spectrogram 1	1	55222.087093750	55222.104968750	1400.000	4000.000	1.0000
137	Waveform 1	1	55297.046718750	55297.066218750	1400.000	4000.000	1.0000
137	Spectrogram 1	1	55297.046718750	55297.066218750	1400.000	4000.000	1.0000
138	Waveform 1	1	55307.337843750	55307.355718750	1400.000	4000.000	1.0000
138	Spectrogram 1	1	55307.337843750	55307.355718750	1400.000	4000.000	1.0000
139	Waveform 1	1	55332.081718750	55332.093093750	1400.000	4000.000	1.0000
139	Spectrogram 1	1	55332.081718750	55332.093093750	1400.000	4000.000	1.0000
140	Waveform 1	1	55341.152468750	55341.167093750	1400.000	4000.000	1.0000
140	Spectrogram 1	1	55341.152468750	55341.167093750	1400.000	4000.000	1.0000
141	Waveform 1	1	55364.604468750	55364.620718750	1400.000	4000.000	1.0000
141	Spectrogram 1	1	55364.604468750	55364.620718750	1400.000	4000.000	1.0000
142	Waveform 1	1	55371.905593750	55371.923468750	1400.000	4000.000	1.0000
142	Spectrogram 1	1	55371.905593750	55371.923468750	1400.000	4000.000	1.0000
143	Waveform 1	1	55383.581218750	55383.595843750	1400.000	4000.000	1.0000
143	Spectrogram 1	1	55383.581218750	55383.595843750	1400.000	4000.000	1.0000
144	Waveform 1	1	55392.162843750	55392.179093750	1400.000	4000.000	1.0000
144	Spectrogram 1	1	55392.162843750	55392.179093750	1400.000	4000.000	1.0000
145	Waveform 1	1	55410.754468750	55410.773968750	1400.000	4000.000	1.0000
145	Spectrogram 1	1	55410.754468750	55410.773968750	1400.000	4000.000	1.0000
146	Waveform 1	1	55524.350093750	55524.374468750	1400.000	4000.000	1.0000
146	Spectrogram 1	1	55524.350093750	55524.374468750	1400.000	4000.000	1.0000
147	Waveform 1	1	56003.674718750	56003.684468750	1400.000	4000.000	1.0000
147	Spectrogram 1	1	56003.674718750	56003.684468750	1400.000	4000.000	1.0000
148	Waveform 1	1	56047.185718750	56047.201968750	1400.000	4000.000	1.0000
148	Spectrogram 1	1	56047.185718750	56047.201968750	1400.000	4000.000	1.0000
149	Waveform 1	1	56257.251093750	56257.265718750	1400.000	4000.000	1.0000
149	Spectrogram 1	1	56257.251093750	56257.265718750	1400.000	4000.000	1.0000
150	Waveform 1	1	56787.707968750	56787.727468750	1400.000	4000.000	1.0000
150	Spectrogram 1	1	56787.707968750	56787.727468750	1400.000	4000.000	1.0000
151	Waveform 1	1	56994.723218750	56994.731343750	1400.000	4000.000	1.0000
151	Spectrogram 1	1	56994.723218750	56994.731343750	1400.000	4000.000	1.0000
152	Waveform 1	1	57515.599093750	57515.613718750	1400.000	4000.000	1.0000
152	Spectrogram 1	1	57515.599093750	57515.613718750	1400.000	4000.000	1.0000
153	Waveform 1	1	60576.949593750	60576.967468750	1400.000	4000.000	1.0000
153	Spectrogram 1	1	60576.949593750	60576.967468750	1400.000	4000.000	1.0000
154	Waveform 1	1	60579.877843750	60579.895718750	1400.000	4000.000	1.0000
154	Spectrogram 1	1	60579.877843750	60579.895718750	1400.000	4000.000	1.0000
155	Waveform 1	1	76259.998468750	76260.022843750	1400.000	4000.000	1.0000
155	Spectrogram 1	1	76259.998468750	76260.022843750	1400.000	4000.000	1.0000
156	Waveform 1	1	76819.729718750	76819.760593750	1400.000	4000.000	1.0000
156	Spectrogram 1	1	76819.729718750	76819.760593750	1400.000	4000.000	1.0000
157	Waveform 1	1	76880.828093750	76880.836218750	1400.000	4000.000	1.0000
157	Spectrogram 1	1	76880.828093750	76880.836218750	1400.000	4000.000	1.0000
158	Waveform 1	1	77169.998468750	77170.022843750	1400.000	4000.000	1.0000
158	Spectrogram 1	1	77169.998468750	77170.022843750	1400.000	4000.000	1.0000
159	Waveform 1	1	77501.795843750	77501.813718750	1400.000	4000.000	1.0000
159	Spectrogram 1	1	77501.795843750	77501.813718750	1400.000	4000.000	1.0000
160	Waveform 1	1	77508.009843750	77508.017968750	1400.000	4000.000	1.0000
160	Spectrogram 1	1	77508.009843750	77508.017968750	1400.000	4000.000	1.0000
161	Waveform 1	1	77879.359718750	77879.371093750	1400.000	4000.000	1.0000
161	Spectrogram 1	1	77879.359718750	77879.371093750	1400.000	4000.000	1.0000
162	Waveform 1	1	78681.485718750	78681.495468750	1400.000	4000.000	1.0000
162	Spectrogram 1	1	78681.485718750	78681.495468750	1400.000	4000.000	1.0000
163	Waveform 1	1	78988.882093750	78988.898343750	1400.000	4000.000	1.0000
163	Spectrogram 1	1	78988.882093750	78988.898343750	1400.000	4000.000	1.0000
164	Waveform 1	1	79694.369343750	79694.382343750	1400.000	4000.000	1.0000
164	Spectrogram 1	1	79694.369343750	79694.382343750	1400.000	4000.000	1.0000
165	Waveform 1	1	80678.227218750	80678.246718750	1400.000	4000.000	1.0000
165	Spectrogram 1	1	80678.227218750	80678.246718750	1400.000	4000.000	1.0000
166	Waveform 1	1	81626.781968750	81626.801468750	1400.000	4000.000	1.0000
166	Spectrogram 1	1	81626.781968750	81626.801468750	1400.000	4000.000	1.0000
167	Waveform 1	1	81702.830343750	81702.851468750	1400.000	4000.000	1.0000
167	Spectrogram 1	1	81702.830343750	81702.851468750	1400.000	4000.000	1.0000
168	Waveform 1	1	81865.782093750	81865.793468750	1400.000	4000.000	1.0000
168	Spectrogram 1	1	81865.782093750	81865.793468750	1400.000	4000.000	1.0000
169	Waveform 1	1	82439.278718750	82439.299843750	1400.000	4000.000	1.0000
169	Spectrogram 1	1	82439.278718750	82439.299843750	1400.000	4000.000	1.0000
170	Waveform 1	1	82517.972593750	82517.983968750	1400.000	4000.000	1.0000
170	Spectrogram 1	1	82517.972593750	82517.983968750	1400.000	4000.000	1.0000
171	Waveform 1	1	82524.922718750	82524.934093750	1400.000	4000.000	1.0000
171	Spectrogram 1	1	82524.922718750	82524.934093750	1400.000	4000.000	1.0000
172	Waveform 1	1	82536.328593750	82536.339968750	1400.000	4000.000	1.0000
172	Spectrogram 1	1	82536.328593750	82536.339968750	1400.000	4000.000	1.0000
173	Waveform 1	1	82542.914718750	82542.945593750	1400.000	4000.000	1.0000
173	Spectrogram 1	1	82542.914718750	82542.945593750	1400.000	4000.000	1.0000
174	Waveform 1	1	82543.000843750	82543.008968750	1400.000	4000.000	1.0000
174	Spectrogram 1	1	82543.000843750	82543.008968750	1400.000	4000.000	1.0000
175	Waveform 1	1	82544.224468750	82544.234218750	1400.000	4000.000	1.0000
175	Spectrogram 1	1	82544.224468750	82544.234218750	1400.000	4000.000	1.0000
176	Waveform 1	1	82545.894968750	82545.904718750	1400.000	4000.000	1.0000
176	Spectrogram 1	1	82545.894968750	82545.904718750	1400.000	4000.000	1.0000
177	Waveform 1	1	82548.351968750	82548.371468750	1400.000	4000.000	1.0000
177	Spectrogram 1	1	82548.351968750	82548.371468750	1400.000	4000.000	1.0000
178	Waveform 1	1	82550.022468750	82550.048468750	1400.000	4000.000	1.0000
178	Spectrogram 1	1	82550.022468750	82550.048468750	1400.000	4000.000	1.0000
179	Waveform 1	1	82550.139468750	82550.160593750	1400.000	4000.000	1.0000
179	Spectrogram 1	1	82550.139468750	82550.160593750	1400.000	4000.000	1.0000
180	Waveform 1	1	82550.201218750	82550.212593750	1400.000	4000.000	1.0000
180	Spectrogram 1	1	82550.201218750	82550.212593750	1400.000	4000.000	1.0000
181	Waveform 1	1	82550.357218750	82550.365343750	1400.000	4000.000	1.0000
181	Spectrogram 1	1	82550.357218750	82550.365343750	1400.000	4000.000	1.0000
182	Waveform 1	1	82550.404343750	82550.414093750	1400.000	4000.000	1.0000
182	Spectrogram 1	1	82550.404343750	82550.414093750	1400.000	4000.000	1.0000
183	Waveform 1	1	82587.633093750	82587.647718750	1400.000	4000.000	1.0000
183	Spectrogram 1	1	82587.633093750	82587.647718750	1400.000	4000.000	1.0000
184	Waveform 1	1	82612.415968750	82612.441968750	1400.000	4000.000	1.0000
184	Spectrogram 1	1	82612.415968750	82612.441968750	1400.000	4000.000	1.0000
185	Waveform 1	1	82613.363343750	82613.381218750	1400.000	4000.000	1.0000
185	Spectrogram 1	1	82613.363343750	82613.381218750	1400.000	4000.000	1.0000
186	Waveform 1	1	82613.421843750	82613.436468750	1400.000	4000.000	1.0000
186	Spectrogram 1	1	82613.421843750	82613.436468750	1400.000	4000.000	1.0000
187	Waveform 1	1	82690.355843750	82690.372093750	1400.000	4000.000	1.0000
187	Spectrogram 1	1	82690.355843750	82690.372093750	1400.000	4000.000	1.0000
188	Waveform 1	1	82691.886593750	82691.897968750	1400.000	4000.000	1.0000
188	Spectrogram 1	1	82691.886593750	82691.897968750	1400.000	4000.000	1.0000
189	Waveform 1	1	82692.011718750	82692.044218750	1400.000	4000.000	0.9000
189	Spectrogram 1	1	82692.011718750	82692.044218750	1400.000	4000.000	0.9000
190	Waveform 1	1	82702.954468750	82702.969093750	1400.000	4000.000	1.0000
190	Spectrogram 1	1	82702.954468750	82702.969093750	1400.000	4000.000	1.0000
191	Waveform 1	1	82751.043093750	82751.051218750	1400.000	4000.000	1.0000
191	Spectrogram 1	1	82751.043093750	82751.051218750	1400.000	4000.000	1.0000
192	Waveform 1	1	82751.277093750	82751.304718750	1400.000	4000.000	1.0000
192	Spectrogram 1	1	82751.277093750	82751.304718750	1400.000	4000.000	1.0000
193	Waveform 1	1	82751.774343750	82751.805218750	1400.000	4000.000	0.8947
193	Spectrogram 1	1	82751.774343750	82751.805218750	1400.000	4000.000	0.8947
194	Waveform 1	1	82763.669343750	82763.683968750	1400.000	4000.000	1.0000
194	Spectrogram 1	1	82763.669343750	82763.683968750	1400.000	4000.000	1.0000
195	Waveform 1	1	82831.623593750	82831.643093750	1400.000	4000.000	1.0000
195	Spectrogram 1	1	82831.623593750	82831.643093750	1400.000	4000.000	1.0000
196	Waveform 1	1	82852.272468750	82852.296843750	1400.000	4000.000	1.0000
196	Spectrogram 1	1	82852.272468750	82852.296843750	1400.000	4000.000	1.0000
197	Waveform 1	1	82875.025718750	82875.045218750	1400.000	4000.000	1.0000
197	Spectrogram 1	1	82875.025718750	82875.045218750	1400.000	4000.000	1.0000
198	Waveform 1	1	82911.948968750	82911.963593750	1400.000	4000.000	1.0000
198	Spectrogram 1	1	82911.948968750	82911.963593750	1400.000	4000.000	1.0000
199	Waveform 1	1	82914.641593750	82914.652968750	1400.000	4000.000	1.0000
199	Spectrogram 1	1	82914.641593750	82914.652968750	1400.000	4000.000	1.0000
200	Waveform 1	1	82914.836593750	82914.846343750	1400.000	4000.000	1.0000
200	Spectrogram 1	1	82914.836593750	82914.846343750	1400.000	4000.000	1.0000
201	Waveform 1	1	82914.984468750	82914.999093750	1400.000	4000.000	1.0000
201	Spectrogram 1	1	82914.984468750	82914.999093750	1400.000	4000.000	1.0000
202	Waveform 1	1	82916.516843750	82916.534718750	1400.000	4000.000	1.0000
202	Spectrogram 1	1	82916.516843750	82916.534718750	1400.000	4000.000	1.0000
203	Waveform 1	1	82916.810968750	82916.833718750	1400.000	4000.000	1.0000
203	Spectrogram 1	1	82916.810968750	82916.833718750	1400.000	4000.000	1.0000
204	Waveform 1	1	82917.730718750	82917.750218750	1400.000	4000.000	1.0000
204	Spectrogram 1	1	82917.730718750	82917.750218750	1400.000	4000.000	1.0000
205	Waveform 1	1	82923.400343750	82923.423093750	1400.000	4000.000	1.0000
205	Spectrogram 1	1	82923.400343750	82923.423093750	1400.000	4000.000	1.0000
206	Waveform 1	1	82925.834593750	82925.850843750	1400.000	4000.000	1.0000
206	Spectrogram 1	1	82925.834593750	82925.850843750	1400.000	4000.000	1.0000
207	Waveform 1	1	82956.722593750	82956.738843750	1400.000	4000.000	1.0000
207	Spectrogram 1	1	82956.722593750	82956.738843750	1400.000	4000.000	1.0000
208	Waveform 1	1	82984.848093750	82984.880593750	1400.000	4000.000	1.0000
208	Spectrogram 1	1	82984.848093750	82984.880593750	1400.000	4000.000	1.0000
209	Waveform 1	1	83293.071593750	83293.091093750	1400.000	4000.000	1.0000
209	Spectrogram 1	1	83293.071593750	83293.091093750	1400.000	4000.000	1.0000
210	Waveform 1	1	85402.737593750	85402.745718750	1400.000	4000.000	1.0000
210	Spectrogram 1	1	85402.737593750	85402.745718750	1400.000	4000.000	1.0000
