Selection	View	Channel	Begin Time (s)	End Time (s)	Low Freq (Hz)	High Freq (Hz)	Occupancy
1	Waveform 1	1	308.070468750	308.091593750	1400.000	4000.000	1.0000
1	Spectrogram 1	1	308.070468750	308.091593750	1400.000	4000.000	1.0000
2	Waveform 1	1	319.858218750	319.887468750	1400.000	4000.000	1.0000
2	Spectrogram 1	1	319.858218750	319.887468750	1400.000	4000.000	1.0000
3	Waveform 1	1	1677.238593750	1677.249968750	1400.000	4000.000	1.0000
3	Spectrogram 1	1	1677.238593750	1677.249968750	1400.000	4000.000	1.0000
4	Waveform 1	1	1705.471343750	1705.494093750	1400.000	4000.000	1.0000
4	Spectrogram 1	1	1705.471343750	1705.494093750	1400.000	4000.000	1.0000
5	Waveform 1	1	1705.715093750	1705.723218750	1400.000	4000.000	1.0000
5	Spectrogram 1	1	1705.715093750	1705.723218750	1400.000	4000.000	1.0000
6	Waveform 1	1	1788.723343750	1788.741218750	1400.000	4000.000	1.0000
6	Spectrogram 1	1	1788.723343750	1788.741218750	1400.000	4000.000	1.0000
7	Waveform 1	1	1788.944343750	1788.955718750	1400.000	4000.000	1.0000
7	Spectrogram 1	1	1788.944343750	1788.955718750	1400.000	4000.000	1.0000
8	Waveform 1	1	1788.994718750	1789.019093750	1400.000	4000.000	0.7333
8	Spectrogram 1	1	1788.994718750	1789.019093750	1400.000	4000.000	0.7333
9	Waveform 1	1	3008.526343750	3008.537718750	1400.000	4000.000	1.0000
9	Spectrogram 1	1	3008.526343750	3008.537718750	1400.000	4000.000	1.0000
10	Waveform 1	1	3055.685468750	3055.695218750	1400.000	4000.000	1.0000
10	Spectrogram 1	1	3055.685468750	3055.695218750	1400.000	4000.000	1.0000
11	Waveform 1	1	3237.969843750	3237.977968750	1400.000	4000.000	1.0000
11	Spectrogram 1	1	3237.969843750	3237.977968750	1400.000	4000.000	1.0000
12	Waveform 1	1	4323.190343750	4323.208218750	1400.000	4000.000	1.0000
12	Spectrogram 1	1	4323.190343750	4323.208218750	1400.000	4000.000	1.0000
13	Waveform 1	1	5079.299593750	5079.323968750	1400.000	4000.000	1.0000
13	Spectrogram 1	1	5079.299593750	5079.323968750	1400.000	4000.000	1.0000
14	Waveform 1	1	5146.938593750	5146.951593750	1400.000	4000.000	1.0000
14	Spectrogram 1	1	5146.938593750	5146.951593750	1400.000	4000.000	1.0000
15	Waveform 1	1	5195.277468750	5195.295343750	1400.000	4000.000	1.0000
15	Spectrogram 1	1	5195.277468750	5195.295343750	1400.000	4000.000	1.0000
16	Waveform 1	1	5249.596343750	5249.609343750	1400.000	4000.000	1.0000
16	Spectrogram 1	1	5249.596343750	5249.609343750	1400.000	4000.000	1.0000
17	Waveform 1	1	5415.799718750	5415.807843750	1400.000	4000.000	1.0000
17	Spectrogram 1	1	5415.799718750	5415.807843750	1400.000	4000.000	1.0000
18	Waveform 1	1	5470.305468750	5470.324968750	1400.000	4000.000	1.0000
18	Spectrogram 1	1	5470.305468750	5470.324968750	1400.000	4000.000	1.0000
19	Waveform 1	1	5720.573343750	5720.596093750	1400.000	4000.000	1.0000
19	Spectrogram 1	1	5720.573343750	5720.596093750	1400.000	4000.000	1.0000
20	Waveform 1	1	5853.287093750	5853.300093750	1400.000	4000.000	1.0000
20	Spectrogram 1	1	5853.287093750	5853.300093750	1400.000	4000.000	1.0000
21	Waveform 1	1	5880.738218750	5880.752843750	1400.000	4000.000	1.0000
21	Spectrogram 1	1	5880.738218750	5880.752843750	1400.000	4000.000	1.0000
22	Waveform 1	1	5906.502593750	5906.525343750	1400.000	4000.000	1.0000
22	Spectrogram 1	1	5906.502593750	5906.525343750	1400.000	4000.000	1.0000
23	Waveform 1	1	6131.389593750	6131.410718750	1400.000	4000.000	1.0000
23	Spectrogram 1	1	6131.389593750	6131.410718750	1400.000	4000.000	1.0000
24	Waveform 1	1	6299.538093750	6299.565718750	1400.000	4000.000	1.0000
24	Spectrogram 1	1	6299.538093750	6299.565718750	1400.000	4000.000	1.0000
25	Waveform 1	1	6369.794968750	6369.804718750	1400.000	4000.000	1.0000
25	Spectrogram 1	1	6369.794968750	6369.804718750	1400.000	4000.000	1.0000
26	Waveform 1	1	6574.674968750	6574.691218750	1400.000	4000.000	1.0000
26	Spectrogram 1	1	6574.674968750	6574.691218750	1400.000	4000.000	1.0000
27	Waveform 1	1	6800.220093750	6800.246093750	1400.000	4000.000	1.0000
27	Spectrogram 1	1	6800.220093750	6800.246093750	1400.000	4000.000	1.0000
28	Waveform 1	1	6881.075218750	6881.093093750	1400.000	4000.000	1.0000
28	Spectrogram 1	1	6881.075218750	6881.093093750	1400.000	4000.000	1.0000
29	Waveform 1	1	7953.038968750	7953.048718750	1400.000	4000.000	1.0000
29	Spectrogram 1	1	7953.038968750	7953.048718750	1400.000	4000.000	1.0000
30	Waveform 1	1	8000.739218750	8000.766843750	1400.000	4000.000	1.0000
30	Spectrogram 1	1	8000.739218750	8000.766843750	1400.000	4000.000	1.0000
31	Waveform 1	1	8122.732843750	8122.750718750	1400.000	4000.000	1.0000
31	Spectrogram 1	1	8122.732843750	8122.750718750	1400.000	4000.000	1.0000
32	Waveform 1	1	8139.805093750	8139.814843750	1400.000	4000.000	1.0000
32	Spectrogram 1	1	8139.805093750	8139.814843750	1400.000	4000.000	1.0000
33	Waveform 1	1	8251.216718750	8251.239468750	1400.000	4000.000	1.0000
33	Spectrogram 1	1	8251.216718750	8251.239468750	1400.000	4000.000	1.0000
34	Waveform 1	1	8254.182343750	8254.214843750	1400.000	4000.000	1.0000
34	Spectrogram 1	1	8254.182343750	8254.214843750	1400.000	4000.000	1.0000
35	Waveform 1	1	8269.753093750	8269.761218750	1400.000	4000.000	1.0000
35	Spectrogram 1	1	8269.753093750	8269.761218750	1400.000	4000.000	1.0000
36	Waveform 1	1	8299.384968750	8299.394718750	1400.000	4000.000	1.0000
36	Spectrogram 1	1	8299.384968750	8299.394718750	1400.000	4000.000	1.0000
37	Waveform 1	1	8316.086718750	8316.107843750	1400.000	4000.000	1.0000
37	Spectrogram 1	1	8316.086718750	8316.107843750	1400.000	4000.000	1.0000
38	Waveform 1	1	8443.268968750	8443.283593750	1400.000	4000.000	1.0000
38	Spectrogram 1	1	8443.268968750	8443.283593750	1400.000	4000.000	1.0000
39	Waveform 1	1	8520.625468750	8520.648218750	1400.000	4000.000	1.0000
39	Spectrogram 1	1	8520.625468750	8520.648218750	1400.000	4000.000	1.0000
40	Waveform 1	1	8560.330718750	8560.359968750	1400.000	4000.000	1.0000
40	Spectrogram 1	1	8560.330718750	8560.359968750	1400.000	4000.000	1.0000
41	Waveform 1	1	8561.154593750	8561.162718750	1400.000	4000.000	1.0000
41	Spectrogram 1	1	8561.154593750	8561.162718750	1400.000	4000.000	1.0000
42	Waveform 1	1	8747.098468750	8747.106593750	1400.000	4000.000	1.0000
42	Spectrogram 1	1	8747.098468750	8747.106593750	1400.000	4000.000	1.0000
43	Waveform 1	1	8855.495718750	8855.516843750	1400.000	4000.000	1.0000
43	Spectrogram 1	1	8855.495718750	8855.516843750	1400.000	4000.000	1.0000
44	Waveform 1	1	8985.073218750	8985.082968750	1400.000	4000.000	1.0000
44	Spectrogram 1	1	8985.073218750	8985.082968750	1400.000	4000.000	1.0000
45	Waveform 1	1	9231.002343750	9231.025093750	1400.000	4000.000	1.0000
45	Spectrogram 1	1	9231.002343750	9231.025093750	1400.000	4000.000	1.0000
46	Waveform 1	1	9473.013593750	9473.034718750	1400.000	4000.000	1.0000
46	Spectrogram 1	1	9473.013593750	9473.034718750	1400.000	4000.000	1.0000
47	Waveform 1	1	9473.112718750	9473.125718750	1400.000	4000.000	1.0000
47	Spectrogram 1	1	9473.112718750	9473.125718750	1400.000	4000.000	1.0000
48	Waveform 1	1	9510.903718750	9510.918343750	1400.000	4000.000	1.0000
48	Spectrogram 1	1	9510.903718750	9510.918343750	1400.000	4000.000	1.0000
49	Waveform 1	1	9511.124718750	9511.142593750	1400.000	4000.000	1.0000
49	Spectrogram 1	1	9511.124718750	9511.142593750	1400.000	4000.000	1.0000
50	Waveform 1	1	9540.095218750	9540.126093750	1400.000	4000.000	1.0000
50	Spectrogram 1	1	9540.095218750	9540.126093750	1400.000	4000.000	1.0000
51	Waveform 1	1	9615.613843750	9615.636593750	1400.000	4000.000	1.0000
51	Spectrogram 1	1	9615.613843750	9615.636593750	1400.000	4000.000	1.0000
52	Waveform 1	1	9632.364343750	9632.377343750	1400.000	4000.000	1.0000
52	Spectrogram 1	1	9632.364343750	9632.377343750	1400.000	4000.000	1.0000
53	Waveform 1	1	9773.601218750	9773.609343750	1400.000	4000.000	1.0000
53	Spectrogram 1	1	9773.601218750	9773.609343750	1400.000	4000.000	1.0000
54	Waveform 1	1	11421.603093750	11421.622593750	1400.000	4000.000	1.0000
54	Spectrogram 1	1	11421.603093750	11421.622593750	1400.000	4000.000	1.0000
55	Waveform 1	1	13038.300968750	13038.310718750	1400.000	4000.000	1.0000
55	Spectrogram 1	1	13038.300968750	13038.310718750	1400.000	4000.000	1.0000
56	Waveform 1	1	15498.472968750	15498.482718750	1400.000	4000.000	1.0000
56	Spectrogram 1	1	15498.472968750	15498.482718750	1400.000	4000.000	1.0000
57	Waveform 1	1	16469.574593750	16469.592468750	1400.000	4000.000	1.0000
57	Spectrogram 1	1	16469.574593750	16469.592468750	1400.000	4000.000	1.0000
58	Waveform 1	1	17996.054093750	17996.071968750	1400.000	4000.000	1.0000
58	Spectrogram 1	1	17996.054093750	17996.071968750	1400.000	4000.000	1.0000
59	Waveform 1	1	20432.127343750	20432.140343750	1400.000	4000.000	1.0000
59	Spectrogram 1	1	20432.127343750	20432.140343750	1400.000	4000.000	1.0000
60	Waveform 1	1	20745.508593750	20745.523218750	1400.000	4000.000	1.0000
60	Spectrogram 1	1	20745.508593750	20745.523218750	1400.000	4000.000	1.0000
61	Waveform 1	1	24442.206468750	24442.221093750	1400.000	4000.000	1.0000
61	Spectrogram 1	1	24442.206468750	24442.221093750	1400.000	4000.000	1.0000
62	Waveform 1	1	24466.600968750	24466.612343750	1400.000	4000.000	1.0000
62	Spectrogram 1	1	24466.600968750	24466.612343750	1400.000	4000.000	1.0000
63	Waveform 1	1	28840.769468750	28840.779218750	1400.000	4000.000	1.0000
63	Spectrogram 1	1	28840.769468750	28840.779218750	1400.000	4000.000	1.0000
64	Waveform 1	1	28853.418468750	28853.450968750	1400.000	4000.000	0.7000
64	Spectrogram 1	1	28853.418468750	28853.450968750	1400.000	4000.000	0.7000
65	Waveform 1	1	28943.711593750	28943.722968750	1400.000	4000.000	1.0000
65	Spectrogram 1	1	28943.711593750	28943.722968750	1400.000	4000.000	1.0000
66	Waveform 1	1	28963.453718750	28963.465093750	1400.000	4000.000	1.0000
66	Spectrogram 1	1	28963.453718750	28963.465093750	1400.000	4000.000	1.0000
67	Waveform 1	1	28970.966093750	28970.998593750	1400.000	4000.000	1.0000
67	Spectrogram 1	1	28970.966093750	28970.998593750	1400.000	4000.000	1.0000
68	Waveform 1	1	28993.222093750	28993.246468750	1400.000	4000.000	1.0000
68	Spectrogram 1	1	28993.222093750	28993.246468750	1400.000	4000.000	1.0000
69	Waveform 1	1	29000.562218750	29000.576843750	1400.000	4000.000	1.0000
69	Spectrogram 1	1	29000.562218750	29000.576843750	1400.000	4000.000	1.0000
70	Waveform 1	1	29003.820343750	29003.830093750	1400.000	4000.000	1.0000
70	Spectrogram 1	1	29003.820343750	29003.830093750	1400.000	4000.000	1.0000
71	Waveform 1	1	29004.933468750	29004.957843750	1400.000	4000.000	1.0000
71	Spectrogram 1	1	29004.933468750	29004.957843750	1400.000	4000.000	1.0000
72	Waveform 1	1	29036.559218750	29036.572218750	1400.000	4000.000	1.0000
72	Spectrogram 1	1	29036.559218750	29036.572218750	1400.000	4000.000	1.0000
73	Waveform 1	1	29037.001218750	29037.012593750	1400.000	4000.000	1.0000
73	Spectrogram 1	1	29037.001218750	29037.012593750	1400.000	4000.000	1.0000
74	Waveform 1	1	29037.103593750	29037.126343750	1400.000	4000.000	1.0000
74	Spectrogram 1	1	29037.103593750	29037.126343750	1400.000	4000.000	1.0000
75	Waveform 1	1	29037.199468750	29037.223843750	1400.000	4000.000	1.0000
75	Spectrogram 1	1	29037.199468750	29037.223843750	1400.000	4000.000	1.0000
76	Waveform 1	1	29053.860593750	29053.868718750	1400.000	4000.000	1.0000
76	Spectrogram 1	1	29053.860593750	29053.868718750	1400.000	4000.000	1.0000
77	Waveform 1	1	29072.574093750	29072.595218750	1400.000	4000.000	1.0000
77	Spectrogram 1	1	29072.574093750	29072.595218750	1400.000	4000.000	1.0000
78	Waveform 1	1	29086.449968750	29086.459718750	1400.000	4000.000	1.0000
78	Spectrogram 1	1	29086.449968750	29086.459718750	1400.000	4000.000	1.0000
79	Waveform 1	1	29098.080093750	29098.091468750	1400.000	4000.000	1.0000
79	Spectrogram 1	1	29098.080093750	29098.091468750	1400.000	4000.000	1.0000
80	Waveform 1	1	29614.167093750	29614.188218750	1400.000	4000.000	1.0000
80	Spectrogram 1	1	29614.167093750	29614.188218750	1400.000	4000.000	1.0000
81	Waveform 1	1	29637.649968750	29637.661343750	1400.000	4000.000	1.0000
81	Spectrogram 1	1	29637.649968750	29637.661343750	1400.000	4000.000	1.0000
82	Waveform 1	1	29856.868968750	29856.883593750	1400.000	4000.000	1.0000
82	Spectrogram 1	1	29856.868968750	29856.883593750	1400.000	4000.000	1.0000
83	Waveform 1	1	30140.644343750	30140.667093750	1400.000	4000.000	1.0000
83	Spectrogram 1	1	30140.644343750	30140.667093750	1400.000	4000.000	1.0000
84	Waveform 1	1	30590.793718750	30590.814843750	1400.000	4000.000	1.0000
84	Spectrogram 1	1	30590.793718750	30590.814843750	1400.000	4000.000	1.0000
85	Waveform 1	1	30776.149343750	30776.165593750	1400.000	4000.000	1.0000
85	Spectrogram 1	1	30776.149343750	30776.165593750	1400.000	4000.000	1.0000
86	Waveform 1	1	30811.088468750	30811.099843750	1400.000	4000.000	1.0000
86	Spectrogram 1	1	30811.088468750	30811.099843750	1400.000	4000.000	1.0000
87	Waveform 1	1	30811.133968750	30811.151843750	1400.000	4000.000	1.0000
87	Spectrogram 1	1	30811.133968750	30811.151843750	1400.000	4000.000	1.0000
88	Waveform 1	1	30875.690343750	30875.713093750	1400.000	4000.000	1.0000
88	Spectrogram 1	1	30875.690343750	30875.713093750	1400.000	4000.000	1.0000
89	Waveform 1	1	30939.861593750	30939.871343750	1400.000	4000.000	1.0000
89	Spectrogram 1	1	30939.861593750	30939.871343750	1400.000	4000.000	1.0000
90	Waveform 1	1	30961.929093750	30961.953468750	1400.000	4000.000	1.0000
90	Spectrogram 1	1	30961.929093750	30961.953468750	1400.000	4000.000	1.0000
91	Waveform 1	1	31456.783843750	31456.793593750	1400.000	4000.000	1.0000
91	Spectrogram 1	1	31456.783843750	31456.793593750	1400.000	4000.000	1.0000
92	Waveform 1	1	31554.917593750	31554.927343750	1400.000	4000.000	1.0000
92	Spectrogram 1	1	31554.917593750	31554.927343750	1400.000	4000.000	1.0000
93	Waveform 1	1	32294.747593750	32294.755718750	1400.000	4000.000	1.0000
93	Spectrogram 1	1	32294.747593750	32294.755718750	1400.000	4000.000	1.0000
94	Waveform 1	1	32710.042343750	32710.050468750	1400.000	4000.000	1.0000
94	Spectrogram 1	1	32710.042343750	32710.050468750	1400.000	4000.000	1.0000
95	Waveform 1	1	32710.099218750	32710.131718750	1400.000	4000.000	1.0000
95	Spectrogram 1	1	32710.099218750	32710.131718750	1400.000	4000.000	1.0000
96	Waveform 1	1	32710.339718750	32710.359218750	1400.000	4000.000	1.0000
96	Spectrogram 1	1	32710.339718750	32710.359218750	1400.000	4000.000	1.0000
97	Waveform 1	1	32710.401468750	32710.412843750	1400.000	4000.000	1.0000
97	Spectrogram 1	1	32710.401468750	32710.412843750	1400.000	4000.000	1.0000
98	Waveform 1	1	32901.789093750	32901.798843750	1400.000	4000.000	1.0000
98	Spectrogram 1	1	32901.789093750	32901.798843750	1400.000	4000.000	1.0000
99	Waveform 1	1	33484.073718750	33484.081843750	1400.000	4000.000	1.0000
99	Spectrogram 1	1	33484.073718750	33484.081843750	1400.000	4000.000	1.0000
100	Waveform 1	1	33804.097968750	33804.109343750	1400.000	4000.000	1.0000
100	Spectrogram 1	1	33804.097968750	33804.109343750	1400.000	4000.000	1.0000
101	Waveform 1	1	33897.186093750	33897.197468750	1400.000	4000.000	1.0000
101	Spectrogram 1	1	33897.186093750	33897.197468750	1400.000	4000.000	1.0000
102	Waveform 1	1	34133.688593750	34133.699968750	1400.000	4000.000	1.0000
102	Spectrogram 1	1	34133.688593750	34133.699968750	1400.000	4000.000	1.0000
103	Waveform 1	1	34158.391843750	34158.404843750	1400.000	4000.000	1.0000
103	Spectrogram 1	1	34158.391843750	34158.404843750	1400.000	4000.000	1.0000
104	Waveform 1	1	34245.244843750	34245.277343750	1400.000	4000.000	1.0000
104	Spectrogram 1	1	34245.244843750	34245.277343750	1400.000	4000.000	1.0000
105	Waveform 1	1	34245.439843750	34245.451218750	1400.000	4000.000	1.0000
105	Spectrogram 1	1	34245.439843750	34245.451218750	1400.000	4000.000	1.0000
106	Waveform 1	1	34285.179218750	34285.192218750	1400.000	4000.000	1.0000
106	Spectrogram 1	1	34285.179218750	34285.192218750	1400.000	4000.000	1.0000
107	Waveform 1	1	34313.618343750	34313.626468750	1400.000	4000.000	1.0000
107	Spectrogram 1	1	34313.618343750	34313.626468750	1400.000	4000.000	1.0000
108	Waveform 1	1	34314.310593750	34314.343093750	1400.000	4000.000	1.0000
108	Spectrogram 1	1	34314.310593750	34314.343093750	1400.000	4000.000	1.0000
109	Waveform 1	1	34334.943218750	34334.956218750	1400.000	4000.000	1.0000
109	Spectrogram 1	1	34334.943218750	34334.956218750	1400.000	4000.000	1.0000
110	Waveform 1	1	34363.743093750	34363.760968750	1400.000	4000.000	1.0000
110	Spectrogram 1	1	34363.743093750	34363.760968750	1400.000	4000.000	1.0000
111	Waveform 1	1	34364.367093750	34364.380093750	1400.000	4000.000	1.0000
111	Spectrogram 1	1	34364.367093750	34364.380093750	1400.000	4000.000	1.0000
112	Waveform 1	1	34378.257593750	34378.268968750	1400.000	4000.000	1.0000
112	Spectrogram 1	1	34378.257593750	34378.268968750	1400.000	4000.000	1.0000
113	Waveform 1	1	34407.260593750	34407.273593750	1400.000	4000.000	1.0000
113	Spectrogram 1	1	34407.260593750	34407.273593750	1400.000	4000.000	1.0000
114	Waveform 1	1	34407.351593750	34407.359718750	1400.000	4000.000	1.0000
114	Spectrogram 1	1	34407.351593750	34407.359718750	1400.000	4000.000	1.0000
115	Waveform 1	1	34430.142218750	34430.163343750	1400.000	4000.000	1.0000
115	Spectrogram 1	1	34430.142218750	34430.163343750	1400.000	4000.000	1.0000
116	Waveform 1	1	37107.784718750	37107.807468750	1400.000	4000.000	1.0000
116	Spectrogram 1	1	37107.784718750	37107.807468750	1400.000	4000.000	1.0000
117	Waveform 1	1	37114.767343750	37114.786843750	1400.000	4000.000	1.0000
117	Spectrogram 1	1	37114.767343750	37114.786843750	1400.000	4000.000	1.0000
118	Waveform 1	1	37145.203593750	37145.224718750	1400.000	4000.000	1.0000
118	Spectrogram 1	1	37145.203593750	37145.224718750	1400.000	4000.000	1.0000
119	Waveform 1	1	37190.412718750	37190.430593750	1400.000	4000.000	1.0000
119	Spectrogram 1	1	37190.412718750	37190.430593750	1400.000	4000.000	1.0000
120	Waveform 1	1	41959.412343750	41959.426968750	1400.000	4000.000	1.0000
120	Spectrogram 1	1	41959.412343750	41959.426968750	1400.000	4000.000	1.0000
121	Waveform 1	1	45408.486218750	45408.502468750	1400.000	4000.000	1.0000
121	Spectrogram 1	1	45408.486218750	45408.502468750	1400.000	4000.000	1.0000
122	Waveform 1	1	47935.172718750	47935.182468750	1400.000	4000.000	1.0000
122	Spectrogram 1	1	47935.172718750	47935.182468750	1400.000	4000.000	1.0000
123	Waveform 1	1	48015.353468750	48015.361593750	1400.000	4000.000	1.0000
123	Spectrogram 1	1	48015.353468750	48015.361593750	1400.000	4000.000	1.0000
124	Waveform 1	1	48051.951718750	48051.974468750	1400.000	4000.000	1.0000
124	Spectrogram 1	1	48051.951718750	48051.974468750	1400.000	4000.000	1.0000
125	Waveform 1	1	49773.302843750	49773.320718750	1400.000	4000.000	1.0000
125	Spectrogram 1	1	49773.302843750	49773.320718750	1400.000	4000.000	1.0000
126	Waveform 1	1	49998.654593750	49998.662718750	1400.000	4000.000	1.0000
126	Spectrogram 1	1	49998.654593750	49998.662718750	1400.000	4000.000	1.0000
127	Waveform 1	1	50705.397968750	50705.412593750	1400.000	4000.000	1.0000
127	Spectrogram 1	1	50705.397968750	50705.412593750	1400.000	4000.000	1.0000
128	Waveform 1	1	51201.549468750	51201.580343750	1400.000	4000.000	1.0000
128	Spectrogram 1	1	51201.549468750	51201.580343750	1400.000	4000.000	1.0000
129	Waveform 1	1	52027.465468750	52027.473593750	1400.000	4000.000	1.0000
129	Spectrogram 1	1	52027.465468750	52027.473593750	1400.000	4000.000	1.0000
130	Waveform 1	1	53356.811343750	53356.825968750	1400.000	4000.000	1.0000
130	Spectrogram 1	1	53356.811343750	53356.825968750	1400.000	4000.000	1.0000
131	Waveform 1	1	71925.075343750	71925.083468750	1400.000	4000.000	1.0000
131	Spectrogram 1	1	71925.075343750	71925.083468750	1400.000	4000.000	1.0000
132	Waveform 1	1	75120.332343750	75120.355093750	1400.000	4000.000	1.0000
132	Spectrogram 1	1	75120.332343750	75120.355093750	1400.000	4000.000	1.0000
133	Waveform 1	1	75121.208218750	75121.222843750	1400.000	4000.000	1.0000
133	Spectrogram 1	1	75121.208218750	75121.222843750	1400.000	4000.000	1.0000
134	Waveform 1	1	75121.466593750	75121.474718750	1400.000	4000.000	1.0000
134	Spectrogram 1	1	75121.466593750	75121.474718750	1400.000	4000.000	1.0000
135	Waveform 1	1	75121.523468750	75121.554343750	1400.000	4000.000	1.0000
135	Spectrogram 1	1	75121.523468750	75121.554343750	1400.000	4000.000	1.0000
136	Waveform 1	1	75124.786468750	75124.802718750	1400.000	4000.000	1.0000
136	Spectrogram 1	1	75124.786468750	75124.802718750	1400.000	4000.000	1.0000
137	Waveform 1	1	75124.896968750	75124.909968750	1400.000	4000.000	1.0000
137	Spectrogram 1	1	75124.896968750	75124.909968750	1400.000	4000.000	1.0000
138	Waveform 1	1	75125.139093750	75125.165093750	1400.000	4000.000	1.0000
138	Spectrogram 1	1	75125.139093750	75125.165093750	1400.000	4000.000	1.0000
139	Waveform 1	1	75126.606468750	75126.627593750	1400.000	4000.000	1.0000
139	Spectrogram 1	1	75126.606468750	75126.627593750	1400.000	4000.000	1.0000
140	Waveform 1	1	75127.014343750	75127.024093750	1400.000	4000.000	1.0000
140	Spectrogram 1	1	75127.014343750	75127.024093750	1400.000	4000.000	1.0000
141	Waveform 1	1	75127.888593750	75127.912968750	1400.000	4000.000	1.0000
141	Spectrogram 1	1	75127.888593750	75127.912968750	1400.000	4000.000	1.0000
142	Waveform 1	1	75128.883093750	75128.894468750	1400.000	4000.000	1.0000
142	Spectrogram 1	1	75128.883093750	75128.894468750	1400.000	4000.000	1.0000
143	Waveform 1	1	75129.887343750	75129.897093750	1400.000	4000.000	1.0000
143	Spectrogram 1	1	75129.887343750	75129.897093750	1400.000	4000.000	1.0000
144	Waveform 1	1	75129.988093750	75129.996218750	1400.000	4000.000	1.0000
144	Spectrogram 1	1	75129.988093750	75129.996218750	1400.000	4000.000	1.0000
145	Waveform 1	1	75130.053093750	75130.064468750	1400.000	4000.000	1.0000
145	Spectrogram 1	1	75130.053093750	75130.064468750	1400.000	4000.000	1.0000
146	Waveform 1	1	75130.187968750	75130.205843750	1400.000	4000.000	1.0000
146	Spectrogram 1	1	75130.187968750	75130.205843750	1400.000	4000.000	1.0000
147	Waveform 1	1	75130.608843750	75130.638093750	1400.000	4000.000	1.0000
147	Spectrogram 1	1	75130.608843750	75130.638093750	1400.000	4000.000	1.0000
148	Waveform 1	1	75131.013468750	75131.034593750	1400.000	4000.000	1.0000
148	Spectrogram 1	1	75131.013468750	75131.034593750	1400.000	4000.000	1.0000
149	Waveform 1	1	75131.853593750	75131.868218750	1400.000	4000.000	1.0000
149	Spectrogram 1	1	75131.853593750	75131.868218750	1400.000	4000.000	1.0000
150	Waveform 1	1	75131.965718750	75131.990093750	1400.000	4000.000	1.0000
150	Spectrogram 1	1	75131.965718750	75131.990093750	1400.000	4000.000	1.0000
151	Waveform 1	1	75132.087593750	75132.103843750	1400.000	4000.000	1.0000
151	Spectrogram 1	1	75132.087593750	75132.103843750	1400.000	4000.000	1.0000
152	Waveform 1	1	75132.570218750	75132.592968750	1400.000	4000.000	1.0000
152	Spectrogram 1	1	75132.570218750	75132.592968750	1400.000	4000.000	1.0000
153	Waveform 1	1	75133.080468750	75133.111343750	1400.000	4000.000	1.0000
153	Spectrogram 1	1	75133.080468750	75133.111343750	1400.000	4000.000	1.0000
154	Waveform 1	1	75133.410343750	75133.434718750	1400.000	4000.000	1.0000
154	Spectrogram 1	1	75133.410343750	75133.434718750	1400.000	4000.000	1.0000
155	Waveform 1	1	75135.493593750	75135.509843750	1400.000	4000.000	1.0000
155	Spectrogram 1	1	75135.493593750	75135.509843750	1400.000	4000.000	1.0000
156	Waveform 1	1	75135.579718750	75135.591093750	1400.000	4000.000	1.0000
156	Spectrogram 1	1	75135.579718750	75135.591093750	1400.000	4000.000	1.0000
157	Waveform 1	1	75136.671718750	75136.694468750	1400.000	4000.000	1.0000
157	Spectrogram 1	1	75136.671718750	75136.694468750	1400.000	4000.000	1.0000
158	Waveform 1	1	75136.756218750	75136.769218750	1400.000	4000.000	1.0000
158	Spectrogram 1	1	75136.756218750	75136.769218750	1400.000	4000.000	1.0000
159	Waveform 1	1	75137.116968750	75137.131593750	1400.000	4000.000	1.0000
159	Spectrogram 1	1	75137.116968750	75137.131593750	1400.000	4000.000	1.0000
160	Waveform 1	1	75137.181968750	75137.207968750	1400.000	4000.000	1.0000
160	Spectrogram 1	1	75137.181968750	75137.207968750	1400.000	4000.000	1.0000
161	Waveform 1	1	75138.917468750	75138.932093750	1400.000	4000.000	1.0000
161	Spectrogram 1	1	75138.917468750	75138.932093750	1400.000	4000.000	1.0000
162	Waveform 1	1	75139.229468750	75139.244093750	1400.000	4000.000	1.0000
162	Spectrogram 1	1	75139.229468750	75139.244093750	1400.000	4000.000	1.0000
163	Waveform 1	1	75139.400093750	75139.409843750	1400.000	4000.000	1.0000
163	Spectrogram 1	1	75139.400093750	75139.409843750	1400.000	4000.000	1.0000
164	Waveform 1	1	75140.773218750	75140.784593750	1400.000	4000.000	1.0000
164	Spectrogram 1	1	75140.773218750	75140.784593750	1400.000	4000.000	1.0000
165	Waveform 1	1	75141.033218750	75141.054343750	1400.000	4000.000	1.0000
165	Spectrogram 1	1	75141.033218750	75141.054343750	1400.000	4000.000	1.0000
166	Waveform 1	1	75141.317593750	75141.332218750	1400.000	4000.000	1.0000
166	Spectrogram 1	1	75141.317593750	75141.332218750	1400.000	4000.000	1.0000
167	Waveform 1	1	75143.712843750	75143.729093750	1400.000	4000.000	1.0000
167	Spectrogram 1	1	75143.712843750	75143.729093750	1400.000	4000.000	1.0000
168	Waveform 1	1	75146.382718750	75146.397343750	1400.000	4000.000	1.0000
168	Spectrogram 1	1	75146.382718750	75146.397343750	1400.000	4000.000	1.0000
169	Waveform 1	1	75147.575468750	75147.596593750	1400.000	4000.000	1.0000
169	Spectrogram 1	1	75147.575468750	75147.596593750	1400.000	4000.000	1.0000
170	Waveform 1	1	75147.671343750	75147.695718750	1400.000	4000.000	1.0000
170	Spectrogram 1	1	75147.671343750	75147.695718750	1400.000	4000.000	1.0000
171	Waveform 1	1	75147.908593750	75147.919968750	1400.000	4000.000	1.0000
171	Spectrogram 1	1	75147.908593750	75147.919968750	1400.000	4000.000	1.0000
172	Waveform 1	1	75151.153718750	75151.163468750	1400.000	4000.000	1.0000
172	Spectrogram 1	1	75151.153718750	75151.163468750	1400.000	4000.000	1.0000
173	Waveform 1	1	75158.024218750	75158.055093750	1400.000	4000.000	1.0000
173	Spectrogram 1	1	75158.024218750	75158.055093750	1400.000	4000.000	1.0000
174	Waveform 1	1	75158.399593750	75158.412593750	1400.000	4000.000	1.0000
174	Spectrogram 1	1	75158.399593750	75158.412593750	1400.000	4000.000	1.0000
175	Waveform 1	1	75164.148843750	75164.166718750	1400.000	4000.000	1.0000
175	Spectrogram 1	1	75164.148843750	75164.166718750	1400.000	4000.000	1.0000
176	Waveform 1	1	75169.090468750	75169.105093750	1400.000	4000.000	1.0000
176	Spectrogram 1	1	75169.090468750	75169.105093750	1400.000	4000.000	1.0000
177	Waveform 1	1	75169.202593750	75169.220468750	1400.000	4000.000	1.0000
177	Spectrogram 1	1	75169.202593750	75169.220468750	1400.000	4000.000	1.0000
178	Waveform 1	1	75170.676468750	75170.689468750	1400.000	4000.000	1.0000
178	Spectrogram 1	1	75170.676468750	75170.689468750	1400.000	4000.000	1.0000
179	Waveform 1	1	75172.296593750	75172.316093750	1400.000	4000.000	1.0000
179	Spectrogram 1	1	75172.296593750	75172.316093750	1400.000	4000.000	1.0000
180	Waveform 1	1	75172.566343750	75172.589093750	1400.000	4000.000	1.0000
180	Spectrogram 1	1	75172.566343750	75172.589093750	1400.000	4000.000	1.0000
181	Waveform 1	1	75173.484468750	75173.492593750	1400.000	4000.000	1.0000
181	Spectrogram 1	1	75173.484468750	75173.492593750	1400.000	4000.000	1.0000
182	Waveform 1	1	75176.807593750	75176.822218750	1400.000	4000.000	1.0000
182	Spectrogram 1	1	75176.807593750	75176.822218750	1400.000	4000.000	1.0000
183	Waveform 1	1	75179.667593750	75179.688718750	1400.000	4000.000	1.0000
183	Spectrogram 1	1	75179.667593750	75179.688718750	1400.000	4000.000	1.0000
184	Waveform 1	1	75187.452968750	75187.465968750	1400.000	4000.000	1.0000
184	Spectrogram 1	1	75187.452968750	75187.465968750	1400.000	4000.000	1.0000
185	Waveform 1	1	75956.718218750	75956.731218750	1400.000	4000.000	1.0000
185	Spectrogram 1	1	75956.718218750	75956.731218750	1400.000	4000.000	1.0000
186	Waveform 1	1	75961.900343750	75961.908468750	1400.000	4000.000	1.0000
186	Spectrogram 1	1	75961.900343750	75961.908468750	1400.000	4000.000	1.0000
187	Waveform 1	1	75982.326593750	75982.336343750	1400.000	4000.000	1.0000
187	Spectrogram 1	1	75982.326593750	75982.336343750	1400.000	4000.000	1.0000
188	Waveform 1	1	75989.952718750	75989.964093750	1400.000	4000.000	1.0000
188	Spectrogram 1	1	75989.952718750	75989.964093750	1400.000	4000.000	1.0000
189	Waveform 1	1	75990.620593750	75990.638468750	1400.000	4000.000	1.0000
189	Spectrogram 1	1	75990.620593750	75990.638468750	1400.000	4000.000	1.0000
190	Waveform 1	1	75999.016968750	75999.042968750	1400.000	4000.000	1.0000
190	Spectrogram 1	1	75999.016968750	75999.042968750	1400.000	4000.000	1.0000
191	Waveform 1	1	76001.846093750	76001.870468750	1400.000	4000.000	1.0000
191	Spectrogram 1	1	76001.846093750	76001.870468750	1400.000	4000.000	1.0000
192	Waveform 1	1	76007.341843750	76007.366218750	1400.000	4000.000	1.0000
192	Spectrogram 1	1	76007.341843750	76007.366218750	1400.000	4000.000	1.0000
193	Waveform 1	1	76013.747593750	76013.773593750	1400.000	4000.000	1.0000
193	Spectrogram 1	1	76013.747593750	76013.773593750	1400.000	4000.000	1.0000
194	Waveform 1	1	76020.008718750	76020.033093750	1400.000	4000.000	1.0000
194	Spectrogram 1	1	76020.008718750	76020.033093750	1400.000	4000.000	1.0000
195	Waveform 1	1	76022.655843750	76022.672093750	1400.000	4000.000	1.0000
195	Spectrogram 1	1	76022.655843750	76022.672093750	1400.000	4000.000	1.0000
196	Waveform 1	1	76023.439093750	76023.463468750	1400.000	4000.000	1.0000
196	Spectrogram 1	1	76023.439093750	76023.463468750	1400.000	4000.000	1.0000
197	Waveform 1	1	76023.497593750	76023.510593750	1400.000	4000.000	1.0000
197	Spectrogram 1	1	76023.497593750	76023.510593750	1400.000	4000.000	1.0000
198	Waveform 1	1	76024.131343750	76024.147593750	1400.000	4000.000	1.0000
198	Spectrogram 1	1	76024.131343750	76024.147593750	1400.000	4000.000	1.0000
199	Waveform 1	1	76024.454718750	76024.479093750	1400.000	4000.000	1.0000
199	Spectrogram 1	1	76024.454718750	76024.479093750	1400.000	4000.000	1.0000
200	Waveform 1	1	76025.169718750	76025.187593750	1400.000	4000.000	1.0000
200	Spectrogram 1	1	76025.169718750	76025.187593750	1400.000	4000.000	1.0000
201	Waveform 1	1	76025.242843750	76025.254218750	1400.000	4000.000	1.0000
201	Spectrogram 1	1	76025.242843750	76025.254218750	1400.000	4000.000	1.0000
202	Waveform 1	1	76026.190218750	76026.211343750	1400.000	4000.000	1.0000
202	Spectrogram 1	1	76026.190218750	76026.211343750	1400.000	4000.000	1.0000
203	Waveform 1	1	76031.396718750	76031.417843750	1400.000	4000.000	1.0000
203	Spectrogram 1	1	76031.396718750	76031.417843750	1400.000	4000.000	1.0000
204	Waveform 1	1	76032.025593750	76032.046718750	1400.000	4000.000	1.0000
204	Spectrogram 1	1	76032.025593750	76032.046718750	1400.000	4000.000	1.0000
205	Waveform 1	1	76033.343468750	76033.359718750	1400.000	4000.000	1.0000
205	Spectrogram 1	1	76033.343468750	76033.359718750	1400.000	4000.000	1.0000
206	Waveform 1	1	76038.073843750	76038.083593750	1400.000	4000.000	1.0000
206	Spectrogram 1	1	76038.073843750	76038.083593750	1400.000	4000.000	1.0000
207	Waveform 1	1	76038.400468750	76038.416718750	1400.000	4000.000	1.0000
207	Spectrogram 1	1	76038.400468750	76038.416718750	1400.000	4000.000	1.0000
208	Waveform 1	1	76039.071593750	76039.089468750	1400.000	4000.000	1.0000
208	Spectrogram 1	1	76039.071593750	76039.089468750	1400.000	4000.000	1.0000
209	Waveform 1	1	76041.881218750	76041.910468750	1400.000	4000.000	1.0000
209	Spectrogram 1	1	76041.881218750	76041.910468750	1400.000	4000.000	1.0000
210	Waveform 1	1	76044.182218750	76044.203343750	1400.000	4000.000	1.0000
210	Spectrogram 1	1	76044.182218750	76044.203343750	1400.000	4000.000	1.0000
211	Waveform 1	1	76044.525093750	76044.536468750	1400.000	4000.000	1.0000
211	Spectrogram 1	1	76044.525093750	76044.536468750	1400.000	4000.000	1.0000
212	Waveform 1	1	76050.544093750	76050.558718750	1400.000	4000.000	1.0000
212	Spectrogram 1	1	76050.544093750	76050.558718750	1400.000	4000.000	1.0000
213	Waveform 1	1	76051.012093750	76051.025093750	1400.000	4000.000	1.0000
213	Spectrogram 1	1	76051.012093750	76051.025093750	1400.000	4000.000	1.0000
214	Waveform 1	1	76051.205468750	76051.233093750	1400.000	4000.000	1.0000
214	Spectrogram 1	1	76051.205468750	76051.233093750	1400.000	4000.000	1.0000
215	Waveform 1	1	76052.312093750	76052.325093750	1400.000	4000.000	1.0000
215	Spectrogram 1	1	76052.312093750	76052.325093750	1400.000	4000.000	1.0000
216	Waveform 1	1	76052.905218750	76052.916593750	1400.000	4000.000	1.0000
216	Spectrogram 1	1	76052.905218750	76052.916593750	1400.000	4000.000	1.0000
217	Waveform 1	1	76053.569843750	76053.590968750	1400.000	4000.000	1.0000
217	Spectrogram 1	1	76053.569843750	76053.590968750	1400.000	4000.000	1.0000
218	Waveform 1	1	76053.855843750	76053.872093750	1400.000	4000.000	1.0000
218	Spectrogram 1	1	76053.855843750	76053.872093750	1400.000	4000.000	1.0000
219	Waveform 1	1	76053.915968750	76053.937093750	1400.000	4000.000	1.0000
219	Spectrogram 1	1	76053.915968750	76053.937093750	1400.000	4000.000	1.0000
220	Waveform 1	1	76054.016718750	76054.039468750	1400.000	4000.000	1.0000
220	Spectrogram 1	1	76054.016718750	76054.039468750	1400.000	4000.000	1.0000
221	Waveform 1	1	76054.110968750	76054.125593750	1400.000	4000.000	1.0000
221	Spectrogram 1	1	76054.110968750	76054.125593750	1400.000	4000.000	1.0000
222	Waveform 1	1	76056.450968750	76056.460718750	1400.000	4000.000	1.0000
222	Spectrogram 1	1	76056.450968750	76056.460718750	1400.000	4000.000	1.0000
223	Waveform 1	1	76056.623218750	76056.634593750	1400.000	4000.000	1.0000
223	Spectrogram 1	1	76056.623218750	76056.634593750	1400.000	4000.000	1.0000
224	Waveform 1	1	76057.105843750	76057.120468750	1400.000	4000.000	1.0000
224	Spectrogram 1	1	76057.105843750	76057.120468750	1400.000	4000.000	1.0000
225	Waveform 1	1	76058.894968750	76058.907968750	1400.000	4000.000	1.0000
225	Spectrogram 1	1	76058.894968750	76058.907968750	1400.000	4000.000	1.0000
226	Waveform 1	1	76059.171218750	76059.189093750	1400.000	4000.000	1.0000
226	Spectrogram 1	1	76059.171218750	76059.189093750	1400.000	4000.000	1.0000
227	Waveform 1	1	76060.614218750	76060.641843750	1400.000	4000.000	1.0000
227	Spectrogram 1	1	76060.614218750	76060.641843750	1400.000	4000.000	1.0000
228	Waveform 1	1	76062.331843750	76062.351343750	1400.000	4000.000	1.0000
228	Spectrogram 1	1	76062.331843750	76062.351343750	1400.000	4000.000	1.0000
229	Waveform 1	1	76079.980968750	76079.989093750	1400.000	4000.000	1.0000
229	Spectrogram 1	1	76079.980968750	76079.989093750	1400.000	4000.000	1.0000
230	Waveform 1	1	76080.952718750	76080.980343750	1400.000	4000.000	1.0000
230	Spectrogram 1	1	76080.952718750	76080.980343750	1400.000	4000.000	1.0000
231	Waveform 1	1	76089.417343750	76089.425468750	1400.000	4000.000	1.0000
231	Spectrogram 1	1	76089.417343750	76089.425468750	1400.000	4000.000	1.0000
232	Waveform 1	1	76091.260093750	76091.276343750	1400.000	4000.000	1.0000
232	Spectrogram 1	1	76091.260093750	76091.276343750	1400.000	4000.000	1.0000
233	Waveform 1	1	76091.461593750	76091.487593750	1400.000	4000.000	1.0000
233	Spectrogram 1	1	76091.461593750	76091.487593750	1400.000	4000.000	1.0000
234	Waveform 1	1	76096.630718750	76096.646968750	1400.000	4000.000	1.0000
234	Spectrogram 1	1	76096.630718750	76096.646968750	1400.000	4000.000	1.0000
235	Waveform 1	1	76097.228718750	76097.241718750	1400.000	4000.000	1.0000
235	Spectrogram 1	1	76097.228718750	76097.241718750	1400.000	4000.000	1.0000
236	Waveform 1	1	76098.106218750	76098.117593750	1400.000	4000.000	1.0000
236	Spectrogram 1	1	76098.106218750	76098.117593750	1400.000	4000.000	1.0000
237	Waveform 1	1	76107.781468750	76107.807468750	1400.000	4000.000	1.0000
237	Spectrogram 1	1	76107.781468750	76107.807468750	1400.000	4000.000	1.0000
238	Waveform 1	1	76107.841593750	76107.849718750	1400.000	4000.000	1.0000
238	Spectrogram 1	1	76107.841593750	76107.849718750	1400.000	4000.000	1.0000
239	Waveform 1	1	76108.935218750	76108.953093750	1400.000	4000.000	1.0000
239	Spectrogram 1	1	76108.935218750	76108.953093750	1400.000	4000.000	1.0000
240	Waveform 1	1	76109.066843750	76109.081468750	1400.000	4000.000	1.0000
240	Spectrogram 1	1	76109.066843750	76109.081468750	1400.000	4000.000	1.0000
241	Waveform 1	1	76121.663843750	76121.681718750	1400.000	4000.000	1.0000
241	Spectrogram 1	1	76121.663843750	76121.681718750	1400.000	4000.000	1.0000
242	Waveform 1	1	76123.919343750	76123.948593750	1400.000	4000.000	1.0000
242	Spectrogram 1	1	76123.919343750	76123.948593750	1400.000	4000.000	1.0000
243	Waveform 1	1	76132.473343750	76132.481468750	1400.000	4000.000	1.0000
243	Spectrogram 1	1	76132.473343750	76132.481468750	1400.000	4000.000	1.0000
244	Waveform 1	1	76137.418218750	76137.442593750	1400.000	4000.000	1.0000
244	Spectrogram 1	1	76137.418218750	76137.442593750	1400.000	4000.000	1.0000
245	Waveform 1	1	76137.637593750	76137.660343750	1400.000	4000.000	1.0000
245	Spectrogram 1	1	76137.637593750	76137.660343750	1400.000	4000.000	1.0000
246	Waveform 1	1	76137.827718750	76137.852093750	1400.000	4000.000	1.0000
246	Spectrogram 1	1	76137.827718750	76137.852093750	1400.000	4000.000	1.0000
247	Waveform 1	1	76150.973968750	76150.982093750	1400.000	4000.000	1.0000
247	Spectrogram 1	1	76150.973968750	76150.982093750	1400.000	4000.000	1.0000
248	Waveform 1	1	76158.687843750	76158.697593750	1400.000	4000.000	1.0000
248	Spectrogram 1	1	76158.687843750	76158.697593750	1400.000	4000.000	1.0000
249	Waveform 1	1	76163.263843750	76163.278468750	1400.000	4000.000	1.0000
249	Spectrogram 1	1	76163.263843750	76163.278468750	1400.000	4000.000	1.0000
250	Waveform 1	1	76168.915593750	76168.944843750	1400.000	4000.000	1.0000
250	Spectrogram 1	1	76168.915593750	76168.944843750	1400.000	4000.000	1.0000
251	Waveform 1	1	76169.250343750	76169.271468750	1400.000	4000.000	1.0000
251	Spectrogram 1	1	76169.250343750	76169.271468750	1400.000	4000.000	1.0000
252	Waveform 1	1	76169.438843750	76169.458343750	1400.000	4000.000	1.0000
252	Spectrogram 1	1	76169.438843750	76169.458343750	1400.000	4000.000	1.0000
253	Waveform 1	1	76169.492468750	76169.502218750	1400.000	4000.000	1.0000
253	Spectrogram 1	1	76169.492468750	76169.502218750	1400.000	4000.000	1.0000
254	Waveform 1	1	76169.672843750	76169.693968750	1400.000	4000.000	1.0000
254	Spectrogram 1	1	76169.672843750	76169.693968750	1400.000	4000.000	1.0000
255	Waveform 1	1	77407.371968750	77407.391468750	1400.000	4000.000	1.0000
255	Spectrogram 1	1	77407.371968750	77407.391468750	1400.000	4000.000	1.0000
256	Waveform 1	1	77417.365718750	77417.390093750	1400.000	4000.000	1.0000
256	Spectrogram 1	1	77417.365718750	77417.390093750	1400.000	4000.000	1.0000
257	Waveform 1	1	77417.953968750	77417.983218750	1400.000	4000.000	1.0000
257	Spectrogram 1	1	77417.953968750	77417.983218750	1400.000	4000.000	1.0000
258	Waveform 1	1	77599.355968750	77599.377093750	1400.000	4000.000	1.0000
258	Spectrogram 1	1	77599.355968750	77599.377093750	1400.000	4000.000	1.0000
259	Waveform 1	1	77599.906843750	77599.934468750	1400.000	4000.000	1.0000
259	Spectrogram 1	1	77599.906843750	77599.934468750	1400.000	4000.000	1.0000
260	Waveform 1	1	77640.484718750	77640.499343750	1400.000	4000.000	1.0000
260	Spectrogram 1	1	77640.484718750	77640.499343750	1400.000	4000.000	1.0000
261	Waveform 1	1	78022.878093750	78022.887843750	1400.000	4000.000	1.0000
261	Spectrogram 1	1	78022.878093750	78022.887843750	1400.000	4000.000	1.0000
262	Waveform 1	1	78054.094343750	78054.110593750	1400.000	4000.000	1.0000
262	Spectrogram 1	1	78054.094343750	78054.110593750	1400.000	4000.000	1.0000
263	Waveform 1	1	78111.037593750	78111.050593750	1400.000	4000.000	1.0000
263	Spectrogram 1	1	78111.037593750	78111.050593750	1400.000	4000.000	1.0000
264	Waveform 1	1	78128.486843750	78128.503093750	1400.000	4000.000	1.0000
264	Spectrogram 1	1	78128.486843750	78128.503093750	1400.000	4000.000	1.0000
265	Waveform 1	1	81695.322843750	81695.347218750	1400.000	4000.000	1.0000
265	Spectrogram 1	1	81695.322843750	81695.347218750	1400.000	4000.000	1.0000
266	Waveform 1	1	81707.427468750	81707.443718750	1400.000	4000.000	1.0000
266	Spectrogram 1	1	81707.427468750	81707.443718750	1400.000	4000.000	1.0000
267	Waveform 1	1	81708.118093750	81708.144093750	1400.000	4000.000	1.0000
267	Spectrogram 1	1	81708.118093750	81708.144093750	1400.000	4000.000	1.0000
268	Waveform 1	1	81708.386218750	81708.400843750	1400.000	4000.000	1.0000
268	Spectrogram 1	1	81708.386218750	81708.400843750	1400.000	4000.000	1.0000
269	Waveform 1	1	81708.449593750	81708.470718750	1400.000	4000.000	1.0000
269	Spectrogram 1	1	81708.449593750	81708.470718750	1400.000	4000.000	1.0000
270	Waveform 1	1	81709.577343750	81709.596843750	1400.000	4000.000	1.0000
270	Spectrogram 1	1	81709.577343750	81709.596843750	1400.000	4000.000	1.0000
271	Waveform 1	1	81711.249468750	81711.267343750	1400.000	4000.000	1.0000
271	Spectrogram 1	1	81711.249468750	81711.267343750	1400.000	4000.000	1.0000
272	Waveform 1	1	81714.187468750	81714.205343750	1400.000	4000.000	1.0000
272	Spectrogram 1	1	81714.187468750	81714.205343750	1400.000	4000.000	1.0000
273	Waveform 1	1	81714.548218750	81714.559593750	1400.000	4000.000	1.0000
273	Spectrogram 1	1	81714.548218750	81714.559593750	1400.000	4000.000	1.0000
274	Waveform 1	1	81714.609968750	81714.621343750	1400.000	4000.000	1.0000
274	Spectrogram 1	1	81714.609968750	81714.621343750	1400.000	4000.000	1.0000
275	Waveform 1	1	81715.513468750	81715.528093750	1400.000	4000.000	1.0000
275	Spectrogram 1	1	81715.513468750	81715.528093750	1400.000	4000.000	1.0000
276	Waveform 1	1	81715.999343750	81716.030218750	1400.000	4000.000	1.0000
276	Spectrogram 1	1	81715.999343750	81716.030218750	1400.000	4000.000	1.0000
277	Waveform 1	1	81716.490093750	81716.516093750	1400.000	4000.000	1.0000
277	Spectrogram 1	1	81716.490093750	81716.516093750	1400.000	4000.000	1.0000
278	Waveform 1	1	81717.645468750	81717.655218750	1400.000	4000.000	1.0000
278	Spectrogram 1	1	81717.645468750	81717.655218750	1400.000	4000.000	1.0000
279	Waveform 1	1	81717.687718750	81717.695843750	1400.000	4000.000	1.0000
279	Spectrogram 1	1	81717.687718750	81717.695843750	1400.000	4000.000	1.0000
280	Waveform 1	1	81717.908718750	81717.923343750	1400.000	4000.000	1.0000
280	Spectrogram 1	1	81717.908718750	81717.923343750	1400.000	4000.000	1.0000
281	Waveform 1	1	81718.435218750	81718.453093750	1400.000	4000.000	1.0000
281	Spectrogram 1	1	81718.435218750	81718.453093750	1400.000	4000.000	1.0000
282	Waveform 1	1	81718.830093750	81718.844718750	1400.000	4000.000	1.0000
282	Spectrogram 1	1	81718.830093750	81718.844718750	1400.000	4000.000	1.0000
283	Waveform 1	1	81720.321843750	81720.342968750	1400.000	4000.000	1.0000
283	Spectrogram 1	1	81720.321843750	81720.342968750	1400.000	4000.000	1.0000
284	Waveform 1	1	81721.582843750	81721.592593750	1400.000	4000.000	1.0000
284	Spectrogram 1	1	81721.582843750	81721.592593750	1400.000	4000.000	1.0000
285	Waveform 1	1	81725.905343750	81725.926468750	1400.000	4000.000	1.0000
285	Spectrogram 1	1	81725.905343750	81725.926468750	1400.000	4000.000	1.0000
286	Waveform 1	1	81726.782843750	81726.812093750	1400.000	4000.000	1.0000
286	Spectrogram 1	1	81726.782843750	81726.812093750	1400.000	4000.000	1.0000
287	Waveform 1	1	81727.574218750	81727.585593750	1400.000	4000.000	1.0000
287	Spectrogram 1	1	81727.574218750	81727.585593750	1400.000	4000.000	1.0000
288	Waveform 1	1	81727.751343750	81727.770843750	1400.000	4000.000	1.0000
288	Spectrogram 1	1	81727.751343750	81727.770843750	1400.000	4000.000	1.0000
289	Waveform 1	1	81729.364968750	81729.376343750	1400.000	4000.000	1.0000
289	Spectrogram 1	1	81729.364968750	81729.376343750	1400.000	4000.000	1.0000
290	Waveform 1	1	81731.271093750	81731.285718750	1400.000	4000.000	1.0000
290	Spectrogram 1	1	81731.271093750	81731.285718750	1400.000	4000.000	1.0000
291	Waveform 1	1	81733.723218750	81733.750843750	1400.000	4000.000	1.0000
291	Spectrogram 1	1	81733.723218750	81733.750843750	1400.000	4000.000	1.0000
292	Waveform 1	1	81742.844343750	81742.854093750	1400.000	4000.000	1.0000
292	Spectrogram 1	1	81742.844343750	81742.854093750	1400.000	4000.000	1.0000
293	Waveform 1	1	81749.004718750	81749.017718750	1400.000	4000.000	1.0000
293	Spectrogram 1	1	81749.004718750	81749.017718750	1400.000	4000.000	1.0000
294	Waveform 1	1	81749.110343750	81749.133093750	1400.000	4000.000	1.0000
294	Spectrogram 1	1	81749.110343750	81749.133093750	1400.000	4000.000	1.0000
295	Waveform 1	1	81750.004093750	81750.013843750	1400.000	4000.000	1.0000
295	Spectrogram 1	1	81750.004093750	81750.013843750	1400.000	4000.000	1.0000
296	Waveform 1	1	81750.111343750	81750.125968750	1400.000	4000.000	1.0000
296	Spectrogram 1	1	81750.111343750	81750.125968750	1400.000	4000.000	1.0000
297	Waveform 1	1	81750.160093750	81750.174718750	1400.000	4000.000	1.0000
297	Spectrogram 1	1	81750.160093750	81750.174718750	1400.000	4000.000	1.0000
298	Waveform 1	1	81751.255343750	81751.271593750	1400.000	4000.000	1.0000
298	Spectrogram 1	1	81751.255343750	81751.271593750	1400.000	4000.000	1.0000
299	Waveform 1	1	81751.430843750	81751.461718750	1400.000	4000.000	1.0000
299	Spectrogram 1	1	81751.430843750	81751.461718750	1400.000	4000.000	1.0000
300	Waveform 1	1	81752.033718750	81752.051593750	1400.000	4000.000	1.0000
300	Spectrogram 1	1	81752.033718750	81752.051593750	1400.000	4000.000	1.0000
301	Waveform 1	1	81752.118218750	81752.126343750	1400.000	4000.000	1.0000
301	Spectrogram 1	1	81752.118218750	81752.126343750	1400.000	4000.000	1.0000
302	Waveform 1	1	81752.457843750	81752.477343750	1400.000	4000.000	1.0000
302	Spectrogram 1	1	81752.457843750	81752.477343750	1400.000	4000.000	1.0000
303	Waveform 1	1	81752.782843750	81752.805593750	1400.000	4000.000	1.0000
303	Spectrogram 1	1	81752.782843750	81752.805593750	1400.000	4000.000	1.0000
304	Waveform 1	1	81753.934968750	81753.967468750	1400.000	4000.000	1.0000
304	Spectrogram 1	1	81753.934968750	81753.967468750	1400.000	4000.000	1.0000
305	Waveform 1	1	81754.017843750	81754.029218750	1400.000	4000.000	1.0000
305	Spectrogram 1	1	81754.017843750	81754.029218750	1400.000	4000.000	1.0000
306	Waveform 1	1	81754.409468750	81754.424093750	1400.000	4000.000	1.0000
306	Spectrogram 1	1	81754.409468750	81754.424093750	1400.000	4000.000	1.0000
307	Waveform 1	1	81756.297718750	81756.317218750	1400.000	4000.000	1.0000
307	Spectrogram 1	1	81756.297718750	81756.317218750	1400.000	4000.000	1.0000
308	Waveform 1	1	81757.098843750	81757.123218750	1400.000	4000.000	1.0000
308	Spectrogram 1	1	81757.098843750	81757.123218750	1400.000	4000.000	1.0000
309	Waveform 1	1	81763.772718750	81763.782468750	1400.000	4000.000	1.0000
309	Spectrogram 1	1	81763.772718750	81763.782468750	1400.000	4000.000	1.0000
310	Waveform 1	1	81767.424093750	81767.446843750	1400.000	4000.000	1.0000
310	Spectrogram 1	1	81767.424093750	81767.446843750	1400.000	4000.000	1.0000
311	Waveform 1	1	81774.879593750	81774.890968750	1400.000	4000.000	1.0000
311	Spectrogram 1	1	81774.879593750	81774.890968750	1400.000	4000.000	1.0000
312	Waveform 1	1	81780.625593750	81780.654843750	1400.000	4000.000	1.0000
312	Spectrogram 1	1	81780.625593750	81780.654843750	1400.000	4000.000	1.0000
313	Waveform 1	1	81780.791343750	81780.804343750	1400.000	4000.000	1.0000
313	Spectrogram 1	1	81780.791343750	81780.804343750	1400.000	4000.000	1.0000
314	Waveform 1	1	81797.978968750	81798.000093750	1400.000	4000.000	1.0000
314	Spectrogram 1	1	81797.978968750	81798.000093750	1400.000	4000.000	1.0000
315	Waveform 1	1	81801.202968750	81801.217593750	1400.000	4000.000	1.0000
315	Spectrogram 1	1	81801.202968750	81801.217593750	1400.000	4000.000	1.0000
316	Waveform 1	1	81804.292093750	81804.314843750	1400.000	4000.000	1.0000
316	Spectrogram 1	1	81804.292093750	81804.314843750	1400.000	4000.000	1.0000
317	Waveform 1	1	81805.653843750	81805.671718750	1400.000	4000.000	1.0000
317	Spectrogram 1	1	81805.653843750	81805.671718750	1400.000	4000.000	1.0000
318	Waveform 1	1	81812.566593750	81812.576343750	1400.000	4000.000	1.0000
318	Spectrogram 1	1	81812.566593750	81812.576343750	1400.000	4000.000	1.0000
319	Waveform 1	1	81812.782718750	81812.794093750	1400.000	4000.000	1.0000
319	Spectrogram 1	1	81812.782718750	81812.794093750	1400.000	4000.000	1.0000
320	Waveform 1	1	81815.017093750	81815.030093750	1400.000	4000.000	1.0000
320	Spectrogram 1	1	81815.017093750	81815.030093750	1400.000	4000.000	1.0000
321	Waveform 1	1	81815.875093750	81815.907593750	1400.000	4000.000	1.0000
321	Spectrogram 1	1	81815.875093750	81815.907593750	1400.000	4000.000	1.0000
322	Waveform 1	1	81816.783468750	81816.814343750	1400.000	4000.000	1.0000
322	Spectrogram 1	1	81816.783468750	81816.814343750	1400.000	4000.000	1.0000
323	Waveform 1	1	81818.501093750	81818.509218750	1400.000	4000.000	1.0000
323	Spectrogram 1	1	81818.501093750	81818.509218750	1400.000	4000.000	1.0000
324	Waveform 1	1	81822.503468750	81822.535968750	1400.000	4000.000	1.0000
324	Spectrogram 1	1	81822.503468750	81822.535968750	1400.000	4000.000	1.0000
325	Waveform 1	1	81824.094343750	81824.108968750	1400.000	4000.000	1.0000
325	Spectrogram 1	1	81824.094343750	81824.108968750	1400.000	4000.000	1.0000
326	Waveform 1	1	81854.366468750	81854.381093750	1400.000	4000.000	1.0000
326	Spectrogram 1	1	81854.366468750	81854.381093750	1400.000	4000.000	1.0000
327	Waveform 1	1	81855.724968750	81855.741218750	1400.000	4000.000	1.0000
327	Spectrogram 1	1	81855.724968750	81855.741218750	1400.000	4000.000	1.0000
328	Waveform 1	1	81863.325093750	81863.339718750	1400.000	4000.000	1.0000
328	Spectrogram 1	1	81863.325093750	81863.339718750	1400.000	4000.000	1.0000
329	Waveform 1	1	81863.591593750	81863.606218750	1400.000	4000.000	1.0000
329	Spectrogram 1	1	81863.591593750	81863.606218750	1400.000	4000.000	1.0000
330	Waveform 1	1	81866.076218750	81866.089218750	1400.000	4000.000	1.0000
330	Spectrogram 1	1	81866.076218750	81866.089218750	1400.000	4000.000	1.0000
331	Waveform 1	1	81870.616468750	81870.629468750	1400.000	4000.000	1.0000
331	Spectrogram 1	1	81870.616468750	81870.629468750	1400.000	4000.000	1.0000
332	Waveform 1	1	81871.957093750	81871.971718750	1400.000	4000.000	1.0000
332	Spectrogram 1	1	81871.957093750	81871.971718750	1400.000	4000.000	1.0000
333	Waveform 1	1	81874.022468750	81874.033843750	1400.000	4000.000	1.0000
333	Spectrogram 1	1	81874.022468750	81874.033843750	1400.000	4000.000	1.0000
334	Waveform 1	1	81905.841593750	81905.849718750	1400.000	4000.000	1.0000
334	Spectrogram 1	1	81905.841593750	81905.849718750	1400.000	4000.000	1.0000
335	Waveform 1	1	81905.926093750	81905.942343750	1400.000	4000.000	1.0000
335	Spectrogram 1	1	81905.926093750	81905.942343750	1400.000	4000.000	1.0000
336	Waveform 1	1	81915.767093750	81915.781718750	1400.000	4000.000	1.0000
336	Spectrogram 1	1	81915.767093750	81915.781718750	1400.000	4000.000	1.0000
337	Waveform 1	1	81916.001093750	81916.015718750	1400.000	4000.000	1.0000
337	Spectrogram 1	1	81916.001093750	81916.015718750	1400.000	4000.000	1.0000
338	Waveform 1	1	81916.308218750	81916.330968750	1400.000	4000.000	1.0000
338	Spectrogram 1	1	81916.308218750	81916.330968750	1400.000	4000.000	1.0000
339	Waveform 1	1	81916.553593750	81916.568218750	1400.000	4000.000	1.0000
339	Spectrogram 1	1	81916.553593750	81916.568218750	1400.000	4000.000	1.0000
340	Waveform 1	1	82026.856968750	82026.868343750	1400.000	4000.000	1.0000
340	Spectrogram 1	1	82026.856968750	82026.868343750	1400.000	4000.000	1.0000
341	Waveform 1	1	82027.792968750	82027.802718750	1400.000	4000.000	1.0000
341	Spectrogram 1	1	82027.792968750	82027.802718750	1400.000	4000.000	1.0000
342	Waveform 1	1	82027.948968750	82027.963593750	1400.000	4000.000	1.0000
342	Spectrogram 1	1	82027.948968750	82027.963593750	1400.000	4000.000	1.0000
343	Waveform 1	1	82028.044843750	82028.056218750	1400.000	4000.000	1.0000
343	Spectrogram 1	1	82028.044843750	82028.056218750	1400.000	4000.000	1.0000
344	Waveform 1	1	82028.888218750	82028.901218750	1400.000	4000.000	1.0000
344	Spectrogram 1	1	82028.888218750	82028.901218750	1400.000	4000.000	1.0000
345	Waveform 1	1	82029.768968750	82029.798218750	1400.000	4000.000	1.0000
345	Spectrogram 1	1	82029.768968750	82029.798218750	1400.000	4000.000	1.0000
346	Waveform 1	1	82034.231218750	82034.263718750	1400.000	4000.000	1.0000
346	Spectrogram 1	1	82034.231218750	82034.263718750	1400.000	4000.000	1.0000
347	Waveform 1	1	82089.559218750	82089.575468750	1400.000	4000.000	1.0000
347	Spectrogram 1	1	82089.559218750	82089.575468750	1400.000	4000.000	1.0000
348	Waveform 1	1	82139.128218750	82139.139593750	1400.000	4000.000	1.0000
348	Spectrogram 1	1	82139.128218750	82139.139593750	1400.000	4000.000	1.0000
349	Waveform 1	1	82171.832968750	82171.847593750	1400.000	4000.000	1.0000
349	Spectrogram 1	1	82171.832968750	82171.847593750	1400.000	4000.000	1.0000
350	Waveform 1	1	82183.346093750	82183.372093750	1400.000	4000.000	1.0000
350	Spectrogram 1	1	82183.346093750	82183.372093750	1400.000	4000.000	1.0000
351	Waveform 1	1	82196.529718750	82196.544343750	1400.000	4000.000	1.0000
351	Spectrogram 1	1	82196.529718750	82196.544343750	1400.000	4000.000	1.0000
352	Waveform 1	1	82202.527593750	82202.547093750	1400.000	4000.000	1.0000
352	Spectrogram 1	1	82202.527593750	82202.547093750	1400.000	4000.000	1.0000
353	Waveform 1	1	82236.347093750	82236.373093750	1400.000	4000.000	1.0000
353	Spectrogram 1	1	82236.347093750	82236.373093750	1400.000	4000.000	1.0000
354	Waveform 1	1	82239.606843750	82239.619843750	1400.000	4000.000	1.0000
354	Spectrogram 1	1	82239.606843750	82239.619843750	1400.000	4000.000	1.0000
355	Waveform 1	1	82263.159593750	82263.175843750	1400.000	4000.000	1.0000
355	Spectrogram 1	1	82263.159593750	82263.175843750	1400.000	4000.000	1.0000
356	Waveform 1	1	82270.004093750	82270.018718750	1400.000	4000.000	1.0000
356	Spectrogram 1	1	82270.004093750	82270.018718750	1400.000	4000.000	1.0000
357	Waveform 1	1	82271.289468750	82271.299218750	1400.000	4000.000	1.0000
357	Spectrogram 1	1	82271.289468750	82271.299218750	1400.000	4000.000	1.0000
