Selection	View	Channel	Begin Time (s)	End Time (s)	Low Freq (Hz)	High Freq (Hz)	Occupancy
1	Waveform 1	1	3721.056343750	3721.072593750	1400.000	4000.000	1.0000
1	Spectrogram 1	1	3721.056343750	3721.072593750	1400.000	4000.000	1.0000
2	Waveform 1	1	4060.250718750	4060.258843750	1400.000	4000.000	1.0000
2	Spectrogram 1	1	4060.250718750	4060.258843750	1400.000	4000.000	1.0000
3	Waveform 1	1	4989.188468750	4989.201468750	1400.000	4000.000	1.0000
3	Spectrogram 1	1	4989.188468750	4989.201468750	1400.000	4000.000	1.0000
4	Waveform 1	1	4989.264843750	4989.294093750	1400.000	4000.000	1.0000
4	Spectrogram 1	1	4989.264843750	4989.294093750	1400.000	4000.000	1.0000
5	Waveform 1	1	5341.876843750	5341.889843750	1400.000	4000.000	1.0000
5	Spectrogram 1	1	5341.876843750	5341.889843750	1400.000	4000.000	1.0000
6	Waveform 1	1	5481.563468750	5481.574843750	1400.000	4000.000	1.0000
6	Spectrogram 1	1	5481.563468750	5481.574843750	1400.000	4000.000	1.0000
7	Waveform 1	1	5529.751218750	5529.772343750	1400.000	4000.000	1.0000
7	Spectrogram 1	1	5529.751218750	5529.772343750	1400.000	4000.000	1.0000
8	Waveform 1	1	5536.987343750	5536.995468750	1400.000	4000.000	1.0000
8	Spectrogram 1	1	5536.987343750	5536.995468750	1400.000	4000.000	1.0000
9	Waveform 1	1	5560.826093750	5560.834218750	1400.000	4000.000	1.0000
9	Spectrogram 1	1	5560.826093750	5560.834218750	1400.000	4000.000	1.0000
10	Waveform 1	1	5564.470968750	5564.480718750	1400.000	4000.000	1.0000
10	Spectrogram 1	1	5564.470968750	5564.480718750	1400.000	4000.000	1.0000
11	Waveform 1	1	5588.199218750	5588.215468750	1400.000	4000.000	1.0000
11	Spectrogram 1	1	5588.199218750	5588.215468750	1400.000	4000.000	1.0000
12	Waveform 1	1	5591.418343750	5591.436218750	1400.000	4000.000	1.0000
12	Spectrogram 1	1	5591.418343750	5591.436218750	1400.000	4000.000	1.0000
13	Waveform 1	1	5715.680468750	5715.691843750	1400.000	4000.000	1.0000
13	Spectrogram 1	1	5715.680468750	5715.691843750	1400.000	4000.000	1.0000
14	Waveform 1	1	5738.025843750	5738.035593750	1400.000	4000.000	1.0000
14	Spectrogram 1	1	5738.025843750	5738.035593750	1400.000	4000.000	1.0000
15	Waveform 1	1	5773.634468750	5773.655593750	1400.000	4000.000	1.0000
15	Spectrogram 1	1	5773.634468750	5773.655593750	1400.000	4000.000	1.0000
16	Waveform 1	1	5839.380343750	5839.393343750	1400.000	4000.000	1.0000
16	Spectrogram 1	1	5839.380343750	5839.393343750	1400.000	4000.000	1.0000
17	Waveform 1	1	6021.022843750	6021.032593750	1400.000	4000.000	1.0000
17	Spectrogram 1	1	6021.022843750	6021.032593750	1400.000	4000.000	1.0000
18	Waveform 1	1	20532.519843750	20532.536093750	1400.000	4000.000	1.0000
18	Spectrogram 1	1	20532.519843750	20532.536093750	1400.000	4000.000	1.0000
19	Waveform 1	1	25218.805343750	25218.824843750	1400.000	4000.000	1.0000
19	Spectrogram 1	1	25218.805343750	25218.824843750	1400.000	4000.000	1.0000
20	Waveform 1	1	25644.964843750	25644.976218750	1400.000	4000.000	1.0000
20	Spectrogram 1	1	25644.964843750	25644.976218750	1400.000	4000.000	1.0000
21	Waveform 1	1	27258.831968750	27258.841718750	1400.000	4000.000	1.0000
21	Spectrogram 1	1	27258.831968750	27258.841718750	1400.000	4000.000	1.0000
22	Waveform 1	1	27942.276093750	27942.285843750	1400.000	4000.000	1.0000
22	Spectrogram 1	1	27942.276093750	27942.285843750	1400.000	4000.000	1.0000
23	Waveform 1	1	27945.930718750	27945.938843750	1400.000	4000.000	1.0000
23	Spectrogram 1	1	27945.930718750	27945.938843750	1400.000	4000.000	1.0000
24	Waveform 1	1	28013.637968750	28013.654218750	1400.000	4000.000	1.0000
24	Spectrogram 1	1	28013.637968750	28013.654218750	1400.000	4000.000	1.0000
25	Waveform 1	1	28136.075218750	28136.084968750	1400.000	4000.000	1.0000
25	Spectrogram 1	1	28136.075218750	28136.084968750	1400.000	4000.000	1.0000
26	Waveform 1	1	28152.105843750	28152.113968750	1400.000	4000.000	1.0000
26	Spectrogram 1	1	28152.105843750	28152.113968750	1400.000	4000.000	1.0000
27	Waveform 1	1	28152.206593750	28152.216343750	1400.000	4000.000	1.0000
27	Spectrogram 1	1	28152.206593750	28152.216343750	1400.000	4000.000	1.0000
28	Waveform 1	1	28217.040843750	28217.052218750	1400.000	4000.000	1.0000
28	Spectrogram 1	1	28217.040843750	28217.052218750	1400.000	4000.000	1.0000
29	Waveform 1	1	28230.195218750	28230.222843750	1400.000	4000.000	1.0000
29	Spectrogram 1	1	28230.195218750	28230.222843750	1400.000	4000.000	1.0000
30	Waveform 1	1	28234.988968750	28235.010093750	1400.000	4000.000	1.0000
30	Spectrogram 1	1	28234.988968750	28235.010093750	1400.000	4000.000	1.0000
31	Waveform 1	1	28349.788718750	28349.796843750	1400.000	4000.000	1.0000
31	Spectrogram 1	1	28349.788718750	28349.796843750	1400.000	4000.000	1.0000
32	Waveform 1	1	28396.892593750	28396.902343750	1400.000	4000.000	1.0000
32	Spectrogram 1	1	28396.892593750	28396.902343750	1400.000	4000.000	1.0000
33	Waveform 1	1	28398.655718750	28398.665468750	1400.000	4000.000	1.0000
33	Spectrogram 1	1	28398.655718750	28398.665468750	1400.000	4000.000	1.0000
34	Waveform 1	1	28399.552718750	28399.564093750	1400.000	4000.000	1.0000
34	Spectrogram 1	1	28399.552718750	28399.564093750	1400.000	4000.000	1.0000
35	Waveform 1	1	28400.639843750	28400.647968750	1400.000	4000.000	1.0000
35	Spectrogram 1	1	28400.639843750	28400.647968750	1400.000	4000.000	1.0000
36	Waveform 1	1	28401.179343750	28401.190718750	1400.000	4000.000	1.0000
36	Spectrogram 1	1	28401.179343750	28401.190718750	1400.000	4000.000	1.0000
37	Waveform 1	1	28406.392343750	28406.410218750	1400.000	4000.000	1.0000
37	Spectrogram 1	1	28406.392343750	28406.410218750	1400.000	4000.000	1.0000
38	Waveform 1	1	28409.757718750	28409.769093750	1400.000	4000.000	1.0000
38	Spectrogram 1	1	28409.757718750	28409.769093750	1400.000	4000.000	1.0000
39	Waveform 1	1	28412.627468750	28412.635593750	1400.000	4000.000	1.0000
39	Spectrogram 1	1	28412.627468750	28412.635593750	1400.000	4000.000	1.0000
40	Waveform 1	1	28432.969218750	28432.977343750	1400.000	4000.000	1.0000
40	Spectrogram 1	1	28432.969218750	28432.977343750	1400.000	4000.000	1.0000
41	Waveform 1	1	28443.726718750	28443.738093750	1400.000	4000.000	1.0000
41	Spectrogram 1	1	28443.726718750	28443.738093750	1400.000	4000.000	1.0000
42	Waveform 1	1	28462.677468750	28462.687218750	1400.000	4000.000	1.0000
42	Spectrogram 1	1	28462.677468750	28462.687218750	1400.000	4000.000	1.0000
43	Waveform 1	1	28469.515468750	28469.544718750	1400.000	4000.000	1.0000
43	Spectrogram 1	1	28469.515468750	28469.544718750	1400.000	4000.000	1.0000
44	Waveform 1	1	28474.421343750	28474.440843750	1400.000	4000.000	1.0000
44	Spectrogram 1	1	28474.421343750	28474.440843750	1400.000	4000.000	1.0000
45	Waveform 1	1	28477.245593750	28477.255343750	1400.000	4000.000	1.0000
45	Spectrogram 1	1	28477.245593750	28477.255343750	1400.000	4000.000	1.0000
46	Waveform 1	1	28479.268718750	28479.283343750	1400.000	4000.000	1.0000
46	Spectrogram 1	1	28479.268718750	28479.283343750	1400.000	4000.000	1.0000
47	Waveform 1	1	28490.698968750	28490.710343750	1400.000	4000.000	1.0000
47	Spectrogram 1	1	28490.698968750	28490.710343750	1400.000	4000.000	1.0000
48	Waveform 1	1	28521.916843750	28521.931468750	1400.000	4000.000	1.0000
48	Spectrogram 1	1	28521.916843750	28521.931468750	1400.000	4000.000	1.0000
49	Waveform 1	1	28538.501593750	28538.509718750	1400.000	4000.000	1.0000
49	Spectrogram 1	1	28538.501593750	28538.509718750	1400.000	4000.000	1.0000
50	Waveform 1	1	28568.648593750	28568.659968750	1400.000	4000.000	1.0000
50	Spectrogram 1	1	28568.648593750	28568.659968750	1400.000	4000.000	1.0000
51	Waveform 1	1	28569.241718750	28569.262843750	1400.000	4000.000	1.0000
51	Spectrogram 1	1	28569.241718750	28569.262843750	1400.000	4000.000	1.0000
52	Waveform 1	1	28579.485718750	28579.501968750	1400.000	4000.000	1.0000
52	Spectrogram 1	1	28579.485718750	28579.501968750	1400.000	4000.000	1.0000
53	Waveform 1	1	28580.389218750	28580.408718750	1400.000	4000.000	1.0000
53	Spectrogram 1	1	28580.389218750	28580.408718750	1400.000	4000.000	1.0000
54	Waveform 1	1	28583.410093750	28583.419843750	1400.000	4000.000	1.0000
54	Spectrogram 1	1	28583.410093750	28583.419843750	1400.000	4000.000	1.0000
55	Waveform 1	1	28583.754593750	28583.764343750	1400.000	4000.000	1.0000
55	Spectrogram 1	1	28583.754593750	28583.764343750	1400.000	4000.000	1.0000
56	Waveform 1	1	28583.902468750	28583.930093750	1400.000	4000.000	1.0000
56	Spectrogram 1	1	28583.902468750	28583.930093750	1400.000	4000.000	1.0000
57	Waveform 1	1	28584.822218750	28584.833593750	1400.000	4000.000	1.0000
57	Spectrogram 1	1	28584.822218750	28584.833593750	1400.000	4000.000	1.0000
58	Waveform 1	1	28598.925593750	28598.945093750	1400.000	4000.000	1.0000
58	Spectrogram 1	1	28598.925593750	28598.945093750	1400.000	4000.000	1.0000
59	Waveform 1	1	28627.798593750	28627.822968750	1400.000	4000.000	1.0000
59	Spectrogram 1	1	28627.798593750	28627.822968750	1400.000	4000.000	1.0000
60	Waveform 1	1	28634.604093750	28634.621968750	1400.000	4000.000	1.0000
60	Spectrogram 1	1	28634.604093750	28634.621968750	1400.000	4000.000	1.0000
61	Waveform 1	1	28659.811093750	28659.820843750	1400.000	4000.000	1.0000
61	Spectrogram 1	1	28659.811093750	28659.820843750	1400.000	4000.000	1.0000
62	Waveform 1	1	28700.432843750	28700.449093750	1400.000	4000.000	1.0000
62	Spectrogram 1	1	28700.432843750	28700.449093750	1400.000	4000.000	1.0000
63	Waveform 1	1	28712.565093750	28712.587843750	1400.000	4000.000	1.0000
63	Spectrogram 1	1	28712.565093750	28712.587843750	1400.000	4000.000	1.0000
64	Waveform 1	1	28714.125093750	28714.133218750	1400.000	4000.000	1.0000
64	Spectrogram 1	1	28714.125093750	28714.133218750	1400.000	4000.000	1.0000
65	Waveform 1	1	28722.841593750	28722.852968750	1400.000	4000.000	1.0000
65	Spectrogram 1	1	28722.841593750	28722.852968750	1400.000	4000.000	1.0000
66	Waveform 1	1	28773.723593750	28773.741468750	1400.000	4000.000	1.0000
66	Spectrogram 1	1	28773.723593750	28773.741468750	1400.000	4000.000	1.0000
67	Waveform 1	1	28776.596593750	28776.620968750	1400.000	4000.000	1.0000
67	Spectrogram 1	1	28776.596593750	28776.620968750	1400.000	4000.000	1.0000
68	Waveform 1	1	28863.088843750	28863.111593750	1400.000	4000.000	1.0000
68	Spectrogram 1	1	28863.088843750	28863.111593750	1400.000	4000.000	1.0000
69	Waveform 1	1	28999.289843750	28999.310968750	1400.000	4000.000	1.0000
69	Spectrogram 1	1	28999.289843750	28999.310968750	1400.000	4000.000	1.0000
70	Waveform 1	1	29001.260968750	29001.270718750	1400.000	4000.000	1.0000
70	Spectrogram 1	1	29001.260968750	29001.270718750	1400.000	4000.000	1.0000
71	Waveform 1	1	29044.690718750	29044.710218750	1400.000	4000.000	1.0000
71	Spectrogram 1	1	29044.690718750	29044.710218750	1400.000	4000.000	1.0000
72	Waveform 1	1	29128.608968750	29128.623593750	1400.000	4000.000	1.0000
72	Spectrogram 1	1	29128.608968750	29128.623593750	1400.000	4000.000	1.0000
73	Waveform 1	1	29162.486968750	29162.504843750	1400.000	4000.000	1.0000
73	Spectrogram 1	1	29162.486968750	29162.504843750	1400.000	4000.000	1.0000
74	Waveform 1	1	29187.271468750	29187.290968750	1400.000	4000.000	1.0000
74	Spectrogram 1	1	29187.271468750	29187.290968750	1400.000	4000.000	1.0000
75	Waveform 1	1	29329.938343750	29329.951343750	1400.000	4000.000	1.0000
75	Spectrogram 1	1	29329.938343750	29329.951343750	1400.000	4000.000	1.0000
76	Waveform 1	1	29364.838468750	29364.867718750	1400.000	4000.000	1.0000
76	Spectrogram 1	1	29364.838468750	29364.867718750	1400.000	4000.000	1.0000
77	Waveform 1	1	29371.993343750	29372.001468750	1400.000	4000.000	1.0000
77	Spectrogram 1	1	29371.993343750	29372.001468750	1400.000	4000.000	1.0000
78	Waveform 1	1	29384.773968750	29384.783718750	1400.000	4000.000	1.0000
78	Spectrogram 1	1	29384.773968750	29384.783718750	1400.000	4000.000	1.0000
79	Waveform 1	1	29397.730093750	29397.746343750	1400.000	4000.000	1.0000
79	Spectrogram 1	1	29397.730093750	29397.746343750	1400.000	4000.000	1.0000
80	Waveform 1	1	29402.681468750	29402.710718750	1400.000	4000.000	1.0000
80	Spectrogram 1	1	29402.681468750	29402.710718750	1400.000	4000.000	1.0000
81	Waveform 1	1	29414.257968750	29414.270968750	1400.000	4000.000	1.0000
81	Spectrogram 1	1	29414.257968750	29414.270968750	1400.000	4000.000	1.0000
82	Waveform 1	1	29433.207093750	29433.226593750	1400.000	4000.000	1.0000
82	Spectrogram 1	1	29433.207093750	29433.226593750	1400.000	4000.000	1.0000
83	Waveform 1	1	29454.570968750	29454.585593750	1400.000	4000.000	1.0000
83	Spectrogram 1	1	29454.570968750	29454.585593750	1400.000	4000.000	1.0000
84	Waveform 1	1	29524.938343750	29524.949718750	1400.000	4000.000	1.0000
84	Spectrogram 1	1	29524.938343750	29524.949718750	1400.000	4000.000	1.0000
85	Waveform 1	1	29610.387343750	29610.395468750	1400.000	4000.000	1.0000
85	Spectrogram 1	1	29610.387343750	29610.395468750	1400.000	4000.000	1.0000
86	Waveform 1	1	29655.606218750	29655.615968750	1400.000	4000.000	1.0000
86	Spectrogram 1	1	29655.606218750	29655.615968750	1400.000	4000.000	1.0000
87	Waveform 1	1	29783.761843750	29783.773218750	1400.000	4000.000	1.0000
87	Spectrogram 1	1	29783.761843750	29783.773218750	1400.000	4000.000	1.0000
88	Waveform 1	1	29784.832718750	29784.858718750	1400.000	4000.000	1.0000
88	Spectrogram 1	1	29784.832718750	29784.858718750	1400.000	4000.000	1.0000
89	Waveform 1	1	29785.177218750	29785.193468750	1400.000	4000.000	1.0000
89	Spectrogram 1	1	29785.177218750	29785.193468750	1400.000	4000.000	1.0000
90	Waveform 1	1	29785.263343750	29785.277968750	1400.000	4000.000	1.0000
90	Spectrogram 1	1	29785.263343750	29785.277968750	1400.000	4000.000	1.0000
91	Waveform 1	1	29786.469093750	29786.480468750	1400.000	4000.000	1.0000
91	Spectrogram 1	1	29786.469093750	29786.480468750	1400.000	4000.000	1.0000
92	Waveform 1	1	29788.045343750	29788.066468750	1400.000	4000.000	1.0000
92	Spectrogram 1	1	29788.045343750	29788.066468750	1400.000	4000.000	1.0000
93	Waveform 1	1	29789.532218750	29789.541968750	1400.000	4000.000	1.0000
93	Spectrogram 1	1	29789.532218750	29789.541968750	1400.000	4000.000	1.0000
94	Waveform 1	1	29795.976968750	29795.985093750	1400.000	4000.000	1.0000
94	Spectrogram 1	1	29795.976968750	29795.985093750	1400.000	4000.000	1.0000
95	Waveform 1	1	29872.512843750	29872.540468750	1400.000	4000.000	0.7647
95	Spectrogram 1	1	29872.512843750	29872.540468750	1400.000	4000.000	0.7647
96	Waveform 1	1	29888.951343750	29888.967593750	1400.000	4000.000	1.0000
96	Spectrogram 1	1	29888.951343750	29888.967593750	1400.000	4000.000	1.0000
97	Waveform 1	1	29891.666718750	29891.676468750	1400.000	4000.000	1.0000
97	Spectrogram 1	1	29891.666718750	29891.676468750	1400.000	4000.000	1.0000
98	Waveform 1	1	29932.637843750	29932.655718750	1400.000	4000.000	1.0000
98	Spectrogram 1	1	29932.637843750	29932.655718750	1400.000	4000.000	1.0000
99	Waveform 1	1	29981.746968750	29981.768093750	1400.000	4000.000	1.0000
99	Spectrogram 1	1	29981.746968750	29981.768093750	1400.000	4000.000	1.0000
100	Waveform 1	1	30019.086218750	30019.107343750	1400.000	4000.000	1.0000
100	Spectrogram 1	1	30019.086218750	30019.107343750	1400.000	4000.000	1.0000
101	Waveform 1	1	30032.396593750	30032.407968750	1400.000	4000.000	1.0000
101	Spectrogram 1	1	30032.396593750	30032.407968750	1400.000	4000.000	1.0000
102	Waveform 1	1	30098.862343750	30098.878593750	1400.000	4000.000	1.0000
102	Spectrogram 1	1	30098.862343750	30098.878593750	1400.000	4000.000	1.0000
103	Waveform 1	1	30194.634968750	30194.652843750	1400.000	4000.000	1.0000
103	Spectrogram 1	1	30194.634968750	30194.652843750	1400.000	4000.000	1.0000
104	Waveform 1	1	30517.762968750	30517.774343750	1400.000	4000.000	1.0000
104	Spectrogram 1	1	30517.762968750	30517.774343750	1400.000	4000.000	1.0000
105	Waveform 1	1	30658.132093750	30658.148343750	1400.000	4000.000	1.0000
105	Spectrogram 1	1	30658.132093750	30658.148343750	1400.000	4000.000	1.0000
106	Waveform 1	1	30713.359343750	30713.375593750	1400.000	4000.000	1.0000
106	Spectrogram 1	1	30713.359343750	30713.375593750	1400.000	4000.000	1.0000
107	Waveform 1	1	30745.046843750	30745.059843750	1400.000	4000.000	1.0000
107	Spectrogram 1	1	30745.046843750	30745.059843750	1400.000	4000.000	1.0000
108	Waveform 1	1	31287.065593750	31287.080218750	1400.000	4000.000	1.0000
108	Spectrogram 1	1	31287.065593750	31287.080218750	1400.000	4000.000	1.0000
109	Waveform 1	1	31289.402343750	31289.413718750	1400.000	4000.000	1.0000
109	Spectrogram 1	1	31289.402343750	31289.413718750	1400.000	4000.000	1.0000
110	Waveform 1	1	31402.596593750	31402.617718750	1400.000	4000.000	1.0000
110	Spectrogram 1	1	31402.596593750	31402.617718750	1400.000	4000.000	1.0000
111	Waveform 1	1	31460.701718750	31460.719593750	1400.000	4000.000	1.0000
111	Spectrogram 1	1	31460.701718750	31460.719593750	1400.000	4000.000	1.0000
112	Waveform 1	1	31662.741218750	31662.757468750	1400.000	4000.000	1.0000
112	Spectrogram 1	1	31662.741218750	31662.757468750	1400.000	4000.000	1.0000
113	Waveform 1	1	31746.154093750	31746.170343750	1400.000	4000.000	1.0000
113	Spectrogram 1	1	31746.154093750	31746.170343750	1400.000	4000.000	1.0000
114	Waveform 1	1	32126.873718750	32126.894843750	1400.000	4000.000	1.0000
114	Spectrogram 1	1	32126.873718750	32126.894843750	1400.000	4000.000	1.0000
115	Waveform 1	1	32185.414343750	32185.424093750	1400.000	4000.000	1.0000
115	Spectrogram 1	1	32185.414343750	32185.424093750	1400.000	4000.000	1.0000
116	Waveform 1	1	32206.731093750	32206.748968750	1400.000	4000.000	1.0000
116	Spectrogram 1	1	32206.731093750	32206.748968750	1400.000	4000.000	1.0000
117	Waveform 1	1	32233.257593750	32233.272218750	1400.000	4000.000	1.0000
117	Spectrogram 1	1	32233.257593750	32233.272218750	1400.000	4000.000	1.0000
118	Waveform 1	1	32312.607968750	32312.635593750	1400.000	4000.000	1.0000
118	Spectrogram 1	1	32312.607968750	32312.635593750	1400.000	4000.000	1.0000
119	Waveform 1	1	32342.628218750	32342.641218750	1400.000	4000.000	1.0000
119	Spectrogram 1	1	32342.628218750	32342.641218750	1400.000	4000.000	1.0000
120	Waveform 1	1	32596.456468750	32596.471093750	1400.000	4000.000	1.0000
120	Spectrogram 1	1	32596.456468750	32596.471093750	1400.000	4000.000	1.0000
121	Waveform 1	1	32603.336718750	32603.349718750	1400.000	4000.000	1.0000
121	Spectrogram 1	1	32603.336718750	32603.349718750	1400.000	4000.000	1.0000
122	Waveform 1	1	32795.736718750	32795.752968750	1400.000	4000.000	1.0000
122	Spectrogram 1	1	32795.736718750	32795.752968750	1400.000	4000.000	1.0000
123	Waveform 1	1	32851.761843750	32851.774843750	1400.000	4000.000	1.0000
123	Spectrogram 1	1	32851.761843750	32851.774843750	1400.000	4000.000	1.0000
124	Waveform 1	1	32865.738468750	32865.756343750	1400.000	4000.000	1.0000
124	Spectrogram 1	1	32865.738468750	32865.756343750	1400.000	4000.000	1.0000
125	Waveform 1	1	32925.234593750	32925.242718750	1400.000	4000.000	1.0000
125	Spectrogram 1	1	32925.234593750	32925.242718750	1400.000	4000.000	1.0000
126	Waveform 1	1	32931.344593750	32931.355968750	1400.000	4000.000	1.0000
126	Spectrogram 1	1	32931.344593750	32931.355968750	1400.000	4000.000	1.0000
127	Waveform 1	1	32936.931343750	32936.944343750	1400.000	4000.000	1.0000
127	Spectrogram 1	1	32936.931343750	32936.944343750	1400.000	4000.000	1.0000
128	Waveform 1	1	32947.094093750	32947.113593750	1400.000	4000.000	1.0000
128	Spectrogram 1	1	32947.094093750	32947.113593750	1400.000	4000.000	1.0000
129	Waveform 1	1	33300.027843750	33300.037593750	1400.000	4000.000	1.0000
129	Spectrogram 1	1	33300.027843750	33300.037593750	1400.000	4000.000	1.0000
130	Waveform 1	1	33347.162593750	33347.172343750	1400.000	4000.000	1.0000
130	Spectrogram 1	1	33347.162593750	33347.172343750	1400.000	4000.000	1.0000
131	Waveform 1	1	33347.833718750	33347.843468750	1400.000	4000.000	1.0000
131	Spectrogram 1	1	33347.833718750	33347.843468750	1400.000	4000.000	1.0000
132	Waveform 1	1	33348.374843750	33348.382968750	1400.000	4000.000	1.0000
132	Spectrogram 1	1	33348.374843750	33348.382968750	1400.000	4000.000	1.0000
133	Waveform 1	1	33401.193843750	33401.203593750	1400.000	4000.000	1.0000
133	Spectrogram 1	1	33401.193843750	33401.203593750	1400.000	4000.000	1.0000
134	Waveform 1	1	33448.926593750	33448.936343750	1400.000	4000.000	1.0000
134	Spectrogram 1	1	33448.926593750	33448.936343750	1400.000	4000.000	1.0000
135	Waveform 1	1	33450.600343750	33450.618218750	1400.000	4000.000	1.0000
135	Spectrogram 1	1	33450.600343750	33450.618218750	1400.000	4000.000	1.0000
136	Waveform 1	1	33504.738843750	33504.748593750	1400.000	4000.000	1.0000
136	Spectrogram 1	1	33504.738843750	33504.748593750	1400.000	4000.000	1.0000
137	Waveform 1	1	33542.784968750	33542.796343750	1400.000	4000.000	1.0000
137	Spectrogram 1	1	33542.784968750	33542.796343750	1400.000	4000.000	1.0000
138	Waveform 1	1	33544.590343750	33544.600093750	1400.000	4000.000	1.0000
138	Spectrogram 1	1	33544.590343750	33544.600093750	1400.000	4000.000	1.0000
139	Waveform 1	1	33544.993343750	33545.019343750	1400.000	4000.000	1.0000
139	Spectrogram 1	1	33544.993343750	33545.019343750	1400.000	4000.000	1.0000
140	Waveform 1	1	33545.617343750	33545.633593750	1400.000	4000.000	1.0000
140	Spectrogram 1	1	33545.617343750	33545.633593750	1400.000	4000.000	1.0000
141	Waveform 1	1	33550.316843750	33550.329843750	1400.000	4000.000	1.0000
141	Spectrogram 1	1	33550.316843750	33550.329843750	1400.000	4000.000	1.0000
142	Waveform 1	1	33559.137343750	33559.161718750	1400.000	4000.000	1.0000
142	Spectrogram 1	1	33559.137343750	33559.161718750	1400.000	4000.000	1.0000
143	Waveform 1	1	33612.146468750	33612.170843750	1400.000	4000.000	1.0000
143	Spectrogram 1	1	33612.146468750	33612.170843750	1400.000	4000.000	1.0000
144	Waveform 1	1	33614.387343750	33614.401968750	1400.000	4000.000	1.0000
144	Spectrogram 1	1	33614.387343750	33614.401968750	1400.000	4000.000	1.0000
145	Waveform 1	1	33616.420218750	33616.429968750	1400.000	4000.000	1.0000
145	Spectrogram 1	1	33616.420218750	33616.429968750	1400.000	4000.000	1.0000
146	Waveform 1	1	33616.485218750	33616.499843750	1400.000	4000.000	1.0000
146	Spectrogram 1	1	33616.485218750	33616.499843750	1400.000	4000.000	1.0000
147	Waveform 1	1	33707.416968750	33707.425093750	1400.000	4000.000	1.0000
147	Spectrogram 1	1	33707.416968750	33707.425093750	1400.000	4000.000	1.0000
148	Waveform 1	1	33710.627968750	33710.650718750	1400.000	4000.000	1.0000
148	Spectrogram 1	1	33710.627968750	33710.650718750	1400.000	4000.000	1.0000
149	Waveform 1	1	33710.683218750	33710.692968750	1400.000	4000.000	1.0000
149	Spectrogram 1	1	33710.683218750	33710.692968750	1400.000	4000.000	1.0000
150	Waveform 1	1	33714.157468750	33714.180218750	1400.000	4000.000	1.0000
150	Spectrogram 1	1	33714.157468750	33714.180218750	1400.000	4000.000	1.0000
151	Waveform 1	1	33796.731843750	33796.751343750	1400.000	4000.000	1.0000
151	Spectrogram 1	1	33796.731843750	33796.751343750	1400.000	4000.000	1.0000
152	Waveform 1	1	33798.686718750	33798.694843750	1400.000	4000.000	1.0000
152	Spectrogram 1	1	33798.686718750	33798.694843750	1400.000	4000.000	1.0000
153	Waveform 1	1	33798.728968750	33798.741968750	1400.000	4000.000	1.0000
153	Spectrogram 1	1	33798.728968750	33798.741968750	1400.000	4000.000	1.0000
154	Waveform 1	1	33798.816718750	33798.842718750	1400.000	4000.000	1.0000
154	Spectrogram 1	1	33798.816718750	33798.842718750	1400.000	4000.000	1.0000
155	Waveform 1	1	33798.962968750	33798.987343750	1400.000	4000.000	1.0000
155	Spectrogram 1	1	33798.962968750	33798.987343750	1400.000	4000.000	1.0000
156	Waveform 1	1	33934.609843750	33934.627718750	1400.000	4000.000	1.0000
156	Spectrogram 1	1	33934.609843750	33934.627718750	1400.000	4000.000	1.0000
157	Waveform 1	1	33936.496468750	33936.514343750	1400.000	4000.000	1.0000
157	Spectrogram 1	1	33936.496468750	33936.514343750	1400.000	4000.000	1.0000
158	Waveform 1	1	33936.619968750	33936.642718750	1400.000	4000.000	1.0000
158	Spectrogram 1	1	33936.619968750	33936.642718750	1400.000	4000.000	1.0000
159	Waveform 1	1	33968.497593750	33968.520343750	1400.000	4000.000	1.0000
159	Spectrogram 1	1	33968.497593750	33968.520343750	1400.000	4000.000	1.0000
160	Waveform 1	1	33987.953718750	33987.966718750	1400.000	4000.000	1.0000
160	Spectrogram 1	1	33987.953718750	33987.966718750	1400.000	4000.000	1.0000
161	Waveform 1	1	33988.057718750	33988.070718750	1400.000	4000.000	1.0000
161	Spectrogram 1	1	33988.057718750	33988.070718750	1400.000	4000.000	1.0000
162	Waveform 1	1	33988.592343750	33988.610218750	1400.000	4000.000	1.0000
162	Spectrogram 1	1	33988.592343750	33988.610218750	1400.000	4000.000	1.0000
163	Waveform 1	1	34008.300343750	34008.323093750	1400.000	4000.000	1.0000
163	Spectrogram 1	1	34008.300343750	34008.323093750	1400.000	4000.000	1.0000
164	Waveform 1	1	34034.259718750	34034.269468750	1400.000	4000.000	1.0000
164	Spectrogram 1	1	34034.259718750	34034.269468750	1400.000	4000.000	1.0000
165	Waveform 1	1	34072.764093750	34072.778718750	1400.000	4000.000	1.0000
165	Spectrogram 1	1	34072.764093750	34072.778718750	1400.000	4000.000	1.0000
166	Waveform 1	1	34075.957218750	34075.989718750	1400.000	4000.000	1.0000
166	Spectrogram 1	1	34075.957218750	34075.989718750	1400.000	4000.000	1.0000
167	Waveform 1	1	34088.256843750	34088.268218750	1400.000	4000.000	1.0000
167	Spectrogram 1	1	34088.256843750	34088.268218750	1400.000	4000.000	1.0000
168	Waveform 1	1	34092.007343750	34092.020343750	1400.000	4000.000	1.0000
168	Spectrogram 1	1	34092.007343750	34092.020343750	1400.000	4000.000	1.0000
169	Waveform 1	1	34093.248843750	34093.258593750	1400.000	4000.000	1.0000
169	Spectrogram 1	1	34093.248843750	34093.258593750	1400.000	4000.000	1.0000
170	Waveform 1	1	34094.080843750	34094.098718750	1400.000	4000.000	1.0000
170	Spectrogram 1	1	34094.080843750	34094.098718750	1400.000	4000.000	1.0000
171	Waveform 1	1	34095.622968750	34095.655468750	1400.000	4000.000	1.0000
171	Spectrogram 1	1	34095.622968750	34095.655468750	1400.000	4000.000	1.0000
172	Waveform 1	1	34196.722343750	34196.733718750	1400.000	4000.000	1.0000
172	Spectrogram 1	1	34196.722343750	34196.733718750	1400.000	4000.000	1.0000
173	Waveform 1	1	34200.380218750	34200.396468750	1400.000	4000.000	1.0000
173	Spectrogram 1	1	34200.380218750	34200.396468750	1400.000	4000.000	1.0000
174	Waveform 1	1	34206.703093750	34206.719343750	1400.000	4000.000	1.0000
174	Spectrogram 1	1	34206.703093750	34206.719343750	1400.000	4000.000	1.0000
175	Waveform 1	1	34208.107093750	34208.116843750	1400.000	4000.000	1.0000
175	Spectrogram 1	1	34208.107093750	34208.116843750	1400.000	4000.000	1.0000
176	Waveform 1	1	34210.672968750	34210.681093750	1400.000	4000.000	1.0000
176	Spectrogram 1	1	34210.672968750	34210.681093750	1400.000	4000.000	1.0000
177	Waveform 1	1	34231.261718750	34231.289343750	1400.000	4000.000	1.0000
177	Spectrogram 1	1	34231.261718750	34231.289343750	1400.000	4000.000	1.0000
178	Waveform 1	1	34235.928718750	34235.951468750	1400.000	4000.000	1.0000
178	Spectrogram 1	1	34235.928718750	34235.951468750	1400.000	4000.000	1.0000
179	Waveform 1	1	34238.527093750	34238.536843750	1400.000	4000.000	1.0000
179	Spectrogram 1	1	34238.527093750	34238.536843750	1400.000	4000.000	1.0000
180	Waveform 1	1	34241.835593750	34241.843718750	1400.000	4000.000	1.0000
180	Spectrogram 1	1	34241.835593750	34241.843718750	1400.000	4000.000	1.0000
181	Waveform 1	1	34243.257468750	34243.270468750	1400.000	4000.000	1.0000
181	Spectrogram 1	1	34243.257468750	34243.270468750	1400.000	4000.000	1.0000
182	Waveform 1	1	34245.231843750	34245.241593750	1400.000	4000.000	1.0000
182	Spectrogram 1	1	34245.231843750	34245.241593750	1400.000	4000.000	1.0000
183	Waveform 1	1	34250.166968750	34250.191343750	1400.000	4000.000	1.0000
183	Spectrogram 1	1	34250.166968750	34250.191343750	1400.000	4000.000	1.0000
184	Waveform 1	1	34250.231968750	34250.241718750	1400.000	4000.000	1.0000
184	Spectrogram 1	1	34250.231968750	34250.241718750	1400.000	4000.000	1.0000
185	Waveform 1	1	34250.716218750	34250.724343750	1400.000	4000.000	1.0000
185	Spectrogram 1	1	34250.716218750	34250.724343750	1400.000	4000.000	1.0000
186	Waveform 1	1	34251.743218750	34251.757843750	1400.000	4000.000	1.0000
186	Spectrogram 1	1	34251.743218750	34251.757843750	1400.000	4000.000	1.0000
187	Waveform 1	1	34252.248593750	34252.256718750	1400.000	4000.000	1.0000
187	Spectrogram 1	1	34252.248593750	34252.256718750	1400.000	4000.000	1.0000
188	Waveform 1	1	34255.870718750	34255.882093750	1400.000	4000.000	1.0000
188	Spectrogram 1	1	34255.870718750	34255.882093750	1400.000	4000.000	1.0000
189	Waveform 1	1	34257.082968750	34257.099218750	1400.000	4000.000	1.0000
189	Spectrogram 1	1	34257.082968750	34257.099218750	1400.000	4000.000	1.0000
190	Waveform 1	1	34257.156093750	34257.165843750	1400.000	4000.000	1.0000
190	Spectrogram 1	1	34257.156093750	34257.165843750	1400.000	4000.000	1.0000
191	Waveform 1	1	34259.348218750	34259.361218750	1400.000	4000.000	1.0000
191	Spectrogram 1	1	34259.348218750	34259.361218750	1400.000	4000.000	1.0000
192	Waveform 1	1	34259.409968750	34259.439218750	1400.000	4000.000	1.0000
192	Spectrogram 1	1	34259.409968750	34259.439218750	1400.000	4000.000	1.0000
193	Waveform 1	1	34259.473343750	34259.487968750	1400.000	4000.000	1.0000
193	Spectrogram 1	1	34259.473343750	34259.487968750	1400.000	4000.000	1.0000
194	Waveform 1	1	34259.938093750	34259.970593750	1400.000	4000.000	0.9000
194	Spectrogram 1	1	34259.938093750	34259.970593750	1400.000	4000.000	0.9000
195	Waveform 1	1	34260.016093750	34260.029093750	1400.000	4000.000	1.0000
195	Spectrogram 1	1	34260.016093750	34260.029093750	1400.000	4000.000	1.0000
196	Waveform 1	1	34266.707843750	34266.732218750	1400.000	4000.000	1.0000
196	Spectrogram 1	1	34266.707843750	34266.732218750	1400.000	4000.000	1.0000
197	Waveform 1	1	34269.182718750	34269.195718750	1400.000	4000.000	1.0000
197	Spectrogram 1	1	34269.182718750	34269.195718750	1400.000	4000.000	1.0000
198	Waveform 1	1	34282.676718750	34282.688093750	1400.000	4000.000	1.0000
198	Spectrogram 1	1	34282.676718750	34282.688093750	1400.000	4000.000	1.0000
199	Waveform 1	1	34282.878218750	34282.886343750	1400.000	4000.000	1.0000
199	Spectrogram 1	1	34282.878218750	34282.886343750	1400.000	4000.000	1.0000
200	Waveform 1	1	34297.670593750	34297.688468750	1400.000	4000.000	1.0000
200	Spectrogram 1	1	34297.670593750	34297.688468750	1400.000	4000.000	1.0000
201	Waveform 1	1	34313.509468750	34313.532218750	1400.000	4000.000	1.0000
201	Spectrogram 1	1	34313.509468750	34313.532218750	1400.000	4000.000	1.0000
202	Waveform 1	1	34315.098718750	34315.114968750	1400.000	4000.000	1.0000
202	Spectrogram 1	1	34315.098718750	34315.114968750	1400.000	4000.000	1.0000
203	Waveform 1	1	34316.247593750	34316.257343750	1400.000	4000.000	1.0000
203	Spectrogram 1	1	34316.247593750	34316.257343750	1400.000	4000.000	1.0000
204	Waveform 1	1	34316.301218750	34316.333718750	1400.000	4000.000	1.0000
204	Spectrogram 1	1	34316.301218750	34316.333718750	1400.000	4000.000	1.0000
205	Waveform 1	1	34326.806843750	34326.824718750	1400.000	4000.000	1.0000
205	Spectrogram 1	1	34326.806843750	34326.824718750	1400.000	4000.000	1.0000
206	Waveform 1	1	34335.871093750	34335.884093750	1400.000	4000.000	1.0000
206	Spectrogram 1	1	34335.871093750	34335.884093750	1400.000	4000.000	1.0000
207	Waveform 1	1	34335.932843750	34335.950718750	1400.000	4000.000	1.0000
207	Spectrogram 1	1	34335.932843750	34335.950718750	1400.000	4000.000	1.0000
208	Waveform 1	1	34338.389843750	34338.404468750	1400.000	4000.000	1.0000
208	Spectrogram 1	1	34338.389843750	34338.404468750	1400.000	4000.000	1.0000
209	Waveform 1	1	34338.735968750	34338.758718750	1400.000	4000.000	1.0000
209	Spectrogram 1	1	34338.735968750	34338.758718750	1400.000	4000.000	1.0000
210	Waveform 1	1	34350.062218750	34350.076843750	1400.000	4000.000	1.0000
210	Spectrogram 1	1	34350.062218750	34350.076843750	1400.000	4000.000	1.0000
211	Waveform 1	1	34382.545968750	34382.571968750	1400.000	4000.000	1.0000
211	Spectrogram 1	1	34382.545968750	34382.571968750	1400.000	4000.000	1.0000
212	Waveform 1	1	34390.381718750	34390.394718750	1400.000	4000.000	1.0000
212	Spectrogram 1	1	34390.381718750	34390.394718750	1400.000	4000.000	1.0000
213	Waveform 1	1	34390.521468750	34390.536093750	1400.000	4000.000	1.0000
213	Spectrogram 1	1	34390.521468750	34390.536093750	1400.000	4000.000	1.0000
214	Waveform 1	1	34391.119468750	34391.137343750	1400.000	4000.000	1.0000
214	Spectrogram 1	1	34391.119468750	34391.137343750	1400.000	4000.000	1.0000
215	Waveform 1	1	34391.636218750	34391.667093750	1400.000	4000.000	1.0000
215	Spectrogram 1	1	34391.636218750	34391.667093750	1400.000	4000.000	1.0000
216	Waveform 1	1	34393.266093750	34393.292093750	1400.000	4000.000	1.0000
216	Spectrogram 1	1	34393.266093750	34393.292093750	1400.000	4000.000	1.0000
217	Waveform 1	1	34411.768343750	34411.778093750	1400.000	4000.000	1.0000
217	Spectrogram 1	1	34411.768343750	34411.778093750	1400.000	4000.000	1.0000
218	Waveform 1	1	34443.054468750	34443.067468750	1400.000	4000.000	1.0000
218	Spectrogram 1	1	34443.054468750	34443.067468750	1400.000	4000.000	1.0000
219	Waveform 1	1	34448.784218750	34448.798843750	1400.000	4000.000	1.0000
219	Spectrogram 1	1	34448.784218750	34448.798843750	1400.000	4000.000	1.0000
220	Waveform 1	1	34450.019218750	34450.032218750	1400.000	4000.000	1.0000
220	Spectrogram 1	1	34450.019218750	34450.032218750	1400.000	4000.000	1.0000
221	Waveform 1	1	34451.340343750	34451.348468750	1400.000	4000.000	1.0000
221	Spectrogram 1	1	34451.340343750	34451.348468750	1400.000	4000.000	1.0000
222	Waveform 1	1	34451.753093750	34451.777468750	1400.000	4000.000	1.0000
222	Spectrogram 1	1	34451.753093750	34451.777468750	1400.000	4000.000	1.0000
223	Waveform 1	1	34458.105218750	34458.116593750	1400.000	4000.000	1.0000
223	Spectrogram 1	1	34458.105218750	34458.116593750	1400.000	4000.000	1.0000
224	Waveform 1	1	34470.780218750	34470.793218750	1400.000	4000.000	1.0000
224	Spectrogram 1	1	34470.780218750	34470.793218750	1400.000	4000.000	1.0000
225	Waveform 1	1	34471.199468750	34471.218968750	1400.000	4000.000	1.0000
225	Spectrogram 1	1	34471.199468750	34471.218968750	1400.000	4000.000	1.0000
226	Waveform 1	1	34473.412718750	34473.427343750	1400.000	4000.000	1.0000
226	Spectrogram 1	1	34473.412718750	34473.427343750	1400.000	4000.000	1.0000
227	Waveform 1	1	34543.762218750	34543.770343750	1400.000	4000.000	1.0000
227	Spectrogram 1	1	34543.762218750	34543.770343750	1400.000	4000.000	1.0000
228	Waveform 1	1	34549.535843750	34549.543968750	1400.000	4000.000	1.0000
228	Spectrogram 1	1	34549.535843750	34549.543968750	1400.000	4000.000	1.0000
229	Waveform 1	1	34550.715593750	34550.723718750	1400.000	4000.000	1.0000
229	Spectrogram 1	1	34550.715593750	34550.723718750	1400.000	4000.000	1.0000
230	Waveform 1	1	34556.326718750	34556.336468750	1400.000	4000.000	1.0000
230	Spectrogram 1	1	34556.326718750	34556.336468750	1400.000	4000.000	1.0000
231	Waveform 1	1	34565.813468750	34565.826468750	1400.000	4000.000	1.0000
231	Spectrogram 1	1	34565.813468750	34565.826468750	1400.000	4000.000	1.0000
232	Waveform 1	1	34630.727343750	34630.741968750	1400.000	4000.000	1.0000
232	Spectrogram 1	1	34630.727343750	34630.741968750	1400.000	4000.000	1.0000
233	Waveform 1	1	34660.814218750	34660.843468750	1400.000	4000.000	1.0000
233	Spectrogram 1	1	34660.814218750	34660.843468750	1400.000	4000.000	1.0000
234	Waveform 1	1	34735.403343750	34735.429343750	1400.000	4000.000	1.0000
234	Spectrogram 1	1	34735.403343750	34735.429343750	1400.000	4000.000	1.0000
235	Waveform 1	1	34737.881468750	34737.892843750	1400.000	4000.000	1.0000
235	Spectrogram 1	1	34737.881468750	34737.892843750	1400.000	4000.000	1.0000
236	Waveform 1	1	34807.823093750	34807.842593750	1400.000	4000.000	1.0000
236	Spectrogram 1	1	34807.823093750	34807.842593750	1400.000	4000.000	1.0000
237	Waveform 1	1	34885.571218750	34885.592343750	1400.000	4000.000	1.0000
237	Spectrogram 1	1	34885.571218750	34885.592343750	1400.000	4000.000	1.0000
238	Waveform 1	1	34900.656093750	34900.670718750	1400.000	4000.000	1.0000
238	Spectrogram 1	1	34900.656093750	34900.670718750	1400.000	4000.000	1.0000
239	Waveform 1	1	34900.756843750	34900.784468750	1400.000	4000.000	1.0000
239	Spectrogram 1	1	34900.756843750	34900.784468750	1400.000	4000.000	1.0000
240	Waveform 1	1	34924.114593750	34924.135718750	1400.000	4000.000	1.0000
240	Spectrogram 1	1	34924.114593750	34924.135718750	1400.000	4000.000	1.0000
241	Waveform 1	1	34930.947718750	34930.976968750	1400.000	4000.000	1.0000
241	Spectrogram 1	1	34930.947718750	34930.976968750	1400.000	4000.000	1.0000
242	Waveform 1	1	34944.849593750	34944.862593750	1400.000	4000.000	1.0000
242	Spectrogram 1	1	34944.849593750	34944.862593750	1400.000	4000.000	1.0000
243	Waveform 1	1	34946.711843750	34946.726468750	1400.000	4000.000	1.0000
243	Spectrogram 1	1	34946.711843750	34946.726468750	1400.000	4000.000	1.0000
244	Waveform 1	1	35004.790968750	35004.818593750	1400.000	4000.000	1.0000
244	Spectrogram 1	1	35004.790968750	35004.818593750	1400.000	4000.000	1.0000
245	Waveform 1	1	35057.312593750	35057.320718750	1400.000	4000.000	1.0000
245	Spectrogram 1	1	35057.312593750	35057.320718750	1400.000	4000.000	1.0000
246	Waveform 1	1	35100.839843750	35100.859343750	1400.000	4000.000	1.0000
246	Spectrogram 1	1	35100.839843750	35100.859343750	1400.000	4000.000	1.0000
247	Waveform 1	1	35100.899968750	35100.909718750	1400.000	4000.000	1.0000
247	Spectrogram 1	1	35100.899968750	35100.909718750	1400.000	4000.000	1.0000
248	Waveform 1	1	35113.851218750	35113.860968750	1400.000	4000.000	1.0000
248	Spectrogram 1	1	35113.851218750	35113.860968750	1400.000	4000.000	1.0000
249	Waveform 1	1	35134.573218750	35134.582968750	1400.000	4000.000	1.0000
249	Spectrogram 1	1	35134.573218750	35134.582968750	1400.000	4000.000	1.0000
250	Waveform 1	1	35139.079343750	35139.092343750	1400.000	4000.000	1.0000
250	Spectrogram 1	1	35139.079343750	35139.092343750	1400.000	4000.000	1.0000
251	Waveform 1	1	35155.699843750	35155.709593750	1400.000	4000.000	1.0000
251	Spectrogram 1	1	35155.699843750	35155.709593750	1400.000	4000.000	1.0000
252	Waveform 1	1	35184.879968750	35184.891343750	1400.000	4000.000	1.0000
252	Spectrogram 1	1	35184.879968750	35184.891343750	1400.000	4000.000	1.0000
253	Waveform 1	1	35194.647843750	35194.665718750	1400.000	4000.000	1.0000
253	Spectrogram 1	1	35194.647843750	35194.665718750	1400.000	4000.000	1.0000
254	Waveform 1	1	35199.854343750	35199.864093750	1400.000	4000.000	1.0000
254	Spectrogram 1	1	35199.854343750	35199.864093750	1400.000	4000.000	1.0000
255	Waveform 1	1	35201.493968750	35201.515093750	1400.000	4000.000	1.0000
255	Spectrogram 1	1	35201.493968750	35201.515093750	1400.000	4000.000	1.0000
256	Waveform 1	1	35204.379968750	35204.389718750	1400.000	4000.000	1.0000
256	Spectrogram 1	1	35204.379968750	35204.389718750	1400.000	4000.000	1.0000
257	Waveform 1	1	35205.372843750	35205.380968750	1400.000	4000.000	1.0000
257	Spectrogram 1	1	35205.372843750	35205.380968750	1400.000	4000.000	1.0000
258	Waveform 1	1	35218.016968750	35218.034843750	1400.000	4000.000	1.0000
258	Spectrogram 1	1	35218.016968750	35218.034843750	1400.000	4000.000	1.0000
259	Waveform 1	1	35221.364468750	35221.382343750	1400.000	4000.000	1.0000
259	Spectrogram 1	1	35221.364468750	35221.382343750	1400.000	4000.000	1.0000
260	Waveform 1	1	35224.047343750	35224.060343750	1400.000	4000.000	1.0000
260	Spectrogram 1	1	35224.047343750	35224.060343750	1400.000	4000.000	1.0000
261	Waveform 1	1	35236.244593750	35236.270593750	1400.000	4000.000	1.0000
261	Spectrogram 1	1	35236.244593750	35236.270593750	1400.000	4000.000	1.0000
262	Waveform 1	1	35237.833843750	35237.845218750	1400.000	4000.000	1.0000
262	Spectrogram 1	1	35237.833843750	35237.845218750	1400.000	4000.000	1.0000
263	Waveform 1	1	35239.047718750	35239.062343750	1400.000	4000.000	1.0000
263	Spectrogram 1	1	35239.047718750	35239.062343750	1400.000	4000.000	1.0000
264	Waveform 1	1	35240.113718750	35240.142968750	1400.000	4000.000	1.0000
264	Spectrogram 1	1	35240.113718750	35240.142968750	1400.000	4000.000	1.0000
265	Waveform 1	1	35241.467343750	35241.481968750	1400.000	4000.000	1.0000
265	Spectrogram 1	1	35241.467343750	35241.481968750	1400.000	4000.000	1.0000
266	Waveform 1	1	35244.129093750	35244.137218750	1400.000	4000.000	1.0000
266	Spectrogram 1	1	35244.129093750	35244.137218750	1400.000	4000.000	1.0000
267	Waveform 1	1	35307.588593750	35307.603218750	1400.000	4000.000	1.0000
267	Spectrogram 1	1	35307.588593750	35307.603218750	1400.000	4000.000	1.0000
268	Waveform 1	1	35342.020718750	35342.028843750	1400.000	4000.000	1.0000
268	Spectrogram 1	1	35342.020718750	35342.028843750	1400.000	4000.000	1.0000
269	Waveform 1	1	35345.800468750	35345.821593750	1400.000	4000.000	1.0000
269	Spectrogram 1	1	35345.800468750	35345.821593750	1400.000	4000.000	1.0000
270	Waveform 1	1	35354.078218750	35354.089593750	1400.000	4000.000	1.0000
270	Spectrogram 1	1	35354.078218750	35354.089593750	1400.000	4000.000	1.0000
271	Waveform 1	1	35354.396718750	35354.409718750	1400.000	4000.000	1.0000
271	Spectrogram 1	1	35354.396718750	35354.409718750	1400.000	4000.000	1.0000
272	Waveform 1	1	35361.730343750	35361.754718750	1400.000	4000.000	1.0000
272	Spectrogram 1	1	35361.730343750	35361.754718750	1400.000	4000.000	1.0000
273	Waveform 1	1	35398.175843750	35398.187218750	1400.000	4000.000	1.0000
273	Spectrogram 1	1	35398.175843750	35398.187218750	1400.000	4000.000	1.0000
274	Waveform 1	1	35405.741843750	35405.758093750	1400.000	4000.000	1.0000
274	Spectrogram 1	1	35405.741843750	35405.758093750	1400.000	4000.000	1.0000
275	Waveform 1	1	35430.183468750	35430.204593750	1400.000	4000.000	1.0000
275	Spectrogram 1	1	35430.183468750	35430.204593750	1400.000	4000.000	1.0000
276	Waveform 1	1	35432.913468750	35432.923218750	1400.000	4000.000	1.0000
276	Spectrogram 1	1	35432.913468750	35432.923218750	1400.000	4000.000	1.0000
277	Waveform 1	1	35436.626593750	35436.646093750	1400.000	4000.000	1.0000
277	Spectrogram 1	1	35436.626593750	35436.646093750	1400.000	4000.000	1.0000
278	Waveform 1	1	35439.475218750	35439.494718750	1400.000	4000.000	1.0000
278	Spectrogram 1	1	35439.475218750	35439.494718750	1400.000	4000.000	1.0000
279	Waveform 1	1	35442.119093750	35442.143468750	1400.000	4000.000	1.0000
279	Spectrogram 1	1	35442.119093750	35442.143468750	1400.000	4000.000	1.0000
280	Waveform 1	1	35445.625843750	35445.638843750	1400.000	4000.000	1.0000
280	Spectrogram 1	1	35445.625843750	35445.638843750	1400.000	4000.000	1.0000
281	Waveform 1	1	35504.298093750	35504.309468750	1400.000	4000.000	1.0000
281	Spectrogram 1	1	35504.298093750	35504.309468750	1400.000	4000.000	1.0000
282	Waveform 1	1	35506.896468750	35506.904593750	1400.000	4000.000	1.0000
282	Spectrogram 1	1	35506.896468750	35506.904593750	1400.000	4000.000	1.0000
283	Waveform 1	1	35512.762718750	35512.780593750	1400.000	4000.000	1.0000
283	Spectrogram 1	1	35512.762718750	35512.780593750	1400.000	4000.000	1.0000
284	Waveform 1	1	35516.989343750	35517.007218750	1400.000	4000.000	1.0000
284	Spectrogram 1	1	35516.989343750	35517.007218750	1400.000	4000.000	1.0000
285	Waveform 1	1	35541.669843750	35541.679593750	1400.000	4000.000	1.0000
285	Spectrogram 1	1	35541.669843750	35541.679593750	1400.000	4000.000	1.0000
286	Waveform 1	1	35618.130968750	35618.152093750	1400.000	4000.000	1.0000
286	Spectrogram 1	1	35618.130968750	35618.152093750	1400.000	4000.000	1.0000
287	Waveform 1	1	35829.668593750	35829.678343750	1400.000	4000.000	1.0000
287	Spectrogram 1	1	35829.668593750	35829.678343750	1400.000	4000.000	1.0000
288	Waveform 1	1	35832.411593750	35832.419718750	1400.000	4000.000	1.0000
288	Spectrogram 1	1	35832.411593750	35832.419718750	1400.000	4000.000	1.0000
289	Waveform 1	1	36109.545593750	36109.560218750	1400.000	4000.000	1.0000
289	Spectrogram 1	1	36109.545593750	36109.560218750	1400.000	4000.000	1.0000
290	Waveform 1	1	38551.229968750	38551.242968750	1400.000	4000.000	1.0000
290	Spectrogram 1	1	38551.229968750	38551.242968750	1400.000	4000.000	1.0000
291	Waveform 1	1	40900.632218750	40900.641968750	1400.000	4000.000	1.0000
291	Spectrogram 1	1	40900.632218750	40900.641968750	1400.000	4000.000	1.0000
292	Waveform 1	1	40911.371843750	40911.379968750	1400.000	4000.000	1.0000
292	Spectrogram 1	1	40911.371843750	40911.379968750	1400.000	4000.000	1.0000
293	Waveform 1	1	40914.101843750	40914.113218750	1400.000	4000.000	1.0000
293	Spectrogram 1	1	40914.101843750	40914.113218750	1400.000	4000.000	1.0000
294	Waveform 1	1	40920.377593750	40920.390593750	1400.000	4000.000	1.0000
294	Spectrogram 1	1	40920.377593750	40920.390593750	1400.000	4000.000	1.0000
295	Waveform 1	1	41755.543093750	41755.564218750	1400.000	4000.000	1.0000
295	Spectrogram 1	1	41755.543093750	41755.564218750	1400.000	4000.000	1.0000
296	Waveform 1	1	41928.555218750	41928.581218750	1400.000	4000.000	1.0000
296	Spectrogram 1	1	41928.555218750	41928.581218750	1400.000	4000.000	1.0000
297	Waveform 1	1	42549.454718750	42549.464468750	1400.000	4000.000	1.0000
297	Spectrogram 1	1	42549.454718750	42549.464468750	1400.000	4000.000	1.0000
298	Waveform 1	1	42658.410968750	42658.420718750	1400.000	4000.000	1.0000
298	Spectrogram 1	1	42658.410968750	42658.420718750	1400.000	4000.000	1.0000
299	Waveform 1	1	42892.124968750	42892.136343750	1400.000	4000.000	1.0000
299	Spectrogram 1	1	42892.124968750	42892.136343750	1400.000	4000.000	1.0000
300	Waveform 1	1	42918.641718750	42918.659593750	1400.000	4000.000	1.0000
300	Spectrogram 1	1	42918.641718750	42918.659593750	1400.000	4000.000	1.0000
301	Waveform 1	1	42925.123843750	42925.141718750	1400.000	4000.000	1.0000
301	Spectrogram 1	1	42925.123843750	42925.141718750	1400.000	4000.000	1.0000
302	Waveform 1	1	43004.245093750	43004.264593750	1400.000	4000.000	1.0000
302	Spectrogram 1	1	43004.245093750	43004.264593750	1400.000	4000.000	1.0000
303	Waveform 1	1	43101.540343750	43101.550093750	1400.000	4000.000	1.0000
303	Spectrogram 1	1	43101.540343750	43101.550093750	1400.000	4000.000	1.0000
304	Waveform 1	1	43143.751343750	43143.762718750	1400.000	4000.000	1.0000
304	Spectrogram 1	1	43143.751343750	43143.762718750	1400.000	4000.000	1.0000
305	Waveform 1	1	43211.289593750	43211.302593750	1400.000	4000.000	1.0000
305	Spectrogram 1	1	43211.289593750	43211.302593750	1400.000	4000.000	1.0000
306	Waveform 1	1	43239.033218750	43239.057593750	1400.000	4000.000	1.0000
306	Spectrogram 1	1	43239.033218750	43239.057593750	1400.000	4000.000	1.0000
307	Waveform 1	1	43243.579968750	43243.591343750	1400.000	4000.000	1.0000
307	Spectrogram 1	1	43243.579968750	43243.591343750	1400.000	4000.000	1.0000
308	Waveform 1	1	43243.805843750	43243.822093750	1400.000	4000.000	1.0000
308	Spectrogram 1	1	43243.805843750	43243.822093750	1400.000	4000.000	1.0000
309	Waveform 1	1	43278.325718750	43278.338718750	1400.000	4000.000	1.0000
309	Spectrogram 1	1	43278.325718750	43278.338718750	1400.000	4000.000	1.0000
310	Waveform 1	1	43361.710968750	43361.720718750	1400.000	4000.000	1.0000
310	Spectrogram 1	1	43361.710968750	43361.720718750	1400.000	4000.000	1.0000
311	Waveform 1	1	43364.803343750	43364.811468750	1400.000	4000.000	1.0000
311	Spectrogram 1	1	43364.803343750	43364.811468750	1400.000	4000.000	1.0000
312	Waveform 1	1	43416.317468750	43416.330468750	1400.000	4000.000	1.0000
312	Spectrogram 1	1	43416.317468750	43416.330468750	1400.000	4000.000	1.0000
313	Waveform 1	1	43644.282218750	43644.293593750	1400.000	4000.000	1.0000
313	Spectrogram 1	1	43644.282218750	43644.293593750	1400.000	4000.000	1.0000
314	Waveform 1	1	43652.441343750	43652.462468750	1400.000	4000.000	1.0000
314	Spectrogram 1	1	43652.441343750	43652.462468750	1400.000	4000.000	1.0000
315	Waveform 1	1	43731.357843750	43731.375718750	1400.000	4000.000	1.0000
315	Spectrogram 1	1	43731.357843750	43731.375718750	1400.000	4000.000	1.0000
316	Waveform 1	1	43886.153718750	43886.168343750	1400.000	4000.000	1.0000
316	Spectrogram 1	1	43886.153718750	43886.168343750	1400.000	4000.000	1.0000
317	Waveform 1	1	43887.998093750	43888.011093750	1400.000	4000.000	1.0000
317	Spectrogram 1	1	43887.998093750	43888.011093750	1400.000	4000.000	1.0000
318	Waveform 1	1	43945.477593750	43945.492218750	1400.000	4000.000	1.0000
318	Spectrogram 1	1	43945.477593750	43945.492218750	1400.000	4000.000	1.0000
319	Waveform 1	1	44174.638343750	44174.648093750	1400.000	4000.000	1.0000
319	Spectrogram 1	1	44174.638343750	44174.648093750	1400.000	4000.000	1.0000
320	Waveform 1	1	45309.414843750	45309.422968750	1400.000	4000.000	1.0000
320	Spectrogram 1	1	45309.414843750	45309.422968750	1400.000	4000.000	1.0000
321	Waveform 1	1	45773.399468750	45773.417343750	1400.000	4000.000	1.0000
321	Spectrogram 1	1	45773.399468750	45773.417343750	1400.000	4000.000	1.0000
322	Waveform 1	1	45986.942343750	45986.965093750	1400.000	4000.000	1.0000
322	Spectrogram 1	1	45986.942343750	45986.965093750	1400.000	4000.000	1.0000
323	Waveform 1	1	46141.942968750	46141.960843750	1400.000	4000.000	1.0000
323	Spectrogram 1	1	46141.942968750	46141.960843750	1400.000	4000.000	1.0000
324	Waveform 1	1	46333.075468750	46333.090093750	1400.000	4000.000	1.0000
324	Spectrogram 1	1	46333.075468750	46333.090093750	1400.000	4000.000	1.0000
325	Waveform 1	1	46427.484718750	46427.507468750	1400.000	4000.000	1.0000
325	Spectrogram 1	1	46427.484718750	46427.507468750	1400.000	4000.000	1.0000
326	Waveform 1	1	46427.718718750	46427.741468750	1400.000	4000.000	1.0000
326	Spectrogram 1	1	46427.718718750	46427.741468750	1400.000	4000.000	1.0000
327	Waveform 1	1	47282.535343750	47282.553218750	1400.000	4000.000	1.0000
327	Spectrogram 1	1	47282.535343750	47282.553218750	1400.000	4000.000	1.0000
328	Waveform 1	1	47348.370593750	47348.399843750	1400.000	4000.000	0.8333
328	Spectrogram 1	1	47348.370593750	47348.399843750	1400.000	4000.000	0.8333
329	Waveform 1	1	47728.238718750	47728.256593750	1400.000	4000.000	1.0000
329	Spectrogram 1	1	47728.238718750	47728.256593750	1400.000	4000.000	1.0000
330	Waveform 1	1	48470.967718750	48470.979093750	1400.000	4000.000	1.0000
330	Spectrogram 1	1	48470.967718750	48470.979093750	1400.000	4000.000	1.0000
331	Waveform 1	1	48562.104218750	48562.115593750	1400.000	4000.000	1.0000
331	Spectrogram 1	1	48562.104218750	48562.115593750	1400.000	4000.000	1.0000
332	Waveform 1	1	48722.147218750	48722.156968750	1400.000	4000.000	1.0000
332	Spectrogram 1	1	48722.147218750	48722.156968750	1400.000	4000.000	1.0000
333	Waveform 1	1	48930.636343750	48930.644468750	1400.000	4000.000	1.0000
333	Spectrogram 1	1	48930.636343750	48930.644468750	1400.000	4000.000	1.0000
334	Waveform 1	1	49129.591593750	49129.609468750	1400.000	4000.000	1.0000
334	Spectrogram 1	1	49129.591593750	49129.609468750	1400.000	4000.000	1.0000
335	Waveform 1	1	50060.880718750	50060.892093750	1400.000	4000.000	1.0000
335	Spectrogram 1	1	50060.880718750	50060.892093750	1400.000	4000.000	1.0000
336	Waveform 1	1	51239.249468750	51239.270593750	1400.000	4000.000	1.0000
336	Spectrogram 1	1	51239.249468750	51239.270593750	1400.000	4000.000	1.0000
337	Waveform 1	1	51464.402968750	51464.417593750	1400.000	4000.000	1.0000
337	Spectrogram 1	1	51464.402968750	51464.417593750	1400.000	4000.000	1.0000
338	Waveform 1	1	51703.680968750	51703.690718750	1400.000	4000.000	1.0000
338	Spectrogram 1	1	51703.680968750	51703.690718750	1400.000	4000.000	1.0000
339	Waveform 1	1	52049.987968750	52049.997718750	1400.000	4000.000	1.0000
339	Spectrogram 1	1	52049.987968750	52049.997718750	1400.000	4000.000	1.0000
340	Waveform 1	1	52184.380343750	52184.394968750	1400.000	4000.000	1.0000
340	Spectrogram 1	1	52184.380343750	52184.394968750	1400.000	4000.000	1.0000
341	Waveform 1	1	52833.707593750	52833.730343750	1400.000	4000.000	1.0000
341	Spectrogram 1	1	52833.707593750	52833.730343750	1400.000	4000.000	1.0000
342	Waveform 1	1	53637.395218750	53637.411468750	1400.000	4000.000	1.0000
342	Spectrogram 1	1	53637.395218750	53637.411468750	1400.000	4000.000	1.0000
343	Waveform 1	1	54014.060468750	54014.083218750	1400.000	4000.000	1.0000
343	Spectrogram 1	1	54014.060468750	54014.083218750	1400.000	4000.000	1.0000
344	Waveform 1	1	54022.338218750	54022.356093750	1400.000	4000.000	1.0000
344	Spectrogram 1	1	54022.338218750	54022.356093750	1400.000	4000.000	1.0000
345	Waveform 1	1	54996.605343750	54996.613468750	1400.000	4000.000	1.0000
345	Spectrogram 1	1	54996.605343750	54996.613468750	1400.000	4000.000	1.0000
346	Waveform 1	1	55121.203843750	55121.213593750	1400.000	4000.000	1.0000
346	Spectrogram 1	1	55121.203843750	55121.213593750	1400.000	4000.000	1.0000
347	Waveform 1	1	55272.049343750	55272.063968750	1400.000	4000.000	1.0000
347	Spectrogram 1	1	55272.049343750	55272.063968750	1400.000	4000.000	1.0000
348	Waveform 1	1	56090.961593750	56090.976218750	1400.000	4000.000	1.0000
348	Spectrogram 1	1	56090.961593750	56090.976218750	1400.000	4000.000	1.0000
349	Waveform 1	1	56391.532968750	56391.541093750	1400.000	4000.000	1.0000
349	Spectrogram 1	1	56391.532968750	56391.541093750	1400.000	4000.000	1.0000
350	Waveform 1	1	56999.643718750	56999.656718750	1400.000	4000.000	1.0000
350	Spectrogram 1	1	56999.643718750	56999.656718750	1400.000	4000.000	1.0000
351	Waveform 1	1	57295.705718750	57295.726843750	1400.000	4000.000	1.0000
351	Spectrogram 1	1	57295.705718750	57295.726843750	1400.000	4000.000	1.0000
352	Waveform 1	1	57326.686343750	57326.705843750	1400.000	4000.000	1.0000
352	Spectrogram 1	1	57326.686343750	57326.705843750	1400.000	4000.000	1.0000
353	Waveform 1	1	57362.736968750	57362.751593750	1400.000	4000.000	1.0000
353	Spectrogram 1	1	57362.736968750	57362.751593750	1400.000	4000.000	1.0000
354	Waveform 1	1	57908.290093750	57908.301468750	1400.000	4000.000	1.0000
354	Spectrogram 1	1	57908.290093750	57908.301468750	1400.000	4000.000	1.0000
355	Waveform 1	1	57926.806968750	57926.819968750	1400.000	4000.000	1.0000
355	Spectrogram 1	1	57926.806968750	57926.819968750	1400.000	4000.000	1.0000
356	Waveform 1	1	58001.041843750	58001.061343750	1400.000	4000.000	1.0000
356	Spectrogram 1	1	58001.041843750	58001.061343750	1400.000	4000.000	1.0000
357	Waveform 1	1	59022.079718750	59022.089468750	1400.000	4000.000	1.0000
357	Spectrogram 1	1	59022.079718750	59022.089468750	1400.000	4000.000	1.0000
358	Waveform 1	1	59024.190593750	59024.201968750	1400.000	4000.000	1.0000
358	Spectrogram 1	1	59024.190593750	59024.201968750	1400.000	4000.000	1.0000
359	Waveform 1	1	59024.964093750	59024.975468750	1400.000	4000.000	1.0000
359	Spectrogram 1	1	59024.964093750	59024.975468750	1400.000	4000.000	1.0000
360	Waveform 1	1	59025.737593750	59025.747343750	1400.000	4000.000	1.0000
360	Spectrogram 1	1	59025.737593750	59025.747343750	1400.000	4000.000	1.0000
361	Waveform 1	1	59026.502968750	59026.517593750	1400.000	4000.000	1.0000
361	Spectrogram 1	1	59026.502968750	59026.517593750	1400.000	4000.000	1.0000
362	Waveform 1	1	59027.255343750	59027.263468750	1400.000	4000.000	1.0000
362	Spectrogram 1	1	59027.255343750	59027.263468750	1400.000	4000.000	1.0000
363	Waveform 1	1	59028.758468750	59028.769843750	1400.000	4000.000	1.0000
363	Spectrogram 1	1	59028.758468750	59028.769843750	1400.000	4000.000	1.0000
364	Waveform 1	1	59029.421468750	59029.431218750	1400.000	4000.000	1.0000
364	Spectrogram 1	1	59029.421468750	59029.431218750	1400.000	4000.000	1.0000
365	Waveform 1	1	59030.547593750	59030.555718750	1400.000	4000.000	1.0000
365	Spectrogram 1	1	59030.547593750	59030.555718750	1400.000	4000.000	1.0000
366	Waveform 1	1	59031.062718750	59031.075718750	1400.000	4000.000	1.0000
366	Spectrogram 1	1	59031.062718750	59031.075718750	1400.000	4000.000	1.0000
367	Waveform 1	1	59970.951343750	59970.961093750	1400.000	4000.000	1.0000
367	Spectrogram 1	1	59970.951343750	59970.961093750	1400.000	4000.000	1.0000
368	Waveform 1	1	60128.321218750	60128.330968750	1400.000	4000.000	1.0000
368	Spectrogram 1	1	60128.321218750	60128.330968750	1400.000	4000.000	1.0000
369	Waveform 1	1	60129.096343750	60129.107718750	1400.000	4000.000	1.0000
369	Spectrogram 1	1	60129.096343750	60129.107718750	1400.000	4000.000	1.0000
370	Waveform 1	1	60129.886093750	60129.899093750	1400.000	4000.000	1.0000
370	Spectrogram 1	1	60129.886093750	60129.899093750	1400.000	4000.000	1.0000
371	Waveform 1	1	60151.202843750	60151.210968750	1400.000	4000.000	1.0000
371	Spectrogram 1	1	60151.202843750	60151.210968750	1400.000	4000.000	1.0000
372	Waveform 1	1	60151.973093750	60151.982843750	1400.000	4000.000	1.0000
372	Spectrogram 1	1	60151.973093750	60151.982843750	1400.000	4000.000	1.0000
373	Waveform 1	1	60158.581968750	60158.593343750	1400.000	4000.000	1.0000
373	Spectrogram 1	1	60158.581968750	60158.593343750	1400.000	4000.000	1.0000
374	Waveform 1	1	60159.327843750	60159.340843750	1400.000	4000.000	1.0000
374	Spectrogram 1	1	60159.327843750	60159.340843750	1400.000	4000.000	1.0000
375	Waveform 1	1	60160.072093750	60160.085093750	1400.000	4000.000	1.0000
375	Spectrogram 1	1	60160.072093750	60160.085093750	1400.000	4000.000	1.0000
376	Waveform 1	1	60160.843968750	60160.856968750	1400.000	4000.000	1.0000
376	Spectrogram 1	1	60160.843968750	60160.856968750	1400.000	4000.000	1.0000
377	Waveform 1	1	60161.602843750	60161.619093750	1400.000	4000.000	1.0000
377	Spectrogram 1	1	60161.602843750	60161.619093750	1400.000	4000.000	1.0000
378	Waveform 1	1	60162.335718750	60162.347093750	1400.000	4000.000	1.0000
378	Spectrogram 1	1	60162.335718750	60162.347093750	1400.000	4000.000	1.0000
379	Waveform 1	1	60231.247093750	60231.256843750	1400.000	4000.000	1.0000
379	Spectrogram 1	1	60231.247093750	60231.256843750	1400.000	4000.000	1.0000
380	Waveform 1	1	60297.202593750	60297.212343750	1400.000	4000.000	1.0000
380	Spectrogram 1	1	60297.202593750	60297.212343750	1400.000	4000.000	1.0000
381	Waveform 1	1	60496.126968750	60496.135093750	1400.000	4000.000	1.0000
381	Spectrogram 1	1	60496.126968750	60496.135093750	1400.000	4000.000	1.0000
382	Waveform 1	1	60748.244093750	60748.263593750	1400.000	4000.000	1.0000
382	Spectrogram 1	1	60748.244093750	60748.263593750	1400.000	4000.000	1.0000
383	Waveform 1	1	60752.496718750	60752.504843750	1400.000	4000.000	1.0000
383	Spectrogram 1	1	60752.496718750	60752.504843750	1400.000	4000.000	1.0000
384	Waveform 1	1	60801.171968750	60801.188218750	1400.000	4000.000	1.0000
384	Spectrogram 1	1	60801.171968750	60801.188218750	1400.000	4000.000	1.0000
385	Waveform 1	1	61204.436843750	61204.446593750	1400.000	4000.000	1.0000
385	Spectrogram 1	1	61204.436843750	61204.446593750	1400.000	4000.000	1.0000
386	Waveform 1	1	61231.124218750	61231.133968750	1400.000	4000.000	1.0000
386	Spectrogram 1	1	61231.124218750	61231.133968750	1400.000	4000.000	1.0000
387	Waveform 1	1	61238.344093750	61238.352218750	1400.000	4000.000	1.0000
387	Spectrogram 1	1	61238.344093750	61238.352218750	1400.000	4000.000	1.0000
388	Waveform 1	1	61305.204718750	61305.214468750	1400.000	4000.000	1.0000
388	Spectrogram 1	1	61305.204718750	61305.214468750	1400.000	4000.000	1.0000
389	Waveform 1	1	61920.668593750	61920.676718750	1400.000	4000.000	1.0000
389	Spectrogram 1	1	61920.668593750	61920.676718750	1400.000	4000.000	1.0000
390	Waveform 1	1	61999.841843750	61999.851593750	1400.000	4000.000	1.0000
390	Spectrogram 1	1	61999.841843750	61999.851593750	1400.000	4000.000	1.0000
391	Waveform 1	1	62000.722593750	62000.730718750	1400.000	4000.000	1.0000
391	Spectrogram 1	1	62000.722593750	62000.730718750	1400.000	4000.000	1.0000
392	Waveform 1	1	62002.163968750	62002.172093750	1400.000	4000.000	1.0000
392	Spectrogram 1	1	62002.163968750	62002.172093750	1400.000	4000.000	1.0000
393	Waveform 1	1	62002.903343750	62002.911468750	1400.000	4000.000	1.0000
393	Spectrogram 1	1	62002.903343750	62002.911468750	1400.000	4000.000	1.0000
394	Waveform 1	1	62417.200343750	62417.210093750	1400.000	4000.000	1.0000
394	Spectrogram 1	1	62417.200343750	62417.210093750	1400.000	4000.000	1.0000
395	Waveform 1	1	62558.541218750	62558.557468750	1400.000	4000.000	1.0000
395	Spectrogram 1	1	62558.541218750	62558.557468750	1400.000	4000.000	1.0000
396	Waveform 1	1	62558.942593750	62558.950718750	1400.000	4000.000	1.0000
396	Spectrogram 1	1	62558.942593750	62558.950718750	1400.000	4000.000	1.0000
397	Waveform 1	1	62604.947968750	62604.957718750	1400.000	4000.000	1.0000
397	Spectrogram 1	1	62604.947968750	62604.957718750	1400.000	4000.000	1.0000
398	Waveform 1	1	62633.726718750	62633.746218750	1400.000	4000.000	1.0000
398	Spectrogram 1	1	62633.726718750	62633.746218750	1400.000	4000.000	1.0000
399	Waveform 1	1	62760.306093750	62760.314218750	1400.000	4000.000	1.0000
399	Spectrogram 1	1	62760.306093750	62760.314218750	1400.000	4000.000	1.0000
400	Waveform 1	1	62791.233093750	62791.242843750	1400.000	4000.000	1.0000
400	Spectrogram 1	1	62791.233093750	62791.242843750	1400.000	4000.000	1.0000
401	Waveform 1	1	62988.930593750	62988.943593750	1400.000	4000.000	1.0000
401	Spectrogram 1	1	62988.930593750	62988.943593750	1400.000	4000.000	1.0000
402	Waveform 1	1	63928.308968750	63928.339843750	1400.000	4000.000	0.7895
402	Spectrogram 1	1	63928.308968750	63928.339843750	1400.000	4000.000	0.7895
403	Waveform 1	1	64178.386718750	64178.394843750	1400.000	4000.000	1.0000
403	Spectrogram 1	1	64178.386718750	64178.394843750	1400.000	4000.000	1.0000
404	Waveform 1	1	65454.986718750	65454.996468750	1400.000	4000.000	1.0000
404	Spectrogram 1	1	65454.986718750	65454.996468750	1400.000	4000.000	1.0000
405	Waveform 1	1	65469.774218750	65469.785593750	1400.000	4000.000	1.0000
405	Spectrogram 1	1	65469.774218750	65469.785593750	1400.000	4000.000	1.0000
406	Waveform 1	1	66437.833843750	66437.843593750	1400.000	4000.000	1.0000
406	Spectrogram 1	1	66437.833843750	66437.843593750	1400.000	4000.000	1.0000
407	Waveform 1	1	69365.370468750	69365.378593750	1400.000	4000.000	1.0000
407	Spectrogram 1	1	69365.370468750	69365.378593750	1400.000	4000.000	1.0000
408	Waveform 1	1	69396.705343750	69396.713468750	1400.000	4000.000	1.0000
408	Spectrogram 1	1	69396.705343750	69396.713468750	1400.000	4000.000	1.0000
409	Waveform 1	1	69423.080718750	69423.093718750	1400.000	4000.000	1.0000
409	Spectrogram 1	1	69423.080718750	69423.093718750	1400.000	4000.000	1.0000
410	Waveform 1	1	69426.922218750	69426.930343750	1400.000	4000.000	1.0000
410	Spectrogram 1	1	69426.922218750	69426.930343750	1400.000	4000.000	1.0000
411	Waveform 1	1	69478.101593750	69478.111343750	1400.000	4000.000	1.0000
411	Spectrogram 1	1	69478.101593750	69478.111343750	1400.000	4000.000	1.0000
412	Waveform 1	1	69480.438343750	69480.446468750	1400.000	4000.000	1.0000
412	Spectrogram 1	1	69480.438343750	69480.446468750	1400.000	4000.000	1.0000
413	Waveform 1	1	69484.578843750	69484.586968750	1400.000	4000.000	1.0000
413	Spectrogram 1	1	69484.578843750	69484.586968750	1400.000	4000.000	1.0000
414	Waveform 1	1	69487.084593750	69487.095968750	1400.000	4000.000	1.0000
414	Spectrogram 1	1	69487.084593750	69487.095968750	1400.000	4000.000	1.0000
415	Waveform 1	1	69510.840468750	69510.848593750	1400.000	4000.000	1.0000
415	Spectrogram 1	1	69510.840468750	69510.848593750	1400.000	4000.000	1.0000
416	Waveform 1	1	69539.609468750	69539.617593750	1400.000	4000.000	1.0000
416	Spectrogram 1	1	69539.609468750	69539.617593750	1400.000	4000.000	1.0000
417	Waveform 1	1	69553.660843750	69553.672218750	1400.000	4000.000	1.0000
417	Spectrogram 1	1	69553.660843750	69553.672218750	1400.000	4000.000	1.0000
418	Waveform 1	1	69554.715468750	69554.723593750	1400.000	4000.000	1.0000
418	Spectrogram 1	1	69554.715468750	69554.723593750	1400.000	4000.000	1.0000
419	Waveform 1	1	69576.514843750	69576.522968750	1400.000	4000.000	1.0000
419	Spectrogram 1	1	69576.514843750	69576.522968750	1400.000	4000.000	1.0000
420	Waveform 1	1	69608.268968750	69608.278718750	1400.000	4000.000	1.0000
420	Spectrogram 1	1	69608.268968750	69608.278718750	1400.000	4000.000	1.0000
421	Waveform 1	1	69662.201093750	69662.209218750	1400.000	4000.000	1.0000
421	Spectrogram 1	1	69662.201093750	69662.209218750	1400.000	4000.000	1.0000
422	Waveform 1	1	71722.634468750	71722.650718750	1400.000	4000.000	1.0000
422	Spectrogram 1	1	71722.634468750	71722.650718750	1400.000	4000.000	1.0000
423	Waveform 1	1	71976.503343750	71976.534218750	1400.000	4000.000	1.0000
423	Spectrogram 1	1	71976.503343750	71976.534218750	1400.000	4000.000	1.0000
424	Waveform 1	1	71977.579093750	71977.600218750	1400.000	4000.000	1.0000
424	Spectrogram 1	1	71977.579093750	71977.600218750	1400.000	4000.000	1.0000
425	Waveform 1	1	74391.506843750	74391.523093750	1400.000	4000.000	1.0000
425	Spectrogram 1	1	74391.506843750	74391.523093750	1400.000	4000.000	1.0000
426	Waveform 1	1	74632.985093750	74632.999718750	1400.000	4000.000	1.0000
426	Spectrogram 1	1	74632.985093750	74632.999718750	1400.000	4000.000	1.0000
427	Waveform 1	1	76697.823843750	76697.831968750	1400.000	4000.000	1.0000
427	Spectrogram 1	1	76697.823843750	76697.831968750	1400.000	4000.000	1.0000
428	Waveform 1	1	77431.412218750	77431.431718750	1400.000	4000.000	1.0000
428	Spectrogram 1	1	77431.412218750	77431.431718750	1400.000	4000.000	1.0000
429	Waveform 1	1	79813.434718750	79813.442843750	1400.000	4000.000	1.0000
429	Spectrogram 1	1	79813.434718750	79813.442843750	1400.000	4000.000	1.0000
430	Waveform 1	1	80656.104468750	80656.122343750	1400.000	4000.000	1.0000
430	Spectrogram 1	1	80656.104468750	80656.122343750	1400.000	4000.000	1.0000
431	Waveform 1	1	81081.045218750	81081.061468750	1400.000	4000.000	1.0000
431	Spectrogram 1	1	81081.045218750	81081.061468750	1400.000	4000.000	1.0000
432	Waveform 1	1	82930.298468750	82930.321218750	1400.000	4000.000	1.0000
432	Spectrogram 1	1	82930.298468750	82930.321218750	1400.000	4000.000	1.0000
433	Waveform 1	1	82941.445968750	82941.473593750	1400.000	4000.000	1.0000
433	Spectrogram 1	1	82941.445968750	82941.473593750	1400.000	4000.000	1.0000
434	Waveform 1	1	82942.017968750	82942.034218750	1400.000	4000.000	1.0000
434	Spectrogram 1	1	82942.017968750	82942.034218750	1400.000	4000.000	1.0000
435	Waveform 1	1	82948.433468750	82948.448093750	1400.000	4000.000	1.0000
435	Spectrogram 1	1	82948.433468750	82948.448093750	1400.000	4000.000	1.0000
436	Waveform 1	1	83427.684968750	83427.696343750	1400.000	4000.000	1.0000
436	Spectrogram 1	1	83427.684968750	83427.696343750	1400.000	4000.000	1.0000
437	Waveform 1	1	83974.365843750	83974.373968750	1400.000	4000.000	1.0000
437	Spectrogram 1	1	83974.365843750	83974.373968750	1400.000	4000.000	1.0000
438	Waveform 1	1	84542.114843750	84542.147343750	1400.000	4000.000	1.0000
438	Spectrogram 1	1	84542.114843750	84542.147343750	1400.000	4000.000	1.0000
439	Waveform 1	1	85833.164343750	85833.187093750	1400.000	4000.000	1.0000
439	Spectrogram 1	1	85833.164343750	85833.187093750	1400.000	4000.000	1.0000
440	Waveform 1	1	86290.296343750	86290.309343750	1400.000	4000.000	1.0000
440	Spectrogram 1	1	86290.296343750	86290.309343750	1400.000	4000.000	1.0000
