Selection	View	Channel	Begin Time (s)	End Time (s)	Low Freq (Hz)	High Freq (Hz)	Occupancy
1	Waveform 1	1	547.122593750	547.133968750	1400.000	4000.000	1.0000
1	Spectrogram 1	1	547.122593750	547.133968750	1400.000	4000.000	1.0000
2	Waveform 1	1	563.041093750	563.055718750	1400.000	4000.000	1.0000
2	Spectrogram 1	1	563.041093750	563.055718750	1400.000	4000.000	1.0000
3	Waveform 1	1	630.208843750	630.220218750	1400.000	4000.000	1.0000
3	Spectrogram 1	1	630.208843750	630.220218750	1400.000	4000.000	1.0000
4	Waveform 1	1	872.013718750	872.021843750	1400.000	4000.000	1.0000
4	Spectrogram 1	1	872.013718750	872.021843750	1400.000	4000.000	1.0000
5	Waveform 1	1	872.096593750	872.106343750	1400.000	4000.000	1.0000
5	Spectrogram 1	1	872.096593750	872.106343750	1400.000	4000.000	1.0000
6	Waveform 1	1	6716.535843750	6716.553718750	1400.000	4000.000	1.0000
6	Spectrogram 1	1	6716.535843750	6716.553718750	1400.000	4000.000	1.0000
7	Waveform 1	1	6717.013593750	6717.028218750	1400.000	4000.000	1.0000
7	Spectrogram 1	1	6717.013593750	6717.028218750	1400.000	4000.000	1.0000
8	Waveform 1	1	7553.674093750	7553.682218750	1400.000	4000.000	1.0000
8	Spectrogram 1	1	7553.674093750	7553.682218750	1400.000	4000.000	1.0000
9	Waveform 1	1	7553.740718750	7553.766718750	1400.000	4000.000	1.0000
9	Spectrogram 1	1	7553.740718750	7553.766718750	1400.000	4000.000	1.0000
10	Waveform 1	1	7553.825218750	7553.843093750	1400.000	4000.000	1.0000
10	Spectrogram 1	1	7553.825218750	7553.843093750	1400.000	4000.000	1.0000
11	Waveform 1	1	7735.310093750	7735.329593750	1400.000	4000.000	1.0000
11	Spectrogram 1	1	7735.310093750	7735.329593750	1400.000	4000.000	1.0000
12	Waveform 1	1	8197.776968750	8197.789968750	1400.000	4000.000	1.0000
12	Spectrogram 1	1	8197.776968750	8197.789968750	1400.000	4000.000	1.0000
13	Waveform 1	1	8364.503593750	8364.521468750	1400.000	4000.000	1.0000
13	Spectrogram 1	1	8364.503593750	8364.521468750	1400.000	4000.000	1.0000
14	Waveform 1	1	8365.023593750	8365.034968750	1400.000	4000.000	1.0000
14	Spectrogram 1	1	8365.023593750	8365.034968750	1400.000	4000.000	1.0000
15	Waveform 1	1	8412.744968750	8412.754718750	1400.000	4000.000	1.0000
15	Spectrogram 1	1	8412.744968750	8412.754718750	1400.000	4000.000	1.0000
16	Waveform 1	1	8659.260718750	8659.272093750	1400.000	4000.000	1.0000
16	Spectrogram 1	1	8659.260718750	8659.272093750	1400.000	4000.000	1.0000
17	Waveform 1	1	8819.170468750	8819.181843750	1400.000	4000.000	1.0000
17	Spectrogram 1	1	8819.170468750	8819.181843750	1400.000	4000.000	1.0000
18	Waveform 1	1	8837.867718750	8837.883968750	1400.000	4000.000	1.0000
18	Spectrogram 1	1	8837.867718750	8837.883968750	1400.000	4000.000	1.0000
19	Waveform 1	1	8898.548468750	8898.556593750	1400.000	4000.000	1.0000
19	Spectrogram 1	1	8898.548468750	8898.556593750	1400.000	4000.000	1.0000
20	Waveform 1	1	9137.984093750	9137.995468750	1400.000	4000.000	1.0000
20	Spectrogram 1	1	9137.984093750	9137.995468750	1400.000	4000.000	1.0000
21	Waveform 1	1	9324.870468750	9324.880218750	1400.000	4000.000	1.0000
21	Spectrogram 1	1	9324.870468750	9324.880218750	1400.000	4000.000	1.0000
22	Waveform 1	1	9550.474093750	9550.482218750	1400.000	4000.000	1.0000
22	Spectrogram 1	1	9550.474093750	9550.482218750	1400.000	4000.000	1.0000
23	Waveform 1	1	9594.063093750	9594.072843750	1400.000	4000.000	1.0000
23	Spectrogram 1	1	9594.063093750	9594.072843750	1400.000	4000.000	1.0000
24	Waveform 1	1	9608.899343750	9608.917218750	1400.000	4000.000	1.0000
24	Spectrogram 1	1	9608.899343750	9608.917218750	1400.000	4000.000	1.0000
25	Waveform 1	1	9718.898843750	9718.906968750	1400.000	4000.000	1.0000
25	Spectrogram 1	1	9718.898843750	9718.906968750	1400.000	4000.000	1.0000
26	Waveform 1	1	9767.044343750	9767.057343750	1400.000	4000.000	1.0000
26	Spectrogram 1	1	9767.044343750	9767.057343750	1400.000	4000.000	1.0000
27	Waveform 1	1	9789.961718750	9789.976343750	1400.000	4000.000	1.0000
27	Spectrogram 1	1	9789.961718750	9789.976343750	1400.000	4000.000	1.0000
28	Waveform 1	1	9884.344968750	9884.361218750	1400.000	4000.000	1.0000
28	Spectrogram 1	1	9884.344968750	9884.361218750	1400.000	4000.000	1.0000
29	Waveform 1	1	9884.435968750	9884.445718750	1400.000	4000.000	1.0000
29	Spectrogram 1	1	9884.435968750	9884.445718750	1400.000	4000.000	1.0000
30	Waveform 1	1	9906.599343750	9906.612343750	1400.000	4000.000	1.0000
30	Spectrogram 1	1	9906.599343750	9906.612343750	1400.000	4000.000	1.0000
31	Waveform 1	1	9927.604093750	9927.625218750	1400.000	4000.000	1.0000
31	Spectrogram 1	1	9927.604093750	9927.625218750	1400.000	4000.000	1.0000
32	Waveform 1	1	9928.314218750	9928.341843750	1400.000	4000.000	1.0000
32	Spectrogram 1	1	9928.314218750	9928.341843750	1400.000	4000.000	1.0000
33	Waveform 1	1	9951.743468750	9951.769468750	1400.000	4000.000	1.0000
33	Spectrogram 1	1	9951.743468750	9951.769468750	1400.000	4000.000	1.0000
34	Waveform 1	1	9952.456843750	9952.482843750	1400.000	4000.000	1.0000
34	Spectrogram 1	1	9952.456843750	9952.482843750	1400.000	4000.000	1.0000
35	Waveform 1	1	9986.750843750	9986.770343750	1400.000	4000.000	1.0000
35	Spectrogram 1	1	9986.750843750	9986.770343750	1400.000	4000.000	1.0000
36	Waveform 1	1	10140.188218750	10140.197968750	1400.000	4000.000	1.0000
36	Spectrogram 1	1	10140.188218750	10140.197968750	1400.000	4000.000	1.0000
37	Waveform 1	1	10359.022093750	10359.039968750	1400.000	4000.000	1.0000
37	Spectrogram 1	1	10359.022093750	10359.039968750	1400.000	4000.000	1.0000
38	Waveform 1	1	10359.101718750	10359.124468750	1400.000	4000.000	1.0000
38	Spectrogram 1	1	10359.101718750	10359.124468750	1400.000	4000.000	1.0000
39	Waveform 1	1	10359.873593750	10359.883343750	1400.000	4000.000	1.0000
39	Spectrogram 1	1	10359.873593750	10359.883343750	1400.000	4000.000	1.0000
40	Waveform 1	1	10482.889343750	10482.905593750	1400.000	4000.000	1.0000
40	Spectrogram 1	1	10482.889343750	10482.905593750	1400.000	4000.000	1.0000
41	Waveform 1	1	10739.405343750	10739.426468750	1400.000	4000.000	1.0000
41	Spectrogram 1	1	10739.405343750	10739.426468750	1400.000	4000.000	1.0000
42	Waveform 1	1	10756.519843750	10756.534468750	1400.000	4000.000	1.0000
42	Spectrogram 1	1	10756.519843750	10756.534468750	1400.000	4000.000	1.0000
43	Waveform 1	1	11013.351093750	11013.372218750	1400.000	4000.000	1.0000
43	Spectrogram 1	1	11013.351093750	11013.372218750	1400.000	4000.000	1.0000
44	Waveform 1	1	11025.954593750	11025.969218750	1400.000	4000.000	1.0000
44	Spectrogram 1	1	11025.954593750	11025.969218750	1400.000	4000.000	1.0000
45	Waveform 1	1	11034.510218750	11034.519968750	1400.000	4000.000	1.0000
45	Spectrogram 1	1	11034.510218750	11034.519968750	1400.000	4000.000	1.0000
46	Waveform 1	1	11040.563343750	11040.581218750	1400.000	4000.000	1.0000
46	Spectrogram 1	1	11040.563343750	11040.581218750	1400.000	4000.000	1.0000
47	Waveform 1	1	11175.482218750	11175.498468750	1400.000	4000.000	1.0000
47	Spectrogram 1	1	11175.482218750	11175.498468750	1400.000	4000.000	1.0000
48	Waveform 1	1	11175.604093750	11175.628468750	1400.000	4000.000	1.0000
48	Spectrogram 1	1	11175.604093750	11175.628468750	1400.000	4000.000	1.0000
49	Waveform 1	1	11202.806593750	11202.816343750	1400.000	4000.000	1.0000
49	Spectrogram 1	1	11202.806593750	11202.816343750	1400.000	4000.000	1.0000
50	Waveform 1	1	11222.174968750	11222.186343750	1400.000	4000.000	1.0000
50	Spectrogram 1	1	11222.174968750	11222.186343750	1400.000	4000.000	1.0000
51	Waveform 1	1	11305.209218750	11305.227093750	1400.000	4000.000	1.0000
51	Spectrogram 1	1	11305.209218750	11305.227093750	1400.000	4000.000	1.0000
52	Waveform 1	1	11311.415093750	11311.431343750	1400.000	4000.000	1.0000
52	Spectrogram 1	1	11311.415093750	11311.431343750	1400.000	4000.000	1.0000
53	Waveform 1	1	11388.137843750	11388.147593750	1400.000	4000.000	1.0000
53	Spectrogram 1	1	11388.137843750	11388.147593750	1400.000	4000.000	1.0000
54	Waveform 1	1	11461.812093750	11461.825093750	1400.000	4000.000	1.0000
54	Spectrogram 1	1	11461.812093750	11461.825093750	1400.000	4000.000	1.0000
55	Waveform 1	1	11461.966468750	11461.974593750	1400.000	4000.000	1.0000
55	Spectrogram 1	1	11461.966468750	11461.974593750	1400.000	4000.000	1.0000
56	Waveform 1	1	11892.173843750	11892.183593750	1400.000	4000.000	1.0000
56	Spectrogram 1	1	11892.173843750	11892.183593750	1400.000	4000.000	1.0000
57	Waveform 1	1	11921.830093750	11921.847968750	1400.000	4000.000	1.0000
57	Spectrogram 1	1	11921.830093750	11921.847968750	1400.000	4000.000	1.0000
58	Waveform 1	1	11960.821968750	11960.834968750	1400.000	4000.000	1.0000
58	Spectrogram 1	1	11960.821968750	11960.834968750	1400.000	4000.000	1.0000
59	Waveform 1	1	12006.695718750	12006.713593750	1400.000	4000.000	1.0000
59	Spectrogram 1	1	12006.695718750	12006.713593750	1400.000	4000.000	1.0000
60	Waveform 1	1	12079.819093750	12079.827218750	1400.000	4000.000	1.0000
60	Spectrogram 1	1	12079.819093750	12079.827218750	1400.000	4000.000	1.0000
61	Waveform 1	1	12125.593718750	12125.608343750	1400.000	4000.000	1.0000
61	Spectrogram 1	1	12125.593718750	12125.608343750	1400.000	4000.000	1.0000
62	Waveform 1	1	12131.271468750	12131.284468750	1400.000	4000.000	1.0000
62	Spectrogram 1	1	12131.271468750	12131.284468750	1400.000	4000.000	1.0000
63	Waveform 1	1	12141.786843750	12141.801468750	1400.000	4000.000	1.0000
63	Spectrogram 1	1	12141.786843750	12141.801468750	1400.000	4000.000	1.0000
64	Waveform 1	1	12191.386718750	12191.394843750	1400.000	4000.000	1.0000
64	Spectrogram 1	1	12191.386718750	12191.394843750	1400.000	4000.000	1.0000
65	Waveform 1	1	12223.696593750	12223.704718750	1400.000	4000.000	1.0000
65	Spectrogram 1	1	12223.696593750	12223.704718750	1400.000	4000.000	1.0000
66	Waveform 1	1	12232.790093750	12232.804718750	1400.000	4000.000	1.0000
66	Spectrogram 1	1	12232.790093750	12232.804718750	1400.000	4000.000	1.0000
67	Waveform 1	1	12234.460593750	12234.468718750	1400.000	4000.000	1.0000
67	Spectrogram 1	1	12234.460593750	12234.468718750	1400.000	4000.000	1.0000
68	Waveform 1	1	12275.681968750	12275.693343750	1400.000	4000.000	1.0000
68	Spectrogram 1	1	12275.681968750	12275.693343750	1400.000	4000.000	1.0000
69	Waveform 1	1	12289.473343750	12289.492843750	1400.000	4000.000	1.0000
69	Spectrogram 1	1	12289.473343750	12289.492843750	1400.000	4000.000	1.0000
70	Waveform 1	1	12365.425843750	12365.438843750	1400.000	4000.000	1.0000
70	Spectrogram 1	1	12365.425843750	12365.438843750	1400.000	4000.000	1.0000
71	Waveform 1	1	12490.846593750	12490.869343750	1400.000	4000.000	1.0000
71	Spectrogram 1	1	12490.846593750	12490.869343750	1400.000	4000.000	1.0000
72	Waveform 1	1	12531.721843750	12531.747843750	1400.000	4000.000	1.0000
72	Spectrogram 1	1	12531.721843750	12531.747843750	1400.000	4000.000	1.0000
73	Waveform 1	1	12569.332468750	12569.347093750	1400.000	4000.000	1.0000
73	Spectrogram 1	1	12569.332468750	12569.347093750	1400.000	4000.000	1.0000
74	Waveform 1	1	12576.094093750	12576.110343750	1400.000	4000.000	1.0000
74	Spectrogram 1	1	12576.094093750	12576.110343750	1400.000	4000.000	1.0000
75	Waveform 1	1	12606.437718750	12606.453968750	1400.000	4000.000	1.0000
75	Spectrogram 1	1	12606.437718750	12606.453968750	1400.000	4000.000	1.0000
76	Waveform 1	1	12651.326718750	12651.342968750	1400.000	4000.000	1.0000
76	Spectrogram 1	1	12651.326718750	12651.342968750	1400.000	4000.000	1.0000
77	Waveform 1	1	12708.952468750	12708.962218750	1400.000	4000.000	1.0000
77	Spectrogram 1	1	12708.952468750	12708.962218750	1400.000	4000.000	1.0000
78	Waveform 1	1	12731.590343750	12731.608218750	1400.000	4000.000	1.0000
78	Spectrogram 1	1	12731.590343750	12731.608218750	1400.000	4000.000	1.0000
79	Waveform 1	1	12781.331593750	12781.351093750	1400.000	4000.000	1.0000
79	Spectrogram 1	1	12781.331593750	12781.351093750	1400.000	4000.000	1.0000
80	Waveform 1	1	12811.439593750	12811.459093750	1400.000	4000.000	1.0000
80	Spectrogram 1	1	12811.439593750	12811.459093750	1400.000	4000.000	1.0000
81	Waveform 1	1	12816.174843750	12816.192718750	1400.000	4000.000	1.0000
81	Spectrogram 1	1	12816.174843750	12816.192718750	1400.000	4000.000	1.0000
82	Waveform 1	1	12841.906718750	12841.922968750	1400.000	4000.000	1.0000
82	Spectrogram 1	1	12841.906718750	12841.922968750	1400.000	4000.000	1.0000
83	Waveform 1	1	12842.670468750	12842.683468750	1400.000	4000.000	1.0000
83	Spectrogram 1	1	12842.670468750	12842.683468750	1400.000	4000.000	1.0000
84	Waveform 1	1	12854.401343750	12854.414343750	1400.000	4000.000	1.0000
84	Spectrogram 1	1	12854.401343750	12854.414343750	1400.000	4000.000	1.0000
85	Waveform 1	1	12953.989468750	12954.010593750	1400.000	4000.000	1.0000
85	Spectrogram 1	1	12953.989468750	12954.010593750	1400.000	4000.000	1.0000
86	Waveform 1	1	13074.908968750	13074.920343750	1400.000	4000.000	1.0000
86	Spectrogram 1	1	13074.908968750	13074.920343750	1400.000	4000.000	1.0000
87	Waveform 1	1	13272.461843750	13272.478093750	1400.000	4000.000	1.0000
87	Spectrogram 1	1	13272.461843750	13272.478093750	1400.000	4000.000	1.0000
88	Waveform 1	1	13279.039843750	13279.049593750	1400.000	4000.000	1.0000
88	Spectrogram 1	1	13279.039843750	13279.049593750	1400.000	4000.000	1.0000
89	Waveform 1	1	13316.401843750	13316.419718750	1400.000	4000.000	1.0000
89	Spectrogram 1	1	13316.401843750	13316.419718750	1400.000	4000.000	1.0000
90	Waveform 1	1	13437.753593750	13437.777968750	1400.000	4000.000	1.0000
90	Spectrogram 1	1	13437.753593750	13437.777968750	1400.000	4000.000	1.0000
91	Waveform 1	1	13442.297093750	13442.305218750	1400.000	4000.000	1.0000
91	Spectrogram 1	1	13442.297093750	13442.305218750	1400.000	4000.000	1.0000
92	Waveform 1	1	13448.727218750	13448.746718750	1400.000	4000.000	1.0000
92	Spectrogram 1	1	13448.727218750	13448.746718750	1400.000	4000.000	1.0000
93	Waveform 1	1	13458.550343750	13458.569843750	1400.000	4000.000	1.0000
93	Spectrogram 1	1	13458.550343750	13458.569843750	1400.000	4000.000	1.0000
94	Waveform 1	1	13509.767093750	13509.783343750	1400.000	4000.000	1.0000
94	Spectrogram 1	1	13509.767093750	13509.783343750	1400.000	4000.000	1.0000
95	Waveform 1	1	13966.172718750	13966.197093750	1400.000	4000.000	1.0000
95	Spectrogram 1	1	13966.172718750	13966.197093750	1400.000	4000.000	1.0000
96	Waveform 1	1	13988.565218750	13988.581468750	1400.000	4000.000	1.0000
96	Spectrogram 1	1	13988.565218750	13988.581468750	1400.000	4000.000	1.0000
97	Waveform 1	1	14053.106968750	14053.115093750	1400.000	4000.000	1.0000
97	Spectrogram 1	1	14053.106968750	14053.115093750	1400.000	4000.000	1.0000
98	Waveform 1	1	14353.189218750	14353.211968750	1400.000	4000.000	1.0000
98	Spectrogram 1	1	14353.189218750	14353.211968750	1400.000	4000.000	1.0000
99	Waveform 1	1	14512.198718750	14512.210093750	1400.000	4000.000	1.0000
99	Spectrogram 1	1	14512.198718750	14512.210093750	1400.000	4000.000	1.0000
100	Waveform 1	1	15829.610593750	15829.620343750	1400.000	4000.000	1.0000
100	Spectrogram 1	1	15829.610593750	15829.620343750	1400.000	4000.000	1.0000
101	Waveform 1	1	16610.538468750	16610.559593750	1400.000	4000.000	1.0000
101	Spectrogram 1	1	16610.538468750	16610.559593750	1400.000	4000.000	1.0000
102	Waveform 1	1	16612.662343750	16612.675343750	1400.000	4000.000	1.0000
102	Spectrogram 1	1	16612.662343750	16612.675343750	1400.000	4000.000	1.0000
103	Waveform 1	1	16741.138093750	16741.151093750	1400.000	4000.000	1.0000
103	Spectrogram 1	1	16741.138093750	16741.151093750	1400.000	4000.000	1.0000
104	Waveform 1	1	16786.781093750	16786.790843750	1400.000	4000.000	1.0000
104	Spectrogram 1	1	16786.781093750	16786.790843750	1400.000	4000.000	1.0000
105	Waveform 1	1	16967.945843750	16967.953968750	1400.000	4000.000	1.0000
105	Spectrogram 1	1	16967.945843750	16967.953968750	1400.000	4000.000	1.0000
106	Waveform 1	1	16971.628093750	16971.642718750	1400.000	4000.000	1.0000
106	Spectrogram 1	1	16971.628093750	16971.642718750	1400.000	4000.000	1.0000
107	Waveform 1	1	17257.182843750	17257.190968750	1400.000	4000.000	1.0000
107	Spectrogram 1	1	17257.182843750	17257.190968750	1400.000	4000.000	1.0000
108	Waveform 1	1	17358.473968750	17358.485343750	1400.000	4000.000	1.0000
108	Spectrogram 1	1	17358.473968750	17358.485343750	1400.000	4000.000	1.0000
109	Waveform 1	1	17487.424218750	17487.443718750	1400.000	4000.000	1.0000
109	Spectrogram 1	1	17487.424218750	17487.443718750	1400.000	4000.000	1.0000
110	Waveform 1	1	20151.514218750	20151.536968750	1400.000	4000.000	1.0000
110	Spectrogram 1	1	20151.514218750	20151.536968750	1400.000	4000.000	1.0000
111	Waveform 1	1	22895.039093750	22895.058593750	1400.000	4000.000	1.0000
111	Spectrogram 1	1	22895.039093750	22895.058593750	1400.000	4000.000	1.0000
112	Waveform 1	1	23108.687593750	23108.703843750	1400.000	4000.000	1.0000
112	Spectrogram 1	1	23108.687593750	23108.703843750	1400.000	4000.000	1.0000
113	Waveform 1	1	23109.374968750	23109.399343750	1400.000	4000.000	1.0000
113	Spectrogram 1	1	23109.374968750	23109.399343750	1400.000	4000.000	1.0000
114	Waveform 1	1	23109.454593750	23109.462718750	1400.000	4000.000	1.0000
114	Spectrogram 1	1	23109.454593750	23109.462718750	1400.000	4000.000	1.0000
115	Waveform 1	1	23109.620343750	23109.634968750	1400.000	4000.000	1.0000
115	Spectrogram 1	1	23109.620343750	23109.634968750	1400.000	4000.000	1.0000
116	Waveform 1	1	24452.154718750	24452.172593750	1400.000	4000.000	1.0000
116	Spectrogram 1	1	24452.154718750	24452.172593750	1400.000	4000.000	1.0000
117	Waveform 1	1	24455.123593750	24455.131718750	1400.000	4000.000	1.0000
117	Spectrogram 1	1	24455.123593750	24455.131718750	1400.000	4000.000	1.0000
118	Waveform 1	1	24456.945218750	24456.954968750	1400.000	4000.000	1.0000
118	Spectrogram 1	1	24456.945218750	24456.954968750	1400.000	4000.000	1.0000
119	Waveform 1	1	24658.565468750	24658.576843750	1400.000	4000.000	1.0000
119	Spectrogram 1	1	24658.565468750	24658.576843750	1400.000	4000.000	1.0000
120	Waveform 1	1	24658.672718750	24658.680843750	1400.000	4000.000	1.0000
120	Spectrogram 1	1	24658.672718750	24658.680843750	1400.000	4000.000	1.0000
121	Waveform 1	1	25158.319593750	25158.347218750	1400.000	4000.000	1.0000
121	Spectrogram 1	1	25158.319593750	25158.347218750	1400.000	4000.000	1.0000
122	Waveform 1	1	25667.987843750	25668.005718750	1400.000	4000.000	1.0000
122	Spectrogram 1	1	25667.987843750	25668.005718750	1400.000	4000.000	1.0000
123	Waveform 1	1	26341.495093750	26341.522718750	1400.000	4000.000	1.0000
123	Spectrogram 1	1	26341.495093750	26341.522718750	1400.000	4000.000	1.0000
124	Waveform 1	1	26981.823093750	26981.836093750	1400.000	4000.000	1.0000
124	Spectrogram 1	1	26981.823093750	26981.836093750	1400.000	4000.000	1.0000
125	Waveform 1	1	27459.839593750	27459.847718750	1400.000	4000.000	1.0000
125	Spectrogram 1	1	27459.839593750	27459.847718750	1400.000	4000.000	1.0000
126	Waveform 1	1	27944.469843750	27944.482843750	1400.000	4000.000	1.0000
126	Spectrogram 1	1	27944.469843750	27944.482843750	1400.000	4000.000	1.0000
127	Waveform 1	1	27954.678093750	27954.695968750	1400.000	4000.000	1.0000
127	Spectrogram 1	1	27954.678093750	27954.695968750	1400.000	4000.000	1.0000
128	Waveform 1	1	28628.003343750	28628.021218750	1400.000	4000.000	1.0000
128	Spectrogram 1	1	28628.003343750	28628.021218750	1400.000	4000.000	1.0000
129	Waveform 1	1	28892.186093750	28892.194218750	1400.000	4000.000	1.0000
129	Spectrogram 1	1	28892.186093750	28892.194218750	1400.000	4000.000	1.0000
130	Waveform 1	1	29798.312093750	29798.326718750	1400.000	4000.000	1.0000
130	Spectrogram 1	1	29798.312093750	29798.326718750	1400.000	4000.000	1.0000
131	Waveform 1	1	29985.668093750	29985.681093750	1400.000	4000.000	1.0000
131	Spectrogram 1	1	29985.668093750	29985.681093750	1400.000	4000.000	1.0000
132	Waveform 1	1	29992.415093750	29992.426468750	1400.000	4000.000	1.0000
132	Spectrogram 1	1	29992.415093750	29992.426468750	1400.000	4000.000	1.0000
133	Waveform 1	1	29992.800218750	29992.808343750	1400.000	4000.000	1.0000
133	Spectrogram 1	1	29992.800218750	29992.808343750	1400.000	4000.000	1.0000
134	Waveform 1	1	30019.936093750	30019.949093750	1400.000	4000.000	1.0000
134	Spectrogram 1	1	30019.936093750	30019.949093750	1400.000	4000.000	1.0000
135	Waveform 1	1	30020.257843750	30020.277343750	1400.000	4000.000	1.0000
135	Spectrogram 1	1	30020.257843750	30020.277343750	1400.000	4000.000	1.0000
136	Waveform 1	1	30028.124468750	30028.139093750	1400.000	4000.000	1.0000
136	Spectrogram 1	1	30028.124468750	30028.139093750	1400.000	4000.000	1.0000
137	Waveform 1	1	30044.029968750	30044.039718750	1400.000	4000.000	1.0000
137	Spectrogram 1	1	30044.029968750	30044.039718750	1400.000	4000.000	1.0000
138	Waveform 1	1	30282.085968750	30282.111968750	1400.000	4000.000	1.0000
138	Spectrogram 1	1	30282.085968750	30282.111968750	1400.000	4000.000	1.0000
139	Waveform 1	1	31930.650093750	31930.666343750	1400.000	4000.000	1.0000
139	Spectrogram 1	1	31930.650093750	31930.666343750	1400.000	4000.000	1.0000
140	Waveform 1	1	31951.997718750	31952.018843750	1400.000	4000.000	1.0000
140	Spectrogram 1	1	31951.997718750	31952.018843750	1400.000	4000.000	1.0000
141	Waveform 1	1	31974.783468750	31974.806218750	1400.000	4000.000	1.0000
141	Spectrogram 1	1	31974.783468750	31974.806218750	1400.000	4000.000	1.0000
142	Waveform 1	1	31977.060093750	31977.074718750	1400.000	4000.000	1.0000
142	Spectrogram 1	1	31977.060093750	31977.074718750	1400.000	4000.000	1.0000
143	Waveform 1	1	31977.180343750	31977.212843750	1400.000	4000.000	1.0000
143	Spectrogram 1	1	31977.180343750	31977.212843750	1400.000	4000.000	1.0000
144	Waveform 1	1	32060.996218750	32061.015718750	1400.000	4000.000	1.0000
144	Spectrogram 1	1	32060.996218750	32061.015718750	1400.000	4000.000	1.0000
145	Waveform 1	1	32061.413843750	32061.433343750	1400.000	4000.000	1.0000
145	Spectrogram 1	1	32061.413843750	32061.433343750	1400.000	4000.000	1.0000
146	Waveform 1	1	32075.133718750	32075.151593750	1400.000	4000.000	1.0000
146	Spectrogram 1	1	32075.133718750	32075.151593750	1400.000	4000.000	1.0000
147	Waveform 1	1	32075.551343750	32075.569218750	1400.000	4000.000	1.0000
147	Spectrogram 1	1	32075.551343750	32075.569218750	1400.000	4000.000	1.0000
148	Waveform 1	1	33020.691968750	33020.719593750	1400.000	4000.000	1.0000
148	Spectrogram 1	1	33020.691968750	33020.719593750	1400.000	4000.000	1.0000
149	Waveform 1	1	33021.081968750	33021.094968750	1400.000	4000.000	1.0000
149	Spectrogram 1	1	33021.081968750	33021.094968750	1400.000	4000.000	1.0000
150	Waveform 1	1	33021.476843750	33021.488218750	1400.000	4000.000	1.0000
150	Spectrogram 1	1	33021.476843750	33021.488218750	1400.000	4000.000	1.0000
151	Waveform 1	1	34073.791093750	34073.818718750	1400.000	4000.000	1.0000
151	Spectrogram 1	1	34073.791093750	34073.818718750	1400.000	4000.000	1.0000
152	Waveform 1	1	34073.854468750	34073.878843750	1400.000	4000.000	1.0000
152	Spectrogram 1	1	34073.854468750	34073.878843750	1400.000	4000.000	1.0000
153	Waveform 1	1	34074.034843750	34074.051093750	1400.000	4000.000	1.0000
153	Spectrogram 1	1	34074.034843750	34074.051093750	1400.000	4000.000	1.0000
154	Waveform 1	1	34074.429718750	34074.450843750	1400.000	4000.000	1.0000
154	Spectrogram 1	1	34074.429718750	34074.450843750	1400.000	4000.000	1.0000
155	Waveform 1	1	34074.483343750	34074.497968750	1400.000	4000.000	1.0000
155	Spectrogram 1	1	34074.483343750	34074.497968750	1400.000	4000.000	1.0000
156	Waveform 1	1	34082.029843750	34082.052593750	1400.000	4000.000	1.0000
156	Spectrogram 1	1	34082.029843750	34082.052593750	1400.000	4000.000	1.0000
157	Waveform 1	1	34083.087718750	34083.097468750	1400.000	4000.000	1.0000
157	Spectrogram 1	1	34083.087718750	34083.097468750	1400.000	4000.000	1.0000
158	Waveform 1	1	34163.593468750	34163.601593750	1400.000	4000.000	1.0000
158	Spectrogram 1	1	34163.593468750	34163.601593750	1400.000	4000.000	1.0000
159	Waveform 1	1	34245.504843750	34245.521093750	1400.000	4000.000	1.0000
159	Spectrogram 1	1	34245.504843750	34245.521093750	1400.000	4000.000	1.0000
160	Waveform 1	1	34287.863718750	34287.875093750	1400.000	4000.000	1.0000
160	Spectrogram 1	1	34287.863718750	34287.875093750	1400.000	4000.000	1.0000
161	Waveform 1	1	34303.028218750	34303.039593750	1400.000	4000.000	1.0000
161	Spectrogram 1	1	34303.028218750	34303.039593750	1400.000	4000.000	1.0000
162	Waveform 1	1	34322.539593750	34322.547718750	1400.000	4000.000	1.0000
162	Spectrogram 1	1	34322.539593750	34322.547718750	1400.000	4000.000	1.0000
163	Waveform 1	1	35845.380718750	35845.392093750	1400.000	4000.000	1.0000
163	Spectrogram 1	1	35845.380718750	35845.392093750	1400.000	4000.000	1.0000
164	Waveform 1	1	37240.103593750	37240.131218750	1400.000	4000.000	1.0000
164	Spectrogram 1	1	37240.103593750	37240.131218750	1400.000	4000.000	1.0000
165	Waveform 1	1	37347.270718750	37347.278843750	1400.000	4000.000	1.0000
165	Spectrogram 1	1	37347.270718750	37347.278843750	1400.000	4000.000	1.0000
166	Waveform 1	1	37347.673718750	37347.693218750	1400.000	4000.000	1.0000
166	Spectrogram 1	1	37347.673718750	37347.693218750	1400.000	4000.000	1.0000
167	Waveform 1	1	37347.925593750	37347.933718750	1400.000	4000.000	1.0000
167	Spectrogram 1	1	37347.925593750	37347.933718750	1400.000	4000.000	1.0000
168	Waveform 1	1	37348.448843750	37348.481343750	1400.000	4000.000	1.0000
168	Spectrogram 1	1	37348.448843750	37348.481343750	1400.000	4000.000	1.0000
169	Waveform 1	1	37349.360468750	37349.392968750	1400.000	4000.000	1.0000
169	Spectrogram 1	1	37349.360468750	37349.392968750	1400.000	4000.000	1.0000
170	Waveform 1	1	37351.011468750	37351.022843750	1400.000	4000.000	1.0000
170	Spectrogram 1	1	37351.011468750	37351.022843750	1400.000	4000.000	1.0000
171	Waveform 1	1	37354.228968750	37354.237093750	1400.000	4000.000	1.0000
171	Spectrogram 1	1	37354.228968750	37354.237093750	1400.000	4000.000	1.0000
172	Waveform 1	1	37360.059468750	37360.070843750	1400.000	4000.000	1.0000
172	Spectrogram 1	1	37360.059468750	37360.070843750	1400.000	4000.000	1.0000
173	Waveform 1	1	37360.412093750	37360.429968750	1400.000	4000.000	1.0000
173	Spectrogram 1	1	37360.412093750	37360.429968750	1400.000	4000.000	1.0000
174	Waveform 1	1	37360.709468750	37360.730593750	1400.000	4000.000	1.0000
174	Spectrogram 1	1	37360.709468750	37360.730593750	1400.000	4000.000	1.0000
175	Waveform 1	1	37362.787843750	37362.812218750	1400.000	4000.000	1.0000
175	Spectrogram 1	1	37362.787843750	37362.812218750	1400.000	4000.000	1.0000
176	Waveform 1	1	37363.611718750	37363.619843750	1400.000	4000.000	1.0000
176	Spectrogram 1	1	37363.611718750	37363.619843750	1400.000	4000.000	1.0000
177	Waveform 1	1	37363.740093750	37363.762843750	1400.000	4000.000	1.0000
177	Spectrogram 1	1	37363.740093750	37363.762843750	1400.000	4000.000	1.0000
178	Waveform 1	1	37364.152843750	37364.172343750	1400.000	4000.000	1.0000
178	Spectrogram 1	1	37364.152843750	37364.172343750	1400.000	4000.000	1.0000
179	Waveform 1	1	37364.843468750	37364.869468750	1400.000	4000.000	1.0000
179	Spectrogram 1	1	37364.843468750	37364.869468750	1400.000	4000.000	1.0000
180	Waveform 1	1	37365.465843750	37365.496718750	1400.000	4000.000	1.0000
180	Spectrogram 1	1	37365.465843750	37365.496718750	1400.000	4000.000	1.0000
181	Waveform 1	1	37367.027468750	37367.037218750	1400.000	4000.000	1.0000
181	Spectrogram 1	1	37367.027468750	37367.037218750	1400.000	4000.000	1.0000
182	Waveform 1	1	37373.504718750	37373.517718750	1400.000	4000.000	1.0000
182	Spectrogram 1	1	37373.504718750	37373.517718750	1400.000	4000.000	1.0000
183	Waveform 1	1	37389.489843750	37389.504468750	1400.000	4000.000	1.0000
183	Spectrogram 1	1	37389.489843750	37389.504468750	1400.000	4000.000	1.0000
184	Waveform 1	1	37423.982093750	37423.995093750	1400.000	4000.000	1.0000
184	Spectrogram 1	1	37423.982093750	37423.995093750	1400.000	4000.000	1.0000
185	Waveform 1	1	37563.792218750	37563.803593750	1400.000	4000.000	1.0000
185	Spectrogram 1	1	37563.792218750	37563.803593750	1400.000	4000.000	1.0000
186	Waveform 1	1	38935.303593750	38935.319843750	1400.000	4000.000	1.0000
186	Spectrogram 1	1	38935.303593750	38935.319843750	1400.000	4000.000	1.0000
187	Waveform 1	1	38960.479718750	38960.495968750	1400.000	4000.000	1.0000
187	Spectrogram 1	1	38960.479718750	38960.495968750	1400.000	4000.000	1.0000
188	Waveform 1	1	39008.493593750	39008.517968750	1400.000	4000.000	1.0000
188	Spectrogram 1	1	39008.493593750	39008.517968750	1400.000	4000.000	1.0000
189	Waveform 1	1	39701.326968750	39701.341593750	1400.000	4000.000	1.0000
189	Spectrogram 1	1	39701.326968750	39701.341593750	1400.000	4000.000	1.0000
190	Waveform 1	1	41084.047593750	41084.058968750	1400.000	4000.000	1.0000
190	Spectrogram 1	1	41084.047593750	41084.058968750	1400.000	4000.000	1.0000
191	Waveform 1	1	41314.482343750	41314.501843750	1400.000	4000.000	1.0000
191	Spectrogram 1	1	41314.482343750	41314.501843750	1400.000	4000.000	1.0000
192	Waveform 1	1	41398.181218750	41398.189343750	1400.000	4000.000	1.0000
192	Spectrogram 1	1	41398.181218750	41398.189343750	1400.000	4000.000	1.0000
193	Waveform 1	1	41416.338968750	41416.350343750	1400.000	4000.000	1.0000
193	Spectrogram 1	1	41416.338968750	41416.350343750	1400.000	4000.000	1.0000
194	Waveform 1	1	41585.572968750	41585.589218750	1400.000	4000.000	1.0000
194	Spectrogram 1	1	41585.572968750	41585.589218750	1400.000	4000.000	1.0000
195	Waveform 1	1	41826.219218750	41826.232218750	1400.000	4000.000	1.0000
195	Spectrogram 1	1	41826.219218750	41826.232218750	1400.000	4000.000	1.0000
196	Waveform 1	1	41834.857718750	41834.888593750	1400.000	4000.000	0.8947
196	Spectrogram 1	1	41834.857718750	41834.888593750	1400.000	4000.000	0.8947
197	Waveform 1	1	41835.946468750	41835.965968750	1400.000	4000.000	1.0000
197	Spectrogram 1	1	41835.946468750	41835.965968750	1400.000	4000.000	1.0000
198	Waveform 1	1	42066.130968750	42066.139093750	1400.000	4000.000	1.0000
198	Spectrogram 1	1	42066.130968750	42066.139093750	1400.000	4000.000	1.0000
199	Waveform 1	1	42068.937343750	42068.947093750	1400.000	4000.000	1.0000
199	Spectrogram 1	1	42068.937343750	42068.947093750	1400.000	4000.000	1.0000
200	Waveform 1	1	42069.008843750	42069.016968750	1400.000	4000.000	1.0000
200	Spectrogram 1	1	42069.008843750	42069.016968750	1400.000	4000.000	1.0000
201	Waveform 1	1	47694.794593750	47694.804343750	1400.000	4000.000	1.0000
201	Spectrogram 1	1	47694.794593750	47694.804343750	1400.000	4000.000	1.0000
202	Waveform 1	1	47707.532968750	47707.544343750	1400.000	4000.000	1.0000
202	Spectrogram 1	1	47707.532968750	47707.544343750	1400.000	4000.000	1.0000
203	Waveform 1	1	48068.564093750	48068.578718750	1400.000	4000.000	1.0000
203	Spectrogram 1	1	48068.564093750	48068.578718750	1400.000	4000.000	1.0000
204	Waveform 1	1	48147.916093750	48147.927468750	1400.000	4000.000	1.0000
204	Spectrogram 1	1	48147.916093750	48147.927468750	1400.000	4000.000	1.0000
205	Waveform 1	1	48420.290468750	48420.306718750	1400.000	4000.000	1.0000
205	Spectrogram 1	1	48420.290468750	48420.306718750	1400.000	4000.000	1.0000
206	Waveform 1	1	50252.562468750	50252.570593750	1400.000	4000.000	1.0000
206	Spectrogram 1	1	50252.562468750	50252.570593750	1400.000	4000.000	1.0000
207	Waveform 1	1	50711.059468750	50711.075718750	1400.000	4000.000	1.0000
207	Spectrogram 1	1	50711.059468750	50711.075718750	1400.000	4000.000	1.0000
208	Waveform 1	1	50731.693718750	50731.713218750	1400.000	4000.000	1.0000
208	Spectrogram 1	1	50731.693718750	50731.713218750	1400.000	4000.000	1.0000
209	Waveform 1	1	51014.381968750	51014.390093750	1400.000	4000.000	1.0000
209	Spectrogram 1	1	51014.381968750	51014.390093750	1400.000	4000.000	1.0000
210	Waveform 1	1	51069.427218750	51069.448343750	1400.000	4000.000	1.0000
210	Spectrogram 1	1	51069.427218750	51069.448343750	1400.000	4000.000	1.0000
211	Waveform 1	1	51223.158718750	51223.174968750	1400.000	4000.000	1.0000
211	Spectrogram 1	1	51223.158718750	51223.174968750	1400.000	4000.000	1.0000
212	Waveform 1	1	52019.314468750	52019.335593750	1400.000	4000.000	1.0000
212	Spectrogram 1	1	52019.314468750	52019.335593750	1400.000	4000.000	1.0000
213	Waveform 1	1	53571.550218750	53571.563218750	1400.000	4000.000	1.0000
213	Spectrogram 1	1	53571.550218750	53571.563218750	1400.000	4000.000	1.0000
214	Waveform 1	1	53571.660718750	53571.693218750	1400.000	4000.000	1.0000
214	Spectrogram 1	1	53571.660718750	53571.693218750	1400.000	4000.000	1.0000
215	Waveform 1	1	53724.969718750	53724.981093750	1400.000	4000.000	1.0000
215	Spectrogram 1	1	53724.969718750	53724.981093750	1400.000	4000.000	1.0000
216	Waveform 1	1	57749.647843750	57749.660843750	1400.000	4000.000	1.0000
216	Spectrogram 1	1	57749.647843750	57749.660843750	1400.000	4000.000	1.0000
217	Waveform 1	1	57801.540593750	57801.550343750	1400.000	4000.000	1.0000
217	Spectrogram 1	1	57801.540593750	57801.550343750	1400.000	4000.000	1.0000
218	Waveform 1	1	60044.463093750	60044.477718750	1400.000	4000.000	1.0000
218	Spectrogram 1	1	60044.463093750	60044.477718750	1400.000	4000.000	1.0000
219	Waveform 1	1	63703.038468750	63703.054718750	1400.000	4000.000	1.0000
219	Spectrogram 1	1	63703.038468750	63703.054718750	1400.000	4000.000	1.0000
220	Waveform 1	1	64153.459218750	64153.483593750	1400.000	4000.000	1.0000
220	Spectrogram 1	1	64153.459218750	64153.483593750	1400.000	4000.000	1.0000
221	Waveform 1	1	64493.557093750	64493.571718750	1400.000	4000.000	1.0000
221	Spectrogram 1	1	64493.557093750	64493.571718750	1400.000	4000.000	1.0000
222	Waveform 1	1	64499.892968750	64499.902718750	1400.000	4000.000	1.0000
222	Spectrogram 1	1	64499.892968750	64499.902718750	1400.000	4000.000	1.0000
223	Waveform 1	1	64517.670468750	64517.696468750	1400.000	4000.000	1.0000
223	Spectrogram 1	1	64517.670468750	64517.696468750	1400.000	4000.000	1.0000
224	Waveform 1	1	64521.237343750	64521.247093750	1400.000	4000.000	1.0000
224	Spectrogram 1	1	64521.237343750	64521.247093750	1400.000	4000.000	1.0000
225	Waveform 1	1	64528.346718750	64528.354843750	1400.000	4000.000	1.0000
225	Spectrogram 1	1	64528.346718750	64528.354843750	1400.000	4000.000	1.0000
226	Waveform 1	1	64549.673218750	64549.686218750	1400.000	4000.000	1.0000
226	Spectrogram 1	1	64549.673218750	64549.686218750	1400.000	4000.000	1.0000
227	Waveform 1	1	64562.083343750	64562.106093750	1400.000	4000.000	1.0000
227	Spectrogram 1	1	64562.083343750	64562.106093750	1400.000	4000.000	1.0000
228	Waveform 1	1	66196.830093750	66196.847968750	1400.000	4000.000	1.0000
228	Spectrogram 1	1	66196.830093750	66196.847968750	1400.000	4000.000	1.0000
229	Waveform 1	1	66783.513593750	66783.528218750	1400.000	4000.000	1.0000
229	Spectrogram 1	1	66783.513593750	66783.528218750	1400.000	4000.000	1.0000
230	Waveform 1	1	66989.381593750	66989.405968750	1400.000	4000.000	1.0000
230	Spectrogram 1	1	66989.381593750	66989.405968750	1400.000	4000.000	1.0000
231	Waveform 1	1	66990.046218750	66990.059218750	1400.000	4000.000	1.0000
231	Spectrogram 1	1	66990.046218750	66990.059218750	1400.000	4000.000	1.0000
232	Waveform 1	1	68739.088968750	68739.097093750	1400.000	4000.000	1.0000
232	Spectrogram 1	1	68739.088968750	68739.097093750	1400.000	4000.000	1.0000
233	Waveform 1	1	68959.705468750	68959.713593750	1400.000	4000.000	1.0000
233	Spectrogram 1	1	68959.705468750	68959.713593750	1400.000	4000.000	1.0000
234	Waveform 1	1	68962.482593750	68962.511843750	1400.000	4000.000	0.7222
234	Spectrogram 1	1	68962.482593750	68962.511843750	1400.000	4000.000	0.7222
235	Waveform 1	1	68973.621968750	68973.631718750	1400.000	4000.000	1.0000
235	Spectrogram 1	1	68973.621968750	68973.631718750	1400.000	4000.000	1.0000
236	Waveform 1	1	68973.712968750	68973.727593750	1400.000	4000.000	1.0000
236	Spectrogram 1	1	68973.712968750	68973.727593750	1400.000	4000.000	1.0000
237	Waveform 1	1	68974.088343750	68974.098093750	1400.000	4000.000	1.0000
237	Spectrogram 1	1	68974.088343750	68974.098093750	1400.000	4000.000	1.0000
238	Waveform 1	1	69008.055718750	69008.068718750	1400.000	4000.000	1.0000
238	Spectrogram 1	1	69008.055718750	69008.068718750	1400.000	4000.000	1.0000
239	Waveform 1	1	69074.776593750	69074.807468750	1400.000	4000.000	1.0000
239	Spectrogram 1	1	69074.776593750	69074.807468750	1400.000	4000.000	1.0000
240	Waveform 1	1	69351.429593750	69351.457218750	1400.000	4000.000	1.0000
240	Spectrogram 1	1	69351.429593750	69351.457218750	1400.000	4000.000	1.0000
241	Waveform 1	1	69369.267218750	69369.281843750	1400.000	4000.000	1.0000
241	Spectrogram 1	1	69369.267218750	69369.281843750	1400.000	4000.000	1.0000
242	Waveform 1	1	70044.557093750	70044.576593750	1400.000	4000.000	1.0000
242	Spectrogram 1	1	70044.557093750	70044.576593750	1400.000	4000.000	1.0000
243	Waveform 1	1	70620.648843750	70620.668343750	1400.000	4000.000	1.0000
243	Spectrogram 1	1	70620.648843750	70620.668343750	1400.000	4000.000	1.0000
244	Waveform 1	1	70644.859718750	70644.877593750	1400.000	4000.000	1.0000
244	Spectrogram 1	1	70644.859718750	70644.877593750	1400.000	4000.000	1.0000
245	Waveform 1	1	70658.573093750	70658.590968750	1400.000	4000.000	1.0000
245	Spectrogram 1	1	70658.573093750	70658.590968750	1400.000	4000.000	1.0000
246	Waveform 1	1	71174.136843750	71174.161218750	1400.000	4000.000	1.0000
246	Spectrogram 1	1	71174.136843750	71174.161218750	1400.000	4000.000	1.0000
247	Waveform 1	1	73830.642968750	73830.655968750	1400.000	4000.000	1.0000
247	Spectrogram 1	1	73830.642968750	73830.655968750	1400.000	4000.000	1.0000
248	Waveform 1	1	73858.409343750	73858.422343750	1400.000	4000.000	1.0000
248	Spectrogram 1	1	73858.409343750	73858.422343750	1400.000	4000.000	1.0000
249	Waveform 1	1	73872.886468750	73872.894593750	1400.000	4000.000	1.0000
249	Spectrogram 1	1	73872.886468750	73872.894593750	1400.000	4000.000	1.0000
250	Waveform 1	1	73902.674343750	73902.701968750	1400.000	4000.000	0.7647
250	Spectrogram 1	1	73902.674343750	73902.701968750	1400.000	4000.000	0.7647
251	Waveform 1	1	73941.425718750	73941.435468750	1400.000	4000.000	1.0000
251	Spectrogram 1	1	73941.425718750	73941.435468750	1400.000	4000.000	1.0000
252	Waveform 1	1	73954.168968750	73954.180343750	1400.000	4000.000	1.0000
252	Spectrogram 1	1	73954.168968750	73954.180343750	1400.000	4000.000	1.0000
253	Waveform 1	1	73954.565468750	73954.575218750	1400.000	4000.000	1.0000
253	Spectrogram 1	1	73954.565468750	73954.575218750	1400.000	4000.000	1.0000
254	Waveform 1	1	73955.098468750	73955.106593750	1400.000	4000.000	1.0000
254	Spectrogram 1	1	73955.098468750	73955.106593750	1400.000	4000.000	1.0000
255	Waveform 1	1	73962.344343750	73962.360593750	1400.000	4000.000	1.0000
255	Spectrogram 1	1	73962.344343750	73962.360593750	1400.000	4000.000	1.0000
256	Waveform 1	1	73962.984593750	73963.013843750	1400.000	4000.000	1.0000
256	Spectrogram 1	1	73962.984593750	73963.013843750	1400.000	4000.000	1.0000
257	Waveform 1	1	73963.070718750	73963.078843750	1400.000	4000.000	1.0000
257	Spectrogram 1	1	73963.070718750	73963.078843750	1400.000	4000.000	1.0000
258	Waveform 1	1	73979.980468750	73980.004843750	1400.000	4000.000	1.0000
258	Spectrogram 1	1	73979.980468750	73980.004843750	1400.000	4000.000	1.0000
259	Waveform 1	1	73992.960968750	73992.973968750	1400.000	4000.000	1.0000
259	Spectrogram 1	1	73992.960968750	73992.973968750	1400.000	4000.000	1.0000
260	Waveform 1	1	74095.129593750	74095.140968750	1400.000	4000.000	1.0000
260	Spectrogram 1	1	74095.129593750	74095.140968750	1400.000	4000.000	1.0000
261	Waveform 1	1	74114.653968750	74114.666968750	1400.000	4000.000	1.0000
261	Spectrogram 1	1	74114.653968750	74114.666968750	1400.000	4000.000	1.0000
262	Waveform 1	1	74186.612218750	74186.634968750	1400.000	4000.000	1.0000
262	Spectrogram 1	1	74186.612218750	74186.634968750	1400.000	4000.000	1.0000
263	Waveform 1	1	74214.141343750	74214.151093750	1400.000	4000.000	1.0000
263	Spectrogram 1	1	74214.141343750	74214.151093750	1400.000	4000.000	1.0000
264	Waveform 1	1	74223.012218750	74223.030093750	1400.000	4000.000	1.0000
264	Spectrogram 1	1	74223.012218750	74223.030093750	1400.000	4000.000	1.0000
265	Waveform 1	1	74290.235218750	74290.249843750	1400.000	4000.000	1.0000
265	Spectrogram 1	1	74290.235218750	74290.249843750	1400.000	4000.000	1.0000
266	Waveform 1	1	74301.772718750	74301.780843750	1400.000	4000.000	1.0000
266	Spectrogram 1	1	74301.772718750	74301.780843750	1400.000	4000.000	1.0000
267	Waveform 1	1	74304.011968750	74304.024968750	1400.000	4000.000	1.0000
267	Spectrogram 1	1	74304.011968750	74304.024968750	1400.000	4000.000	1.0000
268	Waveform 1	1	74304.666843750	74304.697718750	1400.000	4000.000	1.0000
268	Spectrogram 1	1	74304.666843750	74304.697718750	1400.000	4000.000	1.0000
269	Waveform 1	1	74354.802968750	74354.814343750	1400.000	4000.000	1.0000
269	Spectrogram 1	1	74354.802968750	74354.814343750	1400.000	4000.000	1.0000
270	Waveform 1	1	74370.716593750	74370.724718750	1400.000	4000.000	1.0000
270	Spectrogram 1	1	74370.716593750	74370.724718750	1400.000	4000.000	1.0000
271	Waveform 1	1	74394.883593750	74394.903093750	1400.000	4000.000	1.0000
271	Spectrogram 1	1	74394.883593750	74394.903093750	1400.000	4000.000	1.0000
272	Waveform 1	1	74394.981093750	74394.997343750	1400.000	4000.000	1.0000
272	Spectrogram 1	1	74394.981093750	74394.997343750	1400.000	4000.000	1.0000
273	Waveform 1	1	74407.677218750	74407.693468750	1400.000	4000.000	1.0000
273	Spectrogram 1	1	74407.677218750	74407.693468750	1400.000	4000.000	1.0000
274	Waveform 1	1	74438.661093750	74438.678968750	1400.000	4000.000	1.0000
274	Spectrogram 1	1	74438.661093750	74438.678968750	1400.000	4000.000	1.0000
275	Waveform 1	1	74544.100843750	74544.110593750	1400.000	4000.000	1.0000
275	Spectrogram 1	1	74544.100843750	74544.110593750	1400.000	4000.000	1.0000
276	Waveform 1	1	74835.679468750	74835.687593750	1400.000	4000.000	1.0000
276	Spectrogram 1	1	74835.679468750	74835.687593750	1400.000	4000.000	1.0000
277	Waveform 1	1	75190.486843750	75190.499843750	1400.000	4000.000	1.0000
277	Spectrogram 1	1	75190.486843750	75190.499843750	1400.000	4000.000	1.0000
278	Waveform 1	1	75395.968093750	75395.985968750	1400.000	4000.000	1.0000
278	Spectrogram 1	1	75395.968093750	75395.985968750	1400.000	4000.000	1.0000
279	Waveform 1	1	75396.029843750	75396.052593750	1400.000	4000.000	1.0000
279	Spectrogram 1	1	75396.029843750	75396.052593750	1400.000	4000.000	1.0000
280	Waveform 1	1	76038.613343750	76038.627968750	1400.000	4000.000	1.0000
280	Spectrogram 1	1	76038.613343750	76038.627968750	1400.000	4000.000	1.0000
281	Waveform 1	1	76460.593343750	76460.616093750	1400.000	4000.000	1.0000
281	Spectrogram 1	1	76460.593343750	76460.616093750	1400.000	4000.000	1.0000
282	Waveform 1	1	76847.556218750	76847.588718750	1400.000	4000.000	1.0000
282	Spectrogram 1	1	76847.556218750	76847.588718750	1400.000	4000.000	1.0000
283	Waveform 1	1	76865.601843750	76865.609968750	1400.000	4000.000	1.0000
283	Spectrogram 1	1	76865.601843750	76865.609968750	1400.000	4000.000	1.0000
284	Waveform 1	1	76872.610468750	76872.618593750	1400.000	4000.000	1.0000
284	Spectrogram 1	1	76872.610468750	76872.618593750	1400.000	4000.000	1.0000
285	Waveform 1	1	79573.682218750	79573.693593750	1400.000	4000.000	1.0000
285	Spectrogram 1	1	79573.682218750	79573.693593750	1400.000	4000.000	1.0000
286	Waveform 1	1	79576.083968750	79576.095343750	1400.000	4000.000	1.0000
286	Spectrogram 1	1	79576.083968750	79576.095343750	1400.000	4000.000	1.0000
287	Waveform 1	1	79576.701468750	79576.719343750	1400.000	4000.000	1.0000
287	Spectrogram 1	1	79576.701468750	79576.719343750	1400.000	4000.000	1.0000
288	Waveform 1	1	79598.770593750	79598.780343750	1400.000	4000.000	1.0000
288	Spectrogram 1	1	79598.770593750	79598.780343750	1400.000	4000.000	1.0000
289	Waveform 1	1	79598.894093750	79598.924968750	1400.000	4000.000	1.0000
289	Spectrogram 1	1	79598.894093750	79598.924968750	1400.000	4000.000	1.0000
290	Waveform 1	1	79599.157343750	79599.165468750	1400.000	4000.000	1.0000
290	Spectrogram 1	1	79599.157343750	79599.165468750	1400.000	4000.000	1.0000
291	Waveform 1	1	79608.556343750	79608.566093750	1400.000	4000.000	1.0000
291	Spectrogram 1	1	79608.556343750	79608.566093750	1400.000	4000.000	1.0000
292	Waveform 1	1	79615.355343750	79615.371593750	1400.000	4000.000	1.0000
292	Spectrogram 1	1	79615.355343750	79615.371593750	1400.000	4000.000	1.0000
293	Waveform 1	1	79619.752593750	79619.763968750	1400.000	4000.000	1.0000
293	Spectrogram 1	1	79619.752593750	79619.763968750	1400.000	4000.000	1.0000
294	Waveform 1	1	79620.612218750	79620.634968750	1400.000	4000.000	1.0000
294	Spectrogram 1	1	79620.612218750	79620.634968750	1400.000	4000.000	1.0000
295	Waveform 1	1	79627.588343750	79627.606218750	1400.000	4000.000	1.0000
295	Spectrogram 1	1	79627.588343750	79627.606218750	1400.000	4000.000	1.0000
296	Waveform 1	1	80198.444343750	80198.452468750	1400.000	4000.000	1.0000
296	Spectrogram 1	1	80198.444343750	80198.452468750	1400.000	4000.000	1.0000
297	Waveform 1	1	81266.082343750	81266.096968750	1400.000	4000.000	1.0000
297	Spectrogram 1	1	81266.082343750	81266.096968750	1400.000	4000.000	1.0000
298	Waveform 1	1	83681.210968750	83681.223968750	1400.000	4000.000	1.0000
298	Spectrogram 1	1	83681.210968750	83681.223968750	1400.000	4000.000	1.0000
299	Waveform 1	1	84851.680593750	84851.708218750	1400.000	4000.000	1.0000
299	Spectrogram 1	1	84851.680593750	84851.708218750	1400.000	4000.000	1.0000
300	Waveform 1	1	84851.779718750	84851.802468750	1400.000	4000.000	1.0000
300	Spectrogram 1	1	84851.779718750	84851.802468750	1400.000	4000.000	1.0000
