Selection	View	Channel	Begin Time (s)	End Time (s)	Low Freq (Hz)	High Freq (Hz)	Occupancy
1	Waveform 1	1	11246.548343750	11246.577593750	1400.000	4000.000	1.0000
1	Spectrogram 1	1	11246.548343750	11246.577593750	1400.000	4000.000	1.0000
2	Waveform 1	1	11246.657218750	11246.666968750	1400.000	4000.000	1.0000
2	Spectrogram 1	1	11246.657218750	11246.666968750	1400.000	4000.000	1.0000
3	Waveform 1	1	11246.720593750	11246.741718750	1400.000	4000.000	1.0000
3	Spectrogram 1	1	11246.720593750	11246.741718750	1400.000	4000.000	1.0000
4	Waveform 1	1	11247.079718750	11247.094343750	1400.000	4000.000	1.0000
4	Spectrogram 1	1	11247.079718750	11247.094343750	1400.000	4000.000	1.0000
5	Waveform 1	1	11247.778468750	11247.801218750	1400.000	4000.000	1.0000
5	Spectrogram 1	1	11247.778468750	11247.801218750	1400.000	4000.000	1.0000
6	Waveform 1	1	11247.931218750	11247.942593750	1400.000	4000.000	1.0000
6	Spectrogram 1	1	11247.931218750	11247.942593750	1400.000	4000.000	1.0000
7	Waveform 1	1	11248.303343750	11248.314718750	1400.000	4000.000	1.0000
7	Spectrogram 1	1	11248.303343750	11248.314718750	1400.000	4000.000	1.0000
8	Waveform 1	1	11249.151593750	11249.162968750	1400.000	4000.000	1.0000
8	Spectrogram 1	1	11249.151593750	11249.162968750	1400.000	4000.000	1.0000
9	Waveform 1	1	11250.271218750	11250.279343750	1400.000	4000.000	1.0000
9	Spectrogram 1	1	11250.271218750	11250.279343750	1400.000	4000.000	1.0000
10	Waveform 1	1	11256.932093750	11256.951593750	1400.000	4000.000	1.0000
10	Spectrogram 1	1	11256.932093750	11256.951593750	1400.000	4000.000	1.0000
11	Waveform 1	1	11302.739218750	11302.753843750	1400.000	4000.000	1.0000
11	Spectrogram 1	1	11302.739218750	11302.753843750	1400.000	4000.000	1.0000
12	Waveform 1	1	11350.899343750	11350.922093750	1400.000	4000.000	1.0000
12	Spectrogram 1	1	11350.899343750	11350.922093750	1400.000	4000.000	1.0000
13	Waveform 1	1	11352.153843750	11352.165218750	1400.000	4000.000	1.0000
13	Spectrogram 1	1	11352.153843750	11352.165218750	1400.000	4000.000	1.0000
14	Waveform 1	1	11389.242843750	11389.252593750	1400.000	4000.000	1.0000
14	Spectrogram 1	1	11389.242843750	11389.252593750	1400.000	4000.000	1.0000
15	Waveform 1	1	11390.927968750	11390.944218750	1400.000	4000.000	1.0000
15	Spectrogram 1	1	11390.927968750	11390.944218750	1400.000	4000.000	1.0000
16	Waveform 1	1	11426.554468750	11426.569093750	1400.000	4000.000	1.0000
16	Spectrogram 1	1	11426.554468750	11426.569093750	1400.000	4000.000	1.0000
17	Waveform 1	1	11560.863968750	11560.880218750	1400.000	4000.000	1.0000
17	Spectrogram 1	1	11560.863968750	11560.880218750	1400.000	4000.000	1.0000
18	Waveform 1	1	11802.455968750	11802.467343750	1400.000	4000.000	1.0000
18	Spectrogram 1	1	11802.455968750	11802.467343750	1400.000	4000.000	1.0000
19	Waveform 1	1	11812.465968750	11812.488718750	1400.000	4000.000	1.0000
19	Spectrogram 1	1	11812.465968750	11812.488718750	1400.000	4000.000	1.0000
20	Waveform 1	1	11822.124968750	11822.144468750	1400.000	4000.000	1.0000
20	Spectrogram 1	1	11822.124968750	11822.144468750	1400.000	4000.000	1.0000
21	Waveform 1	1	11870.884718750	11870.900968750	1400.000	4000.000	1.0000
21	Spectrogram 1	1	11870.884718750	11870.900968750	1400.000	4000.000	1.0000
22	Waveform 1	1	11873.299468750	11873.314093750	1400.000	4000.000	1.0000
22	Spectrogram 1	1	11873.299468750	11873.314093750	1400.000	4000.000	1.0000
23	Waveform 1	1	11880.941843750	11880.954843750	1400.000	4000.000	1.0000
23	Spectrogram 1	1	11880.941843750	11880.954843750	1400.000	4000.000	1.0000
24	Waveform 1	1	11895.599343750	11895.618843750	1400.000	4000.000	1.0000
24	Spectrogram 1	1	11895.599343750	11895.618843750	1400.000	4000.000	1.0000
25	Waveform 1	1	11902.715218750	11902.729843750	1400.000	4000.000	1.0000
25	Spectrogram 1	1	11902.715218750	11902.729843750	1400.000	4000.000	1.0000
26	Waveform 1	1	11934.197968750	11934.209343750	1400.000	4000.000	1.0000
26	Spectrogram 1	1	11934.197968750	11934.209343750	1400.000	4000.000	1.0000
27	Waveform 1	1	11971.212218750	11971.228468750	1400.000	4000.000	1.0000
27	Spectrogram 1	1	11971.212218750	11971.228468750	1400.000	4000.000	1.0000
28	Waveform 1	1	12097.967093750	12097.986593750	1400.000	4000.000	1.0000
28	Spectrogram 1	1	12097.967093750	12097.986593750	1400.000	4000.000	1.0000
29	Waveform 1	1	12109.551718750	12109.559843750	1400.000	4000.000	1.0000
29	Spectrogram 1	1	12109.551718750	12109.559843750	1400.000	4000.000	1.0000
30	Waveform 1	1	12149.741218750	12149.763968750	1400.000	4000.000	1.0000
30	Spectrogram 1	1	12149.741218750	12149.763968750	1400.000	4000.000	1.0000
31	Waveform 1	1	13120.633218750	13120.654343750	1400.000	4000.000	1.0000
31	Spectrogram 1	1	13120.633218750	13120.654343750	1400.000	4000.000	1.0000
32	Waveform 1	1	13316.370968750	13316.388843750	1400.000	4000.000	1.0000
32	Spectrogram 1	1	13316.370968750	13316.388843750	1400.000	4000.000	1.0000
33	Waveform 1	1	13333.410718750	13333.420468750	1400.000	4000.000	1.0000
33	Spectrogram 1	1	13333.410718750	13333.420468750	1400.000	4000.000	1.0000
34	Waveform 1	1	13333.454593750	13333.465968750	1400.000	4000.000	1.0000
34	Spectrogram 1	1	13333.454593750	13333.465968750	1400.000	4000.000	1.0000
35	Waveform 1	1	13340.762218750	13340.775218750	1400.000	4000.000	1.0000
35	Spectrogram 1	1	13340.762218750	13340.775218750	1400.000	4000.000	1.0000
36	Waveform 1	1	13344.569593750	13344.582593750	1400.000	4000.000	1.0000
36	Spectrogram 1	1	13344.569593750	13344.582593750	1400.000	4000.000	1.0000
37	Waveform 1	1	13386.972343750	13386.986968750	1400.000	4000.000	1.0000
37	Spectrogram 1	1	13386.972343750	13386.986968750	1400.000	4000.000	1.0000
38	Waveform 1	1	13395.199718750	13395.211093750	1400.000	4000.000	1.0000
38	Spectrogram 1	1	13395.199718750	13395.211093750	1400.000	4000.000	1.0000
39	Waveform 1	1	13819.173593750	13819.194718750	1400.000	4000.000	1.0000
39	Spectrogram 1	1	13819.173593750	13819.194718750	1400.000	4000.000	1.0000
40	Waveform 1	1	13819.327968750	13819.360468750	1400.000	4000.000	1.0000
40	Spectrogram 1	1	13819.327968750	13819.360468750	1400.000	4000.000	1.0000
41	Waveform 1	1	13864.442843750	13864.450968750	1400.000	4000.000	1.0000
41	Spectrogram 1	1	13864.442843750	13864.450968750	1400.000	4000.000	1.0000
42	Waveform 1	1	13864.881593750	13864.902718750	1400.000	4000.000	1.0000
42	Spectrogram 1	1	13864.881593750	13864.902718750	1400.000	4000.000	1.0000
43	Waveform 1	1	13925.390093750	13925.398218750	1400.000	4000.000	1.0000
43	Spectrogram 1	1	13925.390093750	13925.398218750	1400.000	4000.000	1.0000
44	Waveform 1	1	13926.360218750	13926.373218750	1400.000	4000.000	1.0000
44	Spectrogram 1	1	13926.360218750	13926.373218750	1400.000	4000.000	1.0000
45	Waveform 1	1	13927.848718750	13927.863343750	1400.000	4000.000	1.0000
45	Spectrogram 1	1	13927.848718750	13927.863343750	1400.000	4000.000	1.0000
46	Waveform 1	1	13936.033843750	13936.041968750	1400.000	4000.000	1.0000
46	Spectrogram 1	1	13936.033843750	13936.041968750	1400.000	4000.000	1.0000
47	Waveform 1	1	13984.507593750	13984.523843750	1400.000	4000.000	1.0000
47	Spectrogram 1	1	13984.507593750	13984.523843750	1400.000	4000.000	1.0000
48	Waveform 1	1	13985.404593750	13985.428968750	1400.000	4000.000	1.0000
48	Spectrogram 1	1	13985.404593750	13985.428968750	1400.000	4000.000	1.0000
49	Waveform 1	1	13992.497718750	13992.510718750	1400.000	4000.000	1.0000
49	Spectrogram 1	1	13992.497718750	13992.510718750	1400.000	4000.000	1.0000
50	Waveform 1	1	13997.148468750	13997.172843750	1400.000	4000.000	1.0000
50	Spectrogram 1	1	13997.148468750	13997.172843750	1400.000	4000.000	1.0000
51	Waveform 1	1	13998.086093750	13998.100718750	1400.000	4000.000	1.0000
51	Spectrogram 1	1	13998.086093750	13998.100718750	1400.000	4000.000	1.0000
52	Waveform 1	1	14015.242843750	14015.262343750	1400.000	4000.000	1.0000
52	Spectrogram 1	1	14015.242843750	14015.262343750	1400.000	4000.000	1.0000
53	Waveform 1	1	14305.628718750	14305.648218750	1400.000	4000.000	1.0000
53	Spectrogram 1	1	14305.628718750	14305.648218750	1400.000	4000.000	1.0000
54	Waveform 1	1	14309.398718750	14309.413343750	1400.000	4000.000	1.0000
54	Spectrogram 1	1	14309.398718750	14309.413343750	1400.000	4000.000	1.0000
55	Waveform 1	1	14335.309343750	14335.327218750	1400.000	4000.000	1.0000
55	Spectrogram 1	1	14335.309343750	14335.327218750	1400.000	4000.000	1.0000
56	Waveform 1	1	14383.420718750	14383.445093750	1400.000	4000.000	1.0000
56	Spectrogram 1	1	14383.420718750	14383.445093750	1400.000	4000.000	1.0000
57	Waveform 1	1	14394.595843750	14394.613718750	1400.000	4000.000	1.0000
57	Spectrogram 1	1	14394.595843750	14394.613718750	1400.000	4000.000	1.0000
58	Waveform 1	1	14399.919343750	14399.938843750	1400.000	4000.000	1.0000
58	Spectrogram 1	1	14399.919343750	14399.938843750	1400.000	4000.000	1.0000
59	Waveform 1	1	14404.115093750	14404.142718750	1400.000	4000.000	1.0000
59	Spectrogram 1	1	14404.115093750	14404.142718750	1400.000	4000.000	1.0000
60	Waveform 1	1	14412.698343750	14412.712968750	1400.000	4000.000	1.0000
60	Spectrogram 1	1	14412.698343750	14412.712968750	1400.000	4000.000	1.0000
61	Waveform 1	1	14427.623968750	14427.633718750	1400.000	4000.000	1.0000
61	Spectrogram 1	1	14427.623968750	14427.633718750	1400.000	4000.000	1.0000
62	Waveform 1	1	14480.746843750	14480.759843750	1400.000	4000.000	1.0000
62	Spectrogram 1	1	14480.746843750	14480.759843750	1400.000	4000.000	1.0000
63	Waveform 1	1	14486.499343750	14486.517218750	1400.000	4000.000	1.0000
63	Spectrogram 1	1	14486.499343750	14486.517218750	1400.000	4000.000	1.0000
64	Waveform 1	1	14491.744843750	14491.759468750	1400.000	4000.000	1.0000
64	Spectrogram 1	1	14491.744843750	14491.759468750	1400.000	4000.000	1.0000
65	Waveform 1	1	14492.953843750	14492.976593750	1400.000	4000.000	1.0000
65	Spectrogram 1	1	14492.953843750	14492.976593750	1400.000	4000.000	1.0000
66	Waveform 1	1	14503.872218750	14503.886843750	1400.000	4000.000	1.0000
66	Spectrogram 1	1	14503.872218750	14503.886843750	1400.000	4000.000	1.0000
67	Waveform 1	1	14505.128343750	14505.152718750	1400.000	4000.000	1.0000
67	Spectrogram 1	1	14505.128343750	14505.152718750	1400.000	4000.000	1.0000
68	Waveform 1	1	14506.779343750	14506.790718750	1400.000	4000.000	1.0000
68	Spectrogram 1	1	14506.779343750	14506.790718750	1400.000	4000.000	1.0000
69	Waveform 1	1	14631.371343750	14631.385968750	1400.000	4000.000	1.0000
69	Spectrogram 1	1	14631.371343750	14631.385968750	1400.000	4000.000	1.0000
70	Waveform 1	1	14675.972718750	14675.984093750	1400.000	4000.000	1.0000
70	Spectrogram 1	1	14675.972718750	14675.984093750	1400.000	4000.000	1.0000
71	Waveform 1	1	14973.594718750	14973.607718750	1400.000	4000.000	1.0000
71	Spectrogram 1	1	14973.594718750	14973.607718750	1400.000	4000.000	1.0000
72	Waveform 1	1	15126.157843750	15126.180593750	1400.000	4000.000	1.0000
72	Spectrogram 1	1	15126.157843750	15126.180593750	1400.000	4000.000	1.0000
73	Waveform 1	1	15257.792593750	15257.808843750	1400.000	4000.000	1.0000
73	Spectrogram 1	1	15257.792593750	15257.808843750	1400.000	4000.000	1.0000
74	Waveform 1	1	15304.839593750	15304.870468750	1400.000	4000.000	1.0000
74	Spectrogram 1	1	15304.839593750	15304.870468750	1400.000	4000.000	1.0000
75	Waveform 1	1	15308.767218750	15308.780218750	1400.000	4000.000	1.0000
75	Spectrogram 1	1	15308.767218750	15308.780218750	1400.000	4000.000	1.0000
76	Waveform 1	1	15308.832218750	15308.854968750	1400.000	4000.000	1.0000
76	Spectrogram 1	1	15308.832218750	15308.854968750	1400.000	4000.000	1.0000
77	Waveform 1	1	15308.955718750	15308.973593750	1400.000	4000.000	1.0000
77	Spectrogram 1	1	15308.955718750	15308.973593750	1400.000	4000.000	1.0000
78	Waveform 1	1	15487.497718750	15487.507468750	1400.000	4000.000	1.0000
78	Spectrogram 1	1	15487.497718750	15487.507468750	1400.000	4000.000	1.0000
79	Waveform 1	1	15596.686343750	15596.699343750	1400.000	4000.000	1.0000
79	Spectrogram 1	1	15596.686343750	15596.699343750	1400.000	4000.000	1.0000
80	Waveform 1	1	15672.050593750	15672.060343750	1400.000	4000.000	1.0000
80	Spectrogram 1	1	15672.050593750	15672.060343750	1400.000	4000.000	1.0000
81	Waveform 1	1	15679.114468750	15679.135593750	1400.000	4000.000	1.0000
81	Spectrogram 1	1	15679.114468750	15679.135593750	1400.000	4000.000	1.0000
82	Waveform 1	1	15680.833718750	15680.856468750	1400.000	4000.000	1.0000
82	Spectrogram 1	1	15680.833718750	15680.856468750	1400.000	4000.000	1.0000
83	Waveform 1	1	15682.764218750	15682.788593750	1400.000	4000.000	1.0000
83	Spectrogram 1	1	15682.764218750	15682.788593750	1400.000	4000.000	1.0000
84	Waveform 1	1	15684.556593750	15684.587468750	1400.000	4000.000	1.0000
84	Spectrogram 1	1	15684.556593750	15684.587468750	1400.000	4000.000	1.0000
85	Waveform 1	1	15688.827093750	15688.835218750	1400.000	4000.000	1.0000
85	Spectrogram 1	1	15688.827093750	15688.835218750	1400.000	4000.000	1.0000
86	Waveform 1	1	15791.585593750	15791.593718750	1400.000	4000.000	1.0000
86	Spectrogram 1	1	15791.585593750	15791.593718750	1400.000	4000.000	1.0000
87	Waveform 1	1	15811.542218750	15811.555218750	1400.000	4000.000	1.0000
87	Spectrogram 1	1	15811.542218750	15811.555218750	1400.000	4000.000	1.0000
88	Waveform 1	1	15824.210718750	15824.235093750	1400.000	4000.000	1.0000
88	Spectrogram 1	1	15824.210718750	15824.235093750	1400.000	4000.000	1.0000
89	Waveform 1	1	15827.494843750	15827.520843750	1400.000	4000.000	1.0000
89	Spectrogram 1	1	15827.494843750	15827.520843750	1400.000	4000.000	1.0000
90	Waveform 1	1	15830.728593750	15830.736718750	1400.000	4000.000	1.0000
90	Spectrogram 1	1	15830.728593750	15830.736718750	1400.000	4000.000	1.0000
91	Waveform 1	1	15851.939718750	15851.970593750	1400.000	4000.000	1.0000
91	Spectrogram 1	1	15851.939718750	15851.970593750	1400.000	4000.000	1.0000
92	Waveform 1	1	15868.360343750	15868.370093750	1400.000	4000.000	1.0000
92	Spectrogram 1	1	15868.360343750	15868.370093750	1400.000	4000.000	1.0000
93	Waveform 1	1	15869.777343750	15869.804968750	1400.000	4000.000	1.0000
93	Spectrogram 1	1	15869.777343750	15869.804968750	1400.000	4000.000	1.0000
94	Waveform 1	1	15873.947093750	15873.969843750	1400.000	4000.000	1.0000
94	Spectrogram 1	1	15873.947093750	15873.969843750	1400.000	4000.000	1.0000
95	Waveform 1	1	15875.456718750	15875.485968750	1400.000	4000.000	1.0000
95	Spectrogram 1	1	15875.456718750	15875.485968750	1400.000	4000.000	1.0000
96	Waveform 1	1	15882.998343750	15883.017843750	1400.000	4000.000	1.0000
96	Spectrogram 1	1	15882.998343750	15883.017843750	1400.000	4000.000	1.0000
97	Waveform 1	1	15883.968468750	15883.999343750	1400.000	4000.000	1.0000
97	Spectrogram 1	1	15883.968468750	15883.999343750	1400.000	4000.000	1.0000
98	Waveform 1	1	15934.580718750	15934.590468750	1400.000	4000.000	1.0000
98	Spectrogram 1	1	15934.580718750	15934.590468750	1400.000	4000.000	1.0000
99	Waveform 1	1	15978.824593750	15978.842468750	1400.000	4000.000	1.0000
99	Spectrogram 1	1	15978.824593750	15978.842468750	1400.000	4000.000	1.0000
100	Waveform 1	1	15979.648468750	15979.666343750	1400.000	4000.000	1.0000
100	Spectrogram 1	1	15979.648468750	15979.666343750	1400.000	4000.000	1.0000
101	Waveform 1	1	16000.014593750	16000.034093750	1400.000	4000.000	1.0000
101	Spectrogram 1	1	16000.014593750	16000.034093750	1400.000	4000.000	1.0000
102	Waveform 1	1	16214.186343750	16214.202593750	1400.000	4000.000	1.0000
102	Spectrogram 1	1	16214.186343750	16214.202593750	1400.000	4000.000	1.0000
103	Waveform 1	1	16231.612843750	16231.620968750	1400.000	4000.000	1.0000
103	Spectrogram 1	1	16231.612843750	16231.620968750	1400.000	4000.000	1.0000
104	Waveform 1	1	16257.234218750	16257.250468750	1400.000	4000.000	1.0000
104	Spectrogram 1	1	16257.234218750	16257.250468750	1400.000	4000.000	1.0000
105	Waveform 1	1	16268.989468750	16268.997593750	1400.000	4000.000	1.0000
105	Spectrogram 1	1	16268.989468750	16268.997593750	1400.000	4000.000	1.0000
106	Waveform 1	1	16269.694718750	16269.714218750	1400.000	4000.000	1.0000
106	Spectrogram 1	1	16269.694718750	16269.714218750	1400.000	4000.000	1.0000
107	Waveform 1	1	16269.904343750	16269.928718750	1400.000	4000.000	1.0000
107	Spectrogram 1	1	16269.904343750	16269.928718750	1400.000	4000.000	1.0000
108	Waveform 1	1	16274.113093750	16274.124468750	1400.000	4000.000	1.0000
108	Spectrogram 1	1	16274.113093750	16274.124468750	1400.000	4000.000	1.0000
109	Waveform 1	1	16275.677968750	16275.702343750	1400.000	4000.000	1.0000
109	Spectrogram 1	1	16275.677968750	16275.702343750	1400.000	4000.000	1.0000
110	Waveform 1	1	16280.447343750	16280.460343750	1400.000	4000.000	1.0000
110	Spectrogram 1	1	16280.447343750	16280.460343750	1400.000	4000.000	1.0000
111	Waveform 1	1	16280.570843750	16280.598468750	1400.000	4000.000	1.0000
111	Spectrogram 1	1	16280.570843750	16280.598468750	1400.000	4000.000	1.0000
112	Waveform 1	1	16283.156218750	16283.174093750	1400.000	4000.000	1.0000
112	Spectrogram 1	1	16283.156218750	16283.174093750	1400.000	4000.000	1.0000
113	Waveform 1	1	16286.820593750	16286.835218750	1400.000	4000.000	1.0000
113	Spectrogram 1	1	16286.820593750	16286.835218750	1400.000	4000.000	1.0000
114	Waveform 1	1	16299.443593750	16299.464718750	1400.000	4000.000	1.0000
114	Spectrogram 1	1	16299.443593750	16299.464718750	1400.000	4000.000	1.0000
115	Waveform 1	1	16300.948343750	16300.959718750	1400.000	4000.000	1.0000
115	Spectrogram 1	1	16300.948343750	16300.959718750	1400.000	4000.000	1.0000
116	Waveform 1	1	16370.348843750	16370.368343750	1400.000	4000.000	1.0000
116	Spectrogram 1	1	16370.348843750	16370.368343750	1400.000	4000.000	1.0000
117	Waveform 1	1	16379.253843750	16379.261968750	1400.000	4000.000	1.0000
117	Spectrogram 1	1	16379.253843750	16379.261968750	1400.000	4000.000	1.0000
118	Waveform 1	1	16388.690218750	16388.709718750	1400.000	4000.000	1.0000
118	Spectrogram 1	1	16388.690218750	16388.709718750	1400.000	4000.000	1.0000
119	Waveform 1	1	16420.977343750	16420.990343750	1400.000	4000.000	1.0000
119	Spectrogram 1	1	16420.977343750	16420.990343750	1400.000	4000.000	1.0000
120	Waveform 1	1	16422.197718750	16422.210718750	1400.000	4000.000	1.0000
120	Spectrogram 1	1	16422.197718750	16422.210718750	1400.000	4000.000	1.0000
121	Waveform 1	1	16472.584093750	16472.605218750	1400.000	4000.000	1.0000
121	Spectrogram 1	1	16472.584093750	16472.605218750	1400.000	4000.000	1.0000
122	Waveform 1	1	16497.498593750	16497.516468750	1400.000	4000.000	1.0000
122	Spectrogram 1	1	16497.498593750	16497.516468750	1400.000	4000.000	1.0000
123	Waveform 1	1	16499.354343750	16499.372218750	1400.000	4000.000	1.0000
123	Spectrogram 1	1	16499.354343750	16499.372218750	1400.000	4000.000	1.0000
124	Waveform 1	1	16504.921593750	16504.929718750	1400.000	4000.000	1.0000
124	Spectrogram 1	1	16504.921593750	16504.929718750	1400.000	4000.000	1.0000
125	Waveform 1	1	16506.530343750	16506.538468750	1400.000	4000.000	1.0000
125	Spectrogram 1	1	16506.530343750	16506.538468750	1400.000	4000.000	1.0000
126	Waveform 1	1	16565.457718750	16565.485343750	1400.000	4000.000	1.0000
126	Spectrogram 1	1	16565.457718750	16565.485343750	1400.000	4000.000	1.0000
127	Waveform 1	1	16644.686218750	16644.713843750	1400.000	4000.000	1.0000
127	Spectrogram 1	1	16644.686218750	16644.713843750	1400.000	4000.000	1.0000
128	Waveform 1	1	16644.970593750	16644.978718750	1400.000	4000.000	1.0000
128	Spectrogram 1	1	16644.970593750	16644.978718750	1400.000	4000.000	1.0000
129	Waveform 1	1	16659.421718750	16659.441218750	1400.000	4000.000	1.0000
129	Spectrogram 1	1	16659.421718750	16659.441218750	1400.000	4000.000	1.0000
130	Waveform 1	1	16690.215468750	16690.226843750	1400.000	4000.000	1.0000
130	Spectrogram 1	1	16690.215468750	16690.226843750	1400.000	4000.000	1.0000
131	Waveform 1	1	16727.125718750	16727.150093750	1400.000	4000.000	1.0000
131	Spectrogram 1	1	16727.125718750	16727.150093750	1400.000	4000.000	1.0000
132	Waveform 1	1	16742.158593750	16742.176468750	1400.000	4000.000	1.0000
132	Spectrogram 1	1	16742.158593750	16742.176468750	1400.000	4000.000	1.0000
133	Waveform 1	1	16760.857468750	16760.883468750	1400.000	4000.000	1.0000
133	Spectrogram 1	1	16760.857468750	16760.883468750	1400.000	4000.000	1.0000
134	Waveform 1	1	16786.982593750	16787.003718750	1400.000	4000.000	1.0000
134	Spectrogram 1	1	16786.982593750	16787.003718750	1400.000	4000.000	1.0000
135	Waveform 1	1	16801.020968750	16801.046968750	1400.000	4000.000	1.0000
135	Spectrogram 1	1	16801.020968750	16801.046968750	1400.000	4000.000	1.0000
136	Waveform 1	1	17893.973218750	17893.982968750	1400.000	4000.000	1.0000
136	Spectrogram 1	1	17893.973218750	17893.982968750	1400.000	4000.000	1.0000
137	Waveform 1	1	17996.028093750	17996.039468750	1400.000	4000.000	1.0000
137	Spectrogram 1	1	17996.028093750	17996.039468750	1400.000	4000.000	1.0000
138	Waveform 1	1	18099.477218750	18099.490218750	1400.000	4000.000	1.0000
138	Spectrogram 1	1	18099.477218750	18099.490218750	1400.000	4000.000	1.0000
139	Waveform 1	1	18455.033718750	18455.051593750	1400.000	4000.000	1.0000
139	Spectrogram 1	1	18455.033718750	18455.051593750	1400.000	4000.000	1.0000
140	Waveform 1	1	18492.132468750	18492.163343750	1400.000	4000.000	1.0000
140	Spectrogram 1	1	18492.132468750	18492.163343750	1400.000	4000.000	1.0000
141	Waveform 1	1	18492.329093750	18492.342093750	1400.000	4000.000	1.0000
141	Spectrogram 1	1	18492.329093750	18492.342093750	1400.000	4000.000	1.0000
142	Waveform 1	1	18542.107718750	18542.123968750	1400.000	4000.000	1.0000
142	Spectrogram 1	1	18542.107718750	18542.123968750	1400.000	4000.000	1.0000
143	Waveform 1	1	18543.422343750	18543.436968750	1400.000	4000.000	1.0000
143	Spectrogram 1	1	18543.422343750	18543.436968750	1400.000	4000.000	1.0000
144	Waveform 1	1	18544.941718750	18544.957968750	1400.000	4000.000	1.0000
144	Spectrogram 1	1	18544.941718750	18544.957968750	1400.000	4000.000	1.0000
145	Waveform 1	1	18557.268968750	18557.277093750	1400.000	4000.000	1.0000
145	Spectrogram 1	1	18557.268968750	18557.277093750	1400.000	4000.000	1.0000
146	Waveform 1	1	18559.959968750	18559.974593750	1400.000	4000.000	1.0000
146	Spectrogram 1	1	18559.959968750	18559.974593750	1400.000	4000.000	1.0000
147	Waveform 1	1	18611.769843750	18611.779593750	1400.000	4000.000	1.0000
147	Spectrogram 1	1	18611.769843750	18611.779593750	1400.000	4000.000	1.0000
148	Waveform 1	1	18613.027593750	18613.037343750	1400.000	4000.000	1.0000
148	Spectrogram 1	1	18613.027593750	18613.037343750	1400.000	4000.000	1.0000
149	Waveform 1	1	18620.015093750	18620.024843750	1400.000	4000.000	1.0000
149	Spectrogram 1	1	18620.015093750	18620.024843750	1400.000	4000.000	1.0000
150	Waveform 1	1	18762.712843750	18762.735593750	1400.000	4000.000	1.0000
150	Spectrogram 1	1	18762.712843750	18762.735593750	1400.000	4000.000	1.0000
151	Waveform 1	1	18766.854968750	18766.867968750	1400.000	4000.000	1.0000
151	Spectrogram 1	1	18766.854968750	18766.867968750	1400.000	4000.000	1.0000
152	Waveform 1	1	18768.668468750	18768.681468750	1400.000	4000.000	1.0000
152	Spectrogram 1	1	18768.668468750	18768.681468750	1400.000	4000.000	1.0000
153	Waveform 1	1	18768.756218750	18768.772468750	1400.000	4000.000	1.0000
153	Spectrogram 1	1	18768.756218750	18768.772468750	1400.000	4000.000	1.0000
154	Waveform 1	1	18778.641093750	18778.670343750	1400.000	4000.000	1.0000
154	Spectrogram 1	1	18778.641093750	18778.670343750	1400.000	4000.000	1.0000
155	Waveform 1	1	18778.766218750	18778.784093750	1400.000	4000.000	1.0000
155	Spectrogram 1	1	18778.766218750	18778.784093750	1400.000	4000.000	1.0000
156	Waveform 1	1	18797.336718750	18797.344843750	1400.000	4000.000	1.0000
156	Spectrogram 1	1	18797.336718750	18797.344843750	1400.000	4000.000	1.0000
157	Waveform 1	1	18840.399218750	18840.412218750	1400.000	4000.000	1.0000
157	Spectrogram 1	1	18840.399218750	18840.412218750	1400.000	4000.000	1.0000
158	Waveform 1	1	18919.509093750	18919.535093750	1400.000	4000.000	1.0000
158	Spectrogram 1	1	18919.509093750	18919.535093750	1400.000	4000.000	1.0000
159	Waveform 1	1	18921.145468750	18921.158468750	1400.000	4000.000	1.0000
159	Spectrogram 1	1	18921.145468750	18921.158468750	1400.000	4000.000	1.0000
160	Waveform 1	1	19036.026468750	19036.036218750	1400.000	4000.000	1.0000
160	Spectrogram 1	1	19036.026468750	19036.036218750	1400.000	4000.000	1.0000
161	Waveform 1	1	19826.226593750	19826.234718750	1400.000	4000.000	1.0000
161	Spectrogram 1	1	19826.226593750	19826.234718750	1400.000	4000.000	1.0000
162	Waveform 1	1	20354.647343750	20354.658718750	1400.000	4000.000	1.0000
162	Spectrogram 1	1	20354.647343750	20354.658718750	1400.000	4000.000	1.0000
163	Waveform 1	1	20473.990593750	20473.998718750	1400.000	4000.000	1.0000
163	Spectrogram 1	1	20473.990593750	20473.998718750	1400.000	4000.000	1.0000
164	Waveform 1	1	20575.770843750	20575.787093750	1400.000	4000.000	1.0000
164	Spectrogram 1	1	20575.770843750	20575.787093750	1400.000	4000.000	1.0000
165	Waveform 1	1	21563.133843750	21563.150093750	1400.000	4000.000	1.0000
165	Spectrogram 1	1	21563.133843750	21563.150093750	1400.000	4000.000	1.0000
166	Waveform 1	1	24405.177593750	24405.195468750	1400.000	4000.000	1.0000
166	Spectrogram 1	1	24405.177593750	24405.195468750	1400.000	4000.000	1.0000
167	Waveform 1	1	24766.450843750	24766.465468750	1400.000	4000.000	1.0000
167	Spectrogram 1	1	24766.450843750	24766.465468750	1400.000	4000.000	1.0000
168	Waveform 1	1	24938.513968750	24938.526968750	1400.000	4000.000	1.0000
168	Spectrogram 1	1	24938.513968750	24938.526968750	1400.000	4000.000	1.0000
169	Waveform 1	1	24963.239968750	24963.251343750	1400.000	4000.000	1.0000
169	Spectrogram 1	1	24963.239968750	24963.251343750	1400.000	4000.000	1.0000
170	Waveform 1	1	25694.678468750	25694.697968750	1400.000	4000.000	1.0000
170	Spectrogram 1	1	25694.678468750	25694.697968750	1400.000	4000.000	1.0000
171	Waveform 1	1	27458.430718750	27458.443718750	1400.000	4000.000	1.0000
171	Spectrogram 1	1	27458.430718750	27458.443718750	1400.000	4000.000	1.0000
172	Waveform 1	1	27627.404718750	27627.425843750	1400.000	4000.000	1.0000
172	Spectrogram 1	1	27627.404718750	27627.425843750	1400.000	4000.000	1.0000
173	Waveform 1	1	28164.637843750	28164.649218750	1400.000	4000.000	1.0000
173	Spectrogram 1	1	28164.637843750	28164.649218750	1400.000	4000.000	1.0000
174	Waveform 1	1	29387.934593750	29387.952468750	1400.000	4000.000	1.0000
174	Spectrogram 1	1	29387.934593750	29387.952468750	1400.000	4000.000	1.0000
175	Waveform 1	1	29447.442093750	29447.456718750	1400.000	4000.000	1.0000
175	Spectrogram 1	1	29447.442093750	29447.456718750	1400.000	4000.000	1.0000
176	Waveform 1	1	31139.198718750	31139.211718750	1400.000	4000.000	1.0000
176	Spectrogram 1	1	31139.198718750	31139.211718750	1400.000	4000.000	1.0000
177	Waveform 1	1	31145.661343750	31145.679218750	1400.000	4000.000	1.0000
177	Spectrogram 1	1	31145.661343750	31145.679218750	1400.000	4000.000	1.0000
178	Waveform 1	1	31246.136718750	31246.157843750	1400.000	4000.000	1.0000
178	Spectrogram 1	1	31246.136718750	31246.157843750	1400.000	4000.000	1.0000
179	Waveform 1	1	31963.249218750	31963.257343750	1400.000	4000.000	1.0000
179	Spectrogram 1	1	31963.249218750	31963.257343750	1400.000	4000.000	1.0000
180	Waveform 1	1	31963.486468750	31963.494593750	1400.000	4000.000	1.0000
180	Spectrogram 1	1	31963.486468750	31963.494593750	1400.000	4000.000	1.0000
181	Waveform 1	1	33937.195218750	33937.206593750	1400.000	4000.000	1.0000
181	Spectrogram 1	1	33937.195218750	33937.206593750	1400.000	4000.000	1.0000
182	Waveform 1	1	33945.505468750	33945.523343750	1400.000	4000.000	1.0000
182	Spectrogram 1	1	33945.505468750	33945.523343750	1400.000	4000.000	1.0000
183	Waveform 1	1	33994.471593750	33994.486218750	1400.000	4000.000	1.0000
183	Spectrogram 1	1	33994.471593750	33994.486218750	1400.000	4000.000	1.0000
184	Waveform 1	1	34000.497093750	34000.508468750	1400.000	4000.000	1.0000
184	Spectrogram 1	1	34000.497093750	34000.508468750	1400.000	4000.000	1.0000
185	Waveform 1	1	34800.083218750	34800.101093750	1400.000	4000.000	1.0000
185	Spectrogram 1	1	34800.083218750	34800.101093750	1400.000	4000.000	1.0000
186	Waveform 1	1	34800.143343750	34800.154718750	1400.000	4000.000	1.0000
186	Spectrogram 1	1	34800.143343750	34800.154718750	1400.000	4000.000	1.0000
187	Waveform 1	1	35692.346343750	35692.362593750	1400.000	4000.000	1.0000
187	Spectrogram 1	1	35692.346343750	35692.362593750	1400.000	4000.000	1.0000
188	Waveform 1	1	36509.740843750	36509.761968750	1400.000	4000.000	1.0000
188	Spectrogram 1	1	36509.740843750	36509.761968750	1400.000	4000.000	1.0000
189	Waveform 1	1	37154.706593750	37154.726093750	1400.000	4000.000	1.0000
189	Spectrogram 1	1	37154.706593750	37154.726093750	1400.000	4000.000	1.0000
190	Waveform 1	1	37520.094343750	37520.108968750	1400.000	4000.000	1.0000
190	Spectrogram 1	1	37520.094343750	37520.108968750	1400.000	4000.000	1.0000
191	Waveform 1	1	38805.404343750	38805.417343750	1400.000	4000.000	1.0000
191	Spectrogram 1	1	38805.404343750	38805.417343750	1400.000	4000.000	1.0000
192	Waveform 1	1	38987.839843750	38987.849593750	1400.000	4000.000	1.0000
192	Spectrogram 1	1	38987.839843750	38987.849593750	1400.000	4000.000	1.0000
193	Waveform 1	1	39056.296218750	39056.322218750	1400.000	4000.000	1.0000
193	Spectrogram 1	1	39056.296218750	39056.322218750	1400.000	4000.000	1.0000
194	Waveform 1	1	39257.927843750	39257.942468750	1400.000	4000.000	1.0000
194	Spectrogram 1	1	39257.927843750	39257.942468750	1400.000	4000.000	1.0000
195	Waveform 1	1	39314.455093750	39314.463218750	1400.000	4000.000	1.0000
195	Spectrogram 1	1	39314.455093750	39314.463218750	1400.000	4000.000	1.0000
196	Waveform 1	1	39346.701593750	39346.712968750	1400.000	4000.000	1.0000
196	Spectrogram 1	1	39346.701593750	39346.712968750	1400.000	4000.000	1.0000
197	Waveform 1	1	39346.805593750	39346.823468750	1400.000	4000.000	1.0000
197	Spectrogram 1	1	39346.805593750	39346.823468750	1400.000	4000.000	1.0000
198	Waveform 1	1	39462.120468750	39462.141593750	1400.000	4000.000	1.0000
198	Spectrogram 1	1	39462.120468750	39462.141593750	1400.000	4000.000	1.0000
199	Waveform 1	1	39516.595343750	39516.616468750	1400.000	4000.000	1.0000
199	Spectrogram 1	1	39516.595343750	39516.616468750	1400.000	4000.000	1.0000
200	Waveform 1	1	39524.648843750	39524.663468750	1400.000	4000.000	1.0000
200	Spectrogram 1	1	39524.648843750	39524.663468750	1400.000	4000.000	1.0000
201	Waveform 1	1	39555.713968750	39555.733468750	1400.000	4000.000	1.0000
201	Spectrogram 1	1	39555.713968750	39555.733468750	1400.000	4000.000	1.0000
202	Waveform 1	1	39559.802468750	39559.815468750	1400.000	4000.000	1.0000
202	Spectrogram 1	1	39559.802468750	39559.815468750	1400.000	4000.000	1.0000
203	Waveform 1	1	39564.893593750	39564.909843750	1400.000	4000.000	1.0000
203	Spectrogram 1	1	39564.893593750	39564.909843750	1400.000	4000.000	1.0000
204	Waveform 1	1	39567.309968750	39567.326218750	1400.000	4000.000	1.0000
204	Spectrogram 1	1	39567.309968750	39567.326218750	1400.000	4000.000	1.0000
205	Waveform 1	1	39570.036718750	39570.061093750	1400.000	4000.000	1.0000
205	Spectrogram 1	1	39570.036718750	39570.061093750	1400.000	4000.000	1.0000
206	Waveform 1	1	39576.016718750	39576.036218750	1400.000	4000.000	1.0000
206	Spectrogram 1	1	39576.016718750	39576.036218750	1400.000	4000.000	1.0000
207	Waveform 1	1	39579.435718750	39579.458468750	1400.000	4000.000	1.0000
207	Spectrogram 1	1	39579.435718750	39579.458468750	1400.000	4000.000	1.0000
208	Waveform 1	1	40029.295843750	40029.312093750	1400.000	4000.000	1.0000
208	Spectrogram 1	1	40029.295843750	40029.312093750	1400.000	4000.000	1.0000
209	Waveform 1	1	40471.620843750	40471.632218750	1400.000	4000.000	1.0000
209	Spectrogram 1	1	40471.620843750	40471.632218750	1400.000	4000.000	1.0000
210	Waveform 1	1	41392.456343750	41392.488843750	1400.000	4000.000	1.0000
210	Spectrogram 1	1	41392.456343750	41392.488843750	1400.000	4000.000	1.0000
211	Waveform 1	1	42049.799718750	42049.812718750	1400.000	4000.000	1.0000
211	Spectrogram 1	1	42049.799718750	42049.812718750	1400.000	4000.000	1.0000
212	Waveform 1	1	42114.739593750	42114.750968750	1400.000	4000.000	1.0000
212	Spectrogram 1	1	42114.739593750	42114.750968750	1400.000	4000.000	1.0000
213	Waveform 1	1	42999.790968750	42999.802343750	1400.000	4000.000	1.0000
213	Spectrogram 1	1	42999.790968750	42999.802343750	1400.000	4000.000	1.0000
214	Waveform 1	1	43199.566843750	43199.578218750	1400.000	4000.000	1.0000
214	Spectrogram 1	1	43199.566843750	43199.578218750	1400.000	4000.000	1.0000
215	Waveform 1	1	43735.885093750	43735.904593750	1400.000	4000.000	1.0000
215	Spectrogram 1	1	43735.885093750	43735.904593750	1400.000	4000.000	1.0000
216	Waveform 1	1	43997.154218750	43997.175343750	1400.000	4000.000	1.0000
216	Spectrogram 1	1	43997.154218750	43997.175343750	1400.000	4000.000	1.0000
217	Waveform 1	1	45010.431093750	45010.450593750	1400.000	4000.000	1.0000
217	Spectrogram 1	1	45010.431093750	45010.450593750	1400.000	4000.000	1.0000
218	Waveform 1	1	45504.437593750	45504.448968750	1400.000	4000.000	1.0000
218	Spectrogram 1	1	45504.437593750	45504.448968750	1400.000	4000.000	1.0000
219	Waveform 1	1	45504.543218750	45504.561093750	1400.000	4000.000	1.0000
219	Spectrogram 1	1	45504.543218750	45504.561093750	1400.000	4000.000	1.0000
220	Waveform 1	1	45775.458343750	45775.468093750	1400.000	4000.000	1.0000
220	Spectrogram 1	1	45775.458343750	45775.468093750	1400.000	4000.000	1.0000
221	Waveform 1	1	45789.213968750	45789.225343750	1400.000	4000.000	1.0000
221	Spectrogram 1	1	45789.213968750	45789.225343750	1400.000	4000.000	1.0000
222	Waveform 1	1	46047.249343750	46047.262343750	1400.000	4000.000	1.0000
222	Spectrogram 1	1	46047.249343750	46047.262343750	1400.000	4000.000	1.0000
223	Waveform 1	1	47138.929218750	47138.937343750	1400.000	4000.000	1.0000
223	Spectrogram 1	1	47138.929218750	47138.937343750	1400.000	4000.000	1.0000
224	Waveform 1	1	47146.552093750	47146.561843750	1400.000	4000.000	1.0000
224	Spectrogram 1	1	47146.552093750	47146.561843750	1400.000	4000.000	1.0000
225	Waveform 1	1	48021.105968750	48021.131968750	1400.000	4000.000	1.0000
225	Spectrogram 1	1	48021.105968750	48021.131968750	1400.000	4000.000	1.0000
226	Waveform 1	1	48420.056468750	48420.067843750	1400.000	4000.000	1.0000
226	Spectrogram 1	1	48420.056468750	48420.067843750	1400.000	4000.000	1.0000
227	Waveform 1	1	48427.471343750	48427.481093750	1400.000	4000.000	1.0000
227	Spectrogram 1	1	48427.471343750	48427.481093750	1400.000	4000.000	1.0000
228	Waveform 1	1	48889.821218750	48889.829343750	1400.000	4000.000	1.0000
228	Spectrogram 1	1	48889.821218750	48889.829343750	1400.000	4000.000	1.0000
229	Waveform 1	1	49431.709968750	49431.731093750	1400.000	4000.000	1.0000
229	Spectrogram 1	1	49431.709968750	49431.731093750	1400.000	4000.000	1.0000
230	Waveform 1	1	50076.418968750	50076.438468750	1400.000	4000.000	1.0000
230	Spectrogram 1	1	50076.418968750	50076.438468750	1400.000	4000.000	1.0000
231	Waveform 1	1	50104.927968750	50104.949093750	1400.000	4000.000	1.0000
231	Spectrogram 1	1	50104.927968750	50104.949093750	1400.000	4000.000	1.0000
232	Waveform 1	1	50865.453968750	50865.470218750	1400.000	4000.000	1.0000
232	Spectrogram 1	1	50865.453968750	50865.470218750	1400.000	4000.000	1.0000
233	Waveform 1	1	52184.102468750	52184.128468750	1400.000	4000.000	1.0000
233	Spectrogram 1	1	52184.102468750	52184.128468750	1400.000	4000.000	1.0000
234	Waveform 1	1	52702.859343750	52702.869093750	1400.000	4000.000	1.0000
234	Spectrogram 1	1	52702.859343750	52702.869093750	1400.000	4000.000	1.0000
235	Waveform 1	1	53529.051593750	53529.069468750	1400.000	4000.000	1.0000
235	Spectrogram 1	1	53529.051593750	53529.069468750	1400.000	4000.000	1.0000
236	Waveform 1	1	54454.287593750	54454.305468750	1400.000	4000.000	1.0000
236	Spectrogram 1	1	54454.287593750	54454.305468750	1400.000	4000.000	1.0000
237	Waveform 1	1	54933.214093750	54933.222218750	1400.000	4000.000	1.0000
237	Spectrogram 1	1	54933.214093750	54933.222218750	1400.000	4000.000	1.0000
238	Waveform 1	1	54934.458843750	54934.466968750	1400.000	4000.000	1.0000
238	Spectrogram 1	1	54934.458843750	54934.466968750	1400.000	4000.000	1.0000
239	Waveform 1	1	57666.376343750	57666.386093750	1400.000	4000.000	1.0000
239	Spectrogram 1	1	57666.376343750	57666.386093750	1400.000	4000.000	1.0000
240	Waveform 1	1	59064.233843750	59064.246843750	1400.000	4000.000	1.0000
240	Spectrogram 1	1	59064.233843750	59064.246843750	1400.000	4000.000	1.0000
241	Waveform 1	1	60947.304968750	60947.319593750	1400.000	4000.000	1.0000
241	Spectrogram 1	1	60947.304968750	60947.319593750	1400.000	4000.000	1.0000
242	Waveform 1	1	61012.072593750	61012.085593750	1400.000	4000.000	1.0000
242	Spectrogram 1	1	61012.072593750	61012.085593750	1400.000	4000.000	1.0000
243	Waveform 1	1	61250.473093750	61250.481218750	1400.000	4000.000	1.0000
243	Spectrogram 1	1	61250.473093750	61250.481218750	1400.000	4000.000	1.0000
244	Waveform 1	1	61289.749343750	61289.762343750	1400.000	4000.000	1.0000
244	Spectrogram 1	1	61289.749343750	61289.762343750	1400.000	4000.000	1.0000
245	Waveform 1	1	61602.649593750	61602.664218750	1400.000	4000.000	1.0000
245	Spectrogram 1	1	61602.649593750	61602.664218750	1400.000	4000.000	1.0000
246	Waveform 1	1	61602.708093750	61602.724343750	1400.000	4000.000	1.0000
246	Spectrogram 1	1	61602.708093750	61602.724343750	1400.000	4000.000	1.0000
247	Waveform 1	1	61607.999093750	61608.015343750	1400.000	4000.000	1.0000
247	Spectrogram 1	1	61607.999093750	61608.015343750	1400.000	4000.000	1.0000
248	Waveform 1	1	61672.467718750	61672.475843750	1400.000	4000.000	1.0000
248	Spectrogram 1	1	61672.467718750	61672.475843750	1400.000	4000.000	1.0000
249	Waveform 1	1	61681.899218750	61681.917093750	1400.000	4000.000	1.0000
249	Spectrogram 1	1	61681.899218750	61681.917093750	1400.000	4000.000	1.0000
250	Waveform 1	1	61683.085468750	61683.095218750	1400.000	4000.000	1.0000
250	Spectrogram 1	1	61683.085468750	61683.095218750	1400.000	4000.000	1.0000
251	Waveform 1	1	61699.298093750	61699.306218750	1400.000	4000.000	1.0000
251	Spectrogram 1	1	61699.298093750	61699.306218750	1400.000	4000.000	1.0000
252	Waveform 1	1	62303.815968750	62303.835468750	1400.000	4000.000	1.0000
252	Spectrogram 1	1	62303.815968750	62303.835468750	1400.000	4000.000	1.0000
253	Waveform 1	1	62306.687343750	62306.710093750	1400.000	4000.000	1.0000
253	Spectrogram 1	1	62306.687343750	62306.710093750	1400.000	4000.000	1.0000
254	Waveform 1	1	62306.749093750	62306.760468750	1400.000	4000.000	1.0000
254	Spectrogram 1	1	62306.749093750	62306.760468750	1400.000	4000.000	1.0000
255	Waveform 1	1	62421.761718750	62421.773093750	1400.000	4000.000	1.0000
255	Spectrogram 1	1	62421.761718750	62421.773093750	1400.000	4000.000	1.0000
256	Waveform 1	1	62494.592593750	62494.600718750	1400.000	4000.000	1.0000
256	Spectrogram 1	1	62494.592593750	62494.600718750	1400.000	4000.000	1.0000
257	Waveform 1	1	63802.412093750	63802.428343750	1400.000	4000.000	1.0000
257	Spectrogram 1	1	63802.412093750	63802.428343750	1400.000	4000.000	1.0000
258	Waveform 1	1	63879.565468750	63879.586593750	1400.000	4000.000	1.0000
258	Spectrogram 1	1	63879.565468750	63879.586593750	1400.000	4000.000	1.0000
259	Waveform 1	1	64009.843343750	64009.853093750	1400.000	4000.000	1.0000
259	Spectrogram 1	1	64009.843343750	64009.853093750	1400.000	4000.000	1.0000
260	Waveform 1	1	64779.509968750	64779.539218750	1400.000	4000.000	1.0000
260	Spectrogram 1	1	64779.509968750	64779.539218750	1400.000	4000.000	1.0000
261	Waveform 1	1	64782.504843750	64782.524343750	1400.000	4000.000	1.0000
261	Spectrogram 1	1	64782.504843750	64782.524343750	1400.000	4000.000	1.0000
262	Waveform 1	1	64912.732343750	64912.758343750	1400.000	4000.000	1.0000
262	Spectrogram 1	1	64912.732343750	64912.758343750	1400.000	4000.000	1.0000
263	Waveform 1	1	65011.364968750	65011.379593750	1400.000	4000.000	1.0000
263	Spectrogram 1	1	65011.364968750	65011.379593750	1400.000	4000.000	1.0000
264	Waveform 1	1	67500.512343750	67500.522093750	1400.000	4000.000	1.0000
264	Spectrogram 1	1	67500.512343750	67500.522093750	1400.000	4000.000	1.0000
265	Waveform 1	1	67500.588718750	67500.600093750	1400.000	4000.000	1.0000
265	Spectrogram 1	1	67500.588718750	67500.600093750	1400.000	4000.000	1.0000
266	Waveform 1	1	76136.495218750	76136.506593750	1400.000	4000.000	1.0000
266	Spectrogram 1	1	76136.495218750	76136.506593750	1400.000	4000.000	1.0000
267	Waveform 1	1	76136.565093750	76136.578093750	1400.000	4000.000	1.0000
267	Spectrogram 1	1	76136.565093750	76136.578093750	1400.000	4000.000	1.0000
268	Waveform 1	1	76177.508593750	76177.523218750	1400.000	4000.000	1.0000
268	Spectrogram 1	1	76177.508593750	76177.523218750	1400.000	4000.000	1.0000
269	Waveform 1	1	76834.091468750	76834.107718750	1400.000	4000.000	1.0000
269	Spectrogram 1	1	76834.091468750	76834.107718750	1400.000	4000.000	1.0000
270	Waveform 1	1	79359.848468750	79359.869593750	1400.000	4000.000	1.0000
270	Spectrogram 1	1	79359.848468750	79359.869593750	1400.000	4000.000	1.0000
271	Waveform 1	1	79360.238468750	79360.264468750	1400.000	4000.000	1.0000
271	Spectrogram 1	1	79360.238468750	79360.264468750	1400.000	4000.000	1.0000
272	Waveform 1	1	79376.343843750	79376.358468750	1400.000	4000.000	1.0000
272	Spectrogram 1	1	79376.343843750	79376.358468750	1400.000	4000.000	1.0000
273	Waveform 1	1	79376.733843750	79376.745218750	1400.000	4000.000	1.0000
273	Spectrogram 1	1	79376.733843750	79376.745218750	1400.000	4000.000	1.0000
274	Waveform 1	1	82261.099093750	82261.115343750	1400.000	4000.000	1.0000
274	Spectrogram 1	1	82261.099093750	82261.115343750	1400.000	4000.000	1.0000
275	Waveform 1	1	82314.652593750	82314.675343750	1400.000	4000.000	1.0000
275	Spectrogram 1	1	82314.652593750	82314.675343750	1400.000	4000.000	1.0000
276	Waveform 1	1	82333.786968750	82333.819468750	1400.000	4000.000	1.0000
276	Spectrogram 1	1	82333.786968750	82333.819468750	1400.000	4000.000	1.0000
277	Waveform 1	1	82382.969218750	82382.993593750	1400.000	4000.000	1.0000
277	Spectrogram 1	1	82382.969218750	82382.993593750	1400.000	4000.000	1.0000
278	Waveform 1	1	82383.669593750	82383.689093750	1400.000	4000.000	1.0000
278	Spectrogram 1	1	82383.669593750	82383.689093750	1400.000	4000.000	1.0000
279	Waveform 1	1	82399.308593750	82399.326468750	1400.000	4000.000	1.0000
279	Spectrogram 1	1	82399.308593750	82399.326468750	1400.000	4000.000	1.0000
280	Waveform 1	1	82468.967468750	82468.985343750	1400.000	4000.000	1.0000
280	Spectrogram 1	1	82468.967468750	82468.985343750	1400.000	4000.000	1.0000
281	Waveform 1	1	82537.193093750	82537.204468750	1400.000	4000.000	1.0000
281	Spectrogram 1	1	82537.193093750	82537.204468750	1400.000	4000.000	1.0000
282	Waveform 1	1	82949.723718750	82949.736718750	1400.000	4000.000	1.0000
282	Spectrogram 1	1	82949.723718750	82949.736718750	1400.000	4000.000	1.0000
283	Waveform 1	1	83030.515468750	83030.530093750	1400.000	4000.000	1.0000
283	Spectrogram 1	1	83030.515468750	83030.530093750	1400.000	4000.000	1.0000
284	Waveform 1	1	83052.781218750	83052.799093750	1400.000	4000.000	1.0000
284	Spectrogram 1	1	83052.781218750	83052.799093750	1400.000	4000.000	1.0000
285	Waveform 1	1	83082.390343750	83082.404968750	1400.000	4000.000	1.0000
285	Spectrogram 1	1	83082.390343750	83082.404968750	1400.000	4000.000	1.0000
286	Waveform 1	1	83106.048718750	83106.069843750	1400.000	4000.000	1.0000
286	Spectrogram 1	1	83106.048718750	83106.069843750	1400.000	4000.000	1.0000
287	Waveform 1	1	83106.690593750	83106.719843750	1400.000	4000.000	1.0000
287	Spectrogram 1	1	83106.690593750	83106.719843750	1400.000	4000.000	1.0000
288	Waveform 1	1	83130.602468750	83130.615468750	1400.000	4000.000	1.0000
288	Spectrogram 1	1	83130.602468750	83130.615468750	1400.000	4000.000	1.0000
289	Waveform 1	1	83258.535468750	83258.554968750	1400.000	4000.000	1.0000
289	Spectrogram 1	1	83258.535468750	83258.554968750	1400.000	4000.000	1.0000
290	Waveform 1	1	83259.165968750	83259.177343750	1400.000	4000.000	1.0000
290	Spectrogram 1	1	83259.165968750	83259.177343750	1400.000	4000.000	1.0000
291	Waveform 1	1	83556.643343750	83556.651468750	1400.000	4000.000	1.0000
291	Spectrogram 1	1	83556.643343750	83556.651468750	1400.000	4000.000	1.0000
292	Waveform 1	1	83662.923218750	83662.949218750	1400.000	4000.000	1.0000
292	Spectrogram 1	1	83662.923218750	83662.949218750	1400.000	4000.000	1.0000
293	Waveform 1	1	83663.522843750	83663.534218750	1400.000	4000.000	1.0000
293	Spectrogram 1	1	83663.522843750	83663.534218750	1400.000	4000.000	1.0000
294	Waveform 1	1	83675.484468750	83675.494218750	1400.000	4000.000	1.0000
294	Spectrogram 1	1	83675.484468750	83675.494218750	1400.000	4000.000	1.0000
295	Waveform 1	1	83991.844343750	83991.855718750	1400.000	4000.000	1.0000
295	Spectrogram 1	1	83991.844343750	83991.855718750	1400.000	4000.000	1.0000
296	Waveform 1	1	84073.801218750	84073.820718750	1400.000	4000.000	1.0000
296	Spectrogram 1	1	84073.801218750	84073.820718750	1400.000	4000.000	1.0000
