Selection	View	Channel	Begin Time (s)	End Time (s)	Low Freq (Hz)	High Freq (Hz)	Occupancy
1	Waveform 1	1	490.902468750	490.910593750	1400.000	4000.000	1.0000
1	Spectrogram 1	1	490.902468750	490.910593750	1400.000	4000.000	1.0000
2	Waveform 1	1	625.640968750	625.665343750	1400.000	4000.000	1.0000
2	Spectrogram 1	1	625.640968750	625.665343750	1400.000	4000.000	1.0000
3	Waveform 1	1	649.356218750	649.370843750	1400.000	4000.000	1.0000
3	Spectrogram 1	1	649.356218750	649.370843750	1400.000	4000.000	1.0000
4	Waveform 1	1	672.619718750	672.629468750	1400.000	4000.000	1.0000
4	Spectrogram 1	1	672.619718750	672.629468750	1400.000	4000.000	1.0000
5	Waveform 1	1	689.115093750	689.129718750	1400.000	4000.000	1.0000
5	Spectrogram 1	1	689.115093750	689.129718750	1400.000	4000.000	1.0000
6	Waveform 1	1	696.125343750	696.139968750	1400.000	4000.000	1.0000
6	Spectrogram 1	1	696.125343750	696.139968750	1400.000	4000.000	1.0000
7	Waveform 1	1	701.351343750	701.372468750	1400.000	4000.000	1.0000
7	Spectrogram 1	1	701.351343750	701.372468750	1400.000	4000.000	1.0000
8	Waveform 1	1	715.430343750	715.443343750	1400.000	4000.000	1.0000
8	Spectrogram 1	1	715.430343750	715.443343750	1400.000	4000.000	1.0000
9	Waveform 1	1	721.896218750	721.909218750	1400.000	4000.000	1.0000
9	Spectrogram 1	1	721.896218750	721.909218750	1400.000	4000.000	1.0000
10	Waveform 1	1	726.397468750	726.415343750	1400.000	4000.000	1.0000
10	Spectrogram 1	1	726.397468750	726.415343750	1400.000	4000.000	1.0000
11	Waveform 1	1	731.067718750	731.088843750	1400.000	4000.000	1.0000
11	Spectrogram 1	1	731.067718750	731.088843750	1400.000	4000.000	1.0000
12	Waveform 1	1	731.820093750	731.829843750	1400.000	4000.000	1.0000
12	Spectrogram 1	1	731.820093750	731.829843750	1400.000	4000.000	1.0000
13	Waveform 1	1	749.938843750	749.948593750	1400.000	4000.000	1.0000
13	Spectrogram 1	1	749.938843750	749.948593750	1400.000	4000.000	1.0000
14	Waveform 1	1	778.113093750	778.126093750	1400.000	4000.000	1.0000
14	Spectrogram 1	1	778.113093750	778.126093750	1400.000	4000.000	1.0000
15	Waveform 1	1	791.563218750	791.587593750	1400.000	4000.000	1.0000
15	Spectrogram 1	1	791.563218750	791.587593750	1400.000	4000.000	1.0000
16	Waveform 1	1	798.602718750	798.617343750	1400.000	4000.000	1.0000
16	Spectrogram 1	1	798.602718750	798.617343750	1400.000	4000.000	1.0000
17	Waveform 1	1	869.899593750	869.915843750	1400.000	4000.000	1.0000
17	Spectrogram 1	1	869.899593750	869.915843750	1400.000	4000.000	1.0000
18	Waveform 1	1	1108.457718750	1108.465843750	1400.000	4000.000	1.0000
18	Spectrogram 1	1	1108.457718750	1108.465843750	1400.000	4000.000	1.0000
19	Waveform 1	1	1109.557843750	1109.572468750	1400.000	4000.000	1.0000
19	Spectrogram 1	1	1109.557843750	1109.572468750	1400.000	4000.000	1.0000
20	Waveform 1	1	1355.347218750	1355.379718750	1400.000	4000.000	1.0000
20	Spectrogram 1	1	1355.347218750	1355.379718750	1400.000	4000.000	1.0000
21	Waveform 1	1	1356.678093750	1356.697593750	1400.000	4000.000	1.0000
21	Spectrogram 1	1	1356.678093750	1356.697593750	1400.000	4000.000	1.0000
22	Waveform 1	1	1358.398968750	1358.415218750	1400.000	4000.000	1.0000
22	Spectrogram 1	1	1358.398968750	1358.415218750	1400.000	4000.000	1.0000
23	Waveform 1	1	1358.613468750	1358.621593750	1400.000	4000.000	1.0000
23	Spectrogram 1	1	1358.613468750	1358.621593750	1400.000	4000.000	1.0000
24	Waveform 1	1	1365.509968750	1365.529468750	1400.000	4000.000	1.0000
24	Spectrogram 1	1	1365.509968750	1365.529468750	1400.000	4000.000	1.0000
25	Waveform 1	1	1385.884218750	1385.902093750	1400.000	4000.000	1.0000
25	Spectrogram 1	1	1385.884218750	1385.902093750	1400.000	4000.000	1.0000
26	Waveform 1	1	1399.166968750	1399.178343750	1400.000	4000.000	1.0000
26	Spectrogram 1	1	1399.166968750	1399.178343750	1400.000	4000.000	1.0000
27	Waveform 1	1	1403.715343750	1403.729968750	1400.000	4000.000	1.0000
27	Spectrogram 1	1	1403.715343750	1403.729968750	1400.000	4000.000	1.0000
28	Waveform 1	1	1412.290468750	1412.309968750	1400.000	4000.000	1.0000
28	Spectrogram 1	1	1412.290468750	1412.309968750	1400.000	4000.000	1.0000
29	Waveform 1	1	1559.411468750	1559.419593750	1400.000	4000.000	1.0000
29	Spectrogram 1	1	1559.411468750	1559.419593750	1400.000	4000.000	1.0000
30	Waveform 1	1	1713.690593750	1713.698718750	1400.000	4000.000	1.0000
30	Spectrogram 1	1	1713.690593750	1713.698718750	1400.000	4000.000	1.0000
31	Waveform 1	1	1841.379843750	1841.391218750	1400.000	4000.000	1.0000
31	Spectrogram 1	1	1841.379843750	1841.391218750	1400.000	4000.000	1.0000
32	Waveform 1	1	2213.984218750	2214.002093750	1400.000	4000.000	1.0000
32	Spectrogram 1	1	2213.984218750	2214.002093750	1400.000	4000.000	1.0000
33	Waveform 1	1	2739.257343750	2739.268718750	1400.000	4000.000	1.0000
33	Spectrogram 1	1	2739.257343750	2739.268718750	1400.000	4000.000	1.0000
34	Waveform 1	1	2952.098218750	2952.107968750	1400.000	4000.000	1.0000
34	Spectrogram 1	1	2952.098218750	2952.107968750	1400.000	4000.000	1.0000
35	Waveform 1	1	3321.579343750	3321.595593750	1400.000	4000.000	1.0000
35	Spectrogram 1	1	3321.579343750	3321.595593750	1400.000	4000.000	1.0000
36	Waveform 1	1	3363.047718750	3363.067218750	1400.000	4000.000	1.0000
36	Spectrogram 1	1	3363.047718750	3363.067218750	1400.000	4000.000	1.0000
37	Waveform 1	1	3493.020093750	3493.033093750	1400.000	4000.000	1.0000
37	Spectrogram 1	1	3493.020093750	3493.033093750	1400.000	4000.000	1.0000
38	Waveform 1	1	3496.928218750	3496.955843750	1400.000	4000.000	1.0000
38	Spectrogram 1	1	3496.928218750	3496.955843750	1400.000	4000.000	1.0000
39	Waveform 1	1	3547.160218750	3547.174843750	1400.000	4000.000	1.0000
39	Spectrogram 1	1	3547.160218750	3547.174843750	1400.000	4000.000	1.0000
40	Waveform 1	1	3549.532718750	3549.544093750	1400.000	4000.000	1.0000
40	Spectrogram 1	1	3549.532718750	3549.544093750	1400.000	4000.000	1.0000
41	Waveform 1	1	3754.060093750	3754.068218750	1400.000	4000.000	1.0000
41	Spectrogram 1	1	3754.060093750	3754.068218750	1400.000	4000.000	1.0000
42	Waveform 1	1	3834.557718750	3834.575593750	1400.000	4000.000	1.0000
42	Spectrogram 1	1	3834.557718750	3834.575593750	1400.000	4000.000	1.0000
43	Waveform 1	1	3867.767843750	3867.780843750	1400.000	4000.000	1.0000
43	Spectrogram 1	1	3867.767843750	3867.780843750	1400.000	4000.000	1.0000
44	Waveform 1	1	3902.552593750	3902.563968750	1400.000	4000.000	1.0000
44	Spectrogram 1	1	3902.552593750	3902.563968750	1400.000	4000.000	1.0000
45	Waveform 1	1	4146.283093750	4146.310718750	1400.000	4000.000	1.0000
45	Spectrogram 1	1	4146.283093750	4146.310718750	1400.000	4000.000	1.0000
46	Waveform 1	1	4211.731593750	4211.752718750	1400.000	4000.000	1.0000
46	Spectrogram 1	1	4211.731593750	4211.752718750	1400.000	4000.000	1.0000
47	Waveform 1	1	4543.979093750	4543.998593750	1400.000	4000.000	1.0000
47	Spectrogram 1	1	4543.979093750	4543.998593750	1400.000	4000.000	1.0000
48	Waveform 1	1	4694.702718750	4694.715718750	1400.000	4000.000	1.0000
48	Spectrogram 1	1	4694.702718750	4694.715718750	1400.000	4000.000	1.0000
49	Waveform 1	1	4694.761218750	4694.777468750	1400.000	4000.000	1.0000
49	Spectrogram 1	1	4694.761218750	4694.777468750	1400.000	4000.000	1.0000
50	Waveform 1	1	4872.175468750	4872.201468750	1400.000	4000.000	1.0000
50	Spectrogram 1	1	4872.175468750	4872.201468750	1400.000	4000.000	1.0000
51	Waveform 1	1	4872.838468750	4872.846593750	1400.000	4000.000	1.0000
51	Spectrogram 1	1	4872.838468750	4872.846593750	1400.000	4000.000	1.0000
52	Waveform 1	1	4897.808218750	4897.834218750	1400.000	4000.000	1.0000
52	Spectrogram 1	1	4897.808218750	4897.834218750	1400.000	4000.000	1.0000
53	Waveform 1	1	4898.467968750	4898.493968750	1400.000	4000.000	1.0000
53	Spectrogram 1	1	4898.467968750	4898.493968750	1400.000	4000.000	1.0000
54	Waveform 1	1	4905.242593750	4905.253968750	1400.000	4000.000	1.0000
54	Spectrogram 1	1	4905.242593750	4905.253968750	1400.000	4000.000	1.0000
55	Waveform 1	1	4919.869218750	4919.896843750	1400.000	4000.000	1.0000
55	Spectrogram 1	1	4919.869218750	4919.896843750	1400.000	4000.000	1.0000
56	Waveform 1	1	6170.790968750	6170.807218750	1400.000	4000.000	1.0000
56	Spectrogram 1	1	6170.790968750	6170.807218750	1400.000	4000.000	1.0000
57	Waveform 1	1	6944.734593750	6944.744343750	1400.000	4000.000	1.0000
57	Spectrogram 1	1	6944.734593750	6944.744343750	1400.000	4000.000	1.0000
58	Waveform 1	1	8141.486968750	8141.503218750	1400.000	4000.000	1.0000
58	Spectrogram 1	1	8141.486968750	8141.503218750	1400.000	4000.000	1.0000
59	Waveform 1	1	8693.988593750	8694.009718750	1400.000	4000.000	1.0000
59	Spectrogram 1	1	8693.988593750	8694.009718750	1400.000	4000.000	1.0000
60	Waveform 1	1	8899.000218750	8899.013218750	1400.000	4000.000	1.0000
60	Spectrogram 1	1	8899.000218750	8899.013218750	1400.000	4000.000	1.0000
61	Waveform 1	1	9075.480093750	9075.489843750	1400.000	4000.000	1.0000
61	Spectrogram 1	1	9075.480093750	9075.489843750	1400.000	4000.000	1.0000
62	Waveform 1	1	9493.602343750	9493.610468750	1400.000	4000.000	1.0000
62	Spectrogram 1	1	9493.602343750	9493.610468750	1400.000	4000.000	1.0000
63	Waveform 1	1	9607.995843750	9608.008843750	1400.000	4000.000	1.0000
63	Spectrogram 1	1	9607.995843750	9608.008843750	1400.000	4000.000	1.0000
64	Waveform 1	1	10390.316343750	10390.330968750	1400.000	4000.000	1.0000
64	Spectrogram 1	1	10390.316343750	10390.330968750	1400.000	4000.000	1.0000
65	Waveform 1	1	10434.381468750	10434.392843750	1400.000	4000.000	1.0000
65	Spectrogram 1	1	10434.381468750	10434.392843750	1400.000	4000.000	1.0000
66	Waveform 1	1	10679.447718750	10679.457468750	1400.000	4000.000	1.0000
66	Spectrogram 1	1	10679.447718750	10679.457468750	1400.000	4000.000	1.0000
67	Waveform 1	1	10679.658968750	10679.681718750	1400.000	4000.000	1.0000
67	Spectrogram 1	1	10679.658968750	10679.681718750	1400.000	4000.000	1.0000
68	Waveform 1	1	10679.719093750	10679.745093750	1400.000	4000.000	1.0000
68	Spectrogram 1	1	10679.719093750	10679.745093750	1400.000	4000.000	1.0000
69	Waveform 1	1	10711.923343750	10711.947718750	1400.000	4000.000	1.0000
69	Spectrogram 1	1	10711.923343750	10711.947718750	1400.000	4000.000	1.0000
70	Waveform 1	1	10720.516343750	10720.539093750	1400.000	4000.000	1.0000
70	Spectrogram 1	1	10720.516343750	10720.539093750	1400.000	4000.000	1.0000
71	Waveform 1	1	10744.645968750	10744.654093750	1400.000	4000.000	1.0000
71	Spectrogram 1	1	10744.645968750	10744.654093750	1400.000	4000.000	1.0000
72	Waveform 1	1	10744.801968750	10744.814968750	1400.000	4000.000	1.0000
72	Spectrogram 1	1	10744.801968750	10744.814968750	1400.000	4000.000	1.0000
73	Waveform 1	1	10773.307718750	10773.317468750	1400.000	4000.000	1.0000
73	Spectrogram 1	1	10773.307718750	10773.317468750	1400.000	4000.000	1.0000
74	Waveform 1	1	10805.372218750	10805.390093750	1400.000	4000.000	1.0000
74	Spectrogram 1	1	10805.372218750	10805.390093750	1400.000	4000.000	1.0000
75	Waveform 1	1	10874.918968750	10874.931968750	1400.000	4000.000	1.0000
75	Spectrogram 1	1	10874.918968750	10874.931968750	1400.000	4000.000	1.0000
76	Waveform 1	1	10885.175968750	10885.200343750	1400.000	4000.000	1.0000
76	Spectrogram 1	1	10885.175968750	10885.200343750	1400.000	4000.000	1.0000
77	Waveform 1	1	10894.012718750	10894.030593750	1400.000	4000.000	1.0000
77	Spectrogram 1	1	10894.012718750	10894.030593750	1400.000	4000.000	1.0000
78	Waveform 1	1	10930.731218750	10930.750718750	1400.000	4000.000	1.0000
78	Spectrogram 1	1	10930.731218750	10930.750718750	1400.000	4000.000	1.0000
79	Waveform 1	1	10942.787093750	10942.808218750	1400.000	4000.000	1.0000
79	Spectrogram 1	1	10942.787093750	10942.808218750	1400.000	4000.000	1.0000
80	Waveform 1	1	10947.809968750	10947.840843750	1400.000	4000.000	1.0000
80	Spectrogram 1	1	10947.809968750	10947.840843750	1400.000	4000.000	1.0000
81	Waveform 1	1	10952.026843750	10952.057718750	1400.000	4000.000	1.0000
81	Spectrogram 1	1	10952.026843750	10952.057718750	1400.000	4000.000	1.0000
82	Waveform 1	1	10953.416218750	10953.437343750	1400.000	4000.000	1.0000
82	Spectrogram 1	1	10953.416218750	10953.437343750	1400.000	4000.000	1.0000
83	Waveform 1	1	10963.304343750	10963.323843750	1400.000	4000.000	1.0000
83	Spectrogram 1	1	10963.304343750	10963.323843750	1400.000	4000.000	1.0000
84	Waveform 1	1	10990.324843750	10990.352468750	1400.000	4000.000	1.0000
84	Spectrogram 1	1	10990.324843750	10990.352468750	1400.000	4000.000	1.0000
85	Waveform 1	1	11010.549593750	11010.560968750	1400.000	4000.000	1.0000
85	Spectrogram 1	1	11010.549593750	11010.560968750	1400.000	4000.000	1.0000
86	Waveform 1	1	11010.720218750	11010.752718750	1400.000	4000.000	1.0000
86	Spectrogram 1	1	11010.720218750	11010.752718750	1400.000	4000.000	1.0000
87	Waveform 1	1	11074.241468750	11074.249593750	1400.000	4000.000	1.0000
87	Spectrogram 1	1	11074.241468750	11074.249593750	1400.000	4000.000	1.0000
88	Waveform 1	1	11077.075468750	11077.088468750	1400.000	4000.000	1.0000
88	Spectrogram 1	1	11077.075468750	11077.088468750	1400.000	4000.000	1.0000
89	Waveform 1	1	11120.053468750	11120.071343750	1400.000	4000.000	1.0000
89	Spectrogram 1	1	11120.053468750	11120.071343750	1400.000	4000.000	1.0000
90	Waveform 1	1	11121.343718750	11121.359968750	1400.000	4000.000	1.0000
90	Spectrogram 1	1	11121.343718750	11121.359968750	1400.000	4000.000	1.0000
91	Waveform 1	1	12234.179468750	12234.192468750	1400.000	4000.000	1.0000
91	Spectrogram 1	1	12234.179468750	12234.192468750	1400.000	4000.000	1.0000
92	Waveform 1	1	13451.998343750	13452.012968750	1400.000	4000.000	1.0000
92	Spectrogram 1	1	13451.998343750	13452.012968750	1400.000	4000.000	1.0000
93	Waveform 1	1	14559.375718750	14559.387093750	1400.000	4000.000	1.0000
93	Spectrogram 1	1	14559.375718750	14559.387093750	1400.000	4000.000	1.0000
94	Waveform 1	1	16268.240343750	16268.258218750	1400.000	4000.000	1.0000
94	Spectrogram 1	1	16268.240343750	16268.258218750	1400.000	4000.000	1.0000
95	Waveform 1	1	16825.082343750	16825.092093750	1400.000	4000.000	1.0000
95	Spectrogram 1	1	16825.082343750	16825.092093750	1400.000	4000.000	1.0000
96	Waveform 1	1	21876.466343750	21876.480968750	1400.000	4000.000	1.0000
96	Spectrogram 1	1	21876.466343750	21876.480968750	1400.000	4000.000	1.0000
97	Waveform 1	1	21882.189593750	21882.215593750	1400.000	4000.000	1.0000
97	Spectrogram 1	1	21882.189593750	21882.215593750	1400.000	4000.000	1.0000
98	Waveform 1	1	21887.816968750	21887.828343750	1400.000	4000.000	1.0000
98	Spectrogram 1	1	21887.816968750	21887.828343750	1400.000	4000.000	1.0000
99	Waveform 1	1	22904.358468750	22904.376343750	1400.000	4000.000	1.0000
99	Spectrogram 1	1	22904.358468750	22904.376343750	1400.000	4000.000	1.0000
100	Waveform 1	1	22915.847218750	22915.861843750	1400.000	4000.000	1.0000
100	Spectrogram 1	1	22915.847218750	22915.861843750	1400.000	4000.000	1.0000
101	Waveform 1	1	23406.359968750	23406.371343750	1400.000	4000.000	1.0000
101	Spectrogram 1	1	23406.359968750	23406.371343750	1400.000	4000.000	1.0000
102	Waveform 1	1	23967.256343750	23967.267718750	1400.000	4000.000	1.0000
102	Spectrogram 1	1	23967.256343750	23967.267718750	1400.000	4000.000	1.0000
103	Waveform 1	1	24036.994843750	24037.006218750	1400.000	4000.000	1.0000
103	Spectrogram 1	1	24036.994843750	24037.006218750	1400.000	4000.000	1.0000
104	Waveform 1	1	24040.153843750	24040.171718750	1400.000	4000.000	1.0000
104	Spectrogram 1	1	24040.153843750	24040.171718750	1400.000	4000.000	1.0000
105	Waveform 1	1	24106.422968750	24106.442468750	1400.000	4000.000	1.0000
105	Spectrogram 1	1	24106.422968750	24106.442468750	1400.000	4000.000	1.0000
106	Waveform 1	1	24114.115718750	24114.138468750	1400.000	4000.000	1.0000
106	Spectrogram 1	1	24114.115718750	24114.138468750	1400.000	4000.000	1.0000
107	Waveform 1	1	24212.850718750	24212.881593750	1400.000	4000.000	1.0000
107	Spectrogram 1	1	24212.850718750	24212.881593750	1400.000	4000.000	1.0000
108	Waveform 1	1	24420.683343750	24420.701218750	1400.000	4000.000	1.0000
108	Spectrogram 1	1	24420.683343750	24420.701218750	1400.000	4000.000	1.0000
109	Waveform 1	1	24424.357468750	24424.385093750	1400.000	4000.000	1.0000
109	Spectrogram 1	1	24424.357468750	24424.385093750	1400.000	4000.000	1.0000
110	Waveform 1	1	29839.897468750	29839.920218750	1400.000	4000.000	1.0000
110	Spectrogram 1	1	29839.897468750	29839.920218750	1400.000	4000.000	1.0000
111	Waveform 1	1	30424.016718750	30424.028093750	1400.000	4000.000	1.0000
111	Spectrogram 1	1	30424.016718750	30424.028093750	1400.000	4000.000	1.0000
112	Waveform 1	1	30618.386218750	30618.410593750	1400.000	4000.000	1.0000
112	Spectrogram 1	1	30618.386218750	30618.410593750	1400.000	4000.000	1.0000
113	Waveform 1	1	30829.441218750	30829.452593750	1400.000	4000.000	1.0000
113	Spectrogram 1	1	30829.441218750	30829.452593750	1400.000	4000.000	1.0000
114	Waveform 1	1	30895.037593750	30895.055468750	1400.000	4000.000	1.0000
114	Spectrogram 1	1	30895.037593750	30895.055468750	1400.000	4000.000	1.0000
115	Waveform 1	1	31034.740468750	31034.748593750	1400.000	4000.000	1.0000
115	Spectrogram 1	1	31034.740468750	31034.748593750	1400.000	4000.000	1.0000
116	Waveform 1	1	31350.702218750	31350.731468750	1400.000	4000.000	1.0000
116	Spectrogram 1	1	31350.702218750	31350.731468750	1400.000	4000.000	1.0000
117	Waveform 1	1	32126.044968750	32126.057968750	1400.000	4000.000	1.0000
117	Spectrogram 1	1	32126.044968750	32126.057968750	1400.000	4000.000	1.0000
118	Waveform 1	1	32145.375968750	32145.397093750	1400.000	4000.000	1.0000
118	Spectrogram 1	1	32145.375968750	32145.397093750	1400.000	4000.000	1.0000
119	Waveform 1	1	32151.828843750	32151.849968750	1400.000	4000.000	1.0000
119	Spectrogram 1	1	32151.828843750	32151.849968750	1400.000	4000.000	1.0000
120	Waveform 1	1	32158.174468750	32158.205343750	1400.000	4000.000	1.0000
120	Spectrogram 1	1	32158.174468750	32158.205343750	1400.000	4000.000	1.0000
121	Waveform 1	1	32168.554968750	32168.587468750	1400.000	4000.000	1.0000
121	Spectrogram 1	1	32168.554968750	32168.587468750	1400.000	4000.000	1.0000
122	Waveform 1	1	32168.681718750	32168.699593750	1400.000	4000.000	1.0000
122	Spectrogram 1	1	32168.681718750	32168.699593750	1400.000	4000.000	1.0000
123	Waveform 1	1	32180.740843750	32180.768468750	1400.000	4000.000	1.0000
123	Spectrogram 1	1	32180.740843750	32180.768468750	1400.000	4000.000	1.0000
124	Waveform 1	1	32181.290093750	32181.312843750	1400.000	4000.000	1.0000
124	Spectrogram 1	1	32181.290093750	32181.312843750	1400.000	4000.000	1.0000
125	Waveform 1	1	32182.380468750	32182.403218750	1400.000	4000.000	1.0000
125	Spectrogram 1	1	32182.380468750	32182.403218750	1400.000	4000.000	1.0000
126	Waveform 1	1	32192.070343750	32192.083343750	1400.000	4000.000	1.0000
126	Spectrogram 1	1	32192.070343750	32192.083343750	1400.000	4000.000	1.0000
127	Waveform 1	1	32193.438593750	32193.466218750	1400.000	4000.000	1.0000
127	Spectrogram 1	1	32193.438593750	32193.466218750	1400.000	4000.000	1.0000
128	Waveform 1	1	32193.947218750	32193.973218750	1400.000	4000.000	1.0000
128	Spectrogram 1	1	32193.947218750	32193.973218750	1400.000	4000.000	1.0000
129	Waveform 1	1	32194.098343750	32194.121093750	1400.000	4000.000	1.0000
129	Spectrogram 1	1	32194.098343750	32194.121093750	1400.000	4000.000	1.0000
130	Waveform 1	1	32202.658843750	32202.691343750	1400.000	4000.000	1.0000
130	Spectrogram 1	1	32202.658843750	32202.691343750	1400.000	4000.000	1.0000
131	Waveform 1	1	32221.239093750	32221.263468750	1400.000	4000.000	1.0000
131	Spectrogram 1	1	32221.239093750	32221.263468750	1400.000	4000.000	1.0000
132	Waveform 1	1	32226.642218750	32226.666593750	1400.000	4000.000	1.0000
132	Spectrogram 1	1	32226.642218750	32226.666593750	1400.000	4000.000	1.0000
133	Waveform 1	1	32227.318218750	32227.339343750	1400.000	4000.000	1.0000
133	Spectrogram 1	1	32227.318218750	32227.339343750	1400.000	4000.000	1.0000
134	Waveform 1	1	32233.168218750	32233.176343750	1400.000	4000.000	1.0000
134	Spectrogram 1	1	32233.168218750	32233.176343750	1400.000	4000.000	1.0000
135	Waveform 1	1	32244.457093750	32244.483093750	1400.000	4000.000	1.0000
135	Spectrogram 1	1	32244.457093750	32244.483093750	1400.000	4000.000	1.0000
136	Waveform 1	1	32248.847843750	32248.870593750	1400.000	4000.000	1.0000
136	Spectrogram 1	1	32248.847843750	32248.870593750	1400.000	4000.000	1.0000
137	Waveform 1	1	32262.044468750	32262.073718750	1400.000	4000.000	1.0000
137	Spectrogram 1	1	32262.044468750	32262.073718750	1400.000	4000.000	1.0000
138	Waveform 1	1	32262.358093750	32262.371093750	1400.000	4000.000	1.0000
138	Spectrogram 1	1	32262.358093750	32262.371093750	1400.000	4000.000	1.0000
139	Waveform 1	1	32262.717218750	32262.741593750	1400.000	4000.000	1.0000
139	Spectrogram 1	1	32262.717218750	32262.741593750	1400.000	4000.000	1.0000
140	Waveform 1	1	32280.757968750	32280.780718750	1400.000	4000.000	1.0000
140	Spectrogram 1	1	32280.757968750	32280.780718750	1400.000	4000.000	1.0000
141	Waveform 1	1	32287.891718750	32287.916093750	1400.000	4000.000	1.0000
141	Spectrogram 1	1	32287.891718750	32287.916093750	1400.000	4000.000	1.0000
142	Waveform 1	1	32291.786843750	32291.807968750	1400.000	4000.000	1.0000
142	Spectrogram 1	1	32291.786843750	32291.807968750	1400.000	4000.000	1.0000
143	Waveform 1	1	32299.505593750	32299.525093750	1400.000	4000.000	1.0000
143	Spectrogram 1	1	32299.505593750	32299.525093750	1400.000	4000.000	1.0000
144	Waveform 1	1	32303.373093750	32303.387718750	1400.000	4000.000	1.0000
144	Spectrogram 1	1	32303.373093750	32303.387718750	1400.000	4000.000	1.0000
145	Waveform 1	1	32307.973468750	32307.994593750	1400.000	4000.000	1.0000
145	Spectrogram 1	1	32307.973468750	32307.994593750	1400.000	4000.000	1.0000
146	Waveform 1	1	32308.668968750	32308.677093750	1400.000	4000.000	1.0000
146	Spectrogram 1	1	32308.668968750	32308.677093750	1400.000	4000.000	1.0000
147	Waveform 1	1	32311.792218750	32311.816593750	1400.000	4000.000	1.0000
147	Spectrogram 1	1	32311.792218750	32311.816593750	1400.000	4000.000	1.0000
148	Waveform 1	1	32317.552843750	32317.564218750	1400.000	4000.000	1.0000
148	Spectrogram 1	1	32317.552843750	32317.564218750	1400.000	4000.000	1.0000
149	Waveform 1	1	32322.895843750	32322.918593750	1400.000	4000.000	1.0000
149	Spectrogram 1	1	32322.895843750	32322.918593750	1400.000	4000.000	1.0000
150	Waveform 1	1	32323.584843750	32323.599468750	1400.000	4000.000	1.0000
150	Spectrogram 1	1	32323.584843750	32323.599468750	1400.000	4000.000	1.0000
151	Waveform 1	1	32343.721843750	32343.746218750	1400.000	4000.000	1.0000
151	Spectrogram 1	1	32343.721843750	32343.746218750	1400.000	4000.000	1.0000
152	Waveform 1	1	32344.394593750	32344.405968750	1400.000	4000.000	1.0000
152	Spectrogram 1	1	32344.394593750	32344.405968750	1400.000	4000.000	1.0000
153	Waveform 1	1	32375.659593750	32375.688843750	1400.000	4000.000	1.0000
153	Spectrogram 1	1	32375.659593750	32375.688843750	1400.000	4000.000	1.0000
154	Waveform 1	1	32377.356093750	32377.365843750	1400.000	4000.000	1.0000
154	Spectrogram 1	1	32377.356093750	32377.365843750	1400.000	4000.000	1.0000
155	Waveform 1	1	32389.418468750	32389.431468750	1400.000	4000.000	1.0000
155	Spectrogram 1	1	32389.418468750	32389.431468750	1400.000	4000.000	1.0000
156	Waveform 1	1	32399.170093750	32399.192843750	1400.000	4000.000	1.0000
156	Spectrogram 1	1	32399.170093750	32399.192843750	1400.000	4000.000	1.0000
157	Waveform 1	1	32429.055468750	32429.073343750	1400.000	4000.000	1.0000
157	Spectrogram 1	1	32429.055468750	32429.073343750	1400.000	4000.000	1.0000
158	Waveform 1	1	32434.291218750	32434.322093750	1400.000	4000.000	1.0000
158	Spectrogram 1	1	32434.291218750	32434.322093750	1400.000	4000.000	1.0000
159	Waveform 1	1	32439.517218750	32439.531843750	1400.000	4000.000	1.0000
159	Spectrogram 1	1	32439.517218750	32439.531843750	1400.000	4000.000	1.0000
160	Waveform 1	1	32534.030468750	32534.038593750	1400.000	4000.000	1.0000
160	Spectrogram 1	1	32534.030468750	32534.038593750	1400.000	4000.000	1.0000
161	Waveform 1	1	32587.463718750	32587.473468750	1400.000	4000.000	1.0000
161	Spectrogram 1	1	32587.463718750	32587.473468750	1400.000	4000.000	1.0000
162	Waveform 1	1	32592.158343750	32592.177843750	1400.000	4000.000	1.0000
162	Spectrogram 1	1	32592.158343750	32592.177843750	1400.000	4000.000	1.0000
163	Waveform 1	1	32595.253968750	32595.270218750	1400.000	4000.000	1.0000
163	Spectrogram 1	1	32595.253968750	32595.270218750	1400.000	4000.000	1.0000
164	Waveform 1	1	33592.344218750	33592.353968750	1400.000	4000.000	1.0000
164	Spectrogram 1	1	33592.344218750	33592.353968750	1400.000	4000.000	1.0000
165	Waveform 1	1	33595.304968750	33595.313093750	1400.000	4000.000	1.0000
165	Spectrogram 1	1	33595.304968750	33595.313093750	1400.000	4000.000	1.0000
166	Waveform 1	1	38714.752093750	38714.760218750	1400.000	4000.000	1.0000
166	Spectrogram 1	1	38714.752093750	38714.760218750	1400.000	4000.000	1.0000
167	Waveform 1	1	38829.221968750	38829.230093750	1400.000	4000.000	1.0000
167	Spectrogram 1	1	38829.221968750	38829.230093750	1400.000	4000.000	1.0000
168	Waveform 1	1	38890.993093750	38891.006093750	1400.000	4000.000	1.0000
168	Spectrogram 1	1	38890.993093750	38891.006093750	1400.000	4000.000	1.0000
169	Waveform 1	1	39045.714218750	39045.727218750	1400.000	4000.000	1.0000
169	Spectrogram 1	1	39045.714218750	39045.727218750	1400.000	4000.000	1.0000
170	Waveform 1	1	39062.892093750	39062.900218750	1400.000	4000.000	1.0000
170	Spectrogram 1	1	39062.892093750	39062.900218750	1400.000	4000.000	1.0000
171	Waveform 1	1	40371.173093750	40371.181218750	1400.000	4000.000	1.0000
171	Spectrogram 1	1	40371.173093750	40371.181218750	1400.000	4000.000	1.0000
172	Waveform 1	1	40371.228343750	40371.238093750	1400.000	4000.000	1.0000
172	Spectrogram 1	1	40371.228343750	40371.238093750	1400.000	4000.000	1.0000
173	Waveform 1	1	40637.466718750	40637.481343750	1400.000	4000.000	1.0000
173	Spectrogram 1	1	40637.466718750	40637.481343750	1400.000	4000.000	1.0000
174	Waveform 1	1	40704.839218750	40704.850593750	1400.000	4000.000	1.0000
174	Spectrogram 1	1	40704.839218750	40704.850593750	1400.000	4000.000	1.0000
175	Waveform 1	1	41038.450093750	41038.467968750	1400.000	4000.000	1.0000
175	Spectrogram 1	1	41038.450093750	41038.467968750	1400.000	4000.000	1.0000
176	Waveform 1	1	41411.007343750	41411.017093750	1400.000	4000.000	1.0000
176	Spectrogram 1	1	41411.007343750	41411.017093750	1400.000	4000.000	1.0000
177	Waveform 1	1	41671.774343750	41671.782468750	1400.000	4000.000	1.0000
177	Spectrogram 1	1	41671.774343750	41671.782468750	1400.000	4000.000	1.0000
178	Waveform 1	1	41974.120218750	41974.144593750	1400.000	4000.000	1.0000
178	Spectrogram 1	1	41974.120218750	41974.144593750	1400.000	4000.000	1.0000
179	Waveform 1	1	42218.016468750	42218.029468750	1400.000	4000.000	1.0000
179	Spectrogram 1	1	42218.016468750	42218.029468750	1400.000	4000.000	1.0000
180	Waveform 1	1	42610.892718750	42610.910593750	1400.000	4000.000	1.0000
180	Spectrogram 1	1	42610.892718750	42610.910593750	1400.000	4000.000	1.0000
181	Waveform 1	1	42944.524718750	42944.544218750	1400.000	4000.000	1.0000
181	Spectrogram 1	1	42944.524718750	42944.544218750	1400.000	4000.000	1.0000
182	Waveform 1	1	42949.076343750	42949.089343750	1400.000	4000.000	1.0000
182	Spectrogram 1	1	42949.076343750	42949.089343750	1400.000	4000.000	1.0000
183	Waveform 1	1	43031.315968750	43031.337093750	1400.000	4000.000	1.0000
183	Spectrogram 1	1	43031.315968750	43031.337093750	1400.000	4000.000	1.0000
184	Waveform 1	1	43305.138218750	43305.157718750	1400.000	4000.000	1.0000
184	Spectrogram 1	1	43305.138218750	43305.157718750	1400.000	4000.000	1.0000
185	Waveform 1	1	43630.513593750	43630.523343750	1400.000	4000.000	1.0000
185	Spectrogram 1	1	43630.513593750	43630.523343750	1400.000	4000.000	1.0000
186	Waveform 1	1	43898.810843750	43898.828718750	1400.000	4000.000	1.0000
186	Spectrogram 1	1	43898.810843750	43898.828718750	1400.000	4000.000	1.0000
187	Waveform 1	1	44125.516218750	44125.532468750	1400.000	4000.000	1.0000
187	Spectrogram 1	1	44125.516218750	44125.532468750	1400.000	4000.000	1.0000
188	Waveform 1	1	44213.295468750	44213.319843750	1400.000	4000.000	0.8000
188	Spectrogram 1	1	44213.295468750	44213.319843750	1400.000	4000.000	0.8000
189	Waveform 1	1	44213.826843750	44213.834968750	1400.000	4000.000	1.0000
189	Spectrogram 1	1	44213.826843750	44213.834968750	1400.000	4000.000	1.0000
190	Waveform 1	1	44302.420218750	44302.428343750	1400.000	4000.000	1.0000
190	Spectrogram 1	1	44302.420218750	44302.428343750	1400.000	4000.000	1.0000
191	Waveform 1	1	44807.980468750	44807.998343750	1400.000	4000.000	1.0000
191	Spectrogram 1	1	44807.980468750	44807.998343750	1400.000	4000.000	1.0000
192	Waveform 1	1	45082.688343750	45082.698093750	1400.000	4000.000	1.0000
192	Spectrogram 1	1	45082.688343750	45082.698093750	1400.000	4000.000	1.0000
193	Waveform 1	1	45141.383343750	45141.393093750	1400.000	4000.000	1.0000
193	Spectrogram 1	1	45141.383343750	45141.393093750	1400.000	4000.000	1.0000
194	Waveform 1	1	45173.018843750	45173.030218750	1400.000	4000.000	1.0000
194	Spectrogram 1	1	45173.018843750	45173.030218750	1400.000	4000.000	1.0000
195	Waveform 1	1	45332.387468750	45332.411843750	1400.000	4000.000	1.0000
195	Spectrogram 1	1	45332.387468750	45332.411843750	1400.000	4000.000	1.0000
196	Waveform 1	1	47432.001218750	47432.010968750	1400.000	4000.000	1.0000
196	Spectrogram 1	1	47432.001218750	47432.010968750	1400.000	4000.000	1.0000
197	Waveform 1	1	47432.649593750	47432.662593750	1400.000	4000.000	1.0000
197	Spectrogram 1	1	47432.649593750	47432.662593750	1400.000	4000.000	1.0000
198	Waveform 1	1	47444.133468750	47444.148093750	1400.000	4000.000	1.0000
198	Spectrogram 1	1	47444.133468750	47444.148093750	1400.000	4000.000	1.0000
199	Waveform 1	1	47487.839468750	47487.871968750	1400.000	4000.000	0.8500
199	Spectrogram 1	1	47487.839468750	47487.871968750	1400.000	4000.000	0.8500
200	Waveform 1	1	47703.810093750	47703.821468750	1400.000	4000.000	1.0000
200	Spectrogram 1	1	47703.810093750	47703.821468750	1400.000	4000.000	1.0000
201	Waveform 1	1	47733.762093750	47733.776718750	1400.000	4000.000	1.0000
201	Spectrogram 1	1	47733.762093750	47733.776718750	1400.000	4000.000	1.0000
202	Waveform 1	1	47828.468718750	47828.488218750	1400.000	4000.000	1.0000
202	Spectrogram 1	1	47828.468718750	47828.488218750	1400.000	4000.000	1.0000
203	Waveform 1	1	47999.392718750	47999.400843750	1400.000	4000.000	1.0000
203	Spectrogram 1	1	47999.392718750	47999.400843750	1400.000	4000.000	1.0000
204	Waveform 1	1	48242.970468750	48242.980218750	1400.000	4000.000	1.0000
204	Spectrogram 1	1	48242.970468750	48242.980218750	1400.000	4000.000	1.0000
205	Waveform 1	1	48967.332093750	48967.345093750	1400.000	4000.000	1.0000
205	Spectrogram 1	1	48967.332093750	48967.345093750	1400.000	4000.000	1.0000
206	Waveform 1	1	49571.615968750	49571.625718750	1400.000	4000.000	1.0000
206	Spectrogram 1	1	49571.615968750	49571.625718750	1400.000	4000.000	1.0000
207	Waveform 1	1	49571.708593750	49571.724843750	1400.000	4000.000	1.0000
207	Spectrogram 1	1	49571.708593750	49571.724843750	1400.000	4000.000	1.0000
208	Waveform 1	1	49930.463093750	49930.472843750	1400.000	4000.000	1.0000
208	Spectrogram 1	1	49930.463093750	49930.472843750	1400.000	4000.000	1.0000
209	Waveform 1	1	49950.960843750	49950.975468750	1400.000	4000.000	1.0000
209	Spectrogram 1	1	49950.960843750	49950.975468750	1400.000	4000.000	1.0000
210	Waveform 1	1	49951.087593750	49951.098968750	1400.000	4000.000	1.0000
210	Spectrogram 1	1	49951.087593750	49951.098968750	1400.000	4000.000	1.0000
211	Waveform 1	1	49964.232218750	49964.243593750	1400.000	4000.000	1.0000
211	Spectrogram 1	1	49964.232218750	49964.243593750	1400.000	4000.000	1.0000
212	Waveform 1	1	49994.583968750	49994.598593750	1400.000	4000.000	1.0000
212	Spectrogram 1	1	49994.583968750	49994.598593750	1400.000	4000.000	1.0000
213	Waveform 1	1	50005.577093750	50005.601468750	1400.000	4000.000	1.0000
213	Spectrogram 1	1	50005.577093750	50005.601468750	1400.000	4000.000	1.0000
214	Waveform 1	1	50006.246593750	50006.266093750	1400.000	4000.000	1.0000
214	Spectrogram 1	1	50006.246593750	50006.266093750	1400.000	4000.000	1.0000
215	Waveform 1	1	50034.682468750	50034.698718750	1400.000	4000.000	1.0000
215	Spectrogram 1	1	50034.682468750	50034.698718750	1400.000	4000.000	1.0000
216	Waveform 1	1	50038.257468750	50038.278593750	1400.000	4000.000	1.0000
216	Spectrogram 1	1	50038.257468750	50038.278593750	1400.000	4000.000	1.0000
217	Waveform 1	1	50122.195218750	50122.211468750	1400.000	4000.000	1.0000
217	Spectrogram 1	1	50122.195218750	50122.211468750	1400.000	4000.000	1.0000
218	Waveform 1	1	50147.371343750	50147.390843750	1400.000	4000.000	1.0000
218	Spectrogram 1	1	50147.371343750	50147.390843750	1400.000	4000.000	1.0000
219	Waveform 1	1	50290.706093750	50290.723968750	1400.000	4000.000	1.0000
219	Spectrogram 1	1	50290.706093750	50290.723968750	1400.000	4000.000	1.0000
220	Waveform 1	1	50327.039468750	50327.047593750	1400.000	4000.000	1.0000
220	Spectrogram 1	1	50327.039468750	50327.047593750	1400.000	4000.000	1.0000
221	Waveform 1	1	50373.574593750	50373.589218750	1400.000	4000.000	1.0000
221	Spectrogram 1	1	50373.574593750	50373.589218750	1400.000	4000.000	1.0000
222	Waveform 1	1	50437.804343750	50437.814093750	1400.000	4000.000	1.0000
222	Spectrogram 1	1	50437.804343750	50437.814093750	1400.000	4000.000	1.0000
223	Waveform 1	1	50440.630218750	50440.651343750	1400.000	4000.000	1.0000
223	Spectrogram 1	1	50440.630218750	50440.651343750	1400.000	4000.000	1.0000
224	Waveform 1	1	50441.052718750	50441.075468750	1400.000	4000.000	1.0000
224	Spectrogram 1	1	50441.052718750	50441.075468750	1400.000	4000.000	1.0000
225	Waveform 1	1	50443.634843750	50443.649468750	1400.000	4000.000	1.0000
225	Spectrogram 1	1	50443.634843750	50443.649468750	1400.000	4000.000	1.0000
226	Waveform 1	1	50446.845843750	50446.871843750	1400.000	4000.000	1.0000
226	Spectrogram 1	1	50446.845843750	50446.871843750	1400.000	4000.000	1.0000
227	Waveform 1	1	50461.521218750	50461.535843750	1400.000	4000.000	1.0000
227	Spectrogram 1	1	50461.521218750	50461.535843750	1400.000	4000.000	1.0000
228	Waveform 1	1	50564.308968750	50564.325218750	1400.000	4000.000	1.0000
228	Spectrogram 1	1	50564.308968750	50564.325218750	1400.000	4000.000	1.0000
229	Waveform 1	1	50594.244718750	50594.265843750	1400.000	4000.000	1.0000
229	Spectrogram 1	1	50594.244718750	50594.265843750	1400.000	4000.000	1.0000
230	Waveform 1	1	50632.726343750	50632.739343750	1400.000	4000.000	1.0000
230	Spectrogram 1	1	50632.726343750	50632.739343750	1400.000	4000.000	1.0000
231	Waveform 1	1	50705.471093750	50705.498718750	1400.000	4000.000	1.0000
231	Spectrogram 1	1	50705.471093750	50705.498718750	1400.000	4000.000	1.0000
232	Waveform 1	1	50755.443093750	50755.456093750	1400.000	4000.000	1.0000
232	Spectrogram 1	1	50755.443093750	50755.456093750	1400.000	4000.000	1.0000
233	Waveform 1	1	50774.915468750	50774.931718750	1400.000	4000.000	1.0000
233	Spectrogram 1	1	50774.915468750	50774.931718750	1400.000	4000.000	1.0000
234	Waveform 1	1	50796.929343750	50796.955343750	1400.000	4000.000	1.0000
234	Spectrogram 1	1	50796.929343750	50796.955343750	1400.000	4000.000	1.0000
235	Waveform 1	1	50797.468843750	50797.489968750	1400.000	4000.000	1.0000
235	Spectrogram 1	1	50797.468843750	50797.489968750	1400.000	4000.000	1.0000
236	Waveform 1	1	50906.923968750	50906.949968750	1400.000	4000.000	1.0000
236	Spectrogram 1	1	50906.923968750	50906.949968750	1400.000	4000.000	1.0000
237	Waveform 1	1	50931.190093750	50931.212843750	1400.000	4000.000	1.0000
237	Spectrogram 1	1	50931.190093750	50931.212843750	1400.000	4000.000	1.0000
238	Waveform 1	1	50985.723468750	50985.751093750	1400.000	4000.000	1.0000
238	Spectrogram 1	1	50985.723468750	50985.751093750	1400.000	4000.000	1.0000
239	Waveform 1	1	51027.355968750	51027.383593750	1400.000	4000.000	1.0000
239	Spectrogram 1	1	51027.355968750	51027.383593750	1400.000	4000.000	1.0000
240	Waveform 1	1	51118.814218750	51118.835343750	1400.000	4000.000	1.0000
240	Spectrogram 1	1	51118.814218750	51118.835343750	1400.000	4000.000	1.0000
241	Waveform 1	1	51141.830718750	51141.861593750	1400.000	4000.000	1.0000
241	Spectrogram 1	1	51141.830718750	51141.861593750	1400.000	4000.000	1.0000
242	Waveform 1	1	51142.415718750	51142.443343750	1400.000	4000.000	1.0000
242	Spectrogram 1	1	51142.415718750	51142.443343750	1400.000	4000.000	1.0000
243	Waveform 1	1	51323.196968750	51323.227843750	1400.000	4000.000	1.0000
243	Spectrogram 1	1	51323.196968750	51323.227843750	1400.000	4000.000	1.0000
244	Waveform 1	1	51323.827468750	51323.853468750	1400.000	4000.000	1.0000
244	Spectrogram 1	1	51323.827468750	51323.853468750	1400.000	4000.000	1.0000
245	Waveform 1	1	51336.395218750	51336.417968750	1400.000	4000.000	1.0000
245	Spectrogram 1	1	51336.395218750	51336.417968750	1400.000	4000.000	1.0000
246	Waveform 1	1	51337.025718750	51337.041968750	1400.000	4000.000	1.0000
246	Spectrogram 1	1	51337.025718750	51337.041968750	1400.000	4000.000	1.0000
247	Waveform 1	1	51348.975968750	51348.984093750	1400.000	4000.000	1.0000
247	Spectrogram 1	1	51348.975968750	51348.984093750	1400.000	4000.000	1.0000
248	Waveform 1	1	51349.877843750	51349.890843750	1400.000	4000.000	1.0000
248	Spectrogram 1	1	51349.877843750	51349.890843750	1400.000	4000.000	1.0000
249	Waveform 1	1	51387.035093750	51387.064343750	1400.000	4000.000	1.0000
249	Spectrogram 1	1	51387.035093750	51387.064343750	1400.000	4000.000	1.0000
250	Waveform 1	1	51432.889343750	51432.915343750	1400.000	4000.000	1.0000
250	Spectrogram 1	1	51432.889343750	51432.915343750	1400.000	4000.000	1.0000
251	Waveform 1	1	51433.547468750	51433.570218750	1400.000	4000.000	1.0000
251	Spectrogram 1	1	51433.547468750	51433.570218750	1400.000	4000.000	1.0000
252	Waveform 1	1	51506.534343750	51506.561968750	1400.000	4000.000	1.0000
252	Spectrogram 1	1	51506.534343750	51506.561968750	1400.000	4000.000	1.0000
253	Waveform 1	1	51507.215218750	51507.229843750	1400.000	4000.000	1.0000
253	Spectrogram 1	1	51507.215218750	51507.229843750	1400.000	4000.000	1.0000
254	Waveform 1	1	51548.639718750	51548.659218750	1400.000	4000.000	1.0000
254	Spectrogram 1	1	51548.639718750	51548.659218750	1400.000	4000.000	1.0000
255	Waveform 1	1	51627.811343750	51627.830843750	1400.000	4000.000	1.0000
255	Spectrogram 1	1	51627.811343750	51627.830843750	1400.000	4000.000	1.0000
256	Waveform 1	1	51668.124343750	51668.140593750	1400.000	4000.000	1.0000
256	Spectrogram 1	1	51668.124343750	51668.140593750	1400.000	4000.000	1.0000
257	Waveform 1	1	51703.672843750	51703.697218750	1400.000	4000.000	1.0000
257	Spectrogram 1	1	51703.672843750	51703.697218750	1400.000	4000.000	1.0000
258	Waveform 1	1	51726.434218750	51726.453718750	1400.000	4000.000	1.0000
258	Spectrogram 1	1	51726.434218750	51726.453718750	1400.000	4000.000	1.0000
259	Waveform 1	1	51775.416593750	51775.449093750	1400.000	4000.000	1.0000
259	Spectrogram 1	1	51775.416593750	51775.449093750	1400.000	4000.000	1.0000
260	Waveform 1	1	51776.191718750	51776.217718750	1400.000	4000.000	1.0000
260	Spectrogram 1	1	51776.191718750	51776.217718750	1400.000	4000.000	1.0000
261	Waveform 1	1	51809.265343750	51809.276718750	1400.000	4000.000	1.0000
261	Spectrogram 1	1	51809.265343750	51809.276718750	1400.000	4000.000	1.0000
262	Waveform 1	1	51811.117843750	51811.142218750	1400.000	4000.000	1.0000
262	Spectrogram 1	1	51811.117843750	51811.142218750	1400.000	4000.000	1.0000
263	Waveform 1	1	51987.340968750	51987.363718750	1400.000	4000.000	1.0000
263	Spectrogram 1	1	51987.340968750	51987.363718750	1400.000	4000.000	1.0000
264	Waveform 1	1	52058.806843750	52058.818218750	1400.000	4000.000	1.0000
264	Spectrogram 1	1	52058.806843750	52058.818218750	1400.000	4000.000	1.0000
265	Waveform 1	1	52066.444343750	52066.465468750	1400.000	4000.000	1.0000
265	Spectrogram 1	1	52066.444343750	52066.465468750	1400.000	4000.000	1.0000
266	Waveform 1	1	52103.887593750	52103.910343750	1400.000	4000.000	1.0000
266	Spectrogram 1	1	52103.887593750	52103.910343750	1400.000	4000.000	1.0000
267	Waveform 1	1	52133.781093750	52133.792468750	1400.000	4000.000	1.0000
267	Spectrogram 1	1	52133.781093750	52133.792468750	1400.000	4000.000	1.0000
268	Waveform 1	1	52190.389593750	52190.410718750	1400.000	4000.000	1.0000
268	Spectrogram 1	1	52190.389593750	52190.410718750	1400.000	4000.000	1.0000
269	Waveform 1	1	52209.561343750	52209.592218750	1400.000	4000.000	1.0000
269	Spectrogram 1	1	52209.561343750	52209.592218750	1400.000	4000.000	1.0000
270	Waveform 1	1	52224.428468750	52224.454468750	1400.000	4000.000	1.0000
270	Spectrogram 1	1	52224.428468750	52224.454468750	1400.000	4000.000	1.0000
271	Waveform 1	1	52249.125218750	52249.152843750	1400.000	4000.000	1.0000
271	Spectrogram 1	1	52249.125218750	52249.152843750	1400.000	4000.000	1.0000
272	Waveform 1	1	52250.100218750	52250.127843750	1400.000	4000.000	1.0000
272	Spectrogram 1	1	52250.100218750	52250.127843750	1400.000	4000.000	1.0000
273	Waveform 1	1	52269.408468750	52269.419843750	1400.000	4000.000	1.0000
273	Spectrogram 1	1	52269.408468750	52269.419843750	1400.000	4000.000	1.0000
274	Waveform 1	1	52269.544968750	52269.567718750	1400.000	4000.000	1.0000
274	Spectrogram 1	1	52269.544968750	52269.567718750	1400.000	4000.000	1.0000
275	Waveform 1	1	52270.526468750	52270.539468750	1400.000	4000.000	1.0000
275	Spectrogram 1	1	52270.526468750	52270.539468750	1400.000	4000.000	1.0000
276	Waveform 1	1	52288.526593750	52288.537968750	1400.000	4000.000	1.0000
276	Spectrogram 1	1	52288.526593750	52288.537968750	1400.000	4000.000	1.0000
277	Waveform 1	1	52298.310718750	52298.322093750	1400.000	4000.000	1.0000
277	Spectrogram 1	1	52298.310718750	52298.322093750	1400.000	4000.000	1.0000
278	Waveform 1	1	52322.726343750	52322.740968750	1400.000	4000.000	1.0000
278	Spectrogram 1	1	52322.726343750	52322.740968750	1400.000	4000.000	1.0000
279	Waveform 1	1	52322.859593750	52322.888843750	1400.000	4000.000	1.0000
279	Spectrogram 1	1	52322.859593750	52322.888843750	1400.000	4000.000	1.0000
280	Waveform 1	1	52323.854093750	52323.876843750	1400.000	4000.000	1.0000
280	Spectrogram 1	1	52323.854093750	52323.876843750	1400.000	4000.000	1.0000
281	Waveform 1	1	52341.493468750	52341.504843750	1400.000	4000.000	1.0000
281	Spectrogram 1	1	52341.493468750	52341.504843750	1400.000	4000.000	1.0000
282	Waveform 1	1	52341.636468750	52341.664093750	1400.000	4000.000	1.0000
282	Spectrogram 1	1	52341.636468750	52341.664093750	1400.000	4000.000	1.0000
283	Waveform 1	1	52342.637468750	52342.663468750	1400.000	4000.000	1.0000
283	Spectrogram 1	1	52342.637468750	52342.663468750	1400.000	4000.000	1.0000
284	Waveform 1	1	52354.990718750	52355.016718750	1400.000	4000.000	1.0000
284	Spectrogram 1	1	52354.990718750	52355.016718750	1400.000	4000.000	1.0000
285	Waveform 1	1	52355.106093750	52355.138593750	1400.000	4000.000	1.0000
285	Spectrogram 1	1	52355.106093750	52355.138593750	1400.000	4000.000	1.0000
286	Waveform 1	1	52356.113593750	52356.131468750	1400.000	4000.000	1.0000
286	Spectrogram 1	1	52356.113593750	52356.131468750	1400.000	4000.000	1.0000
287	Waveform 1	1	52377.847968750	52377.864218750	1400.000	4000.000	1.0000
287	Spectrogram 1	1	52377.847968750	52377.864218750	1400.000	4000.000	1.0000
288	Waveform 1	1	52378.015343750	52378.026718750	1400.000	4000.000	1.0000
288	Spectrogram 1	1	52378.015343750	52378.026718750	1400.000	4000.000	1.0000
289	Waveform 1	1	52402.019843750	52402.037718750	1400.000	4000.000	1.0000
289	Spectrogram 1	1	52402.019843750	52402.037718750	1400.000	4000.000	1.0000
290	Waveform 1	1	52436.975218750	52436.991468750	1400.000	4000.000	1.0000
290	Spectrogram 1	1	52436.975218750	52436.991468750	1400.000	4000.000	1.0000
291	Waveform 1	1	52459.292968750	52459.312468750	1400.000	4000.000	1.0000
291	Spectrogram 1	1	52459.292968750	52459.312468750	1400.000	4000.000	1.0000
292	Waveform 1	1	52459.421343750	52459.445718750	1400.000	4000.000	1.0000
292	Spectrogram 1	1	52459.421343750	52459.445718750	1400.000	4000.000	1.0000
293	Waveform 1	1	52467.642218750	52467.655218750	1400.000	4000.000	1.0000
293	Spectrogram 1	1	52467.642218750	52467.655218750	1400.000	4000.000	1.0000
294	Waveform 1	1	52468.631843750	52468.657843750	1400.000	4000.000	1.0000
294	Spectrogram 1	1	52468.631843750	52468.657843750	1400.000	4000.000	1.0000
295	Waveform 1	1	52530.870968750	52530.903468750	1400.000	4000.000	1.0000
295	Spectrogram 1	1	52530.870968750	52530.903468750	1400.000	4000.000	1.0000
296	Waveform 1	1	52552.434718750	52552.447718750	1400.000	4000.000	1.0000
296	Spectrogram 1	1	52552.434718750	52552.447718750	1400.000	4000.000	1.0000
297	Waveform 1	1	52559.443343750	52559.457968750	1400.000	4000.000	1.0000
297	Spectrogram 1	1	52559.443343750	52559.457968750	1400.000	4000.000	1.0000
298	Waveform 1	1	52560.067343750	52560.088468750	1400.000	4000.000	1.0000
298	Spectrogram 1	1	52560.067343750	52560.088468750	1400.000	4000.000	1.0000
299	Waveform 1	1	52586.764468750	52586.783968750	1400.000	4000.000	1.0000
299	Spectrogram 1	1	52586.764468750	52586.783968750	1400.000	4000.000	1.0000
300	Waveform 1	1	52587.953968750	52587.986468750	1400.000	4000.000	1.0000
300	Spectrogram 1	1	52587.953968750	52587.986468750	1400.000	4000.000	1.0000
301	Waveform 1	1	52617.400593750	52617.416843750	1400.000	4000.000	1.0000
301	Spectrogram 1	1	52617.400593750	52617.416843750	1400.000	4000.000	1.0000
302	Waveform 1	1	52620.830968750	52620.842343750	1400.000	4000.000	1.0000
302	Spectrogram 1	1	52620.830968750	52620.842343750	1400.000	4000.000	1.0000
303	Waveform 1	1	52621.289218750	52621.307093750	1400.000	4000.000	1.0000
303	Spectrogram 1	1	52621.289218750	52621.307093750	1400.000	4000.000	1.0000
304	Waveform 1	1	52621.518343750	52621.550843750	1400.000	4000.000	1.0000
304	Spectrogram 1	1	52621.518343750	52621.550843750	1400.000	4000.000	1.0000
305	Waveform 1	1	52625.497968750	52625.520718750	1400.000	4000.000	1.0000
305	Spectrogram 1	1	52625.497968750	52625.520718750	1400.000	4000.000	1.0000
306	Waveform 1	1	52942.647593750	52942.660593750	1400.000	4000.000	1.0000
306	Spectrogram 1	1	52942.647593750	52942.660593750	1400.000	4000.000	1.0000
307	Waveform 1	1	52963.850593750	52963.879843750	1400.000	4000.000	1.0000
307	Spectrogram 1	1	52963.850593750	52963.879843750	1400.000	4000.000	1.0000
308	Waveform 1	1	53086.781843750	53086.802968750	1400.000	4000.000	1.0000
308	Spectrogram 1	1	53086.781843750	53086.802968750	1400.000	4000.000	1.0000
309	Waveform 1	1	53110.055093750	53110.066468750	1400.000	4000.000	1.0000
309	Spectrogram 1	1	53110.055093750	53110.066468750	1400.000	4000.000	1.0000
310	Waveform 1	1	53156.253843750	53156.281468750	1400.000	4000.000	1.0000
310	Spectrogram 1	1	53156.253843750	53156.281468750	1400.000	4000.000	1.0000
311	Waveform 1	1	53172.628968750	53172.646843750	1400.000	4000.000	1.0000
311	Spectrogram 1	1	53172.628968750	53172.646843750	1400.000	4000.000	1.0000
312	Waveform 1	1	53241.075593750	53241.095093750	1400.000	4000.000	1.0000
312	Spectrogram 1	1	53241.075593750	53241.095093750	1400.000	4000.000	1.0000
313	Waveform 1	1	53255.913468750	53255.928093750	1400.000	4000.000	1.0000
313	Spectrogram 1	1	53255.913468750	53255.928093750	1400.000	4000.000	1.0000
314	Waveform 1	1	53256.696718750	53256.725968750	1400.000	4000.000	1.0000
314	Spectrogram 1	1	53256.696718750	53256.725968750	1400.000	4000.000	1.0000
315	Waveform 1	1	53299.536593750	53299.546343750	1400.000	4000.000	1.0000
315	Spectrogram 1	1	53299.536593750	53299.546343750	1400.000	4000.000	1.0000
316	Waveform 1	1	53448.500343750	53448.519843750	1400.000	4000.000	1.0000
316	Spectrogram 1	1	53448.500343750	53448.519843750	1400.000	4000.000	1.0000
317	Waveform 1	1	53519.426718750	53519.436468750	1400.000	4000.000	1.0000
317	Spectrogram 1	1	53519.426718750	53519.436468750	1400.000	4000.000	1.0000
318	Waveform 1	1	53844.862218750	53844.884968750	1400.000	4000.000	1.0000
318	Spectrogram 1	1	53844.862218750	53844.884968750	1400.000	4000.000	1.0000
319	Waveform 1	1	54632.483468750	54632.499718750	1400.000	4000.000	1.0000
319	Spectrogram 1	1	54632.483468750	54632.499718750	1400.000	4000.000	1.0000
320	Waveform 1	1	54899.275968750	54899.285718750	1400.000	4000.000	1.0000
320	Spectrogram 1	1	54899.275968750	54899.285718750	1400.000	4000.000	1.0000
321	Waveform 1	1	54910.343843750	54910.366593750	1400.000	4000.000	1.0000
321	Spectrogram 1	1	54910.343843750	54910.366593750	1400.000	4000.000	1.0000
322	Waveform 1	1	55440.386343750	55440.396093750	1400.000	4000.000	1.0000
322	Spectrogram 1	1	55440.386343750	55440.396093750	1400.000	4000.000	1.0000
323	Waveform 1	1	55843.852718750	55843.868968750	1400.000	4000.000	1.0000
323	Spectrogram 1	1	55843.852718750	55843.868968750	1400.000	4000.000	1.0000
324	Waveform 1	1	56035.838343750	56035.848093750	1400.000	4000.000	1.0000
324	Spectrogram 1	1	56035.838343750	56035.848093750	1400.000	4000.000	1.0000
325	Waveform 1	1	56153.148718750	56153.158468750	1400.000	4000.000	1.0000
325	Spectrogram 1	1	56153.148718750	56153.158468750	1400.000	4000.000	1.0000
326	Waveform 1	1	56163.766468750	56163.776218750	1400.000	4000.000	1.0000
326	Spectrogram 1	1	56163.766468750	56163.776218750	1400.000	4000.000	1.0000
327	Waveform 1	1	56240.942593750	56240.971843750	1400.000	4000.000	1.0000
327	Spectrogram 1	1	56240.942593750	56240.971843750	1400.000	4000.000	1.0000
328	Waveform 1	1	56344.979968750	56344.988093750	1400.000	4000.000	1.0000
328	Spectrogram 1	1	56344.979968750	56344.988093750	1400.000	4000.000	1.0000
329	Waveform 1	1	56349.552718750	56349.568968750	1400.000	4000.000	1.0000
329	Spectrogram 1	1	56349.552718750	56349.568968750	1400.000	4000.000	1.0000
330	Waveform 1	1	57034.612093750	57034.621843750	1400.000	4000.000	1.0000
330	Spectrogram 1	1	57034.612093750	57034.621843750	1400.000	4000.000	1.0000
331	Waveform 1	1	57622.124343750	57622.138968750	1400.000	4000.000	1.0000
331	Spectrogram 1	1	57622.124343750	57622.138968750	1400.000	4000.000	1.0000
332	Waveform 1	1	57660.750593750	57660.760343750	1400.000	4000.000	1.0000
332	Spectrogram 1	1	57660.750593750	57660.760343750	1400.000	4000.000	1.0000
333	Waveform 1	1	57831.321968750	57831.331718750	1400.000	4000.000	1.0000
333	Spectrogram 1	1	57831.321968750	57831.331718750	1400.000	4000.000	1.0000
334	Waveform 1	1	58071.306843750	58071.321468750	1400.000	4000.000	1.0000
334	Spectrogram 1	1	58071.306843750	58071.321468750	1400.000	4000.000	1.0000
335	Waveform 1	1	58189.800218750	58189.813218750	1400.000	4000.000	1.0000
335	Spectrogram 1	1	58189.800218750	58189.813218750	1400.000	4000.000	1.0000
336	Waveform 1	1	58390.684343750	58390.695718750	1400.000	4000.000	1.0000
336	Spectrogram 1	1	58390.684343750	58390.695718750	1400.000	4000.000	1.0000
337	Waveform 1	1	58390.939468750	58390.962218750	1400.000	4000.000	0.9286
337	Spectrogram 1	1	58390.939468750	58390.962218750	1400.000	4000.000	0.9286
338	Waveform 1	1	58529.106718750	58529.129468750	1400.000	4000.000	1.0000
338	Spectrogram 1	1	58529.106718750	58529.129468750	1400.000	4000.000	1.0000
339	Waveform 1	1	58529.605593750	58529.628343750	1400.000	4000.000	1.0000
339	Spectrogram 1	1	58529.605593750	58529.628343750	1400.000	4000.000	1.0000
340	Waveform 1	1	59146.858593750	59146.882968750	1400.000	4000.000	1.0000
340	Spectrogram 1	1	59146.858593750	59146.882968750	1400.000	4000.000	1.0000
341	Waveform 1	1	59433.311968750	59433.326593750	1400.000	4000.000	1.0000
341	Spectrogram 1	1	59433.311968750	59433.326593750	1400.000	4000.000	1.0000
342	Waveform 1	1	59435.471593750	59435.484593750	1400.000	4000.000	1.0000
342	Spectrogram 1	1	59435.471593750	59435.484593750	1400.000	4000.000	1.0000
343	Waveform 1	1	59781.890718750	59781.908593750	1400.000	4000.000	1.0000
343	Spectrogram 1	1	59781.890718750	59781.908593750	1400.000	4000.000	1.0000
344	Waveform 1	1	59782.597593750	59782.615468750	1400.000	4000.000	1.0000
344	Spectrogram 1	1	59782.597593750	59782.615468750	1400.000	4000.000	1.0000
345	Waveform 1	1	59784.736093750	59784.758843750	1400.000	4000.000	1.0000
345	Spectrogram 1	1	59784.736093750	59784.758843750	1400.000	4000.000	1.0000
346	Waveform 1	1	59900.410093750	59900.432843750	1400.000	4000.000	1.0000
346	Spectrogram 1	1	59900.410093750	59900.432843750	1400.000	4000.000	1.0000
347	Waveform 1	1	59946.210718750	59946.222093750	1400.000	4000.000	1.0000
347	Spectrogram 1	1	59946.210718750	59946.222093750	1400.000	4000.000	1.0000
348	Waveform 1	1	60046.279843750	60046.302593750	1400.000	4000.000	1.0000
348	Spectrogram 1	1	60046.279843750	60046.302593750	1400.000	4000.000	1.0000
349	Waveform 1	1	60053.636218750	60053.668718750	1400.000	4000.000	1.0000
349	Spectrogram 1	1	60053.636218750	60053.668718750	1400.000	4000.000	1.0000
350	Waveform 1	1	60070.849843750	60070.859593750	1400.000	4000.000	1.0000
350	Spectrogram 1	1	60070.849843750	60070.859593750	1400.000	4000.000	1.0000
351	Waveform 1	1	60071.680218750	60071.704593750	1400.000	4000.000	1.0000
351	Spectrogram 1	1	60071.680218750	60071.704593750	1400.000	4000.000	1.0000
352	Waveform 1	1	60451.829468750	60451.860343750	1400.000	4000.000	1.0000
352	Spectrogram 1	1	60451.829468750	60451.860343750	1400.000	4000.000	1.0000
353	Waveform 1	1	60538.105593750	60538.136468750	1400.000	4000.000	1.0000
353	Spectrogram 1	1	60538.105593750	60538.136468750	1400.000	4000.000	1.0000
354	Waveform 1	1	60549.118218750	60549.144218750	1400.000	4000.000	1.0000
354	Spectrogram 1	1	60549.118218750	60549.144218750	1400.000	4000.000	1.0000
355	Waveform 1	1	61108.106843750	61108.119843750	1400.000	4000.000	1.0000
355	Spectrogram 1	1	61108.106843750	61108.119843750	1400.000	4000.000	1.0000
356	Waveform 1	1	61618.236593750	61618.249593750	1400.000	4000.000	1.0000
356	Spectrogram 1	1	61618.236593750	61618.249593750	1400.000	4000.000	1.0000
357	Waveform 1	1	61818.069343750	61818.095343750	1400.000	4000.000	1.0000
357	Spectrogram 1	1	61818.069343750	61818.095343750	1400.000	4000.000	1.0000
358	Waveform 1	1	61876.835843750	61876.850468750	1400.000	4000.000	1.0000
358	Spectrogram 1	1	61876.835843750	61876.850468750	1400.000	4000.000	1.0000
359	Waveform 1	1	62188.995093750	62189.006468750	1400.000	4000.000	1.0000
359	Spectrogram 1	1	62188.995093750	62189.006468750	1400.000	4000.000	1.0000
360	Waveform 1	1	62199.399968750	62199.414593750	1400.000	4000.000	1.0000
360	Spectrogram 1	1	62199.399968750	62199.414593750	1400.000	4000.000	1.0000
361	Waveform 1	1	62441.113843750	62441.125218750	1400.000	4000.000	1.0000
361	Spectrogram 1	1	62441.113843750	62441.125218750	1400.000	4000.000	1.0000
362	Waveform 1	1	62813.976593750	62813.991218750	1400.000	4000.000	1.0000
362	Spectrogram 1	1	62813.976593750	62813.991218750	1400.000	4000.000	1.0000
363	Waveform 1	1	63174.287843750	63174.299218750	1400.000	4000.000	1.0000
363	Spectrogram 1	1	63174.287843750	63174.299218750	1400.000	4000.000	1.0000
364	Waveform 1	1	63181.809968750	63181.818093750	1400.000	4000.000	1.0000
364	Spectrogram 1	1	63181.809968750	63181.818093750	1400.000	4000.000	1.0000
365	Waveform 1	1	63182.986468750	63183.007593750	1400.000	4000.000	1.0000
365	Spectrogram 1	1	63182.986468750	63183.007593750	1400.000	4000.000	1.0000
366	Waveform 1	1	63193.046843750	63193.058218750	1400.000	4000.000	1.0000
366	Spectrogram 1	1	63193.046843750	63193.058218750	1400.000	4000.000	1.0000
367	Waveform 1	1	63195.357593750	63195.375468750	1400.000	4000.000	1.0000
367	Spectrogram 1	1	63195.357593750	63195.375468750	1400.000	4000.000	1.0000
368	Waveform 1	1	63196.626718750	63196.657593750	1400.000	4000.000	0.8947
368	Spectrogram 1	1	63196.626718750	63196.657593750	1400.000	4000.000	0.8947
369	Waveform 1	1	63197.200343750	63197.210093750	1400.000	4000.000	1.0000
369	Spectrogram 1	1	63197.200343750	63197.210093750	1400.000	4000.000	1.0000
370	Waveform 1	1	63206.917843750	63206.937343750	1400.000	4000.000	1.0000
370	Spectrogram 1	1	63206.917843750	63206.937343750	1400.000	4000.000	1.0000
371	Waveform 1	1	63239.531593750	63239.557593750	1400.000	4000.000	1.0000
371	Spectrogram 1	1	63239.531593750	63239.557593750	1400.000	4000.000	1.0000
372	Waveform 1	1	63239.619343750	63239.638843750	1400.000	4000.000	1.0000
372	Spectrogram 1	1	63239.619343750	63239.638843750	1400.000	4000.000	1.0000
373	Waveform 1	1	63268.508593750	63268.521593750	1400.000	4000.000	1.0000
373	Spectrogram 1	1	63268.508593750	63268.521593750	1400.000	4000.000	1.0000
374	Waveform 1	1	63544.526218750	63544.547343750	1400.000	4000.000	1.0000
374	Spectrogram 1	1	63544.526218750	63544.547343750	1400.000	4000.000	1.0000
375	Waveform 1	1	63555.308093750	63555.319468750	1400.000	4000.000	1.0000
375	Spectrogram 1	1	63555.308093750	63555.319468750	1400.000	4000.000	1.0000
376	Waveform 1	1	63583.262968750	63583.280843750	1400.000	4000.000	1.0000
376	Spectrogram 1	1	63583.262968750	63583.280843750	1400.000	4000.000	1.0000
377	Waveform 1	1	64036.353593750	64036.381218750	1400.000	4000.000	1.0000
377	Spectrogram 1	1	64036.353593750	64036.381218750	1400.000	4000.000	1.0000
378	Waveform 1	1	64176.136093750	64176.150718750	1400.000	4000.000	1.0000
378	Spectrogram 1	1	64176.136093750	64176.150718750	1400.000	4000.000	1.0000
379	Waveform 1	1	64199.212718750	64199.222468750	1400.000	4000.000	1.0000
379	Spectrogram 1	1	64199.212718750	64199.222468750	1400.000	4000.000	1.0000
380	Waveform 1	1	64250.530218750	64250.549718750	1400.000	4000.000	1.0000
380	Spectrogram 1	1	64250.530218750	64250.549718750	1400.000	4000.000	1.0000
381	Waveform 1	1	64255.098093750	64255.115968750	1400.000	4000.000	1.0000
381	Spectrogram 1	1	64255.098093750	64255.115968750	1400.000	4000.000	1.0000
382	Waveform 1	1	64255.562843750	64255.577468750	1400.000	4000.000	1.0000
382	Spectrogram 1	1	64255.562843750	64255.577468750	1400.000	4000.000	1.0000
383	Waveform 1	1	64344.474718750	64344.482843750	1400.000	4000.000	1.0000
383	Spectrogram 1	1	64344.474718750	64344.482843750	1400.000	4000.000	1.0000
384	Waveform 1	1	64420.037218750	64420.045343750	1400.000	4000.000	1.0000
384	Spectrogram 1	1	64420.037218750	64420.045343750	1400.000	4000.000	1.0000
385	Waveform 1	1	64438.056843750	64438.064968750	1400.000	4000.000	1.0000
385	Spectrogram 1	1	64438.056843750	64438.064968750	1400.000	4000.000	1.0000
386	Waveform 1	1	64448.208218750	64448.227718750	1400.000	4000.000	1.0000
386	Spectrogram 1	1	64448.208218750	64448.227718750	1400.000	4000.000	1.0000
387	Waveform 1	1	64453.963968750	64453.976968750	1400.000	4000.000	1.0000
387	Spectrogram 1	1	64453.963968750	64453.976968750	1400.000	4000.000	1.0000
388	Waveform 1	1	64472.737593750	64472.760343750	1400.000	4000.000	1.0000
388	Spectrogram 1	1	64472.737593750	64472.760343750	1400.000	4000.000	1.0000
389	Waveform 1	1	64473.210468750	64473.225093750	1400.000	4000.000	1.0000
389	Spectrogram 1	1	64473.210468750	64473.225093750	1400.000	4000.000	1.0000
390	Waveform 1	1	64626.720968750	64626.730718750	1400.000	4000.000	1.0000
390	Spectrogram 1	1	64626.720968750	64626.730718750	1400.000	4000.000	1.0000
391	Waveform 1	1	67795.875593750	67795.899968750	1400.000	4000.000	1.0000
391	Spectrogram 1	1	67795.875593750	67795.899968750	1400.000	4000.000	1.0000
392	Waveform 1	1	67808.084218750	67808.116718750	1400.000	4000.000	1.0000
392	Spectrogram 1	1	67808.084218750	67808.116718750	1400.000	4000.000	1.0000
393	Waveform 1	1	69150.252968750	69150.267593750	1400.000	4000.000	1.0000
393	Spectrogram 1	1	69150.252968750	69150.267593750	1400.000	4000.000	1.0000
394	Waveform 1	1	69150.311468750	69150.324468750	1400.000	4000.000	1.0000
394	Spectrogram 1	1	69150.311468750	69150.324468750	1400.000	4000.000	1.0000
395	Waveform 1	1	69150.592593750	69150.603968750	1400.000	4000.000	1.0000
395	Spectrogram 1	1	69150.592593750	69150.603968750	1400.000	4000.000	1.0000
396	Waveform 1	1	69150.833093750	69150.842843750	1400.000	4000.000	1.0000
396	Spectrogram 1	1	69150.833093750	69150.842843750	1400.000	4000.000	1.0000
397	Waveform 1	1	69457.090343750	69457.106593750	1400.000	4000.000	1.0000
397	Spectrogram 1	1	69457.090343750	69457.106593750	1400.000	4000.000	1.0000
398	Waveform 1	1	69461.549343750	69461.567218750	1400.000	4000.000	1.0000
398	Spectrogram 1	1	69461.549343750	69461.567218750	1400.000	4000.000	1.0000
399	Waveform 1	1	69461.617593750	69461.633843750	1400.000	4000.000	1.0000
399	Spectrogram 1	1	69461.617593750	69461.633843750	1400.000	4000.000	1.0000
400	Waveform 1	1	69538.065718750	69538.093343750	1400.000	4000.000	1.0000
400	Spectrogram 1	1	69538.065718750	69538.093343750	1400.000	4000.000	1.0000
401	Waveform 1	1	69538.964343750	69538.988718750	1400.000	4000.000	1.0000
401	Spectrogram 1	1	69538.964343750	69538.988718750	1400.000	4000.000	1.0000
402	Waveform 1	1	69757.942843750	69757.955843750	1400.000	4000.000	1.0000
402	Spectrogram 1	1	69757.942843750	69757.955843750	1400.000	4000.000	1.0000
403	Waveform 1	1	69895.027843750	69895.035968750	1400.000	4000.000	1.0000
403	Spectrogram 1	1	69895.027843750	69895.035968750	1400.000	4000.000	1.0000
404	Waveform 1	1	69895.382093750	69895.391843750	1400.000	4000.000	1.0000
404	Spectrogram 1	1	69895.382093750	69895.391843750	1400.000	4000.000	1.0000
405	Waveform 1	1	69897.224843750	69897.255718750	1400.000	4000.000	1.0000
405	Spectrogram 1	1	69897.224843750	69897.255718750	1400.000	4000.000	1.0000
406	Waveform 1	1	70273.053218750	70273.069468750	1400.000	4000.000	1.0000
406	Spectrogram 1	1	70273.053218750	70273.069468750	1400.000	4000.000	1.0000
407	Waveform 1	1	70460.271093750	70460.290593750	1400.000	4000.000	1.0000
407	Spectrogram 1	1	70460.271093750	70460.290593750	1400.000	4000.000	1.0000
408	Waveform 1	1	71985.754468750	71985.767468750	1400.000	4000.000	1.0000
408	Spectrogram 1	1	71985.754468750	71985.767468750	1400.000	4000.000	1.0000
409	Waveform 1	1	72218.135968750	72218.166843750	1400.000	4000.000	1.0000
409	Spectrogram 1	1	72218.135968750	72218.166843750	1400.000	4000.000	1.0000
410	Waveform 1	1	73879.891843750	73879.903218750	1400.000	4000.000	1.0000
410	Spectrogram 1	1	73879.891843750	73879.903218750	1400.000	4000.000	1.0000
411	Waveform 1	1	73948.544843750	73948.567593750	1400.000	4000.000	1.0000
411	Spectrogram 1	1	73948.544843750	73948.567593750	1400.000	4000.000	1.0000
412	Waveform 1	1	73963.888093750	73963.915718750	1400.000	4000.000	1.0000
412	Spectrogram 1	1	73963.888093750	73963.915718750	1400.000	4000.000	1.0000
413	Waveform 1	1	73984.289968750	73984.315968750	1400.000	4000.000	1.0000
413	Spectrogram 1	1	73984.289968750	73984.315968750	1400.000	4000.000	1.0000
414	Waveform 1	1	73984.938343750	73984.956218750	1400.000	4000.000	1.0000
414	Spectrogram 1	1	73984.938343750	73984.956218750	1400.000	4000.000	1.0000
415	Waveform 1	1	74081.443843750	74081.453593750	1400.000	4000.000	1.0000
415	Spectrogram 1	1	74081.443843750	74081.453593750	1400.000	4000.000	1.0000
416	Waveform 1	1	74088.402093750	74088.424843750	1400.000	4000.000	1.0000
416	Spectrogram 1	1	74088.402093750	74088.424843750	1400.000	4000.000	1.0000
417	Waveform 1	1	74104.931593750	74104.942968750	1400.000	4000.000	1.0000
417	Spectrogram 1	1	74104.931593750	74104.942968750	1400.000	4000.000	1.0000
418	Waveform 1	1	74156.673218750	74156.691093750	1400.000	4000.000	1.0000
418	Spectrogram 1	1	74156.673218750	74156.691093750	1400.000	4000.000	1.0000
419	Waveform 1	1	74483.101593750	74483.122718750	1400.000	4000.000	1.0000
419	Spectrogram 1	1	74483.101593750	74483.122718750	1400.000	4000.000	1.0000
420	Waveform 1	1	74483.962843750	74483.980718750	1400.000	4000.000	1.0000
420	Spectrogram 1	1	74483.962843750	74483.980718750	1400.000	4000.000	1.0000
421	Waveform 1	1	74496.940093750	74496.957968750	1400.000	4000.000	1.0000
421	Spectrogram 1	1	74496.940093750	74496.957968750	1400.000	4000.000	1.0000
422	Waveform 1	1	74498.066218750	74498.077593750	1400.000	4000.000	1.0000
422	Spectrogram 1	1	74498.066218750	74498.077593750	1400.000	4000.000	1.0000
423	Waveform 1	1	74527.498218750	74527.514468750	1400.000	4000.000	1.0000
423	Spectrogram 1	1	74527.498218750	74527.514468750	1400.000	4000.000	1.0000
424	Waveform 1	1	75131.461968750	75131.471718750	1400.000	4000.000	1.0000
424	Spectrogram 1	1	75131.461968750	75131.471718750	1400.000	4000.000	1.0000
425	Waveform 1	1	75723.074093750	75723.104968750	1400.000	4000.000	1.0000
425	Spectrogram 1	1	75723.074093750	75723.104968750	1400.000	4000.000	1.0000
426	Waveform 1	1	75779.193468750	75779.216218750	1400.000	4000.000	1.0000
426	Spectrogram 1	1	75779.193468750	75779.216218750	1400.000	4000.000	1.0000
427	Waveform 1	1	75779.949093750	75779.975093750	1400.000	4000.000	1.0000
427	Spectrogram 1	1	75779.949093750	75779.975093750	1400.000	4000.000	1.0000
428	Waveform 1	1	75801.030218750	75801.051343750	1400.000	4000.000	1.0000
428	Spectrogram 1	1	75801.030218750	75801.051343750	1400.000	4000.000	1.0000
429	Waveform 1	1	75835.164968750	75835.177968750	1400.000	4000.000	1.0000
429	Spectrogram 1	1	75835.164968750	75835.177968750	1400.000	4000.000	1.0000
430	Waveform 1	1	75840.600593750	75840.611968750	1400.000	4000.000	1.0000
430	Spectrogram 1	1	75840.600593750	75840.611968750	1400.000	4000.000	1.0000
431	Waveform 1	1	75843.564593750	75843.579218750	1400.000	4000.000	1.0000
431	Spectrogram 1	1	75843.564593750	75843.579218750	1400.000	4000.000	1.0000
432	Waveform 1	1	75855.466093750	75855.485593750	1400.000	4000.000	1.0000
432	Spectrogram 1	1	75855.466093750	75855.485593750	1400.000	4000.000	1.0000
433	Waveform 1	1	75859.486343750	75859.499343750	1400.000	4000.000	1.0000
433	Spectrogram 1	1	75859.486343750	75859.499343750	1400.000	4000.000	1.0000
434	Waveform 1	1	75863.228718750	75863.259593750	1400.000	4000.000	1.0000
434	Spectrogram 1	1	75863.228718750	75863.259593750	1400.000	4000.000	1.0000
435	Waveform 1	1	75866.795593750	75866.826468750	1400.000	4000.000	1.0000
435	Spectrogram 1	1	75866.795593750	75866.826468750	1400.000	4000.000	1.0000
436	Waveform 1	1	75867.731593750	75867.760843750	1400.000	4000.000	1.0000
436	Spectrogram 1	1	75867.731593750	75867.760843750	1400.000	4000.000	1.0000
437	Waveform 1	1	75870.625718750	75870.645218750	1400.000	4000.000	1.0000
437	Spectrogram 1	1	75870.625718750	75870.645218750	1400.000	4000.000	1.0000
438	Waveform 1	1	75875.187093750	75875.198468750	1400.000	4000.000	1.0000
438	Spectrogram 1	1	75875.187093750	75875.198468750	1400.000	4000.000	1.0000
439	Waveform 1	1	75884.943593750	75884.963093750	1400.000	4000.000	1.0000
439	Spectrogram 1	1	75884.943593750	75884.963093750	1400.000	4000.000	1.0000
440	Waveform 1	1	75896.664718750	75896.677718750	1400.000	4000.000	1.0000
440	Spectrogram 1	1	75896.664718750	75896.677718750	1400.000	4000.000	1.0000
441	Waveform 1	1	75909.485968750	75909.508718750	1400.000	4000.000	1.0000
441	Spectrogram 1	1	75909.485968750	75909.508718750	1400.000	4000.000	1.0000
442	Waveform 1	1	75928.384718750	75928.400968750	1400.000	4000.000	1.0000
442	Spectrogram 1	1	75928.384718750	75928.400968750	1400.000	4000.000	1.0000
443	Waveform 1	1	75943.651593750	75943.667843750	1400.000	4000.000	1.0000
443	Spectrogram 1	1	75943.651593750	75943.667843750	1400.000	4000.000	1.0000
444	Waveform 1	1	75955.970718750	75955.980468750	1400.000	4000.000	1.0000
444	Spectrogram 1	1	75955.970718750	75955.980468750	1400.000	4000.000	1.0000
445	Waveform 1	1	75980.722718750	75980.745468750	1400.000	4000.000	1.0000
445	Spectrogram 1	1	75980.722718750	75980.745468750	1400.000	4000.000	1.0000
446	Waveform 1	1	75989.606593750	75989.616343750	1400.000	4000.000	1.0000
446	Spectrogram 1	1	75989.606593750	75989.616343750	1400.000	4000.000	1.0000
447	Waveform 1	1	76022.189468750	76022.208968750	1400.000	4000.000	1.0000
447	Spectrogram 1	1	76022.189468750	76022.208968750	1400.000	4000.000	1.0000
448	Waveform 1	1	76609.498593750	76609.526218750	1400.000	4000.000	1.0000
448	Spectrogram 1	1	76609.498593750	76609.526218750	1400.000	4000.000	1.0000
449	Waveform 1	1	76610.051093750	76610.083593750	1400.000	4000.000	1.0000
449	Spectrogram 1	1	76610.051093750	76610.083593750	1400.000	4000.000	1.0000
450	Waveform 1	1	77858.912343750	77858.939968750	1400.000	4000.000	1.0000
450	Spectrogram 1	1	77858.912343750	77858.939968750	1400.000	4000.000	1.0000
451	Waveform 1	1	78011.694843750	78011.706218750	1400.000	4000.000	1.0000
451	Spectrogram 1	1	78011.694843750	78011.706218750	1400.000	4000.000	1.0000
452	Waveform 1	1	78012.127093750	78012.149843750	1400.000	4000.000	1.0000
452	Spectrogram 1	1	78012.127093750	78012.149843750	1400.000	4000.000	1.0000
453	Waveform 1	1	78012.192093750	78012.203468750	1400.000	4000.000	1.0000
453	Spectrogram 1	1	78012.192093750	78012.203468750	1400.000	4000.000	1.0000
454	Waveform 1	1	78356.921218750	78356.932593750	1400.000	4000.000	1.0000
454	Spectrogram 1	1	78356.921218750	78356.932593750	1400.000	4000.000	1.0000
455	Waveform 1	1	78412.086718750	78412.106218750	1400.000	4000.000	1.0000
455	Spectrogram 1	1	78412.086718750	78412.106218750	1400.000	4000.000	1.0000
456	Waveform 1	1	78412.140343750	78412.158218750	1400.000	4000.000	1.0000
456	Spectrogram 1	1	78412.140343750	78412.158218750	1400.000	4000.000	1.0000
457	Waveform 1	1	78416.643218750	78416.661093750	1400.000	4000.000	1.0000
457	Spectrogram 1	1	78416.643218750	78416.661093750	1400.000	4000.000	1.0000
458	Waveform 1	1	78416.698468750	78416.714718750	1400.000	4000.000	1.0000
458	Spectrogram 1	1	78416.698468750	78416.714718750	1400.000	4000.000	1.0000
459	Waveform 1	1	78424.831593750	78424.839718750	1400.000	4000.000	1.0000
459	Spectrogram 1	1	78424.831593750	78424.839718750	1400.000	4000.000	1.0000
460	Waveform 1	1	78503.839093750	78503.858593750	1400.000	4000.000	1.0000
460	Spectrogram 1	1	78503.839093750	78503.858593750	1400.000	4000.000	1.0000
461	Waveform 1	1	78503.902468750	78503.923593750	1400.000	4000.000	1.0000
461	Spectrogram 1	1	78503.902468750	78503.923593750	1400.000	4000.000	1.0000
462	Waveform 1	1	78516.946343750	78516.957718750	1400.000	4000.000	1.0000
462	Spectrogram 1	1	78516.946343750	78516.957718750	1400.000	4000.000	1.0000
463	Waveform 1	1	78525.342718750	78525.357343750	1400.000	4000.000	1.0000
463	Spectrogram 1	1	78525.342718750	78525.357343750	1400.000	4000.000	1.0000
464	Waveform 1	1	78534.782343750	78534.796968750	1400.000	4000.000	1.0000
464	Spectrogram 1	1	78534.782343750	78534.796968750	1400.000	4000.000	1.0000
465	Waveform 1	1	78534.847343750	78534.863593750	1400.000	4000.000	1.0000
465	Spectrogram 1	1	78534.847343750	78534.863593750	1400.000	4000.000	1.0000
466	Waveform 1	1	78552.429843750	78552.439593750	1400.000	4000.000	1.0000
466	Spectrogram 1	1	78552.429843750	78552.439593750	1400.000	4000.000	1.0000
467	Waveform 1	1	78560.616593750	78560.631218750	1400.000	4000.000	1.0000
467	Spectrogram 1	1	78560.616593750	78560.631218750	1400.000	4000.000	1.0000
468	Waveform 1	1	78560.688093750	78560.699468750	1400.000	4000.000	1.0000
468	Spectrogram 1	1	78560.688093750	78560.699468750	1400.000	4000.000	1.0000
469	Waveform 1	1	78576.045968750	78576.060593750	1400.000	4000.000	1.0000
469	Spectrogram 1	1	78576.045968750	78576.060593750	1400.000	4000.000	1.0000
470	Waveform 1	1	78576.119093750	78576.132093750	1400.000	4000.000	1.0000
470	Spectrogram 1	1	78576.119093750	78576.132093750	1400.000	4000.000	1.0000
471	Waveform 1	1	78581.427968750	78581.436093750	1400.000	4000.000	1.0000
471	Spectrogram 1	1	78581.427968750	78581.436093750	1400.000	4000.000	1.0000
472	Waveform 1	1	78718.051468750	78718.074218750	1400.000	4000.000	1.0000
472	Spectrogram 1	1	78718.051468750	78718.074218750	1400.000	4000.000	1.0000
473	Waveform 1	1	78739.059468750	78739.087093750	1400.000	4000.000	1.0000
473	Spectrogram 1	1	78739.059468750	78739.087093750	1400.000	4000.000	1.0000
474	Waveform 1	1	78739.616843750	78739.641218750	1400.000	4000.000	1.0000
474	Spectrogram 1	1	78739.616843750	78739.641218750	1400.000	4000.000	1.0000
475	Waveform 1	1	78953.903968750	78953.921843750	1400.000	4000.000	1.0000
475	Spectrogram 1	1	78953.903968750	78953.921843750	1400.000	4000.000	1.0000
476	Waveform 1	1	78976.387468750	78976.411843750	1400.000	4000.000	1.0000
476	Spectrogram 1	1	78976.387468750	78976.411843750	1400.000	4000.000	1.0000
477	Waveform 1	1	78976.974093750	78976.987093750	1400.000	4000.000	1.0000
477	Spectrogram 1	1	78976.974093750	78976.987093750	1400.000	4000.000	1.0000
478	Waveform 1	1	79105.974718750	79105.994218750	1400.000	4000.000	1.0000
478	Spectrogram 1	1	79105.974718750	79105.994218750	1400.000	4000.000	1.0000
479	Waveform 1	1	79106.571093750	79106.584093750	1400.000	4000.000	1.0000
479	Spectrogram 1	1	79106.571093750	79106.584093750	1400.000	4000.000	1.0000
480	Waveform 1	1	79408.980343750	79408.988468750	1400.000	4000.000	1.0000
480	Spectrogram 1	1	79408.980343750	79408.988468750	1400.000	4000.000	1.0000
481	Waveform 1	1	79438.737343750	79438.756843750	1400.000	4000.000	1.0000
481	Spectrogram 1	1	79438.737343750	79438.756843750	1400.000	4000.000	1.0000
482	Waveform 1	1	79602.478843750	79602.486968750	1400.000	4000.000	1.0000
482	Spectrogram 1	1	79602.478843750	79602.486968750	1400.000	4000.000	1.0000
483	Waveform 1	1	79744.190218750	79744.204843750	1400.000	4000.000	1.0000
483	Spectrogram 1	1	79744.190218750	79744.204843750	1400.000	4000.000	1.0000
484	Waveform 1	1	79746.107718750	79746.122343750	1400.000	4000.000	1.0000
484	Spectrogram 1	1	79746.107718750	79746.122343750	1400.000	4000.000	1.0000
485	Waveform 1	1	79778.740968750	79778.755593750	1400.000	4000.000	1.0000
485	Spectrogram 1	1	79778.740968750	79778.755593750	1400.000	4000.000	1.0000
486	Waveform 1	1	79795.618218750	79795.639343750	1400.000	4000.000	1.0000
486	Spectrogram 1	1	79795.618218750	79795.639343750	1400.000	4000.000	1.0000
487	Waveform 1	1	79809.541218750	79809.555843750	1400.000	4000.000	1.0000
487	Spectrogram 1	1	79809.541218750	79809.555843750	1400.000	4000.000	1.0000
488	Waveform 1	1	79817.586593750	79817.604468750	1400.000	4000.000	1.0000
488	Spectrogram 1	1	79817.586593750	79817.604468750	1400.000	4000.000	1.0000
489	Waveform 1	1	80087.237468750	80087.247218750	1400.000	4000.000	1.0000
489	Spectrogram 1	1	80087.237468750	80087.247218750	1400.000	4000.000	1.0000
490	Waveform 1	1	80235.447218750	80235.465093750	1400.000	4000.000	1.0000
490	Spectrogram 1	1	80235.447218750	80235.465093750	1400.000	4000.000	1.0000
491	Waveform 1	1	80235.552843750	80235.560968750	1400.000	4000.000	1.0000
491	Spectrogram 1	1	80235.552843750	80235.560968750	1400.000	4000.000	1.0000
492	Waveform 1	1	80316.177218750	80316.190218750	1400.000	4000.000	1.0000
492	Spectrogram 1	1	80316.177218750	80316.190218750	1400.000	4000.000	1.0000
493	Waveform 1	1	80343.298468750	80343.313093750	1400.000	4000.000	1.0000
493	Spectrogram 1	1	80343.298468750	80343.313093750	1400.000	4000.000	1.0000
494	Waveform 1	1	80354.458968750	80354.488218750	1400.000	4000.000	1.0000
494	Spectrogram 1	1	80354.458968750	80354.488218750	1400.000	4000.000	1.0000
495	Waveform 1	1	80370.102843750	80370.132093750	1400.000	4000.000	1.0000
495	Spectrogram 1	1	80370.102843750	80370.132093750	1400.000	4000.000	1.0000
496	Waveform 1	1	80370.619593750	80370.642343750	1400.000	4000.000	1.0000
496	Spectrogram 1	1	80370.619593750	80370.642343750	1400.000	4000.000	1.0000
497	Waveform 1	1	80455.067593750	80455.075718750	1400.000	4000.000	1.0000
497	Spectrogram 1	1	80455.067593750	80455.075718750	1400.000	4000.000	1.0000
498	Waveform 1	1	80575.800218750	80575.811593750	1400.000	4000.000	1.0000
498	Spectrogram 1	1	80575.800218750	80575.811593750	1400.000	4000.000	1.0000
499	Waveform 1	1	81177.960218750	81177.968343750	1400.000	4000.000	1.0000
499	Spectrogram 1	1	81177.960218750	81177.968343750	1400.000	4000.000	1.0000
500	Waveform 1	1	81263.703343750	81263.716343750	1400.000	4000.000	1.0000
500	Spectrogram 1	1	81263.703343750	81263.716343750	1400.000	4000.000	1.0000
501	Waveform 1	1	81374.484468750	81374.494218750	1400.000	4000.000	1.0000
501	Spectrogram 1	1	81374.484468750	81374.494218750	1400.000	4000.000	1.0000
502	Waveform 1	1	81977.401718750	81977.419593750	1400.000	4000.000	1.0000
502	Spectrogram 1	1	81977.401718750	81977.419593750	1400.000	4000.000	1.0000
503	Waveform 1	1	81977.934718750	81977.942843750	1400.000	4000.000	1.0000
503	Spectrogram 1	1	81977.934718750	81977.942843750	1400.000	4000.000	1.0000
504	Waveform 1	1	82121.927593750	82121.935718750	1400.000	4000.000	1.0000
504	Spectrogram 1	1	82121.927593750	82121.935718750	1400.000	4000.000	1.0000
505	Waveform 1	1	82163.001093750	82163.023843750	1400.000	4000.000	1.0000
505	Spectrogram 1	1	82163.001093750	82163.023843750	1400.000	4000.000	1.0000
506	Waveform 1	1	82408.471968750	82408.488218750	1400.000	4000.000	1.0000
506	Spectrogram 1	1	82408.471968750	82408.488218750	1400.000	4000.000	1.0000
507	Waveform 1	1	82412.350843750	82412.365468750	1400.000	4000.000	1.0000
507	Spectrogram 1	1	82412.350843750	82412.365468750	1400.000	4000.000	1.0000
508	Waveform 1	1	82415.673968750	82415.696718750	1400.000	4000.000	1.0000
508	Spectrogram 1	1	82415.673968750	82415.696718750	1400.000	4000.000	1.0000
509	Waveform 1	1	82750.604343750	82750.633593750	1400.000	4000.000	1.0000
509	Spectrogram 1	1	82750.604343750	82750.633593750	1400.000	4000.000	1.0000
510	Waveform 1	1	82761.148968750	82761.168468750	1400.000	4000.000	1.0000
510	Spectrogram 1	1	82761.148968750	82761.168468750	1400.000	4000.000	1.0000
511	Waveform 1	1	82761.704718750	82761.714468750	1400.000	4000.000	1.0000
511	Spectrogram 1	1	82761.704718750	82761.714468750	1400.000	4000.000	1.0000
512	Waveform 1	1	82794.100718750	82794.113718750	1400.000	4000.000	1.0000
512	Spectrogram 1	1	82794.100718750	82794.113718750	1400.000	4000.000	1.0000
513	Waveform 1	1	82815.318343750	82815.328093750	1400.000	4000.000	1.0000
513	Spectrogram 1	1	82815.318343750	82815.328093750	1400.000	4000.000	1.0000
514	Waveform 1	1	82876.086843750	82876.101468750	1400.000	4000.000	1.0000
514	Spectrogram 1	1	82876.086843750	82876.101468750	1400.000	4000.000	1.0000
515	Waveform 1	1	82881.735343750	82881.743468750	1400.000	4000.000	1.0000
515	Spectrogram 1	1	82881.735343750	82881.743468750	1400.000	4000.000	1.0000
516	Waveform 1	1	82885.459843750	82885.480968750	1400.000	4000.000	1.0000
516	Spectrogram 1	1	82885.459843750	82885.480968750	1400.000	4000.000	1.0000
517	Waveform 1	1	82894.775968750	82894.788968750	1400.000	4000.000	1.0000
517	Spectrogram 1	1	82894.775968750	82894.788968750	1400.000	4000.000	1.0000
518	Waveform 1	1	83124.611093750	83124.624093750	1400.000	4000.000	1.0000
518	Spectrogram 1	1	83124.611093750	83124.624093750	1400.000	4000.000	1.0000
519	Waveform 1	1	83234.547218750	83234.556968750	1400.000	4000.000	1.0000
519	Spectrogram 1	1	83234.547218750	83234.556968750	1400.000	4000.000	1.0000
520	Waveform 1	1	83323.096718750	83323.112968750	1400.000	4000.000	1.0000
520	Spectrogram 1	1	83323.096718750	83323.112968750	1400.000	4000.000	1.0000
521	Waveform 1	1	83428.677843750	83428.687593750	1400.000	4000.000	1.0000
521	Spectrogram 1	1	83428.677843750	83428.687593750	1400.000	4000.000	1.0000
522	Waveform 1	1	83559.836468750	83559.860843750	1400.000	4000.000	1.0000
522	Spectrogram 1	1	83559.836468750	83559.860843750	1400.000	4000.000	1.0000
523	Waveform 1	1	83857.624218750	83857.643718750	1400.000	4000.000	1.0000
523	Spectrogram 1	1	83857.624218750	83857.643718750	1400.000	4000.000	1.0000
524	Waveform 1	1	83908.028468750	83908.043093750	1400.000	4000.000	1.0000
524	Spectrogram 1	1	83908.028468750	83908.043093750	1400.000	4000.000	1.0000
525	Waveform 1	1	84875.405593750	84875.418593750	1400.000	4000.000	1.0000
525	Spectrogram 1	1	84875.405593750	84875.418593750	1400.000	4000.000	1.0000
526	Waveform 1	1	84939.944093750	84939.955468750	1400.000	4000.000	1.0000
526	Spectrogram 1	1	84939.944093750	84939.955468750	1400.000	4000.000	1.0000
527	Waveform 1	1	84940.377968750	84940.387718750	1400.000	4000.000	1.0000
527	Spectrogram 1	1	84940.377968750	84940.387718750	1400.000	4000.000	1.0000
528	Waveform 1	1	85609.754468750	85609.764218750	1400.000	4000.000	1.0000
528	Spectrogram 1	1	85609.754468750	85609.764218750	1400.000	4000.000	1.0000
529	Waveform 1	1	85609.799968750	85609.825968750	1400.000	4000.000	1.0000
529	Spectrogram 1	1	85609.799968750	85609.825968750	1400.000	4000.000	1.0000
530	Waveform 1	1	85610.214343750	85610.238718750	1400.000	4000.000	1.0000
530	Spectrogram 1	1	85610.214343750	85610.238718750	1400.000	4000.000	1.0000
531	Waveform 1	1	85610.276093750	85610.290718750	1400.000	4000.000	1.0000
531	Spectrogram 1	1	85610.276093750	85610.290718750	1400.000	4000.000	1.0000
532	Waveform 1	1	86195.495468750	86195.514968750	1400.000	4000.000	1.0000
532	Spectrogram 1	1	86195.495468750	86195.514968750	1400.000	4000.000	1.0000
533	Waveform 1	1	86300.223468750	86300.251093750	1400.000	4000.000	1.0000
533	Spectrogram 1	1	86300.223468750	86300.251093750	1400.000	4000.000	1.0000
534	Waveform 1	1	86300.369718750	86300.387593750	1400.000	4000.000	1.0000
534	Spectrogram 1	1	86300.369718750	86300.387593750	1400.000	4000.000	1.0000
