Selection	View	Channel	Begin Time (s)	End Time (s)	Low Freq (Hz)	High Freq (Hz)	Occupancy
1	Waveform 1	1	504.159218750	504.178718750	1400.000	4000.000	1.0000
1	Spectrogram 1	1	504.159218750	504.178718750	1400.000	4000.000	1.0000
2	Waveform 1	1	2096.881843750	2096.891593750	1400.000	4000.000	1.0000
2	Spectrogram 1	1	2096.881843750	2096.891593750	1400.000	4000.000	1.0000
3	Waveform 1	1	2114.165343750	2114.181593750	1400.000	4000.000	1.0000
3	Spectrogram 1	1	2114.165343750	2114.181593750	1400.000	4000.000	1.0000
4	Waveform 1	1	2151.741843750	2151.766218750	1400.000	4000.000	1.0000
4	Spectrogram 1	1	2151.741843750	2151.766218750	1400.000	4000.000	1.0000
5	Waveform 1	1	2804.819593750	2804.827718750	1400.000	4000.000	1.0000
5	Spectrogram 1	1	2804.819593750	2804.827718750	1400.000	4000.000	1.0000
6	Waveform 1	1	2817.008718750	2817.028218750	1400.000	4000.000	1.0000
6	Spectrogram 1	1	2817.008718750	2817.028218750	1400.000	4000.000	1.0000
7	Waveform 1	1	2817.462093750	2817.484843750	1400.000	4000.000	1.0000
7	Spectrogram 1	1	2817.462093750	2817.484843750	1400.000	4000.000	1.0000
8	Waveform 1	1	2858.659093750	2858.689968750	1400.000	4000.000	1.0000
8	Spectrogram 1	1	2858.659093750	2858.689968750	1400.000	4000.000	1.0000
9	Waveform 1	1	4056.441718750	4056.454718750	1400.000	4000.000	1.0000
9	Spectrogram 1	1	4056.441718750	4056.454718750	1400.000	4000.000	1.0000
10	Waveform 1	1	4057.554843750	4057.567843750	1400.000	4000.000	1.0000
10	Spectrogram 1	1	4057.554843750	4057.567843750	1400.000	4000.000	1.0000
11	Waveform 1	1	4059.633218750	4059.641343750	1400.000	4000.000	1.0000
11	Spectrogram 1	1	4059.633218750	4059.641343750	1400.000	4000.000	1.0000
12	Waveform 1	1	4104.195593750	4104.215093750	1400.000	4000.000	1.0000
12	Spectrogram 1	1	4104.195593750	4104.215093750	1400.000	4000.000	1.0000
13	Waveform 1	1	4186.108593750	4186.116718750	1400.000	4000.000	1.0000
13	Spectrogram 1	1	4186.108593750	4186.116718750	1400.000	4000.000	1.0000
14	Waveform 1	1	5023.844843750	5023.856218750	1400.000	4000.000	1.0000
14	Spectrogram 1	1	5023.844843750	5023.856218750	1400.000	4000.000	1.0000
15	Waveform 1	1	5351.058093750	5351.069468750	1400.000	4000.000	1.0000
15	Spectrogram 1	1	5351.058093750	5351.069468750	1400.000	4000.000	1.0000
16	Waveform 1	1	5382.102093750	5382.124843750	1400.000	4000.000	1.0000
16	Spectrogram 1	1	5382.102093750	5382.124843750	1400.000	4000.000	1.0000
17	Waveform 1	1	6653.960343750	6653.970093750	1400.000	4000.000	1.0000
17	Spectrogram 1	1	6653.960343750	6653.970093750	1400.000	4000.000	1.0000
18	Waveform 1	1	6897.133468750	6897.151343750	1400.000	4000.000	1.0000
18	Spectrogram 1	1	6897.133468750	6897.151343750	1400.000	4000.000	1.0000
19	Waveform 1	1	7568.669593750	7568.682593750	1400.000	4000.000	1.0000
19	Spectrogram 1	1	7568.669593750	7568.682593750	1400.000	4000.000	1.0000
20	Waveform 1	1	8105.392468750	8105.407093750	1400.000	4000.000	1.0000
20	Spectrogram 1	1	8105.392468750	8105.407093750	1400.000	4000.000	1.0000
21	Waveform 1	1	8534.463968750	8534.475343750	1400.000	4000.000	1.0000
21	Spectrogram 1	1	8534.463968750	8534.475343750	1400.000	4000.000	1.0000
22	Waveform 1	1	10083.701593750	10083.712968750	1400.000	4000.000	1.0000
22	Spectrogram 1	1	10083.701593750	10083.712968750	1400.000	4000.000	1.0000
23	Waveform 1	1	15087.055468750	15087.071718750	1400.000	4000.000	1.0000
23	Spectrogram 1	1	15087.055468750	15087.071718750	1400.000	4000.000	1.0000
24	Waveform 1	1	16999.652843750	16999.665843750	1400.000	4000.000	1.0000
24	Spectrogram 1	1	16999.652843750	16999.665843750	1400.000	4000.000	1.0000
25	Waveform 1	1	18702.116593750	18702.145843750	1400.000	4000.000	1.0000
25	Spectrogram 1	1	18702.116593750	18702.145843750	1400.000	4000.000	1.0000
26	Waveform 1	1	18742.258968750	18742.267093750	1400.000	4000.000	1.0000
26	Spectrogram 1	1	18742.258968750	18742.267093750	1400.000	4000.000	1.0000
27	Waveform 1	1	19646.200968750	19646.218843750	1400.000	4000.000	1.0000
27	Spectrogram 1	1	19646.200968750	19646.218843750	1400.000	4000.000	1.0000
28	Waveform 1	1	25288.031968750	25288.048218750	1400.000	4000.000	1.0000
28	Spectrogram 1	1	25288.031968750	25288.048218750	1400.000	4000.000	1.0000
29	Waveform 1	1	25456.105718750	25456.121968750	1400.000	4000.000	1.0000
29	Spectrogram 1	1	25456.105718750	25456.121968750	1400.000	4000.000	1.0000
30	Waveform 1	1	26659.959343750	26659.967468750	1400.000	4000.000	1.0000
30	Spectrogram 1	1	26659.959343750	26659.967468750	1400.000	4000.000	1.0000
31	Waveform 1	1	29884.102343750	29884.112093750	1400.000	4000.000	1.0000
31	Spectrogram 1	1	29884.102343750	29884.112093750	1400.000	4000.000	1.0000
32	Waveform 1	1	30393.092968750	30393.101093750	1400.000	4000.000	1.0000
32	Spectrogram 1	1	30393.092968750	30393.101093750	1400.000	4000.000	1.0000
33	Waveform 1	1	30539.251968750	30539.264968750	1400.000	4000.000	1.0000
33	Spectrogram 1	1	30539.251968750	30539.264968750	1400.000	4000.000	1.0000
34	Waveform 1	1	30933.164968750	30933.181218750	1400.000	4000.000	1.0000
34	Spectrogram 1	1	30933.164968750	30933.181218750	1400.000	4000.000	1.0000
35	Waveform 1	1	31024.714218750	31024.736968750	1400.000	4000.000	1.0000
35	Spectrogram 1	1	31024.714218750	31024.736968750	1400.000	4000.000	1.0000
36	Waveform 1	1	31284.179593750	31284.192593750	1400.000	4000.000	1.0000
36	Spectrogram 1	1	31284.179593750	31284.192593750	1400.000	4000.000	1.0000
37	Waveform 1	1	31477.812968750	31477.827593750	1400.000	4000.000	1.0000
37	Spectrogram 1	1	31477.812968750	31477.827593750	1400.000	4000.000	1.0000
38	Waveform 1	1	31503.603343750	31503.619593750	1400.000	4000.000	1.0000
38	Spectrogram 1	1	31503.603343750	31503.619593750	1400.000	4000.000	1.0000
39	Waveform 1	1	31510.194343750	31510.207343750	1400.000	4000.000	1.0000
39	Spectrogram 1	1	31510.194343750	31510.207343750	1400.000	4000.000	1.0000
40	Waveform 1	1	31943.487593750	31943.508718750	1400.000	4000.000	1.0000
40	Spectrogram 1	1	31943.487593750	31943.508718750	1400.000	4000.000	1.0000
41	Waveform 1	1	32022.693343750	32022.707968750	1400.000	4000.000	1.0000
41	Spectrogram 1	1	32022.693343750	32022.707968750	1400.000	4000.000	1.0000
42	Waveform 1	1	32199.761468750	32199.774468750	1400.000	4000.000	1.0000
42	Spectrogram 1	1	32199.761468750	32199.774468750	1400.000	4000.000	1.0000
43	Waveform 1	1	32271.230593750	32271.245218750	1400.000	4000.000	1.0000
43	Spectrogram 1	1	32271.230593750	32271.245218750	1400.000	4000.000	1.0000
44	Waveform 1	1	32406.064968750	32406.079593750	1400.000	4000.000	1.0000
44	Spectrogram 1	1	32406.064968750	32406.079593750	1400.000	4000.000	1.0000
45	Waveform 1	1	32412.168468750	32412.179843750	1400.000	4000.000	1.0000
45	Spectrogram 1	1	32412.168468750	32412.179843750	1400.000	4000.000	1.0000
46	Waveform 1	1	32424.815843750	32424.843468750	1400.000	4000.000	1.0000
46	Spectrogram 1	1	32424.815843750	32424.843468750	1400.000	4000.000	1.0000
47	Waveform 1	1	32573.357093750	32573.378218750	1400.000	4000.000	1.0000
47	Spectrogram 1	1	32573.357093750	32573.378218750	1400.000	4000.000	1.0000
48	Waveform 1	1	32615.910968750	32615.919093750	1400.000	4000.000	1.0000
48	Spectrogram 1	1	32615.910968750	32615.919093750	1400.000	4000.000	1.0000
49	Waveform 1	1	32619.799593750	32619.817468750	1400.000	4000.000	1.0000
49	Spectrogram 1	1	32619.799593750	32619.817468750	1400.000	4000.000	1.0000
50	Waveform 1	1	32639.822843750	32639.830968750	1400.000	4000.000	1.0000
50	Spectrogram 1	1	32639.822843750	32639.830968750	1400.000	4000.000	1.0000
51	Waveform 1	1	32641.290218750	32641.303218750	1400.000	4000.000	1.0000
51	Spectrogram 1	1	32641.290218750	32641.303218750	1400.000	4000.000	1.0000
52	Waveform 1	1	32992.410468750	32992.425093750	1400.000	4000.000	1.0000
52	Spectrogram 1	1	32992.410468750	32992.425093750	1400.000	4000.000	1.0000
53	Waveform 1	1	33865.051718750	33865.061468750	1400.000	4000.000	1.0000
53	Spectrogram 1	1	33865.051718750	33865.061468750	1400.000	4000.000	1.0000
54	Waveform 1	1	34220.575718750	34220.593593750	1400.000	4000.000	1.0000
54	Spectrogram 1	1	34220.575718750	34220.593593750	1400.000	4000.000	1.0000
55	Waveform 1	1	34680.364593750	34680.380843750	1400.000	4000.000	1.0000
55	Spectrogram 1	1	34680.364593750	34680.380843750	1400.000	4000.000	1.0000
56	Waveform 1	1	34700.551968750	34700.561718750	1400.000	4000.000	1.0000
56	Spectrogram 1	1	34700.551968750	34700.561718750	1400.000	4000.000	1.0000
57	Waveform 1	1	34734.160218750	34734.178093750	1400.000	4000.000	1.0000
57	Spectrogram 1	1	34734.160218750	34734.178093750	1400.000	4000.000	1.0000
58	Waveform 1	1	34866.717968750	34866.732593750	1400.000	4000.000	1.0000
58	Spectrogram 1	1	34866.717968750	34866.732593750	1400.000	4000.000	1.0000
59	Waveform 1	1	34871.932593750	34871.943968750	1400.000	4000.000	1.0000
59	Spectrogram 1	1	34871.932593750	34871.943968750	1400.000	4000.000	1.0000
60	Waveform 1	1	34997.371218750	34997.382593750	1400.000	4000.000	1.0000
60	Spectrogram 1	1	34997.371218750	34997.382593750	1400.000	4000.000	1.0000
61	Waveform 1	1	35159.032718750	35159.047343750	1400.000	4000.000	1.0000
61	Spectrogram 1	1	35159.032718750	35159.047343750	1400.000	4000.000	1.0000
62	Waveform 1	1	35162.580093750	35162.601218750	1400.000	4000.000	1.0000
62	Spectrogram 1	1	35162.580093750	35162.601218750	1400.000	4000.000	1.0000
63	Waveform 1	1	35167.531468750	35167.555843750	1400.000	4000.000	1.0000
63	Spectrogram 1	1	35167.531468750	35167.555843750	1400.000	4000.000	1.0000
64	Waveform 1	1	35171.605343750	35171.628093750	1400.000	4000.000	1.0000
64	Spectrogram 1	1	35171.605343750	35171.628093750	1400.000	4000.000	1.0000
65	Waveform 1	1	35178.033843750	35178.054968750	1400.000	4000.000	1.0000
65	Spectrogram 1	1	35178.033843750	35178.054968750	1400.000	4000.000	1.0000
66	Waveform 1	1	35185.876093750	35185.900468750	1400.000	4000.000	1.0000
66	Spectrogram 1	1	35185.876093750	35185.900468750	1400.000	4000.000	1.0000
67	Waveform 1	1	35214.490718750	35214.502093750	1400.000	4000.000	1.0000
67	Spectrogram 1	1	35214.490718750	35214.502093750	1400.000	4000.000	1.0000
68	Waveform 1	1	35317.180968750	35317.195593750	1400.000	4000.000	1.0000
68	Spectrogram 1	1	35317.180968750	35317.195593750	1400.000	4000.000	1.0000
69	Waveform 1	1	35446.488718750	35446.501718750	1400.000	4000.000	1.0000
69	Spectrogram 1	1	35446.488718750	35446.501718750	1400.000	4000.000	1.0000
70	Waveform 1	1	35749.764093750	35749.786843750	1400.000	4000.000	1.0000
70	Spectrogram 1	1	35749.764093750	35749.786843750	1400.000	4000.000	1.0000
71	Waveform 1	1	36309.547343750	36309.558718750	1400.000	4000.000	1.0000
71	Spectrogram 1	1	36309.547343750	36309.558718750	1400.000	4000.000	1.0000
72	Waveform 1	1	36676.672218750	36676.698218750	1400.000	4000.000	1.0000
72	Spectrogram 1	1	36676.672218750	36676.698218750	1400.000	4000.000	1.0000
73	Waveform 1	1	36884.173343750	36884.189593750	1400.000	4000.000	1.0000
73	Spectrogram 1	1	36884.173343750	36884.189593750	1400.000	4000.000	1.0000
74	Waveform 1	1	37383.370093750	37383.389593750	1400.000	4000.000	1.0000
74	Spectrogram 1	1	37383.370093750	37383.389593750	1400.000	4000.000	1.0000
75	Waveform 1	1	37392.253968750	37392.263718750	1400.000	4000.000	1.0000
75	Spectrogram 1	1	37392.253968750	37392.263718750	1400.000	4000.000	1.0000
76	Waveform 1	1	37459.122718750	37459.132468750	1400.000	4000.000	1.0000
76	Spectrogram 1	1	37459.122718750	37459.132468750	1400.000	4000.000	1.0000
77	Waveform 1	1	37527.736718750	37527.751343750	1400.000	4000.000	1.0000
77	Spectrogram 1	1	37527.736718750	37527.751343750	1400.000	4000.000	1.0000
78	Waveform 1	1	38549.769093750	38549.793468750	1400.000	4000.000	1.0000
78	Spectrogram 1	1	38549.769093750	38549.793468750	1400.000	4000.000	1.0000
79	Waveform 1	1	38554.754593750	38554.765968750	1400.000	4000.000	1.0000
79	Spectrogram 1	1	38554.754593750	38554.765968750	1400.000	4000.000	1.0000
80	Waveform 1	1	39438.293093750	39438.304468750	1400.000	4000.000	1.0000
80	Spectrogram 1	1	39438.293093750	39438.304468750	1400.000	4000.000	1.0000
81	Waveform 1	1	39463.542343750	39463.555343750	1400.000	4000.000	1.0000
81	Spectrogram 1	1	39463.542343750	39463.555343750	1400.000	4000.000	1.0000
82	Waveform 1	1	39899.284468750	39899.294218750	1400.000	4000.000	1.0000
82	Spectrogram 1	1	39899.284468750	39899.294218750	1400.000	4000.000	1.0000
83	Waveform 1	1	40227.817218750	40227.830218750	1400.000	4000.000	1.0000
83	Spectrogram 1	1	40227.817218750	40227.830218750	1400.000	4000.000	1.0000
84	Waveform 1	1	43240.926343750	43240.937718750	1400.000	4000.000	1.0000
84	Spectrogram 1	1	43240.926343750	43240.937718750	1400.000	4000.000	1.0000
85	Waveform 1	1	43255.348218750	43255.367718750	1400.000	4000.000	1.0000
85	Spectrogram 1	1	43255.348218750	43255.367718750	1400.000	4000.000	1.0000
86	Waveform 1	1	44991.753343750	44991.761468750	1400.000	4000.000	1.0000
86	Spectrogram 1	1	44991.753343750	44991.761468750	1400.000	4000.000	1.0000
87	Waveform 1	1	46887.731843750	46887.749718750	1400.000	4000.000	1.0000
87	Spectrogram 1	1	46887.731843750	46887.749718750	1400.000	4000.000	1.0000
88	Waveform 1	1	47159.618718750	47159.630093750	1400.000	4000.000	1.0000
88	Spectrogram 1	1	47159.618718750	47159.630093750	1400.000	4000.000	1.0000
89	Waveform 1	1	47567.994218750	47568.015343750	1400.000	4000.000	1.0000
89	Spectrogram 1	1	47567.994218750	47568.015343750	1400.000	4000.000	1.0000
90	Waveform 1	1	47568.406968750	47568.431343750	1400.000	4000.000	1.0000
90	Spectrogram 1	1	47568.406968750	47568.431343750	1400.000	4000.000	1.0000
91	Waveform 1	1	47669.036718750	47669.052968750	1400.000	4000.000	1.0000
91	Spectrogram 1	1	47669.036718750	47669.052968750	1400.000	4000.000	1.0000
92	Waveform 1	1	47669.439718750	47669.447843750	1400.000	4000.000	1.0000
92	Spectrogram 1	1	47669.439718750	47669.447843750	1400.000	4000.000	1.0000
93	Waveform 1	1	47684.054968750	47684.071218750	1400.000	4000.000	1.0000
93	Spectrogram 1	1	47684.054968750	47684.071218750	1400.000	4000.000	1.0000
94	Waveform 1	1	47684.461218750	47684.469343750	1400.000	4000.000	1.0000
94	Spectrogram 1	1	47684.461218750	47684.469343750	1400.000	4000.000	1.0000
95	Waveform 1	1	47789.991968750	47790.000093750	1400.000	4000.000	1.0000
95	Spectrogram 1	1	47789.991968750	47790.000093750	1400.000	4000.000	1.0000
96	Waveform 1	1	48074.012718750	48074.040343750	1400.000	4000.000	1.0000
96	Spectrogram 1	1	48074.012718750	48074.040343750	1400.000	4000.000	1.0000
97	Waveform 1	1	48081.128593750	48081.148093750	1400.000	4000.000	1.0000
97	Spectrogram 1	1	48081.128593750	48081.148093750	1400.000	4000.000	1.0000
98	Waveform 1	1	48142.759968750	48142.777843750	1400.000	4000.000	1.0000
98	Spectrogram 1	1	48142.759968750	48142.777843750	1400.000	4000.000	1.0000
99	Waveform 1	1	48742.263093750	48742.271218750	1400.000	4000.000	1.0000
99	Spectrogram 1	1	48742.263093750	48742.271218750	1400.000	4000.000	1.0000
100	Waveform 1	1	48753.889968750	48753.899718750	1400.000	4000.000	1.0000
100	Spectrogram 1	1	48753.889968750	48753.899718750	1400.000	4000.000	1.0000
101	Waveform 1	1	48913.996343750	48914.019093750	1400.000	4000.000	1.0000
101	Spectrogram 1	1	48913.996343750	48914.019093750	1400.000	4000.000	1.0000
102	Waveform 1	1	48948.165218750	48948.191218750	1400.000	4000.000	1.0000
102	Spectrogram 1	1	48948.165218750	48948.191218750	1400.000	4000.000	1.0000
103	Waveform 1	1	49029.579343750	49029.589093750	1400.000	4000.000	1.0000
103	Spectrogram 1	1	49029.579343750	49029.589093750	1400.000	4000.000	1.0000
104	Waveform 1	1	49206.735218750	49206.761218750	1400.000	4000.000	1.0000
104	Spectrogram 1	1	49206.735218750	49206.761218750	1400.000	4000.000	1.0000
105	Waveform 1	1	50180.938968750	50180.958468750	1400.000	4000.000	1.0000
105	Spectrogram 1	1	50180.938968750	50180.958468750	1400.000	4000.000	1.0000
106	Waveform 1	1	51543.426718750	51543.449468750	1400.000	4000.000	1.0000
106	Spectrogram 1	1	51543.426718750	51543.449468750	1400.000	4000.000	1.0000
107	Waveform 1	1	51820.934468750	51820.947468750	1400.000	4000.000	1.0000
107	Spectrogram 1	1	51820.934468750	51820.947468750	1400.000	4000.000	1.0000
108	Waveform 1	1	51926.138593750	51926.154843750	1400.000	4000.000	1.0000
108	Spectrogram 1	1	51926.138593750	51926.154843750	1400.000	4000.000	1.0000
109	Waveform 1	1	51994.554343750	51994.562468750	1400.000	4000.000	1.0000
109	Spectrogram 1	1	51994.554343750	51994.562468750	1400.000	4000.000	1.0000
110	Waveform 1	1	52080.562343750	52080.573718750	1400.000	4000.000	1.0000
110	Spectrogram 1	1	52080.562343750	52080.573718750	1400.000	4000.000	1.0000
111	Waveform 1	1	52144.727093750	52144.744968750	1400.000	4000.000	1.0000
111	Spectrogram 1	1	52144.727093750	52144.744968750	1400.000	4000.000	1.0000
112	Waveform 1	1	52204.653843750	52204.665218750	1400.000	4000.000	1.0000
112	Spectrogram 1	1	52204.653843750	52204.665218750	1400.000	4000.000	1.0000
113	Waveform 1	1	52228.295968750	52228.318718750	1400.000	4000.000	1.0000
113	Spectrogram 1	1	52228.295968750	52228.318718750	1400.000	4000.000	1.0000
114	Waveform 1	1	52229.124718750	52229.139343750	1400.000	4000.000	1.0000
114	Spectrogram 1	1	52229.124718750	52229.139343750	1400.000	4000.000	1.0000
115	Waveform 1	1	52242.579718750	52242.597593750	1400.000	4000.000	1.0000
115	Spectrogram 1	1	52242.579718750	52242.597593750	1400.000	4000.000	1.0000
116	Waveform 1	1	52249.897093750	52249.908468750	1400.000	4000.000	1.0000
116	Spectrogram 1	1	52249.897093750	52249.908468750	1400.000	4000.000	1.0000
117	Waveform 1	1	52256.176093750	52256.195593750	1400.000	4000.000	1.0000
117	Spectrogram 1	1	52256.176093750	52256.195593750	1400.000	4000.000	1.0000
118	Waveform 1	1	52263.472343750	52263.493468750	1400.000	4000.000	1.0000
118	Spectrogram 1	1	52263.472343750	52263.493468750	1400.000	4000.000	1.0000
119	Waveform 1	1	52268.300218750	52268.322968750	1400.000	4000.000	1.0000
119	Spectrogram 1	1	52268.300218750	52268.322968750	1400.000	4000.000	1.0000
120	Waveform 1	1	52273.487218750	52273.505093750	1400.000	4000.000	1.0000
120	Spectrogram 1	1	52273.487218750	52273.505093750	1400.000	4000.000	1.0000
121	Waveform 1	1	52357.855593750	52357.873468750	1400.000	4000.000	1.0000
121	Spectrogram 1	1	52357.855593750	52357.873468750	1400.000	4000.000	1.0000
122	Waveform 1	1	52374.931093750	52374.948968750	1400.000	4000.000	1.0000
122	Spectrogram 1	1	52374.931093750	52374.948968750	1400.000	4000.000	1.0000
123	Waveform 1	1	52378.725468750	52378.741718750	1400.000	4000.000	1.0000
123	Spectrogram 1	1	52378.725468750	52378.741718750	1400.000	4000.000	1.0000
124	Waveform 1	1	52384.360968750	52384.375593750	1400.000	4000.000	1.0000
124	Spectrogram 1	1	52384.360968750	52384.375593750	1400.000	4000.000	1.0000
125	Waveform 1	1	52394.923468750	52394.941343750	1400.000	4000.000	1.0000
125	Spectrogram 1	1	52394.923468750	52394.941343750	1400.000	4000.000	1.0000
126	Waveform 1	1	52397.637218750	52397.655093750	1400.000	4000.000	1.0000
126	Spectrogram 1	1	52397.637218750	52397.655093750	1400.000	4000.000	1.0000
127	Waveform 1	1	52401.876843750	52401.899593750	1400.000	4000.000	1.0000
127	Spectrogram 1	1	52401.876843750	52401.899593750	1400.000	4000.000	1.0000
128	Waveform 1	1	52451.702593750	52451.710718750	1400.000	4000.000	1.0000
128	Spectrogram 1	1	52451.702593750	52451.710718750	1400.000	4000.000	1.0000
129	Waveform 1	1	52455.691968750	52455.708218750	1400.000	4000.000	1.0000
129	Spectrogram 1	1	52455.691968750	52455.708218750	1400.000	4000.000	1.0000
130	Waveform 1	1	52474.267343750	52474.280343750	1400.000	4000.000	1.0000
130	Spectrogram 1	1	52474.267343750	52474.280343750	1400.000	4000.000	1.0000
131	Waveform 1	1	52475.055468750	52475.083093750	1400.000	4000.000	1.0000
131	Spectrogram 1	1	52475.055468750	52475.083093750	1400.000	4000.000	1.0000
132	Waveform 1	1	52620.549843750	52620.569343750	1400.000	4000.000	1.0000
132	Spectrogram 1	1	52620.549843750	52620.569343750	1400.000	4000.000	1.0000
133	Waveform 1	1	52626.424218750	52626.433968750	1400.000	4000.000	1.0000
133	Spectrogram 1	1	52626.424218750	52626.433968750	1400.000	4000.000	1.0000
134	Waveform 1	1	52626.667968750	52626.685843750	1400.000	4000.000	1.0000
134	Spectrogram 1	1	52626.667968750	52626.685843750	1400.000	4000.000	1.0000
135	Waveform 1	1	52634.653218750	52634.671093750	1400.000	4000.000	1.0000
135	Spectrogram 1	1	52634.653218750	52634.671093750	1400.000	4000.000	1.0000
136	Waveform 1	1	52634.734468750	52634.745843750	1400.000	4000.000	1.0000
136	Spectrogram 1	1	52634.734468750	52634.745843750	1400.000	4000.000	1.0000
137	Waveform 1	1	52649.252218750	52649.265218750	1400.000	4000.000	1.0000
137	Spectrogram 1	1	52649.252218750	52649.265218750	1400.000	4000.000	1.0000
138	Waveform 1	1	52672.406843750	52672.416593750	1400.000	4000.000	1.0000
138	Spectrogram 1	1	52672.406843750	52672.416593750	1400.000	4000.000	1.0000
139	Waveform 1	1	52733.102218750	52733.115218750	1400.000	4000.000	1.0000
139	Spectrogram 1	1	52733.102218750	52733.115218750	1400.000	4000.000	1.0000
140	Waveform 1	1	52760.096718750	52760.104843750	1400.000	4000.000	1.0000
140	Spectrogram 1	1	52760.096718750	52760.104843750	1400.000	4000.000	1.0000
141	Waveform 1	1	53397.559843750	53397.571218750	1400.000	4000.000	1.0000
141	Spectrogram 1	1	53397.559843750	53397.571218750	1400.000	4000.000	1.0000
142	Waveform 1	1	53412.756843750	53412.766593750	1400.000	4000.000	1.0000
142	Spectrogram 1	1	53412.756843750	53412.766593750	1400.000	4000.000	1.0000
143	Waveform 1	1	53591.602718750	53591.618968750	1400.000	4000.000	1.0000
143	Spectrogram 1	1	53591.602718750	53591.618968750	1400.000	4000.000	1.0000
144	Waveform 1	1	53934.874218750	53934.895343750	1400.000	4000.000	1.0000
144	Spectrogram 1	1	53934.874218750	53934.895343750	1400.000	4000.000	1.0000
145	Waveform 1	1	54206.998343750	54207.017843750	1400.000	4000.000	1.0000
145	Spectrogram 1	1	54206.998343750	54207.017843750	1400.000	4000.000	1.0000
146	Waveform 1	1	54302.598718750	54302.610093750	1400.000	4000.000	1.0000
146	Spectrogram 1	1	54302.598718750	54302.610093750	1400.000	4000.000	1.0000
147	Waveform 1	1	54482.686093750	54482.708843750	1400.000	4000.000	1.0000
147	Spectrogram 1	1	54482.686093750	54482.708843750	1400.000	4000.000	1.0000
148	Waveform 1	1	54482.998093750	54483.014343750	1400.000	4000.000	1.0000
148	Spectrogram 1	1	54482.998093750	54483.014343750	1400.000	4000.000	1.0000
149	Waveform 1	1	54535.430343750	54535.448218750	1400.000	4000.000	1.0000
149	Spectrogram 1	1	54535.430343750	54535.448218750	1400.000	4000.000	1.0000
150	Waveform 1	1	54595.974593750	54595.987593750	1400.000	4000.000	1.0000
150	Spectrogram 1	1	54595.974593750	54595.987593750	1400.000	4000.000	1.0000
151	Waveform 1	1	54734.400218750	54734.413218750	1400.000	4000.000	1.0000
151	Spectrogram 1	1	54734.400218750	54734.413218750	1400.000	4000.000	1.0000
152	Waveform 1	1	54870.909968750	54870.918093750	1400.000	4000.000	1.0000
152	Spectrogram 1	1	54870.909968750	54870.918093750	1400.000	4000.000	1.0000
153	Waveform 1	1	54880.295968750	54880.307343750	1400.000	4000.000	1.0000
153	Spectrogram 1	1	54880.295968750	54880.307343750	1400.000	4000.000	1.0000
154	Waveform 1	1	54974.329843750	54974.341218750	1400.000	4000.000	1.0000
154	Spectrogram 1	1	54974.329843750	54974.341218750	1400.000	4000.000	1.0000
155	Waveform 1	1	54980.867218750	54980.891593750	1400.000	4000.000	1.0000
155	Spectrogram 1	1	54980.867218750	54980.891593750	1400.000	4000.000	1.0000
156	Waveform 1	1	54997.312218750	54997.320343750	1400.000	4000.000	1.0000
156	Spectrogram 1	1	54997.312218750	54997.320343750	1400.000	4000.000	1.0000
157	Waveform 1	1	55001.730593750	55001.741968750	1400.000	4000.000	1.0000
157	Spectrogram 1	1	55001.730593750	55001.741968750	1400.000	4000.000	1.0000
158	Waveform 1	1	55006.272468750	55006.295218750	1400.000	4000.000	1.0000
158	Spectrogram 1	1	55006.272468750	55006.295218750	1400.000	4000.000	1.0000
159	Waveform 1	1	55014.953218750	55014.982468750	1400.000	4000.000	1.0000
159	Spectrogram 1	1	55014.953218750	55014.982468750	1400.000	4000.000	1.0000
160	Waveform 1	1	55091.432218750	55091.451718750	1400.000	4000.000	1.0000
160	Spectrogram 1	1	55091.432218750	55091.451718750	1400.000	4000.000	1.0000
161	Waveform 1	1	55091.646718750	55091.661343750	1400.000	4000.000	1.0000
161	Spectrogram 1	1	55091.646718750	55091.661343750	1400.000	4000.000	1.0000
162	Waveform 1	1	55127.895593750	55127.921593750	1400.000	4000.000	1.0000
162	Spectrogram 1	1	55127.895593750	55127.921593750	1400.000	4000.000	1.0000
163	Waveform 1	1	55128.769843750	55128.782843750	1400.000	4000.000	1.0000
163	Spectrogram 1	1	55128.769843750	55128.782843750	1400.000	4000.000	1.0000
164	Waveform 1	1	55132.625968750	55132.642218750	1400.000	4000.000	1.0000
164	Spectrogram 1	1	55132.625968750	55132.642218750	1400.000	4000.000	1.0000
165	Waveform 1	1	55150.408343750	55150.418093750	1400.000	4000.000	1.0000
165	Spectrogram 1	1	55150.408343750	55150.418093750	1400.000	4000.000	1.0000
166	Waveform 1	1	55176.052468750	55176.080093750	1400.000	4000.000	1.0000
166	Spectrogram 1	1	55176.052468750	55176.080093750	1400.000	4000.000	1.0000
167	Waveform 1	1	55199.744968750	55199.753093750	1400.000	4000.000	1.0000
167	Spectrogram 1	1	55199.744968750	55199.753093750	1400.000	4000.000	1.0000
168	Waveform 1	1	55202.076843750	55202.106093750	1400.000	4000.000	1.0000
168	Spectrogram 1	1	55202.076843750	55202.106093750	1400.000	4000.000	1.0000
169	Waveform 1	1	55202.346593750	55202.374218750	1400.000	4000.000	1.0000
169	Spectrogram 1	1	55202.346593750	55202.374218750	1400.000	4000.000	1.0000
170	Waveform 1	1	55250.178468750	55250.204468750	1400.000	4000.000	0.7500
170	Spectrogram 1	1	55250.178468750	55250.204468750	1400.000	4000.000	0.7500
171	Waveform 1	1	55262.679593750	55262.695843750	1400.000	4000.000	1.0000
171	Spectrogram 1	1	55262.679593750	55262.695843750	1400.000	4000.000	1.0000
172	Waveform 1	1	55326.122843750	55326.142343750	1400.000	4000.000	1.0000
172	Spectrogram 1	1	55326.122843750	55326.142343750	1400.000	4000.000	1.0000
173	Waveform 1	1	55336.794218750	55336.802343750	1400.000	4000.000	1.0000
173	Spectrogram 1	1	55336.794218750	55336.802343750	1400.000	4000.000	1.0000
174	Waveform 1	1	55336.883593750	55336.896593750	1400.000	4000.000	1.0000
174	Spectrogram 1	1	55336.883593750	55336.896593750	1400.000	4000.000	1.0000
175	Waveform 1	1	55337.860218750	55337.871593750	1400.000	4000.000	1.0000
175	Spectrogram 1	1	55337.860218750	55337.871593750	1400.000	4000.000	1.0000
176	Waveform 1	1	55358.881218750	55358.894218750	1400.000	4000.000	1.0000
176	Spectrogram 1	1	55358.881218750	55358.894218750	1400.000	4000.000	1.0000
177	Waveform 1	1	55365.639593750	55365.655843750	1400.000	4000.000	1.0000
177	Spectrogram 1	1	55365.639593750	55365.655843750	1400.000	4000.000	1.0000
178	Waveform 1	1	55395.838593750	55395.846718750	1400.000	4000.000	1.0000
178	Spectrogram 1	1	55395.838593750	55395.846718750	1400.000	4000.000	1.0000
179	Waveform 1	1	55467.250843750	55467.271968750	1400.000	4000.000	1.0000
179	Spectrogram 1	1	55467.250843750	55467.271968750	1400.000	4000.000	1.0000
180	Waveform 1	1	55484.430343750	55484.438468750	1400.000	4000.000	1.0000
180	Spectrogram 1	1	55484.430343750	55484.438468750	1400.000	4000.000	1.0000
181	Waveform 1	1	55515.662843750	55515.683968750	1400.000	4000.000	1.0000
181	Spectrogram 1	1	55515.662843750	55515.683968750	1400.000	4000.000	1.0000
182	Waveform 1	1	55542.667093750	55542.694718750	1400.000	4000.000	1.0000
182	Spectrogram 1	1	55542.667093750	55542.694718750	1400.000	4000.000	1.0000
183	Waveform 1	1	55686.864718750	55686.877718750	1400.000	4000.000	1.0000
183	Spectrogram 1	1	55686.864718750	55686.877718750	1400.000	4000.000	1.0000
184	Waveform 1	1	55701.252468750	55701.270343750	1400.000	4000.000	1.0000
184	Spectrogram 1	1	55701.252468750	55701.270343750	1400.000	4000.000	1.0000
185	Waveform 1	1	55712.104218750	55712.118843750	1400.000	4000.000	1.0000
185	Spectrogram 1	1	55712.104218750	55712.118843750	1400.000	4000.000	1.0000
186	Waveform 1	1	55969.489593750	55969.512343750	1400.000	4000.000	1.0000
186	Spectrogram 1	1	55969.489593750	55969.512343750	1400.000	4000.000	1.0000
187	Waveform 1	1	56365.292468750	56365.302218750	1400.000	4000.000	1.0000
187	Spectrogram 1	1	56365.292468750	56365.302218750	1400.000	4000.000	1.0000
188	Waveform 1	1	56460.101468750	56460.114468750	1400.000	4000.000	1.0000
188	Spectrogram 1	1	56460.101468750	56460.114468750	1400.000	4000.000	1.0000
189	Waveform 1	1	56572.013593750	56572.026593750	1400.000	4000.000	1.0000
189	Spectrogram 1	1	56572.013593750	56572.026593750	1400.000	4000.000	1.0000
190	Waveform 1	1	56585.333718750	56585.343468750	1400.000	4000.000	1.0000
190	Spectrogram 1	1	56585.333718750	56585.343468750	1400.000	4000.000	1.0000
191	Waveform 1	1	56682.175593750	56682.185343750	1400.000	4000.000	1.0000
191	Spectrogram 1	1	56682.175593750	56682.185343750	1400.000	4000.000	1.0000
192	Waveform 1	1	56682.546093750	56682.557468750	1400.000	4000.000	1.0000
192	Spectrogram 1	1	56682.546093750	56682.557468750	1400.000	4000.000	1.0000
193	Waveform 1	1	56767.059093750	56767.078593750	1400.000	4000.000	1.0000
193	Spectrogram 1	1	56767.059093750	56767.078593750	1400.000	4000.000	1.0000
194	Waveform 1	1	57133.868718750	57133.883343750	1400.000	4000.000	1.0000
194	Spectrogram 1	1	57133.868718750	57133.883343750	1400.000	4000.000	1.0000
195	Waveform 1	1	57292.866843750	57292.874968750	1400.000	4000.000	1.0000
195	Spectrogram 1	1	57292.866843750	57292.874968750	1400.000	4000.000	1.0000
196	Waveform 1	1	57295.294593750	57295.305968750	1400.000	4000.000	1.0000
196	Spectrogram 1	1	57295.294593750	57295.305968750	1400.000	4000.000	1.0000
197	Waveform 1	1	57331.909093750	57331.917218750	1400.000	4000.000	1.0000
197	Spectrogram 1	1	57331.909093750	57331.917218750	1400.000	4000.000	1.0000
198	Waveform 1	1	57345.403093750	57345.412843750	1400.000	4000.000	1.0000
198	Spectrogram 1	1	57345.403093750	57345.412843750	1400.000	4000.000	1.0000
199	Waveform 1	1	57347.281593750	57347.289718750	1400.000	4000.000	1.0000
199	Spectrogram 1	1	57347.281593750	57347.289718750	1400.000	4000.000	1.0000
200	Waveform 1	1	57376.380468750	57376.393468750	1400.000	4000.000	1.0000
200	Spectrogram 1	1	57376.380468750	57376.393468750	1400.000	4000.000	1.0000
201	Waveform 1	1	57379.544343750	57379.557343750	1400.000	4000.000	1.0000
201	Spectrogram 1	1	57379.544343750	57379.557343750	1400.000	4000.000	1.0000
202	Waveform 1	1	57516.210093750	57516.231218750	1400.000	4000.000	1.0000
202	Spectrogram 1	1	57516.210093750	57516.231218750	1400.000	4000.000	1.0000
203	Waveform 1	1	57516.515593750	57516.525343750	1400.000	4000.000	1.0000
203	Spectrogram 1	1	57516.515593750	57516.525343750	1400.000	4000.000	1.0000
204	Waveform 1	1	57552.904218750	57552.920468750	1400.000	4000.000	1.0000
204	Spectrogram 1	1	57552.904218750	57552.920468750	1400.000	4000.000	1.0000
205	Waveform 1	1	57632.220468750	57632.230218750	1400.000	4000.000	1.0000
205	Spectrogram 1	1	57632.220468750	57632.230218750	1400.000	4000.000	1.0000
206	Waveform 1	1	57662.640468750	57662.650218750	1400.000	4000.000	1.0000
206	Spectrogram 1	1	57662.640468750	57662.650218750	1400.000	4000.000	1.0000
207	Waveform 1	1	57706.149843750	57706.162843750	1400.000	4000.000	1.0000
207	Spectrogram 1	1	57706.149843750	57706.162843750	1400.000	4000.000	1.0000
208	Waveform 1	1	57838.532093750	57838.540218750	1400.000	4000.000	1.0000
208	Spectrogram 1	1	57838.532093750	57838.540218750	1400.000	4000.000	1.0000
209	Waveform 1	1	57847.035718750	57847.045468750	1400.000	4000.000	1.0000
209	Spectrogram 1	1	57847.035718750	57847.045468750	1400.000	4000.000	1.0000
210	Waveform 1	1	57960.504593750	57960.519218750	1400.000	4000.000	1.0000
210	Spectrogram 1	1	57960.504593750	57960.519218750	1400.000	4000.000	1.0000
211	Waveform 1	1	57984.799968750	57984.814593750	1400.000	4000.000	1.0000
211	Spectrogram 1	1	57984.799968750	57984.814593750	1400.000	4000.000	1.0000
212	Waveform 1	1	57990.970093750	57990.984718750	1400.000	4000.000	1.0000
212	Spectrogram 1	1	57990.970093750	57990.984718750	1400.000	4000.000	1.0000
213	Waveform 1	1	57995.555843750	57995.570468750	1400.000	4000.000	1.0000
213	Spectrogram 1	1	57995.555843750	57995.570468750	1400.000	4000.000	1.0000
214	Waveform 1	1	58015.796843750	58015.808218750	1400.000	4000.000	1.0000
214	Spectrogram 1	1	58015.796843750	58015.808218750	1400.000	4000.000	1.0000
215	Waveform 1	1	58161.599968750	58161.611343750	1400.000	4000.000	1.0000
215	Spectrogram 1	1	58161.599968750	58161.611343750	1400.000	4000.000	1.0000
216	Waveform 1	1	58215.645843750	58215.655593750	1400.000	4000.000	1.0000
216	Spectrogram 1	1	58215.645843750	58215.655593750	1400.000	4000.000	1.0000
217	Waveform 1	1	58445.926218750	58445.945718750	1400.000	4000.000	1.0000
217	Spectrogram 1	1	58445.926218750	58445.945718750	1400.000	4000.000	1.0000
218	Waveform 1	1	58555.748593750	58555.761593750	1400.000	4000.000	1.0000
218	Spectrogram 1	1	58555.748593750	58555.761593750	1400.000	4000.000	1.0000
219	Waveform 1	1	58578.609093750	58578.620468750	1400.000	4000.000	1.0000
219	Spectrogram 1	1	58578.609093750	58578.620468750	1400.000	4000.000	1.0000
220	Waveform 1	1	58619.862968750	58619.882468750	1400.000	4000.000	1.0000
220	Spectrogram 1	1	58619.862968750	58619.882468750	1400.000	4000.000	1.0000
221	Waveform 1	1	58957.854843750	58957.869468750	1400.000	4000.000	1.0000
221	Spectrogram 1	1	58957.854843750	58957.869468750	1400.000	4000.000	1.0000
222	Waveform 1	1	58998.182468750	58998.197093750	1400.000	4000.000	1.0000
222	Spectrogram 1	1	58998.182468750	58998.197093750	1400.000	4000.000	1.0000
223	Waveform 1	1	59061.874343750	59061.903593750	1400.000	4000.000	0.7778
223	Spectrogram 1	1	59061.874343750	59061.903593750	1400.000	4000.000	0.7778
224	Waveform 1	1	59571.422343750	59571.430468750	1400.000	4000.000	1.0000
224	Spectrogram 1	1	59571.422343750	59571.430468750	1400.000	4000.000	1.0000
225	Waveform 1	1	60072.478093750	60072.494343750	1400.000	4000.000	1.0000
225	Spectrogram 1	1	60072.478093750	60072.494343750	1400.000	4000.000	1.0000
226	Waveform 1	1	60072.817718750	60072.830718750	1400.000	4000.000	1.0000
226	Spectrogram 1	1	60072.817718750	60072.830718750	1400.000	4000.000	1.0000
227	Waveform 1	1	60256.153468750	60256.169718750	1400.000	4000.000	1.0000
227	Spectrogram 1	1	60256.153468750	60256.169718750	1400.000	4000.000	1.0000
228	Waveform 1	1	60572.748968750	60572.757093750	1400.000	4000.000	1.0000
228	Spectrogram 1	1	60572.748968750	60572.757093750	1400.000	4000.000	1.0000
229	Waveform 1	1	60758.861843750	60758.878093750	1400.000	4000.000	1.0000
229	Spectrogram 1	1	60758.861843750	60758.878093750	1400.000	4000.000	1.0000
230	Waveform 1	1	60759.151093750	60759.170593750	1400.000	4000.000	1.0000
230	Spectrogram 1	1	60759.151093750	60759.170593750	1400.000	4000.000	1.0000
231	Waveform 1	1	60906.179468750	60906.195718750	1400.000	4000.000	1.0000
231	Spectrogram 1	1	60906.179468750	60906.195718750	1400.000	4000.000	1.0000
232	Waveform 1	1	60929.433218750	60929.446218750	1400.000	4000.000	1.0000
232	Spectrogram 1	1	60929.433218750	60929.446218750	1400.000	4000.000	1.0000
233	Waveform 1	1	60932.340343750	60932.350093750	1400.000	4000.000	1.0000
233	Spectrogram 1	1	60932.340343750	60932.350093750	1400.000	4000.000	1.0000
234	Waveform 1	1	60937.683343750	60937.693093750	1400.000	4000.000	1.0000
234	Spectrogram 1	1	60937.683343750	60937.693093750	1400.000	4000.000	1.0000
235	Waveform 1	1	61039.366093750	61039.390468750	1400.000	4000.000	1.0000
235	Spectrogram 1	1	61039.366093750	61039.390468750	1400.000	4000.000	1.0000
236	Waveform 1	1	61294.785218750	61294.814468750	1400.000	4000.000	1.0000
236	Spectrogram 1	1	61294.785218750	61294.814468750	1400.000	4000.000	1.0000
237	Waveform 1	1	61416.510718750	61416.528593750	1400.000	4000.000	1.0000
237	Spectrogram 1	1	61416.510718750	61416.528593750	1400.000	4000.000	1.0000
238	Waveform 1	1	61416.978718750	61416.999843750	1400.000	4000.000	1.0000
238	Spectrogram 1	1	61416.978718750	61416.999843750	1400.000	4000.000	1.0000
239	Waveform 1	1	61456.589718750	61456.614093750	1400.000	4000.000	1.0000
239	Spectrogram 1	1	61456.589718750	61456.614093750	1400.000	4000.000	1.0000
240	Waveform 1	1	61465.728718750	61465.748218750	1400.000	4000.000	1.0000
240	Spectrogram 1	1	61465.728718750	61465.748218750	1400.000	4000.000	1.0000
241	Waveform 1	1	61489.413093750	61489.429343750	1400.000	4000.000	1.0000
241	Spectrogram 1	1	61489.413093750	61489.429343750	1400.000	4000.000	1.0000
242	Waveform 1	1	61489.887593750	61489.902218750	1400.000	4000.000	1.0000
242	Spectrogram 1	1	61489.887593750	61489.902218750	1400.000	4000.000	1.0000
243	Waveform 1	1	61511.704843750	61511.719468750	1400.000	4000.000	1.0000
243	Spectrogram 1	1	61511.704843750	61511.719468750	1400.000	4000.000	1.0000
244	Waveform 1	1	61792.438218750	61792.449593750	1400.000	4000.000	1.0000
244	Spectrogram 1	1	61792.438218750	61792.449593750	1400.000	4000.000	1.0000
245	Waveform 1	1	61827.261968750	61827.276593750	1400.000	4000.000	1.0000
245	Spectrogram 1	1	61827.261968750	61827.276593750	1400.000	4000.000	1.0000
246	Waveform 1	1	62017.911843750	62017.932968750	1400.000	4000.000	1.0000
246	Spectrogram 1	1	62017.911843750	62017.932968750	1400.000	4000.000	1.0000
247	Waveform 1	1	62317.586218750	62317.600843750	1400.000	4000.000	1.0000
247	Spectrogram 1	1	62317.586218750	62317.600843750	1400.000	4000.000	1.0000
248	Waveform 1	1	62494.930593750	62494.938718750	1400.000	4000.000	1.0000
248	Spectrogram 1	1	62494.930593750	62494.938718750	1400.000	4000.000	1.0000
249	Waveform 1	1	63261.771343750	63261.782718750	1400.000	4000.000	1.0000
249	Spectrogram 1	1	63261.771343750	63261.782718750	1400.000	4000.000	1.0000
250	Waveform 1	1	63447.247218750	63447.255343750	1400.000	4000.000	1.0000
250	Spectrogram 1	1	63447.247218750	63447.255343750	1400.000	4000.000	1.0000
251	Waveform 1	1	64080.048218750	64080.057968750	1400.000	4000.000	1.0000
251	Spectrogram 1	1	64080.048218750	64080.057968750	1400.000	4000.000	1.0000
252	Waveform 1	1	64192.057843750	64192.088718750	1400.000	4000.000	1.0000
252	Spectrogram 1	1	64192.057843750	64192.088718750	1400.000	4000.000	1.0000
253	Waveform 1	1	64325.515843750	64325.533718750	1400.000	4000.000	1.0000
253	Spectrogram 1	1	64325.515843750	64325.533718750	1400.000	4000.000	1.0000
254	Waveform 1	1	64704.573093750	64704.587718750	1400.000	4000.000	1.0000
254	Spectrogram 1	1	64704.573093750	64704.587718750	1400.000	4000.000	1.0000
255	Waveform 1	1	65613.269843750	65613.281218750	1400.000	4000.000	1.0000
255	Spectrogram 1	1	65613.269843750	65613.281218750	1400.000	4000.000	1.0000
256	Waveform 1	1	65613.315343750	65613.331593750	1400.000	4000.000	1.0000
256	Spectrogram 1	1	65613.315343750	65613.331593750	1400.000	4000.000	1.0000
257	Waveform 1	1	65794.437843750	65794.445968750	1400.000	4000.000	1.0000
257	Spectrogram 1	1	65794.437843750	65794.445968750	1400.000	4000.000	1.0000
258	Waveform 1	1	65875.663468750	65875.673218750	1400.000	4000.000	1.0000
258	Spectrogram 1	1	65875.663468750	65875.673218750	1400.000	4000.000	1.0000
259	Waveform 1	1	65876.640093750	65876.661218750	1400.000	4000.000	1.0000
259	Spectrogram 1	1	65876.640093750	65876.661218750	1400.000	4000.000	1.0000
260	Waveform 1	1	70478.560468750	70478.573468750	1400.000	4000.000	1.0000
260	Spectrogram 1	1	70478.560468750	70478.573468750	1400.000	4000.000	1.0000
261	Waveform 1	1	70716.598593750	70716.616468750	1400.000	4000.000	1.0000
261	Spectrogram 1	1	70716.598593750	70716.616468750	1400.000	4000.000	1.0000
262	Waveform 1	1	71432.718218750	71432.726343750	1400.000	4000.000	1.0000
262	Spectrogram 1	1	71432.718218750	71432.726343750	1400.000	4000.000	1.0000
263	Waveform 1	1	71433.078968750	71433.096843750	1400.000	4000.000	1.0000
263	Spectrogram 1	1	71433.078968750	71433.096843750	1400.000	4000.000	1.0000
264	Waveform 1	1	72507.844218750	72507.868593750	1400.000	4000.000	1.0000
264	Spectrogram 1	1	72507.844218750	72507.868593750	1400.000	4000.000	1.0000
265	Waveform 1	1	72508.427593750	72508.442218750	1400.000	4000.000	1.0000
265	Spectrogram 1	1	72508.427593750	72508.442218750	1400.000	4000.000	1.0000
266	Waveform 1	1	72554.265593750	72554.289968750	1400.000	4000.000	1.0000
266	Spectrogram 1	1	72554.265593750	72554.289968750	1400.000	4000.000	1.0000
267	Waveform 1	1	72554.858718750	72554.876593750	1400.000	4000.000	1.0000
267	Spectrogram 1	1	72554.858718750	72554.876593750	1400.000	4000.000	1.0000
268	Waveform 1	1	72850.152093750	72850.181343750	1400.000	4000.000	1.0000
268	Spectrogram 1	1	72850.152093750	72850.181343750	1400.000	4000.000	1.0000
269	Waveform 1	1	73141.287093750	73141.303343750	1400.000	4000.000	1.0000
269	Spectrogram 1	1	73141.287093750	73141.303343750	1400.000	4000.000	1.0000
270	Waveform 1	1	73297.836343750	73297.850968750	1400.000	4000.000	1.0000
270	Spectrogram 1	1	73297.836343750	73297.850968750	1400.000	4000.000	1.0000
271	Waveform 1	1	73328.379843750	73328.391218750	1400.000	4000.000	1.0000
271	Spectrogram 1	1	73328.379843750	73328.391218750	1400.000	4000.000	1.0000
272	Waveform 1	1	73528.459593750	73528.467718750	1400.000	4000.000	1.0000
272	Spectrogram 1	1	73528.459593750	73528.467718750	1400.000	4000.000	1.0000
273	Waveform 1	1	73560.816593750	73560.839343750	1400.000	4000.000	1.0000
273	Spectrogram 1	1	73560.816593750	73560.839343750	1400.000	4000.000	1.0000
274	Waveform 1	1	73584.903968750	73584.915343750	1400.000	4000.000	1.0000
274	Spectrogram 1	1	73584.903968750	73584.915343750	1400.000	4000.000	1.0000
275	Waveform 1	1	73623.925093750	73623.939718750	1400.000	4000.000	1.0000
275	Spectrogram 1	1	73623.925093750	73623.939718750	1400.000	4000.000	1.0000
276	Waveform 1	1	74998.073843750	74998.091718750	1400.000	4000.000	1.0000
276	Spectrogram 1	1	74998.073843750	74998.091718750	1400.000	4000.000	1.0000
277	Waveform 1	1	75379.043718750	75379.066468750	1400.000	4000.000	1.0000
277	Spectrogram 1	1	75379.043718750	75379.066468750	1400.000	4000.000	1.0000
278	Waveform 1	1	75436.867718750	75436.879093750	1400.000	4000.000	1.0000
278	Spectrogram 1	1	75436.867718750	75436.879093750	1400.000	4000.000	1.0000
279	Waveform 1	1	76053.581218750	76053.592593750	1400.000	4000.000	1.0000
279	Spectrogram 1	1	76053.581218750	76053.592593750	1400.000	4000.000	1.0000
280	Waveform 1	1	76962.307218750	76962.325093750	1400.000	4000.000	1.0000
280	Spectrogram 1	1	76962.307218750	76962.325093750	1400.000	4000.000	1.0000
281	Waveform 1	1	77021.179343750	77021.190718750	1400.000	4000.000	1.0000
281	Spectrogram 1	1	77021.179343750	77021.190718750	1400.000	4000.000	1.0000
282	Waveform 1	1	79168.720843750	79168.732218750	1400.000	4000.000	1.0000
282	Spectrogram 1	1	79168.720843750	79168.732218750	1400.000	4000.000	1.0000
283	Waveform 1	1	79962.661718750	79962.671468750	1400.000	4000.000	1.0000
283	Spectrogram 1	1	79962.661718750	79962.671468750	1400.000	4000.000	1.0000
284	Waveform 1	1	83304.527843750	83304.535968750	1400.000	4000.000	1.0000
284	Spectrogram 1	1	83304.527843750	83304.535968750	1400.000	4000.000	1.0000
285	Waveform 1	1	83319.754093750	83319.771968750	1400.000	4000.000	1.0000
285	Spectrogram 1	1	83319.754093750	83319.771968750	1400.000	4000.000	1.0000
286	Waveform 1	1	83363.477968750	83363.502343750	1400.000	4000.000	1.0000
286	Spectrogram 1	1	83363.477968750	83363.502343750	1400.000	4000.000	1.0000
287	Waveform 1	1	83416.495218750	83416.517968750	1400.000	4000.000	1.0000
287	Spectrogram 1	1	83416.495218750	83416.517968750	1400.000	4000.000	1.0000
288	Waveform 1	1	83417.262218750	83417.275218750	1400.000	4000.000	1.0000
288	Spectrogram 1	1	83417.262218750	83417.275218750	1400.000	4000.000	1.0000
289	Waveform 1	1	83649.328468750	83649.339843750	1400.000	4000.000	1.0000
289	Spectrogram 1	1	83649.328468750	83649.339843750	1400.000	4000.000	1.0000
290	Waveform 1	1	84147.259343750	84147.272343750	1400.000	4000.000	1.0000
290	Spectrogram 1	1	84147.259343750	84147.272343750	1400.000	4000.000	1.0000
291	Waveform 1	1	84166.239343750	84166.260468750	1400.000	4000.000	1.0000
291	Spectrogram 1	1	84166.239343750	84166.260468750	1400.000	4000.000	1.0000
292	Waveform 1	1	84181.917343750	84181.946593750	1400.000	4000.000	1.0000
292	Spectrogram 1	1	84181.917343750	84181.946593750	1400.000	4000.000	1.0000
293	Waveform 1	1	84182.055468750	84182.079843750	1400.000	4000.000	1.0000
293	Spectrogram 1	1	84182.055468750	84182.079843750	1400.000	4000.000	1.0000
294	Waveform 1	1	84196.028843750	84196.056468750	1400.000	4000.000	1.0000
294	Spectrogram 1	1	84196.028843750	84196.056468750	1400.000	4000.000	1.0000
295	Waveform 1	1	84202.389093750	84202.416718750	1400.000	4000.000	1.0000
295	Spectrogram 1	1	84202.389093750	84202.416718750	1400.000	4000.000	1.0000
296	Waveform 1	1	84214.115093750	84214.147593750	1400.000	4000.000	1.0000
296	Spectrogram 1	1	84214.115093750	84214.147593750	1400.000	4000.000	1.0000
297	Waveform 1	1	84215.015343750	84215.023468750	1400.000	4000.000	1.0000
297	Spectrogram 1	1	84215.015343750	84215.023468750	1400.000	4000.000	1.0000
298	Waveform 1	1	84225.026968750	84225.056218750	1400.000	4000.000	1.0000
298	Spectrogram 1	1	84225.026968750	84225.056218750	1400.000	4000.000	1.0000
299	Waveform 1	1	84234.235843750	84234.266718750	1400.000	4000.000	1.0000
299	Spectrogram 1	1	84234.235843750	84234.266718750	1400.000	4000.000	1.0000
300	Waveform 1	1	84235.131218750	84235.140968750	1400.000	4000.000	1.0000
300	Spectrogram 1	1	84235.131218750	84235.140968750	1400.000	4000.000	1.0000
301	Waveform 1	1	84257.954343750	84257.973843750	1400.000	4000.000	1.0000
301	Spectrogram 1	1	84257.954343750	84257.973843750	1400.000	4000.000	1.0000
302	Waveform 1	1	84279.942218750	84279.971468750	1400.000	4000.000	1.0000
302	Spectrogram 1	1	84279.942218750	84279.971468750	1400.000	4000.000	1.0000
303	Waveform 1	1	84280.827843750	84280.855468750	1400.000	4000.000	1.0000
303	Spectrogram 1	1	84280.827843750	84280.855468750	1400.000	4000.000	1.0000
304	Waveform 1	1	84304.091343750	84304.122218750	1400.000	4000.000	1.0000
304	Spectrogram 1	1	84304.091343750	84304.122218750	1400.000	4000.000	1.0000
305	Waveform 1	1	84304.975343750	84305.002968750	1400.000	4000.000	1.0000
305	Spectrogram 1	1	84304.975343750	84305.002968750	1400.000	4000.000	1.0000
306	Waveform 1	1	84328.825468750	84328.841718750	1400.000	4000.000	1.0000
306	Spectrogram 1	1	84328.825468750	84328.841718750	1400.000	4000.000	1.0000
307	Waveform 1	1	84347.824968750	84347.834718750	1400.000	4000.000	1.0000
307	Spectrogram 1	1	84347.824968750	84347.834718750	1400.000	4000.000	1.0000
308	Waveform 1	1	84486.642218750	84486.664968750	1400.000	4000.000	1.0000
308	Spectrogram 1	1	84486.642218750	84486.664968750	1400.000	4000.000	1.0000
309	Waveform 1	1	84486.703968750	84486.721843750	1400.000	4000.000	1.0000
309	Spectrogram 1	1	84486.703968750	84486.721843750	1400.000	4000.000	1.0000
310	Waveform 1	1	84572.619343750	84572.638843750	1400.000	4000.000	1.0000
310	Spectrogram 1	1	84572.619343750	84572.638843750	1400.000	4000.000	1.0000
311	Waveform 1	1	84589.958093750	84589.975968750	1400.000	4000.000	1.0000
311	Spectrogram 1	1	84589.958093750	84589.975968750	1400.000	4000.000	1.0000
312	Waveform 1	1	84592.866843750	84592.883093750	1400.000	4000.000	1.0000
312	Spectrogram 1	1	84592.866843750	84592.883093750	1400.000	4000.000	1.0000
313	Waveform 1	1	84597.392468750	84597.413593750	1400.000	4000.000	1.0000
313	Spectrogram 1	1	84597.392468750	84597.413593750	1400.000	4000.000	1.0000
314	Waveform 1	1	84603.435843750	84603.458593750	1400.000	4000.000	1.0000
314	Spectrogram 1	1	84603.435843750	84603.458593750	1400.000	4000.000	1.0000
315	Waveform 1	1	84625.314843750	84625.327843750	1400.000	4000.000	1.0000
315	Spectrogram 1	1	84625.314843750	84625.327843750	1400.000	4000.000	1.0000
316	Waveform 1	1	84687.578343750	84687.592968750	1400.000	4000.000	1.0000
316	Spectrogram 1	1	84687.578343750	84687.592968750	1400.000	4000.000	1.0000
317	Waveform 1	1	84691.947968750	84691.960968750	1400.000	4000.000	1.0000
317	Spectrogram 1	1	84691.947968750	84691.960968750	1400.000	4000.000	1.0000
318	Waveform 1	1	84705.378593750	84705.396468750	1400.000	4000.000	1.0000
318	Spectrogram 1	1	84705.378593750	84705.396468750	1400.000	4000.000	1.0000
319	Waveform 1	1	84714.023593750	84714.036593750	1400.000	4000.000	1.0000
319	Spectrogram 1	1	84714.023593750	84714.036593750	1400.000	4000.000	1.0000
320	Waveform 1	1	84728.035968750	84728.048968750	1400.000	4000.000	1.0000
320	Spectrogram 1	1	84728.035968750	84728.048968750	1400.000	4000.000	1.0000
321	Waveform 1	1	84731.685718750	84731.700343750	1400.000	4000.000	1.0000
321	Spectrogram 1	1	84731.685718750	84731.700343750	1400.000	4000.000	1.0000
322	Waveform 1	1	84771.057843750	84771.077343750	1400.000	4000.000	1.0000
322	Spectrogram 1	1	84771.057843750	84771.077343750	1400.000	4000.000	1.0000
323	Waveform 1	1	84775.185343750	84775.198343750	1400.000	4000.000	1.0000
323	Spectrogram 1	1	84775.185343750	84775.198343750	1400.000	4000.000	1.0000
324	Waveform 1	1	84778.604343750	84778.612468750	1400.000	4000.000	1.0000
324	Spectrogram 1	1	84778.604343750	84778.612468750	1400.000	4000.000	1.0000
325	Waveform 1	1	84801.206468750	84801.219468750	1400.000	4000.000	1.0000
325	Spectrogram 1	1	84801.206468750	84801.219468750	1400.000	4000.000	1.0000
326	Waveform 1	1	84823.535593750	84823.553468750	1400.000	4000.000	1.0000
326	Spectrogram 1	1	84823.535593750	84823.553468750	1400.000	4000.000	1.0000
327	Waveform 1	1	84846.270968750	84846.282343750	1400.000	4000.000	1.0000
327	Spectrogram 1	1	84846.270968750	84846.282343750	1400.000	4000.000	1.0000
328	Waveform 1	1	84850.632468750	84850.650343750	1400.000	4000.000	1.0000
328	Spectrogram 1	1	84850.632468750	84850.650343750	1400.000	4000.000	1.0000
329	Waveform 1	1	84867.096968750	84867.109968750	1400.000	4000.000	1.0000
329	Spectrogram 1	1	84867.096968750	84867.109968750	1400.000	4000.000	1.0000
330	Waveform 1	1	84888.709468750	84888.730593750	1400.000	4000.000	1.0000
330	Spectrogram 1	1	84888.709468750	84888.730593750	1400.000	4000.000	1.0000
331	Waveform 1	1	84920.465218750	84920.487968750	1400.000	4000.000	1.0000
331	Spectrogram 1	1	84920.465218750	84920.487968750	1400.000	4000.000	1.0000
332	Waveform 1	1	85008.839218750	85008.847343750	1400.000	4000.000	1.0000
332	Spectrogram 1	1	85008.839218750	85008.847343750	1400.000	4000.000	1.0000
333	Waveform 1	1	85013.080468750	85013.095093750	1400.000	4000.000	1.0000
333	Spectrogram 1	1	85013.080468750	85013.095093750	1400.000	4000.000	1.0000
334	Waveform 1	1	85035.823968750	85035.840218750	1400.000	4000.000	1.0000
334	Spectrogram 1	1	85035.823968750	85035.840218750	1400.000	4000.000	1.0000
335	Waveform 1	1	85051.620593750	85051.648218750	1400.000	4000.000	1.0000
335	Spectrogram 1	1	85051.620593750	85051.648218750	1400.000	4000.000	1.0000
336	Waveform 1	1	85054.565093750	85054.578093750	1400.000	4000.000	1.0000
336	Spectrogram 1	1	85054.565093750	85054.578093750	1400.000	4000.000	1.0000
337	Waveform 1	1	85260.371343750	85260.392468750	1400.000	4000.000	1.0000
337	Spectrogram 1	1	85260.371343750	85260.392468750	1400.000	4000.000	1.0000
338	Waveform 1	1	85294.972468750	85295.001718750	1400.000	4000.000	1.0000
338	Spectrogram 1	1	85294.972468750	85295.001718750	1400.000	4000.000	1.0000
339	Waveform 1	1	85395.485218750	85395.499843750	1400.000	4000.000	1.0000
339	Spectrogram 1	1	85395.485218750	85395.499843750	1400.000	4000.000	1.0000
340	Waveform 1	1	85462.756968750	85462.781343750	1400.000	4000.000	1.0000
340	Spectrogram 1	1	85462.756968750	85462.781343750	1400.000	4000.000	1.0000
341	Waveform 1	1	85473.096843750	85473.122843750	1400.000	4000.000	1.0000
341	Spectrogram 1	1	85473.096843750	85473.122843750	1400.000	4000.000	1.0000
342	Waveform 1	1	85522.506593750	85522.516343750	1400.000	4000.000	1.0000
342	Spectrogram 1	1	85522.506593750	85522.516343750	1400.000	4000.000	1.0000
343	Waveform 1	1	85537.755593750	85537.773468750	1400.000	4000.000	1.0000
343	Spectrogram 1	1	85537.755593750	85537.773468750	1400.000	4000.000	1.0000
344	Waveform 1	1	85587.405843750	85587.423718750	1400.000	4000.000	1.0000
344	Spectrogram 1	1	85587.405843750	85587.423718750	1400.000	4000.000	1.0000
345	Waveform 1	1	85602.994468750	85603.005843750	1400.000	4000.000	1.0000
345	Spectrogram 1	1	85602.994468750	85603.005843750	1400.000	4000.000	1.0000
346	Waveform 1	1	85909.354093750	85909.363843750	1400.000	4000.000	1.0000
346	Spectrogram 1	1	85909.354093750	85909.363843750	1400.000	4000.000	1.0000
347	Waveform 1	1	85926.858593750	85926.876468750	1400.000	4000.000	1.0000
347	Spectrogram 1	1	85926.858593750	85926.876468750	1400.000	4000.000	1.0000
348	Waveform 1	1	85956.864218750	85956.883718750	1400.000	4000.000	1.0000
348	Spectrogram 1	1	85956.864218750	85956.883718750	1400.000	4000.000	1.0000
349	Waveform 1	1	85958.338093750	85958.347843750	1400.000	4000.000	1.0000
349	Spectrogram 1	1	85958.338093750	85958.347843750	1400.000	4000.000	1.0000
350	Waveform 1	1	85970.480093750	85970.497968750	1400.000	4000.000	1.0000
350	Spectrogram 1	1	85970.480093750	85970.497968750	1400.000	4000.000	1.0000
351	Waveform 1	1	86101.225968750	86101.247093750	1400.000	4000.000	1.0000
351	Spectrogram 1	1	86101.225968750	86101.247093750	1400.000	4000.000	1.0000
352	Waveform 1	1	86254.767343750	86254.781968750	1400.000	4000.000	1.0000
352	Spectrogram 1	1	86254.767343750	86254.781968750	1400.000	4000.000	1.0000
