Selection	View	Channel	Begin Time (s)	End Time (s)	Low Freq (Hz)	High Freq (Hz)	Occupancy
1	Waveform 1	1	995.544593750	995.554343750	1400.000	4000.000	1.0000
1	Spectrogram 1	1	995.544593750	995.554343750	1400.000	4000.000	1.0000
2	Waveform 1	1	3487.873718750	3487.893218750	1400.000	4000.000	1.0000
2	Spectrogram 1	1	3487.873718750	3487.893218750	1400.000	4000.000	1.0000
3	Waveform 1	1	4972.868593750	4972.876718750	1400.000	4000.000	1.0000
3	Spectrogram 1	1	4972.868593750	4972.876718750	1400.000	4000.000	1.0000
4	Waveform 1	1	5716.978843750	5716.996718750	1400.000	4000.000	1.0000
4	Spectrogram 1	1	5716.978843750	5716.996718750	1400.000	4000.000	1.0000
5	Waveform 1	1	6230.821718750	6230.844468750	1400.000	4000.000	1.0000
5	Spectrogram 1	1	6230.821718750	6230.844468750	1400.000	4000.000	1.0000
6	Waveform 1	1	6244.104468750	6244.122343750	1400.000	4000.000	1.0000
6	Spectrogram 1	1	6244.104468750	6244.122343750	1400.000	4000.000	1.0000
7	Waveform 1	1	6244.255593750	6244.273468750	1400.000	4000.000	1.0000
7	Spectrogram 1	1	6244.255593750	6244.273468750	1400.000	4000.000	1.0000
8	Waveform 1	1	6974.369718750	6974.382718750	1400.000	4000.000	1.0000
8	Spectrogram 1	1	6974.369718750	6974.382718750	1400.000	4000.000	1.0000
9	Waveform 1	1	7002.763343750	7002.782843750	1400.000	4000.000	1.0000
9	Spectrogram 1	1	7002.763343750	7002.782843750	1400.000	4000.000	1.0000
10	Waveform 1	1	7018.009093750	7018.038343750	1400.000	4000.000	1.0000
10	Spectrogram 1	1	7018.009093750	7018.038343750	1400.000	4000.000	1.0000
11	Waveform 1	1	7359.535343750	7359.545093750	1400.000	4000.000	1.0000
11	Spectrogram 1	1	7359.535343750	7359.545093750	1400.000	4000.000	1.0000
12	Waveform 1	1	7681.002593750	7681.015593750	1400.000	4000.000	1.0000
12	Spectrogram 1	1	7681.002593750	7681.015593750	1400.000	4000.000	1.0000
13	Waveform 1	1	8674.402468750	8674.417093750	1400.000	4000.000	1.0000
13	Spectrogram 1	1	8674.402468750	8674.417093750	1400.000	4000.000	1.0000
14	Waveform 1	1	11853.528093750	11853.541093750	1400.000	4000.000	1.0000
14	Spectrogram 1	1	11853.528093750	11853.541093750	1400.000	4000.000	1.0000
15	Waveform 1	1	13069.806468750	13069.822718750	1400.000	4000.000	1.0000
15	Spectrogram 1	1	13069.806468750	13069.822718750	1400.000	4000.000	1.0000
16	Waveform 1	1	16260.844968750	16260.856343750	1400.000	4000.000	1.0000
16	Spectrogram 1	1	16260.844968750	16260.856343750	1400.000	4000.000	1.0000
17	Waveform 1	1	16480.679843750	16480.687968750	1400.000	4000.000	1.0000
17	Spectrogram 1	1	16480.679843750	16480.687968750	1400.000	4000.000	1.0000
18	Waveform 1	1	20347.144718750	20347.156093750	1400.000	4000.000	1.0000
18	Spectrogram 1	1	20347.144718750	20347.156093750	1400.000	4000.000	1.0000
19	Waveform 1	1	26332.515343750	26332.525093750	1400.000	4000.000	1.0000
19	Spectrogram 1	1	26332.515343750	26332.525093750	1400.000	4000.000	1.0000
20	Waveform 1	1	26648.176468750	26648.189468750	1400.000	4000.000	1.0000
20	Spectrogram 1	1	26648.176468750	26648.189468750	1400.000	4000.000	1.0000
21	Waveform 1	1	26661.364968750	26661.376343750	1400.000	4000.000	1.0000
21	Spectrogram 1	1	26661.364968750	26661.376343750	1400.000	4000.000	1.0000
22	Waveform 1	1	26779.469968750	26779.484593750	1400.000	4000.000	1.0000
22	Spectrogram 1	1	26779.469968750	26779.484593750	1400.000	4000.000	1.0000
23	Waveform 1	1	26973.961343750	26973.975968750	1400.000	4000.000	1.0000
23	Spectrogram 1	1	26973.961343750	26973.975968750	1400.000	4000.000	1.0000
24	Waveform 1	1	27023.291468750	27023.302843750	1400.000	4000.000	1.0000
24	Spectrogram 1	1	27023.291468750	27023.302843750	1400.000	4000.000	1.0000
25	Waveform 1	1	27066.323093750	27066.349093750	1400.000	4000.000	1.0000
25	Spectrogram 1	1	27066.323093750	27066.349093750	1400.000	4000.000	1.0000
26	Waveform 1	1	27070.343343750	27070.351468750	1400.000	4000.000	1.0000
26	Spectrogram 1	1	27070.343343750	27070.351468750	1400.000	4000.000	1.0000
27	Waveform 1	1	27380.934468750	27380.952343750	1400.000	4000.000	1.0000
27	Spectrogram 1	1	27380.934468750	27380.952343750	1400.000	4000.000	1.0000
28	Waveform 1	1	27501.683343750	27501.694718750	1400.000	4000.000	1.0000
28	Spectrogram 1	1	27501.683343750	27501.694718750	1400.000	4000.000	1.0000
29	Waveform 1	1	27652.285093750	27652.311093750	1400.000	4000.000	1.0000
29	Spectrogram 1	1	27652.285093750	27652.311093750	1400.000	4000.000	1.0000
30	Waveform 1	1	27667.389468750	27667.399218750	1400.000	4000.000	1.0000
30	Spectrogram 1	1	27667.389468750	27667.399218750	1400.000	4000.000	1.0000
31	Waveform 1	1	28100.510468750	28100.525093750	1400.000	4000.000	1.0000
31	Spectrogram 1	1	28100.510468750	28100.525093750	1400.000	4000.000	1.0000
32	Waveform 1	1	28132.139468750	28132.147593750	1400.000	4000.000	1.0000
32	Spectrogram 1	1	28132.139468750	28132.147593750	1400.000	4000.000	1.0000
33	Waveform 1	1	29210.937968750	29210.946093750	1400.000	4000.000	1.0000
33	Spectrogram 1	1	29210.937968750	29210.946093750	1400.000	4000.000	1.0000
34	Waveform 1	1	29455.957093750	29455.968468750	1400.000	4000.000	1.0000
34	Spectrogram 1	1	29455.957093750	29455.968468750	1400.000	4000.000	1.0000
35	Waveform 1	1	29786.043343750	29786.054718750	1400.000	4000.000	1.0000
35	Spectrogram 1	1	29786.043343750	29786.054718750	1400.000	4000.000	1.0000
36	Waveform 1	1	29904.548093750	29904.556218750	1400.000	4000.000	1.0000
36	Spectrogram 1	1	29904.548093750	29904.556218750	1400.000	4000.000	1.0000
37	Waveform 1	1	30157.547593750	30157.557343750	1400.000	4000.000	1.0000
37	Spectrogram 1	1	30157.547593750	30157.557343750	1400.000	4000.000	1.0000
38	Waveform 1	1	30414.708718750	30414.724968750	1400.000	4000.000	1.0000
38	Spectrogram 1	1	30414.708718750	30414.724968750	1400.000	4000.000	1.0000
39	Waveform 1	1	30421.416718750	30421.432968750	1400.000	4000.000	1.0000
39	Spectrogram 1	1	30421.416718750	30421.432968750	1400.000	4000.000	1.0000
40	Waveform 1	1	30764.636218750	30764.649218750	1400.000	4000.000	1.0000
40	Spectrogram 1	1	30764.636218750	30764.649218750	1400.000	4000.000	1.0000
41	Waveform 1	1	31240.665343750	31240.688093750	1400.000	4000.000	1.0000
41	Spectrogram 1	1	31240.665343750	31240.688093750	1400.000	4000.000	1.0000
42	Waveform 1	1	31655.909718750	31655.919468750	1400.000	4000.000	1.0000
42	Spectrogram 1	1	31655.909718750	31655.919468750	1400.000	4000.000	1.0000
43	Waveform 1	1	31706.060468750	31706.078343750	1400.000	4000.000	1.0000
43	Spectrogram 1	1	31706.060468750	31706.078343750	1400.000	4000.000	1.0000
44	Waveform 1	1	31768.106218750	31768.114343750	1400.000	4000.000	1.0000
44	Spectrogram 1	1	31768.106218750	31768.114343750	1400.000	4000.000	1.0000
45	Waveform 1	1	31834.645093750	31834.656468750	1400.000	4000.000	1.0000
45	Spectrogram 1	1	31834.645093750	31834.656468750	1400.000	4000.000	1.0000
46	Waveform 1	1	31840.587718750	31840.607218750	1400.000	4000.000	1.0000
46	Spectrogram 1	1	31840.587718750	31840.607218750	1400.000	4000.000	1.0000
47	Waveform 1	1	31844.083093750	31844.096093750	1400.000	4000.000	1.0000
47	Spectrogram 1	1	31844.083093750	31844.096093750	1400.000	4000.000	1.0000
48	Waveform 1	1	32272.998593750	32273.011593750	1400.000	4000.000	1.0000
48	Spectrogram 1	1	32272.998593750	32273.011593750	1400.000	4000.000	1.0000
49	Waveform 1	1	32319.369593750	32319.389093750	1400.000	4000.000	1.0000
49	Spectrogram 1	1	32319.369593750	32319.389093750	1400.000	4000.000	1.0000
50	Waveform 1	1	32338.084718750	32338.094468750	1400.000	4000.000	1.0000
50	Spectrogram 1	1	32338.084718750	32338.094468750	1400.000	4000.000	1.0000
51	Waveform 1	1	32505.456468750	32505.467843750	1400.000	4000.000	1.0000
51	Spectrogram 1	1	32505.456468750	32505.467843750	1400.000	4000.000	1.0000
52	Waveform 1	1	32637.021343750	32637.035968750	1400.000	4000.000	1.0000
52	Spectrogram 1	1	32637.021343750	32637.035968750	1400.000	4000.000	1.0000
53	Waveform 1	1	32889.027968750	32889.040968750	1400.000	4000.000	1.0000
53	Spectrogram 1	1	32889.027968750	32889.040968750	1400.000	4000.000	1.0000
54	Waveform 1	1	33218.304968750	33218.332593750	1400.000	4000.000	1.0000
54	Spectrogram 1	1	33218.304968750	33218.332593750	1400.000	4000.000	1.0000
55	Waveform 1	1	33333.475218750	33333.489843750	1400.000	4000.000	1.0000
55	Spectrogram 1	1	33333.475218750	33333.489843750	1400.000	4000.000	1.0000
56	Waveform 1	1	33503.334843750	33503.346218750	1400.000	4000.000	1.0000
56	Spectrogram 1	1	33503.334843750	33503.346218750	1400.000	4000.000	1.0000
57	Waveform 1	1	33582.147343750	33582.161968750	1400.000	4000.000	1.0000
57	Spectrogram 1	1	33582.147343750	33582.161968750	1400.000	4000.000	1.0000
58	Waveform 1	1	33846.117218750	33846.130218750	1400.000	4000.000	1.0000
58	Spectrogram 1	1	33846.117218750	33846.130218750	1400.000	4000.000	1.0000
59	Waveform 1	1	33861.457218750	33861.471843750	1400.000	4000.000	1.0000
59	Spectrogram 1	1	33861.457218750	33861.471843750	1400.000	4000.000	1.0000
60	Waveform 1	1	33864.040968750	33864.050718750	1400.000	4000.000	1.0000
60	Spectrogram 1	1	33864.040968750	33864.050718750	1400.000	4000.000	1.0000
61	Waveform 1	1	33902.173218750	33902.181343750	1400.000	4000.000	1.0000
61	Spectrogram 1	1	33902.173218750	33902.181343750	1400.000	4000.000	1.0000
62	Waveform 1	1	33913.015218750	33913.023343750	1400.000	4000.000	1.0000
62	Spectrogram 1	1	33913.015218750	33913.023343750	1400.000	4000.000	1.0000
63	Waveform 1	1	33938.815343750	33938.829968750	1400.000	4000.000	1.0000
63	Spectrogram 1	1	33938.815343750	33938.829968750	1400.000	4000.000	1.0000
64	Waveform 1	1	33941.031843750	33941.046468750	1400.000	4000.000	1.0000
64	Spectrogram 1	1	33941.031843750	33941.046468750	1400.000	4000.000	1.0000
65	Waveform 1	1	33946.434968750	33946.447968750	1400.000	4000.000	1.0000
65	Spectrogram 1	1	33946.434968750	33946.447968750	1400.000	4000.000	1.0000
66	Waveform 1	1	34160.031468750	34160.039593750	1400.000	4000.000	1.0000
66	Spectrogram 1	1	34160.031468750	34160.039593750	1400.000	4000.000	1.0000
67	Waveform 1	1	34271.470718750	34271.485343750	1400.000	4000.000	1.0000
67	Spectrogram 1	1	34271.470718750	34271.485343750	1400.000	4000.000	1.0000
68	Waveform 1	1	34291.149468750	34291.162468750	1400.000	4000.000	1.0000
68	Spectrogram 1	1	34291.149468750	34291.162468750	1400.000	4000.000	1.0000
69	Waveform 1	1	34296.495718750	34296.503843750	1400.000	4000.000	1.0000
69	Spectrogram 1	1	34296.495718750	34296.503843750	1400.000	4000.000	1.0000
70	Waveform 1	1	34411.999093750	34412.020218750	1400.000	4000.000	1.0000
70	Spectrogram 1	1	34411.999093750	34412.020218750	1400.000	4000.000	1.0000
71	Waveform 1	1	34439.895468750	34439.903593750	1400.000	4000.000	1.0000
71	Spectrogram 1	1	34439.895468750	34439.903593750	1400.000	4000.000	1.0000
72	Waveform 1	1	34441.668343750	34441.679718750	1400.000	4000.000	1.0000
72	Spectrogram 1	1	34441.668343750	34441.679718750	1400.000	4000.000	1.0000
73	Waveform 1	1	34441.941343750	34441.949468750	1400.000	4000.000	1.0000
73	Spectrogram 1	1	34441.941343750	34441.949468750	1400.000	4000.000	1.0000
74	Waveform 1	1	34443.485093750	34443.498093750	1400.000	4000.000	1.0000
74	Spectrogram 1	1	34443.485093750	34443.498093750	1400.000	4000.000	1.0000
75	Waveform 1	1	34517.559093750	34517.581843750	1400.000	4000.000	1.0000
75	Spectrogram 1	1	34517.559093750	34517.581843750	1400.000	4000.000	1.0000
76	Waveform 1	1	34518.209093750	34518.226968750	1400.000	4000.000	1.0000
76	Spectrogram 1	1	34518.209093750	34518.226968750	1400.000	4000.000	1.0000
77	Waveform 1	1	34533.484093750	34533.497093750	1400.000	4000.000	1.0000
77	Spectrogram 1	1	34533.484093750	34533.497093750	1400.000	4000.000	1.0000
78	Waveform 1	1	34595.030968750	34595.058593750	1400.000	4000.000	1.0000
78	Spectrogram 1	1	34595.030968750	34595.058593750	1400.000	4000.000	1.0000
79	Waveform 1	1	34597.928343750	34597.939718750	1400.000	4000.000	1.0000
79	Spectrogram 1	1	34597.928343750	34597.939718750	1400.000	4000.000	1.0000
80	Waveform 1	1	34598.891968750	34598.900093750	1400.000	4000.000	1.0000
80	Spectrogram 1	1	34598.891968750	34598.900093750	1400.000	4000.000	1.0000
81	Waveform 1	1	34599.626468750	34599.636218750	1400.000	4000.000	1.0000
81	Spectrogram 1	1	34599.626468750	34599.636218750	1400.000	4000.000	1.0000
82	Waveform 1	1	34599.860468750	34599.889718750	1400.000	4000.000	1.0000
82	Spectrogram 1	1	34599.860468750	34599.889718750	1400.000	4000.000	1.0000
83	Waveform 1	1	34605.131968750	34605.140093750	1400.000	4000.000	1.0000
83	Spectrogram 1	1	34605.131968750	34605.140093750	1400.000	4000.000	1.0000
84	Waveform 1	1	34681.801093750	34681.810843750	1400.000	4000.000	1.0000
84	Spectrogram 1	1	34681.801093750	34681.810843750	1400.000	4000.000	1.0000
85	Waveform 1	1	34916.322718750	34916.337343750	1400.000	4000.000	1.0000
85	Spectrogram 1	1	34916.322718750	34916.337343750	1400.000	4000.000	1.0000
86	Waveform 1	1	35363.044968750	35363.074218750	1400.000	4000.000	1.0000
86	Spectrogram 1	1	35363.044968750	35363.074218750	1400.000	4000.000	1.0000
87	Waveform 1	1	35884.572468750	35884.596843750	1400.000	4000.000	1.0000
87	Spectrogram 1	1	35884.572468750	35884.596843750	1400.000	4000.000	1.0000
88	Waveform 1	1	35885.263093750	35885.284218750	1400.000	4000.000	1.0000
88	Spectrogram 1	1	35885.263093750	35885.284218750	1400.000	4000.000	1.0000
89	Waveform 1	1	35914.114968750	35914.124718750	1400.000	4000.000	1.0000
89	Spectrogram 1	1	35914.114968750	35914.124718750	1400.000	4000.000	1.0000
90	Waveform 1	1	35929.731218750	35929.750718750	1400.000	4000.000	1.0000
90	Spectrogram 1	1	35929.731218750	35929.750718750	1400.000	4000.000	1.0000
91	Waveform 1	1	36024.447593750	36024.458968750	1400.000	4000.000	1.0000
91	Spectrogram 1	1	36024.447593750	36024.458968750	1400.000	4000.000	1.0000
92	Waveform 1	1	36278.508218750	36278.529343750	1400.000	4000.000	1.0000
92	Spectrogram 1	1	36278.508218750	36278.529343750	1400.000	4000.000	1.0000
93	Waveform 1	1	36341.179593750	36341.187718750	1400.000	4000.000	1.0000
93	Spectrogram 1	1	36341.179593750	36341.187718750	1400.000	4000.000	1.0000
94	Waveform 1	1	36362.426468750	36362.436218750	1400.000	4000.000	1.0000
94	Spectrogram 1	1	36362.426468750	36362.436218750	1400.000	4000.000	1.0000
95	Waveform 1	1	36454.396593750	36454.422593750	1400.000	4000.000	1.0000
95	Spectrogram 1	1	36454.396593750	36454.422593750	1400.000	4000.000	1.0000
96	Waveform 1	1	36454.471343750	36454.484343750	1400.000	4000.000	1.0000
96	Spectrogram 1	1	36454.471343750	36454.484343750	1400.000	4000.000	1.0000
97	Waveform 1	1	36454.560718750	36454.580218750	1400.000	4000.000	1.0000
97	Spectrogram 1	1	36454.560718750	36454.580218750	1400.000	4000.000	1.0000
98	Waveform 1	1	36455.160343750	36455.176593750	1400.000	4000.000	1.0000
98	Spectrogram 1	1	36455.160343750	36455.176593750	1400.000	4000.000	1.0000
99	Waveform 1	1	36562.486718750	36562.499718750	1400.000	4000.000	1.0000
99	Spectrogram 1	1	36562.486718750	36562.499718750	1400.000	4000.000	1.0000
100	Waveform 1	1	37186.017093750	37186.034968750	1400.000	4000.000	1.0000
100	Spectrogram 1	1	37186.017093750	37186.034968750	1400.000	4000.000	1.0000
101	Waveform 1	1	37222.742093750	37222.756718750	1400.000	4000.000	1.0000
101	Spectrogram 1	1	37222.742093750	37222.756718750	1400.000	4000.000	1.0000
102	Waveform 1	1	37233.439468750	37233.463843750	1400.000	4000.000	1.0000
102	Spectrogram 1	1	37233.439468750	37233.463843750	1400.000	4000.000	1.0000
103	Waveform 1	1	37280.879718750	37280.899218750	1400.000	4000.000	1.0000
103	Spectrogram 1	1	37280.879718750	37280.899218750	1400.000	4000.000	1.0000
104	Waveform 1	1	37280.972343750	37280.986968750	1400.000	4000.000	1.0000
104	Spectrogram 1	1	37280.972343750	37280.986968750	1400.000	4000.000	1.0000
105	Waveform 1	1	37336.875593750	37336.896718750	1400.000	4000.000	1.0000
105	Spectrogram 1	1	37336.875593750	37336.896718750	1400.000	4000.000	1.0000
106	Waveform 1	1	37462.837468750	37462.852093750	1400.000	4000.000	1.0000
106	Spectrogram 1	1	37462.837468750	37462.852093750	1400.000	4000.000	1.0000
107	Waveform 1	1	37469.789218750	37469.807093750	1400.000	4000.000	1.0000
107	Spectrogram 1	1	37469.789218750	37469.807093750	1400.000	4000.000	1.0000
108	Waveform 1	1	37471.757093750	37471.765218750	1400.000	4000.000	1.0000
108	Spectrogram 1	1	37471.757093750	37471.765218750	1400.000	4000.000	1.0000
109	Waveform 1	1	37475.983718750	37475.998343750	1400.000	4000.000	1.0000
109	Spectrogram 1	1	37475.983718750	37475.998343750	1400.000	4000.000	1.0000
110	Waveform 1	1	37479.509968750	37479.522968750	1400.000	4000.000	1.0000
110	Spectrogram 1	1	37479.509968750	37479.522968750	1400.000	4000.000	1.0000
111	Waveform 1	1	37490.030218750	37490.043218750	1400.000	4000.000	1.0000
111	Spectrogram 1	1	37490.030218750	37490.043218750	1400.000	4000.000	1.0000
112	Waveform 1	1	37490.103343750	37490.121218750	1400.000	4000.000	1.0000
112	Spectrogram 1	1	37490.103343750	37490.121218750	1400.000	4000.000	1.0000
113	Waveform 1	1	37496.372593750	37496.390468750	1400.000	4000.000	1.0000
113	Spectrogram 1	1	37496.372593750	37496.390468750	1400.000	4000.000	1.0000
114	Waveform 1	1	37502.555718750	37502.565468750	1400.000	4000.000	1.0000
114	Spectrogram 1	1	37502.555718750	37502.565468750	1400.000	4000.000	1.0000
115	Waveform 1	1	37502.701968750	37502.713343750	1400.000	4000.000	1.0000
115	Spectrogram 1	1	37502.701968750	37502.713343750	1400.000	4000.000	1.0000
116	Waveform 1	1	37502.919718750	37502.927843750	1400.000	4000.000	1.0000
116	Spectrogram 1	1	37502.919718750	37502.927843750	1400.000	4000.000	1.0000
117	Waveform 1	1	37504.837218750	37504.846968750	1400.000	4000.000	1.0000
117	Spectrogram 1	1	37504.837218750	37504.846968750	1400.000	4000.000	1.0000
118	Waveform 1	1	37505.118343750	37505.142718750	1400.000	4000.000	1.0000
118	Spectrogram 1	1	37505.118343750	37505.142718750	1400.000	4000.000	1.0000
119	Waveform 1	1	37507.773593750	37507.781718750	1400.000	4000.000	1.0000
119	Spectrogram 1	1	37507.773593750	37507.781718750	1400.000	4000.000	1.0000
120	Waveform 1	1	37515.877468750	37515.895343750	1400.000	4000.000	1.0000
120	Spectrogram 1	1	37515.877468750	37515.895343750	1400.000	4000.000	1.0000
121	Waveform 1	1	37516.147218750	37516.168343750	1400.000	4000.000	1.0000
121	Spectrogram 1	1	37516.147218750	37516.168343750	1400.000	4000.000	1.0000
122	Waveform 1	1	37519.816468750	37519.832718750	1400.000	4000.000	1.0000
122	Spectrogram 1	1	37519.816468750	37519.832718750	1400.000	4000.000	1.0000
123	Waveform 1	1	37522.622843750	37522.630968750	1400.000	4000.000	1.0000
123	Spectrogram 1	1	37522.622843750	37522.630968750	1400.000	4000.000	1.0000
124	Waveform 1	1	37524.559843750	37524.567968750	1400.000	4000.000	1.0000
124	Spectrogram 1	1	37524.559843750	37524.567968750	1400.000	4000.000	1.0000
125	Waveform 1	1	37525.723343750	37525.737968750	1400.000	4000.000	1.0000
125	Spectrogram 1	1	37525.723343750	37525.737968750	1400.000	4000.000	1.0000
126	Waveform 1	1	37526.119843750	37526.142593750	1400.000	4000.000	1.0000
126	Spectrogram 1	1	37526.119843750	37526.142593750	1400.000	4000.000	1.0000
127	Waveform 1	1	37526.248218750	37526.266093750	1400.000	4000.000	1.0000
127	Spectrogram 1	1	37526.248218750	37526.266093750	1400.000	4000.000	1.0000
128	Waveform 1	1	37526.855968750	37526.870593750	1400.000	4000.000	1.0000
128	Spectrogram 1	1	37526.855968750	37526.870593750	1400.000	4000.000	1.0000
129	Waveform 1	1	37526.982718750	37527.015218750	1400.000	4000.000	0.7000
129	Spectrogram 1	1	37526.982718750	37527.015218750	1400.000	4000.000	0.7000
130	Waveform 1	1	37527.697718750	37527.718843750	1400.000	4000.000	1.0000
130	Spectrogram 1	1	37527.697718750	37527.718843750	1400.000	4000.000	1.0000
131	Waveform 1	1	37528.084468750	37528.097468750	1400.000	4000.000	1.0000
131	Spectrogram 1	1	37528.084468750	37528.097468750	1400.000	4000.000	1.0000
132	Waveform 1	1	37528.422468750	37528.437093750	1400.000	4000.000	1.0000
132	Spectrogram 1	1	37528.422468750	37528.437093750	1400.000	4000.000	1.0000
133	Waveform 1	1	37529.941843750	37529.956468750	1400.000	4000.000	1.0000
133	Spectrogram 1	1	37529.941843750	37529.956468750	1400.000	4000.000	1.0000
134	Waveform 1	1	37530.596718750	37530.609718750	1400.000	4000.000	1.0000
134	Spectrogram 1	1	37530.596718750	37530.609718750	1400.000	4000.000	1.0000
135	Waveform 1	1	37531.898343750	37531.927593750	1400.000	4000.000	1.0000
135	Spectrogram 1	1	37531.898343750	37531.927593750	1400.000	4000.000	1.0000
136	Waveform 1	1	37532.753093750	37532.772593750	1400.000	4000.000	1.0000
136	Spectrogram 1	1	37532.753093750	37532.772593750	1400.000	4000.000	1.0000
137	Waveform 1	1	37534.906218750	37534.919218750	1400.000	4000.000	1.0000
137	Spectrogram 1	1	37534.906218750	37534.919218750	1400.000	4000.000	1.0000
138	Waveform 1	1	37535.109343750	37535.128843750	1400.000	4000.000	1.0000
138	Spectrogram 1	1	37535.109343750	37535.128843750	1400.000	4000.000	1.0000
139	Waveform 1	1	37535.549718750	37535.567593750	1400.000	4000.000	1.0000
139	Spectrogram 1	1	37535.549718750	37535.567593750	1400.000	4000.000	1.0000
140	Waveform 1	1	37578.857593750	37578.880343750	1400.000	4000.000	1.0000
140	Spectrogram 1	1	37578.857593750	37578.880343750	1400.000	4000.000	1.0000
141	Waveform 1	1	37578.937218750	37578.950218750	1400.000	4000.000	1.0000
141	Spectrogram 1	1	37578.937218750	37578.950218750	1400.000	4000.000	1.0000
142	Waveform 1	1	37579.483218750	37579.501093750	1400.000	4000.000	1.0000
142	Spectrogram 1	1	37579.483218750	37579.501093750	1400.000	4000.000	1.0000
143	Waveform 1	1	37648.405968750	37648.417343750	1400.000	4000.000	1.0000
143	Spectrogram 1	1	37648.405968750	37648.417343750	1400.000	4000.000	1.0000
144	Waveform 1	1	37648.553843750	37648.563593750	1400.000	4000.000	1.0000
144	Spectrogram 1	1	37648.553843750	37648.563593750	1400.000	4000.000	1.0000
145	Waveform 1	1	37688.577593750	37688.592218750	1400.000	4000.000	1.0000
145	Spectrogram 1	1	37688.577593750	37688.592218750	1400.000	4000.000	1.0000
146	Waveform 1	1	37722.960968750	37722.977218750	1400.000	4000.000	1.0000
146	Spectrogram 1	1	37722.960968750	37722.977218750	1400.000	4000.000	1.0000
147	Waveform 1	1	37729.012468750	37729.023843750	1400.000	4000.000	1.0000
147	Spectrogram 1	1	37729.012468750	37729.023843750	1400.000	4000.000	1.0000
148	Waveform 1	1	37885.127843750	37885.144093750	1400.000	4000.000	1.0000
148	Spectrogram 1	1	37885.127843750	37885.144093750	1400.000	4000.000	1.0000
149	Waveform 1	1	38038.574968750	38038.589593750	1400.000	4000.000	1.0000
149	Spectrogram 1	1	38038.574968750	38038.589593750	1400.000	4000.000	1.0000
150	Waveform 1	1	38038.812218750	38038.820343750	1400.000	4000.000	1.0000
150	Spectrogram 1	1	38038.812218750	38038.820343750	1400.000	4000.000	1.0000
151	Waveform 1	1	38087.818968750	38087.828718750	1400.000	4000.000	1.0000
151	Spectrogram 1	1	38087.818968750	38087.828718750	1400.000	4000.000	1.0000
152	Waveform 1	1	38087.870968750	38087.892093750	1400.000	4000.000	1.0000
152	Spectrogram 1	1	38087.870968750	38087.892093750	1400.000	4000.000	1.0000
153	Waveform 1	1	38249.764843750	38249.781093750	1400.000	4000.000	1.0000
153	Spectrogram 1	1	38249.764843750	38249.781093750	1400.000	4000.000	1.0000
154	Waveform 1	1	38284.292843750	38284.304218750	1400.000	4000.000	1.0000
154	Spectrogram 1	1	38284.292843750	38284.304218750	1400.000	4000.000	1.0000
155	Waveform 1	1	38284.448843750	38284.458593750	1400.000	4000.000	1.0000
155	Spectrogram 1	1	38284.448843750	38284.458593750	1400.000	4000.000	1.0000
156	Waveform 1	1	38375.830718750	38375.838843750	1400.000	4000.000	1.0000
156	Spectrogram 1	1	38375.830718750	38375.838843750	1400.000	4000.000	1.0000
157	Waveform 1	1	38603.918968750	38603.938468750	1400.000	4000.000	1.0000
157	Spectrogram 1	1	38603.918968750	38603.938468750	1400.000	4000.000	1.0000
158	Waveform 1	1	39081.872093750	39081.885093750	1400.000	4000.000	1.0000
158	Spectrogram 1	1	39081.872093750	39081.885093750	1400.000	4000.000	1.0000
159	Waveform 1	1	39201.038218750	39201.046343750	1400.000	4000.000	1.0000
159	Spectrogram 1	1	39201.038218750	39201.046343750	1400.000	4000.000	1.0000
160	Waveform 1	1	39424.446468750	39424.454593750	1400.000	4000.000	1.0000
160	Spectrogram 1	1	39424.446468750	39424.454593750	1400.000	4000.000	1.0000
161	Waveform 1	1	39460.605968750	39460.623843750	1400.000	4000.000	1.0000
161	Spectrogram 1	1	39460.605968750	39460.623843750	1400.000	4000.000	1.0000
162	Waveform 1	1	39830.420218750	39830.442968750	1400.000	4000.000	1.0000
162	Spectrogram 1	1	39830.420218750	39830.442968750	1400.000	4000.000	1.0000
163	Waveform 1	1	39830.486843750	39830.517718750	1400.000	4000.000	1.0000
163	Spectrogram 1	1	39830.486843750	39830.517718750	1400.000	4000.000	1.0000
164	Waveform 1	1	40250.416093750	40250.430718750	1400.000	4000.000	1.0000
164	Spectrogram 1	1	40250.416093750	40250.430718750	1400.000	4000.000	1.0000
165	Waveform 1	1	40423.621593750	40423.632968750	1400.000	4000.000	1.0000
165	Spectrogram 1	1	40423.621593750	40423.632968750	1400.000	4000.000	1.0000
166	Waveform 1	1	40479.778343750	40479.792968750	1400.000	4000.000	1.0000
166	Spectrogram 1	1	40479.778343750	40479.792968750	1400.000	4000.000	1.0000
167	Waveform 1	1	40614.173968750	40614.186968750	1400.000	4000.000	1.0000
167	Spectrogram 1	1	40614.173968750	40614.186968750	1400.000	4000.000	1.0000
168	Waveform 1	1	40677.927593750	40677.937343750	1400.000	4000.000	1.0000
168	Spectrogram 1	1	40677.927593750	40677.937343750	1400.000	4000.000	1.0000
169	Waveform 1	1	40739.380218750	40739.396468750	1400.000	4000.000	1.0000
169	Spectrogram 1	1	40739.380218750	40739.396468750	1400.000	4000.000	1.0000
170	Waveform 1	1	40763.366843750	40763.384718750	1400.000	4000.000	1.0000
170	Spectrogram 1	1	40763.366843750	40763.384718750	1400.000	4000.000	1.0000
171	Waveform 1	1	41266.197093750	41266.214968750	1400.000	4000.000	1.0000
171	Spectrogram 1	1	41266.197093750	41266.214968750	1400.000	4000.000	1.0000
172	Waveform 1	1	41428.723093750	41428.732843750	1400.000	4000.000	1.0000
172	Spectrogram 1	1	41428.723093750	41428.732843750	1400.000	4000.000	1.0000
173	Waveform 1	1	41666.551593750	41666.566218750	1400.000	4000.000	1.0000
173	Spectrogram 1	1	41666.551593750	41666.566218750	1400.000	4000.000	1.0000
174	Waveform 1	1	41852.542593750	41852.560468750	1400.000	4000.000	1.0000
174	Spectrogram 1	1	41852.542593750	41852.560468750	1400.000	4000.000	1.0000
175	Waveform 1	1	41852.623843750	41852.633593750	1400.000	4000.000	1.0000
175	Spectrogram 1	1	41852.623843750	41852.633593750	1400.000	4000.000	1.0000
176	Waveform 1	1	41944.928718750	41944.944968750	1400.000	4000.000	1.0000
176	Spectrogram 1	1	41944.928718750	41944.944968750	1400.000	4000.000	1.0000
177	Waveform 1	1	41952.161593750	41952.181093750	1400.000	4000.000	1.0000
177	Spectrogram 1	1	41952.161593750	41952.181093750	1400.000	4000.000	1.0000
178	Waveform 1	1	41952.234718750	41952.260718750	1400.000	4000.000	1.0000
178	Spectrogram 1	1	41952.234718750	41952.260718750	1400.000	4000.000	1.0000
179	Waveform 1	1	41956.833468750	41956.849718750	1400.000	4000.000	1.0000
179	Spectrogram 1	1	41956.833468750	41956.849718750	1400.000	4000.000	1.0000
180	Waveform 1	1	41956.896843750	41956.916343750	1400.000	4000.000	1.0000
180	Spectrogram 1	1	41956.896843750	41956.916343750	1400.000	4000.000	1.0000
181	Waveform 1	1	41992.217843750	41992.235718750	1400.000	4000.000	1.0000
181	Spectrogram 1	1	41992.217843750	41992.235718750	1400.000	4000.000	1.0000
182	Waveform 1	1	42016.279218750	42016.293843750	1400.000	4000.000	1.0000
182	Spectrogram 1	1	42016.279218750	42016.293843750	1400.000	4000.000	1.0000
183	Waveform 1	1	42035.436343750	42035.455843750	1400.000	4000.000	1.0000
183	Spectrogram 1	1	42035.436343750	42035.455843750	1400.000	4000.000	1.0000
184	Waveform 1	1	42044.227593750	42044.240593750	1400.000	4000.000	1.0000
184	Spectrogram 1	1	42044.227593750	42044.240593750	1400.000	4000.000	1.0000
185	Waveform 1	1	42075.744468750	42075.762343750	1400.000	4000.000	1.0000
185	Spectrogram 1	1	42075.744468750	42075.762343750	1400.000	4000.000	1.0000
186	Waveform 1	1	42110.379718750	42110.394343750	1400.000	4000.000	1.0000
186	Spectrogram 1	1	42110.379718750	42110.394343750	1400.000	4000.000	1.0000
187	Waveform 1	1	42229.721343750	42229.731093750	1400.000	4000.000	1.0000
187	Spectrogram 1	1	42229.721343750	42229.731093750	1400.000	4000.000	1.0000
188	Waveform 1	1	42239.437218750	42239.445343750	1400.000	4000.000	1.0000
188	Spectrogram 1	1	42239.437218750	42239.445343750	1400.000	4000.000	1.0000
189	Waveform 1	1	42262.804718750	42262.817718750	1400.000	4000.000	1.0000
189	Spectrogram 1	1	42262.804718750	42262.817718750	1400.000	4000.000	1.0000
190	Waveform 1	1	42385.189968750	42385.202968750	1400.000	4000.000	1.0000
190	Spectrogram 1	1	42385.189968750	42385.202968750	1400.000	4000.000	1.0000
191	Waveform 1	1	42520.688968750	42520.700343750	1400.000	4000.000	1.0000
191	Spectrogram 1	1	42520.688968750	42520.700343750	1400.000	4000.000	1.0000
192	Waveform 1	1	42525.780093750	42525.789843750	1400.000	4000.000	1.0000
192	Spectrogram 1	1	42525.780093750	42525.789843750	1400.000	4000.000	1.0000
193	Waveform 1	1	42543.525093750	42543.536468750	1400.000	4000.000	1.0000
193	Spectrogram 1	1	42543.525093750	42543.536468750	1400.000	4000.000	1.0000
194	Waveform 1	1	42752.166968750	42752.179968750	1400.000	4000.000	1.0000
194	Spectrogram 1	1	42752.166968750	42752.179968750	1400.000	4000.000	1.0000
195	Waveform 1	1	43020.915968750	43020.937093750	1400.000	4000.000	1.0000
195	Spectrogram 1	1	43020.915968750	43020.937093750	1400.000	4000.000	1.0000
196	Waveform 1	1	43189.410593750	43189.423593750	1400.000	4000.000	1.0000
196	Spectrogram 1	1	43189.410593750	43189.423593750	1400.000	4000.000	1.0000
197	Waveform 1	1	43715.111093750	43715.125718750	1400.000	4000.000	1.0000
197	Spectrogram 1	1	43715.111093750	43715.125718750	1400.000	4000.000	1.0000
198	Waveform 1	1	43715.159843750	43715.180968750	1400.000	4000.000	1.0000
198	Spectrogram 1	1	43715.159843750	43715.180968750	1400.000	4000.000	1.0000
199	Waveform 1	1	43920.584218750	43920.597218750	1400.000	4000.000	1.0000
199	Spectrogram 1	1	43920.584218750	43920.597218750	1400.000	4000.000	1.0000
200	Waveform 1	1	44332.177218750	44332.206468750	1400.000	4000.000	1.0000
200	Spectrogram 1	1	44332.177218750	44332.206468750	1400.000	4000.000	1.0000
201	Waveform 1	1	44399.572468750	44399.604968750	1400.000	4000.000	1.0000
201	Spectrogram 1	1	44399.572468750	44399.604968750	1400.000	4000.000	1.0000
202	Waveform 1	1	44419.343843750	44419.358468750	1400.000	4000.000	1.0000
202	Spectrogram 1	1	44419.343843750	44419.358468750	1400.000	4000.000	1.0000
203	Waveform 1	1	44562.644468750	44562.654218750	1400.000	4000.000	1.0000
203	Spectrogram 1	1	44562.644468750	44562.654218750	1400.000	4000.000	1.0000
204	Waveform 1	1	44577.453093750	44577.467718750	1400.000	4000.000	1.0000
204	Spectrogram 1	1	44577.453093750	44577.467718750	1400.000	4000.000	1.0000
205	Waveform 1	1	44693.923343750	44693.934718750	1400.000	4000.000	1.0000
205	Spectrogram 1	1	44693.923343750	44693.934718750	1400.000	4000.000	1.0000
206	Waveform 1	1	44733.144343750	44733.162218750	1400.000	4000.000	1.0000
206	Spectrogram 1	1	44733.144343750	44733.162218750	1400.000	4000.000	1.0000
207	Waveform 1	1	44836.066968750	44836.081593750	1400.000	4000.000	1.0000
207	Spectrogram 1	1	44836.066968750	44836.081593750	1400.000	4000.000	1.0000
208	Waveform 1	1	45186.587593750	45186.616843750	1400.000	4000.000	0.8333
208	Spectrogram 1	1	45186.587593750	45186.616843750	1400.000	4000.000	0.8333
209	Waveform 1	1	45310.612468750	45310.638468750	1400.000	4000.000	1.0000
209	Spectrogram 1	1	45310.612468750	45310.638468750	1400.000	4000.000	1.0000
210	Waveform 1	1	45527.772593750	45527.790468750	1400.000	4000.000	1.0000
210	Spectrogram 1	1	45527.772593750	45527.790468750	1400.000	4000.000	1.0000
211	Waveform 1	1	45624.008343750	45624.029468750	1400.000	4000.000	1.0000
211	Spectrogram 1	1	45624.008343750	45624.029468750	1400.000	4000.000	1.0000
212	Waveform 1	1	45681.141718750	45681.169343750	1400.000	4000.000	0.7647
212	Spectrogram 1	1	45681.141718750	45681.169343750	1400.000	4000.000	0.7647
213	Waveform 1	1	45681.762468750	45681.793343750	1400.000	4000.000	1.0000
213	Spectrogram 1	1	45681.762468750	45681.793343750	1400.000	4000.000	1.0000
214	Waveform 1	1	45681.829093750	45681.858343750	1400.000	4000.000	1.0000
214	Spectrogram 1	1	45681.829093750	45681.858343750	1400.000	4000.000	1.0000
215	Waveform 1	1	45691.130593750	45691.138718750	1400.000	4000.000	1.0000
215	Spectrogram 1	1	45691.130593750	45691.138718750	1400.000	4000.000	1.0000
216	Waveform 1	1	45847.743218750	45847.761093750	1400.000	4000.000	1.0000
216	Spectrogram 1	1	45847.743218750	45847.761093750	1400.000	4000.000	1.0000
217	Waveform 1	1	46277.404593750	46277.422468750	1400.000	4000.000	1.0000
217	Spectrogram 1	1	46277.404593750	46277.422468750	1400.000	4000.000	1.0000
218	Waveform 1	1	46950.286218750	46950.310593750	1400.000	4000.000	1.0000
218	Spectrogram 1	1	46950.286218750	46950.310593750	1400.000	4000.000	1.0000
219	Waveform 1	1	47096.445218750	47096.453343750	1400.000	4000.000	1.0000
219	Spectrogram 1	1	47096.445218750	47096.453343750	1400.000	4000.000	1.0000
220	Waveform 1	1	47112.425468750	47112.436843750	1400.000	4000.000	1.0000
220	Spectrogram 1	1	47112.425468750	47112.436843750	1400.000	4000.000	1.0000
221	Waveform 1	1	47112.503468750	47112.519718750	1400.000	4000.000	1.0000
221	Spectrogram 1	1	47112.503468750	47112.519718750	1400.000	4000.000	1.0000
222	Waveform 1	1	47170.241343750	47170.249468750	1400.000	4000.000	1.0000
222	Spectrogram 1	1	47170.241343750	47170.249468750	1400.000	4000.000	1.0000
223	Waveform 1	1	47196.639468750	47196.654093750	1400.000	4000.000	1.0000
223	Spectrogram 1	1	47196.639468750	47196.654093750	1400.000	4000.000	1.0000
224	Waveform 1	1	47473.427343750	47473.438718750	1400.000	4000.000	1.0000
224	Spectrogram 1	1	47473.427343750	47473.438718750	1400.000	4000.000	1.0000
225	Waveform 1	1	47597.522093750	47597.544843750	1400.000	4000.000	1.0000
225	Spectrogram 1	1	47597.522093750	47597.544843750	1400.000	4000.000	1.0000
226	Waveform 1	1	47597.702468750	47597.713843750	1400.000	4000.000	1.0000
226	Spectrogram 1	1	47597.702468750	47597.713843750	1400.000	4000.000	1.0000
227	Waveform 1	1	47687.418718750	47687.430093750	1400.000	4000.000	1.0000
227	Spectrogram 1	1	47687.418718750	47687.430093750	1400.000	4000.000	1.0000
228	Waveform 1	1	48003.247218750	48003.271593750	1400.000	4000.000	0.8000
228	Spectrogram 1	1	48003.247218750	48003.271593750	1400.000	4000.000	0.8000
229	Waveform 1	1	48433.136093750	48433.155593750	1400.000	4000.000	1.0000
229	Spectrogram 1	1	48433.136093750	48433.155593750	1400.000	4000.000	1.0000
230	Waveform 1	1	48433.254718750	48433.279093750	1400.000	4000.000	1.0000
230	Spectrogram 1	1	48433.254718750	48433.279093750	1400.000	4000.000	1.0000
231	Waveform 1	1	48460.125718750	48460.153343750	1400.000	4000.000	1.0000
231	Spectrogram 1	1	48460.125718750	48460.153343750	1400.000	4000.000	1.0000
232	Waveform 1	1	48608.132343750	48608.143718750	1400.000	4000.000	1.0000
232	Spectrogram 1	1	48608.132343750	48608.143718750	1400.000	4000.000	1.0000
233	Waveform 1	1	48632.400093750	48632.421218750	1400.000	4000.000	1.0000
233	Spectrogram 1	1	48632.400093750	48632.421218750	1400.000	4000.000	1.0000
234	Waveform 1	1	48758.508218750	48758.517968750	1400.000	4000.000	1.0000
234	Spectrogram 1	1	48758.508218750	48758.517968750	1400.000	4000.000	1.0000
235	Waveform 1	1	49115.010468750	49115.028343750	1400.000	4000.000	1.0000
235	Spectrogram 1	1	49115.010468750	49115.028343750	1400.000	4000.000	1.0000
236	Waveform 1	1	49183.486343750	49183.507468750	1400.000	4000.000	1.0000
236	Spectrogram 1	1	49183.486343750	49183.507468750	1400.000	4000.000	1.0000
237	Waveform 1	1	50728.066718750	50728.076468750	1400.000	4000.000	1.0000
237	Spectrogram 1	1	50728.066718750	50728.076468750	1400.000	4000.000	1.0000
238	Waveform 1	1	53770.414468750	53770.422593750	1400.000	4000.000	1.0000
238	Spectrogram 1	1	53770.414468750	53770.422593750	1400.000	4000.000	1.0000
239	Waveform 1	1	55183.806968750	55183.821593750	1400.000	4000.000	1.0000
239	Spectrogram 1	1	55183.806968750	55183.821593750	1400.000	4000.000	1.0000
240	Waveform 1	1	55366.001968750	55366.011718750	1400.000	4000.000	1.0000
240	Spectrogram 1	1	55366.001968750	55366.011718750	1400.000	4000.000	1.0000
241	Waveform 1	1	57639.714968750	57639.737718750	1400.000	4000.000	1.0000
241	Spectrogram 1	1	57639.714968750	57639.737718750	1400.000	4000.000	1.0000
242	Waveform 1	1	60425.879843750	60425.892843750	1400.000	4000.000	1.0000
242	Spectrogram 1	1	60425.879843750	60425.892843750	1400.000	4000.000	1.0000
243	Waveform 1	1	60978.079218750	60978.087343750	1400.000	4000.000	1.0000
243	Spectrogram 1	1	60978.079218750	60978.087343750	1400.000	4000.000	1.0000
244	Waveform 1	1	61528.590218750	61528.601593750	1400.000	4000.000	1.0000
244	Spectrogram 1	1	61528.590218750	61528.601593750	1400.000	4000.000	1.0000
245	Waveform 1	1	63646.568093750	63646.582718750	1400.000	4000.000	1.0000
245	Spectrogram 1	1	63646.568093750	63646.582718750	1400.000	4000.000	1.0000
246	Waveform 1	1	63999.267843750	63999.287343750	1400.000	4000.000	1.0000
246	Spectrogram 1	1	63999.267843750	63999.287343750	1400.000	4000.000	1.0000
247	Waveform 1	1	68379.660093750	68379.681218750	1400.000	4000.000	1.0000
247	Spectrogram 1	1	68379.660093750	68379.681218750	1400.000	4000.000	1.0000
248	Waveform 1	1	69493.555343750	69493.571593750	1400.000	4000.000	1.0000
248	Spectrogram 1	1	69493.555343750	69493.571593750	1400.000	4000.000	1.0000
249	Waveform 1	1	70490.643968750	70490.655343750	1400.000	4000.000	1.0000
249	Spectrogram 1	1	70490.643968750	70490.655343750	1400.000	4000.000	1.0000
250	Waveform 1	1	70745.359468750	70745.378968750	1400.000	4000.000	1.0000
250	Spectrogram 1	1	70745.359468750	70745.378968750	1400.000	4000.000	1.0000
251	Waveform 1	1	70867.975468750	70867.983593750	1400.000	4000.000	1.0000
251	Spectrogram 1	1	70867.975468750	70867.983593750	1400.000	4000.000	1.0000
252	Waveform 1	1	72236.753593750	72236.763343750	1400.000	4000.000	1.0000
252	Spectrogram 1	1	72236.753593750	72236.763343750	1400.000	4000.000	1.0000
253	Waveform 1	1	73505.495093750	73505.509718750	1400.000	4000.000	1.0000
253	Spectrogram 1	1	73505.495093750	73505.509718750	1400.000	4000.000	1.0000
254	Waveform 1	1	74226.665218750	74226.679843750	1400.000	4000.000	1.0000
254	Spectrogram 1	1	74226.665218750	74226.679843750	1400.000	4000.000	1.0000
255	Waveform 1	1	74234.278343750	74234.297843750	1400.000	4000.000	1.0000
255	Spectrogram 1	1	74234.278343750	74234.297843750	1400.000	4000.000	1.0000
256	Waveform 1	1	74256.656218750	74256.674093750	1400.000	4000.000	1.0000
256	Spectrogram 1	1	74256.656218750	74256.674093750	1400.000	4000.000	1.0000
257	Waveform 1	1	74281.512218750	74281.520343750	1400.000	4000.000	1.0000
257	Spectrogram 1	1	74281.512218750	74281.520343750	1400.000	4000.000	1.0000
258	Waveform 1	1	75462.591468750	75462.606093750	1400.000	4000.000	1.0000
258	Spectrogram 1	1	75462.591468750	75462.606093750	1400.000	4000.000	1.0000
259	Waveform 1	1	75551.335968750	75551.368468750	1400.000	4000.000	1.0000
259	Spectrogram 1	1	75551.335968750	75551.368468750	1400.000	4000.000	1.0000
260	Waveform 1	1	75984.846968750	75984.861593750	1400.000	4000.000	1.0000
260	Spectrogram 1	1	75984.846968750	75984.861593750	1400.000	4000.000	1.0000
261	Waveform 1	1	76293.153343750	76293.171218750	1400.000	4000.000	1.0000
261	Spectrogram 1	1	76293.153343750	76293.171218750	1400.000	4000.000	1.0000
262	Waveform 1	1	77777.519343750	77777.527468750	1400.000	4000.000	1.0000
262	Spectrogram 1	1	77777.519343750	77777.527468750	1400.000	4000.000	1.0000
263	Waveform 1	1	78405.918218750	78405.936093750	1400.000	4000.000	1.0000
263	Spectrogram 1	1	78405.918218750	78405.936093750	1400.000	4000.000	1.0000
264	Waveform 1	1	79231.060718750	79231.076968750	1400.000	4000.000	1.0000
264	Spectrogram 1	1	79231.060718750	79231.076968750	1400.000	4000.000	1.0000
265	Waveform 1	1	79240.995968750	79241.007343750	1400.000	4000.000	1.0000
265	Spectrogram 1	1	79240.995968750	79241.007343750	1400.000	4000.000	1.0000
266	Waveform 1	1	79241.936843750	79241.962843750	1400.000	4000.000	1.0000
266	Spectrogram 1	1	79241.936843750	79241.962843750	1400.000	4000.000	1.0000
267	Waveform 1	1	79256.480593750	79256.491968750	1400.000	4000.000	1.0000
267	Spectrogram 1	1	79256.480593750	79256.491968750	1400.000	4000.000	1.0000
268	Waveform 1	1	79261.800843750	79261.823593750	1400.000	4000.000	1.0000
268	Spectrogram 1	1	79261.800843750	79261.823593750	1400.000	4000.000	1.0000
269	Waveform 1	1	79264.720968750	79264.738843750	1400.000	4000.000	1.0000
269	Spectrogram 1	1	79264.720968750	79264.738843750	1400.000	4000.000	1.0000
270	Waveform 1	1	79269.646343750	79269.657718750	1400.000	4000.000	1.0000
270	Spectrogram 1	1	79269.646343750	79269.657718750	1400.000	4000.000	1.0000
271	Waveform 1	1	79270.416593750	79270.432843750	1400.000	4000.000	1.0000
271	Spectrogram 1	1	79270.416593750	79270.432843750	1400.000	4000.000	1.0000
272	Waveform 1	1	79270.663593750	79270.674968750	1400.000	4000.000	1.0000
272	Spectrogram 1	1	79270.663593750	79270.674968750	1400.000	4000.000	1.0000
273	Waveform 1	1	79276.385218750	79276.394968750	1400.000	4000.000	1.0000
273	Spectrogram 1	1	79276.385218750	79276.394968750	1400.000	4000.000	1.0000
274	Waveform 1	1	79290.095343750	79290.124593750	1400.000	4000.000	1.0000
274	Spectrogram 1	1	79290.095343750	79290.124593750	1400.000	4000.000	1.0000
275	Waveform 1	1	79294.083093750	79294.102593750	1400.000	4000.000	1.0000
275	Spectrogram 1	1	79294.083093750	79294.102593750	1400.000	4000.000	1.0000
276	Waveform 1	1	79295.357093750	79295.378218750	1400.000	4000.000	1.0000
276	Spectrogram 1	1	79295.357093750	79295.378218750	1400.000	4000.000	1.0000
277	Waveform 1	1	79297.006468750	79297.027593750	1400.000	4000.000	1.0000
277	Spectrogram 1	1	79297.006468750	79297.027593750	1400.000	4000.000	1.0000
278	Waveform 1	1	79298.210593750	79298.218718750	1400.000	4000.000	1.0000
278	Spectrogram 1	1	79298.210593750	79298.218718750	1400.000	4000.000	1.0000
279	Waveform 1	1	79323.316843750	79323.337968750	1400.000	4000.000	1.0000
279	Spectrogram 1	1	79323.316843750	79323.337968750	1400.000	4000.000	1.0000
280	Waveform 1	1	79323.974968750	79323.986343750	1400.000	4000.000	1.0000
280	Spectrogram 1	1	79323.974968750	79323.986343750	1400.000	4000.000	1.0000
281	Waveform 1	1	79324.030218750	79324.038343750	1400.000	4000.000	1.0000
281	Spectrogram 1	1	79324.030218750	79324.038343750	1400.000	4000.000	1.0000
282	Waveform 1	1	79329.706343750	79329.730718750	1400.000	4000.000	1.0000
282	Spectrogram 1	1	79329.706343750	79329.730718750	1400.000	4000.000	1.0000
283	Waveform 1	1	79331.838343750	79331.856218750	1400.000	4000.000	1.0000
283	Spectrogram 1	1	79331.838343750	79331.856218750	1400.000	4000.000	1.0000
284	Waveform 1	1	79332.408718750	79332.436343750	1400.000	4000.000	1.0000
284	Spectrogram 1	1	79332.408718750	79332.436343750	1400.000	4000.000	1.0000
285	Waveform 1	1	79332.728843750	79332.738593750	1400.000	4000.000	1.0000
285	Spectrogram 1	1	79332.728843750	79332.738593750	1400.000	4000.000	1.0000
286	Waveform 1	1	79334.989218750	79335.000593750	1400.000	4000.000	1.0000
286	Spectrogram 1	1	79334.989218750	79335.000593750	1400.000	4000.000	1.0000
287	Waveform 1	1	79335.354843750	79335.380843750	1400.000	4000.000	1.0000
287	Spectrogram 1	1	79335.354843750	79335.380843750	1400.000	4000.000	1.0000
288	Waveform 1	1	79337.226843750	79337.239843750	1400.000	4000.000	1.0000
288	Spectrogram 1	1	79337.226843750	79337.239843750	1400.000	4000.000	1.0000
289	Waveform 1	1	79337.525843750	79337.545343750	1400.000	4000.000	1.0000
289	Spectrogram 1	1	79337.525843750	79337.545343750	1400.000	4000.000	1.0000
290	Waveform 1	1	79337.706218750	79337.717593750	1400.000	4000.000	1.0000
290	Spectrogram 1	1	79337.706218750	79337.717593750	1400.000	4000.000	1.0000
291	Waveform 1	1	79340.197343750	79340.215218750	1400.000	4000.000	1.0000
291	Spectrogram 1	1	79340.197343750	79340.215218750	1400.000	4000.000	1.0000
292	Waveform 1	1	79341.297468750	79341.325093750	1400.000	4000.000	1.0000
292	Spectrogram 1	1	79341.297468750	79341.325093750	1400.000	4000.000	1.0000
293	Waveform 1	1	79341.394968750	79341.406343750	1400.000	4000.000	1.0000
293	Spectrogram 1	1	79341.394968750	79341.406343750	1400.000	4000.000	1.0000
294	Waveform 1	1	79341.601343750	79341.611093750	1400.000	4000.000	1.0000
294	Spectrogram 1	1	79341.601343750	79341.611093750	1400.000	4000.000	1.0000
295	Waveform 1	1	79342.569843750	79342.592593750	1400.000	4000.000	1.0000
295	Spectrogram 1	1	79342.569843750	79342.592593750	1400.000	4000.000	1.0000
296	Waveform 1	1	79344.284218750	79344.297218750	1400.000	4000.000	1.0000
296	Spectrogram 1	1	79344.284218750	79344.297218750	1400.000	4000.000	1.0000
297	Waveform 1	1	79344.900093750	79344.924468750	1400.000	4000.000	1.0000
297	Spectrogram 1	1	79344.900093750	79344.924468750	1400.000	4000.000	1.0000
298	Waveform 1	1	79346.867968750	79346.882593750	1400.000	4000.000	1.0000
298	Spectrogram 1	1	79346.867968750	79346.882593750	1400.000	4000.000	1.0000
299	Waveform 1	1	79347.072718750	79347.082468750	1400.000	4000.000	1.0000
299	Spectrogram 1	1	79347.072718750	79347.082468750	1400.000	4000.000	1.0000
300	Waveform 1	1	79347.347343750	79347.371718750	1400.000	4000.000	1.0000
300	Spectrogram 1	1	79347.347343750	79347.371718750	1400.000	4000.000	1.0000
301	Waveform 1	1	79347.636593750	79347.659343750	1400.000	4000.000	1.0000
301	Spectrogram 1	1	79347.636593750	79347.659343750	1400.000	4000.000	1.0000
302	Waveform 1	1	79347.797468750	79347.813718750	1400.000	4000.000	1.0000
302	Spectrogram 1	1	79347.797468750	79347.813718750	1400.000	4000.000	1.0000
303	Waveform 1	1	79348.574218750	79348.595343750	1400.000	4000.000	1.0000
303	Spectrogram 1	1	79348.574218750	79348.595343750	1400.000	4000.000	1.0000
304	Waveform 1	1	79349.146218750	79349.172218750	1400.000	4000.000	1.0000
304	Spectrogram 1	1	79349.146218750	79349.172218750	1400.000	4000.000	1.0000
305	Waveform 1	1	79349.763718750	79349.778343750	1400.000	4000.000	1.0000
305	Spectrogram 1	1	79349.763718750	79349.778343750	1400.000	4000.000	1.0000
306	Waveform 1	1	79350.631468750	79350.644468750	1400.000	4000.000	1.0000
306	Spectrogram 1	1	79350.631468750	79350.644468750	1400.000	4000.000	1.0000
307	Waveform 1	1	79350.691593750	79350.720843750	1400.000	4000.000	1.0000
307	Spectrogram 1	1	79350.691593750	79350.720843750	1400.000	4000.000	1.0000
308	Waveform 1	1	79351.177468750	79351.195343750	1400.000	4000.000	1.0000
308	Spectrogram 1	1	79351.177468750	79351.195343750	1400.000	4000.000	1.0000
309	Waveform 1	1	79351.448843750	79351.469968750	1400.000	4000.000	1.0000
309	Spectrogram 1	1	79351.448843750	79351.469968750	1400.000	4000.000	1.0000
310	Waveform 1	1	79351.853468750	79351.866468750	1400.000	4000.000	1.0000
310	Spectrogram 1	1	79351.853468750	79351.866468750	1400.000	4000.000	1.0000
311	Waveform 1	1	79352.999093750	79353.021843750	1400.000	4000.000	1.0000
311	Spectrogram 1	1	79352.999093750	79353.021843750	1400.000	4000.000	1.0000
312	Waveform 1	1	79353.086843750	79353.111218750	1400.000	4000.000	1.0000
312	Spectrogram 1	1	79353.086843750	79353.111218750	1400.000	4000.000	1.0000
313	Waveform 1	1	79353.605218750	79353.623093750	1400.000	4000.000	1.0000
313	Spectrogram 1	1	79353.605218750	79353.623093750	1400.000	4000.000	1.0000
314	Waveform 1	1	79354.055343750	79354.081343750	1400.000	4000.000	1.0000
314	Spectrogram 1	1	79354.055343750	79354.081343750	1400.000	4000.000	1.0000
315	Waveform 1	1	79354.318593750	79354.341343750	1400.000	4000.000	1.0000
315	Spectrogram 1	1	79354.318593750	79354.341343750	1400.000	4000.000	1.0000
316	Waveform 1	1	79354.544468750	79354.560718750	1400.000	4000.000	1.0000
316	Spectrogram 1	1	79354.544468750	79354.560718750	1400.000	4000.000	1.0000
317	Waveform 1	1	79355.022218750	79355.030343750	1400.000	4000.000	1.0000
317	Spectrogram 1	1	79355.022218750	79355.030343750	1400.000	4000.000	1.0000
318	Waveform 1	1	79355.132718750	79355.144093750	1400.000	4000.000	1.0000
318	Spectrogram 1	1	79355.132718750	79355.144093750	1400.000	4000.000	1.0000
319	Waveform 1	1	79355.189593750	79355.209093750	1400.000	4000.000	1.0000
319	Spectrogram 1	1	79355.189593750	79355.209093750	1400.000	4000.000	1.0000
320	Waveform 1	1	79355.963093750	79355.989093750	1400.000	4000.000	1.0000
320	Spectrogram 1	1	79355.963093750	79355.989093750	1400.000	4000.000	1.0000
321	Waveform 1	1	79356.065468750	79356.080093750	1400.000	4000.000	1.0000
321	Spectrogram 1	1	79356.065468750	79356.080093750	1400.000	4000.000	1.0000
322	Waveform 1	1	79356.292968750	79356.305968750	1400.000	4000.000	1.0000
322	Spectrogram 1	1	79356.292968750	79356.305968750	1400.000	4000.000	1.0000
323	Waveform 1	1	79356.517218750	79356.539968750	1400.000	4000.000	1.0000
323	Spectrogram 1	1	79356.517218750	79356.539968750	1400.000	4000.000	1.0000
324	Waveform 1	1	79356.692718750	79356.708968750	1400.000	4000.000	1.0000
324	Spectrogram 1	1	79356.692718750	79356.708968750	1400.000	4000.000	1.0000
325	Waveform 1	1	79356.946218750	79356.959218750	1400.000	4000.000	1.0000
325	Spectrogram 1	1	79356.946218750	79356.959218750	1400.000	4000.000	1.0000
326	Waveform 1	1	79357.386593750	79357.401218750	1400.000	4000.000	1.0000
326	Spectrogram 1	1	79357.386593750	79357.401218750	1400.000	4000.000	1.0000
327	Waveform 1	1	79357.586468750	79357.599468750	1400.000	4000.000	1.0000
327	Spectrogram 1	1	79357.586468750	79357.599468750	1400.000	4000.000	1.0000
328	Waveform 1	1	79357.695343750	79357.714843750	1400.000	4000.000	1.0000
328	Spectrogram 1	1	79357.695343750	79357.714843750	1400.000	4000.000	1.0000
329	Waveform 1	1	79357.908218750	79357.924468750	1400.000	4000.000	1.0000
329	Spectrogram 1	1	79357.908218750	79357.924468750	1400.000	4000.000	1.0000
330	Waveform 1	1	79357.976468750	79357.992718750	1400.000	4000.000	1.0000
330	Spectrogram 1	1	79357.976468750	79357.992718750	1400.000	4000.000	1.0000
331	Waveform 1	1	79358.836093750	79358.868593750	1400.000	4000.000	0.8000
331	Spectrogram 1	1	79358.836093750	79358.868593750	1400.000	4000.000	0.8000
332	Waveform 1	1	79360.162093750	79360.192968750	1400.000	4000.000	1.0000
332	Spectrogram 1	1	79360.162093750	79360.192968750	1400.000	4000.000	1.0000
333	Waveform 1	1	79360.423718750	79360.431843750	1400.000	4000.000	1.0000
333	Spectrogram 1	1	79360.423718750	79360.431843750	1400.000	4000.000	1.0000
334	Waveform 1	1	79360.496843750	79360.506593750	1400.000	4000.000	1.0000
334	Spectrogram 1	1	79360.496843750	79360.506593750	1400.000	4000.000	1.0000
335	Waveform 1	1	79360.732468750	79360.756843750	1400.000	4000.000	1.0000
335	Spectrogram 1	1	79360.732468750	79360.756843750	1400.000	4000.000	1.0000
336	Waveform 1	1	79360.885218750	79360.909593750	1400.000	4000.000	1.0000
336	Spectrogram 1	1	79360.885218750	79360.909593750	1400.000	4000.000	1.0000
337	Waveform 1	1	79361.437718750	79361.470218750	1400.000	4000.000	1.0000
337	Spectrogram 1	1	79361.437718750	79361.470218750	1400.000	4000.000	1.0000
338	Waveform 1	1	79361.631093750	79361.653843750	1400.000	4000.000	1.0000
338	Spectrogram 1	1	79361.631093750	79361.653843750	1400.000	4000.000	1.0000
339	Waveform 1	1	79362.388343750	79362.412718750	1400.000	4000.000	1.0000
339	Spectrogram 1	1	79362.388343750	79362.412718750	1400.000	4000.000	1.0000
340	Waveform 1	1	79362.476093750	79362.500468750	1400.000	4000.000	1.0000
340	Spectrogram 1	1	79362.476093750	79362.500468750	1400.000	4000.000	1.0000
341	Waveform 1	1	79362.562218750	79362.578468750	1400.000	4000.000	1.0000
341	Spectrogram 1	1	79362.562218750	79362.578468750	1400.000	4000.000	1.0000
342	Waveform 1	1	79362.731218750	79362.739343750	1400.000	4000.000	1.0000
342	Spectrogram 1	1	79362.731218750	79362.739343750	1400.000	4000.000	1.0000
343	Waveform 1	1	79362.801093750	79362.814093750	1400.000	4000.000	1.0000
343	Spectrogram 1	1	79362.801093750	79362.814093750	1400.000	4000.000	1.0000
344	Waveform 1	1	79362.991218750	79362.999343750	1400.000	4000.000	1.0000
344	Spectrogram 1	1	79362.991218750	79362.999343750	1400.000	4000.000	1.0000
345	Waveform 1	1	79364.541468750	79364.560968750	1400.000	4000.000	0.8333
345	Spectrogram 1	1	79364.541468750	79364.560968750	1400.000	4000.000	0.8333
346	Waveform 1	1	79364.816093750	79364.838843750	1400.000	4000.000	1.0000
346	Spectrogram 1	1	79364.816093750	79364.838843750	1400.000	4000.000	1.0000
347	Waveform 1	1	79364.942843750	79364.959093750	1400.000	4000.000	1.0000
347	Spectrogram 1	1	79364.942843750	79364.959093750	1400.000	4000.000	1.0000
348	Waveform 1	1	79365.066343750	79365.089093750	1400.000	4000.000	1.0000
348	Spectrogram 1	1	79365.066343750	79365.089093750	1400.000	4000.000	1.0000
349	Waveform 1	1	79365.134593750	79365.152468750	1400.000	4000.000	1.0000
349	Spectrogram 1	1	79365.134593750	79365.152468750	1400.000	4000.000	1.0000
350	Waveform 1	1	79365.209343750	79365.235343750	1400.000	4000.000	1.0000
350	Spectrogram 1	1	79365.209343750	79365.235343750	1400.000	4000.000	1.0000
351	Waveform 1	1	79365.774843750	79365.784593750	1400.000	4000.000	1.0000
351	Spectrogram 1	1	79365.774843750	79365.784593750	1400.000	4000.000	1.0000
352	Waveform 1	1	79366.052718750	79366.070593750	1400.000	4000.000	1.0000
352	Spectrogram 1	1	79366.052718750	79366.070593750	1400.000	4000.000	1.0000
353	Waveform 1	1	79366.662093750	79366.678343750	1400.000	4000.000	1.0000
353	Spectrogram 1	1	79366.662093750	79366.678343750	1400.000	4000.000	1.0000
354	Waveform 1	1	79366.840843750	79366.861968750	1400.000	4000.000	1.0000
354	Spectrogram 1	1	79366.840843750	79366.861968750	1400.000	4000.000	1.0000
355	Waveform 1	1	79367.458343750	79367.474593750	1400.000	4000.000	1.0000
355	Spectrogram 1	1	79367.458343750	79367.474593750	1400.000	4000.000	1.0000
356	Waveform 1	1	79367.542843750	79367.559093750	1400.000	4000.000	1.0000
356	Spectrogram 1	1	79367.542843750	79367.559093750	1400.000	4000.000	1.0000
357	Waveform 1	1	79369.357968750	79369.367718750	1400.000	4000.000	1.0000
357	Spectrogram 1	1	79369.357968750	79369.367718750	1400.000	4000.000	1.0000
358	Waveform 1	1	79369.530218750	79369.551343750	1400.000	4000.000	1.0000
358	Spectrogram 1	1	79369.530218750	79369.551343750	1400.000	4000.000	1.0000
359	Waveform 1	1	79370.305343750	79370.315093750	1400.000	4000.000	1.0000
359	Spectrogram 1	1	79370.305343750	79370.315093750	1400.000	4000.000	1.0000
360	Waveform 1	1	79370.519843750	79370.529593750	1400.000	4000.000	1.0000
360	Spectrogram 1	1	79370.519843750	79370.529593750	1400.000	4000.000	1.0000
361	Waveform 1	1	79370.638468750	79370.651468750	1400.000	4000.000	1.0000
361	Spectrogram 1	1	79370.638468750	79370.651468750	1400.000	4000.000	1.0000
362	Waveform 1	1	79370.857843750	79370.878968750	1400.000	4000.000	1.0000
362	Spectrogram 1	1	79370.857843750	79370.878968750	1400.000	4000.000	1.0000
363	Waveform 1	1	79370.947218750	79370.958593750	1400.000	4000.000	1.0000
363	Spectrogram 1	1	79370.947218750	79370.958593750	1400.000	4000.000	1.0000
364	Waveform 1	1	79371.990468750	79372.011593750	1400.000	4000.000	1.0000
364	Spectrogram 1	1	79371.990468750	79372.011593750	1400.000	4000.000	1.0000
365	Waveform 1	1	79372.193593750	79372.204968750	1400.000	4000.000	1.0000
365	Spectrogram 1	1	79372.193593750	79372.204968750	1400.000	4000.000	1.0000
366	Waveform 1	1	79372.750968750	79372.765593750	1400.000	4000.000	1.0000
366	Spectrogram 1	1	79372.750968750	79372.765593750	1400.000	4000.000	1.0000
367	Waveform 1	1	79373.430218750	79373.443218750	1400.000	4000.000	1.0000
367	Spectrogram 1	1	79373.430218750	79373.443218750	1400.000	4000.000	1.0000
368	Waveform 1	1	79373.498468750	79373.509843750	1400.000	4000.000	1.0000
368	Spectrogram 1	1	79373.498468750	79373.509843750	1400.000	4000.000	1.0000
369	Waveform 1	1	79374.306093750	79374.319093750	1400.000	4000.000	1.0000
369	Spectrogram 1	1	79374.306093750	79374.319093750	1400.000	4000.000	1.0000
370	Waveform 1	1	79374.362968750	79374.374343750	1400.000	4000.000	1.0000
370	Spectrogram 1	1	79374.362968750	79374.374343750	1400.000	4000.000	1.0000
371	Waveform 1	1	79375.329843750	79375.346093750	1400.000	4000.000	1.0000
371	Spectrogram 1	1	79375.329843750	79375.346093750	1400.000	4000.000	1.0000
372	Waveform 1	1	79375.588218750	79375.614218750	1400.000	4000.000	1.0000
372	Spectrogram 1	1	79375.588218750	79375.614218750	1400.000	4000.000	1.0000
373	Waveform 1	1	79376.282093750	79376.299968750	1400.000	4000.000	1.0000
373	Spectrogram 1	1	79376.282093750	79376.299968750	1400.000	4000.000	1.0000
374	Waveform 1	1	79377.154718750	79377.180718750	1400.000	4000.000	1.0000
374	Spectrogram 1	1	79377.154718750	79377.180718750	1400.000	4000.000	1.0000
375	Waveform 1	1	79377.226218750	79377.250593750	1400.000	4000.000	1.0000
375	Spectrogram 1	1	79377.226218750	79377.250593750	1400.000	4000.000	1.0000
376	Waveform 1	1	79377.391968750	79377.406593750	1400.000	4000.000	1.0000
376	Spectrogram 1	1	79377.391968750	79377.406593750	1400.000	4000.000	1.0000
377	Waveform 1	1	79380.160968750	79380.185343750	1400.000	4000.000	1.0000
377	Spectrogram 1	1	79380.160968750	79380.185343750	1400.000	4000.000	1.0000
378	Waveform 1	1	79380.903593750	79380.927968750	1400.000	4000.000	1.0000
378	Spectrogram 1	1	79380.903593750	79380.927968750	1400.000	4000.000	1.0000
379	Waveform 1	1	79385.183843750	79385.196843750	1400.000	4000.000	1.0000
379	Spectrogram 1	1	79385.183843750	79385.196843750	1400.000	4000.000	1.0000
380	Waveform 1	1	79386.292093750	79386.305093750	1400.000	4000.000	1.0000
380	Spectrogram 1	1	79386.292093750	79386.305093750	1400.000	4000.000	1.0000
381	Waveform 1	1	79386.534218750	79386.542343750	1400.000	4000.000	1.0000
381	Spectrogram 1	1	79386.534218750	79386.542343750	1400.000	4000.000	1.0000
382	Waveform 1	1	79387.975593750	79387.996718750	1400.000	4000.000	1.0000
382	Spectrogram 1	1	79387.975593750	79387.996718750	1400.000	4000.000	1.0000
383	Waveform 1	1	79388.281093750	79388.310343750	1400.000	4000.000	1.0000
383	Spectrogram 1	1	79388.281093750	79388.310343750	1400.000	4000.000	1.0000
384	Waveform 1	1	79388.381843750	79388.399718750	1400.000	4000.000	1.0000
384	Spectrogram 1	1	79388.381843750	79388.399718750	1400.000	4000.000	1.0000
385	Waveform 1	1	79390.159593750	79390.172593750	1400.000	4000.000	1.0000
385	Spectrogram 1	1	79390.159593750	79390.172593750	1400.000	4000.000	1.0000
386	Waveform 1	1	81639.965593750	81639.975343750	1400.000	4000.000	1.0000
386	Spectrogram 1	1	81639.965593750	81639.975343750	1400.000	4000.000	1.0000
387	Waveform 1	1	81667.052718750	81667.070593750	1400.000	4000.000	1.0000
387	Spectrogram 1	1	81667.052718750	81667.070593750	1400.000	4000.000	1.0000
388	Waveform 1	1	83280.471343750	83280.479468750	1400.000	4000.000	1.0000
388	Spectrogram 1	1	83280.471343750	83280.479468750	1400.000	4000.000	1.0000
389	Waveform 1	1	83650.443218750	83650.464343750	1400.000	4000.000	1.0000
389	Spectrogram 1	1	83650.443218750	83650.464343750	1400.000	4000.000	1.0000
390	Waveform 1	1	83926.681843750	83926.706218750	1400.000	4000.000	1.0000
390	Spectrogram 1	1	83926.681843750	83926.706218750	1400.000	4000.000	1.0000
391	Waveform 1	1	84487.791093750	84487.808968750	1400.000	4000.000	1.0000
391	Spectrogram 1	1	84487.791093750	84487.808968750	1400.000	4000.000	1.0000
392	Waveform 1	1	84487.844718750	84487.859343750	1400.000	4000.000	1.0000
392	Spectrogram 1	1	84487.844718750	84487.859343750	1400.000	4000.000	1.0000
393	Waveform 1	1	84671.516843750	84671.526593750	1400.000	4000.000	1.0000
393	Spectrogram 1	1	84671.516843750	84671.526593750	1400.000	4000.000	1.0000
394	Waveform 1	1	84766.504593750	84766.527343750	1400.000	4000.000	1.0000
394	Spectrogram 1	1	84766.504593750	84766.527343750	1400.000	4000.000	1.0000
395	Waveform 1	1	84854.145718750	84854.160343750	1400.000	4000.000	1.0000
395	Spectrogram 1	1	84854.145718750	84854.160343750	1400.000	4000.000	1.0000
396	Waveform 1	1	85321.804468750	85321.820718750	1400.000	4000.000	1.0000
396	Spectrogram 1	1	85321.804468750	85321.820718750	1400.000	4000.000	1.0000
397	Waveform 1	1	85326.945968750	85326.958968750	1400.000	4000.000	1.0000
397	Spectrogram 1	1	85326.945968750	85326.958968750	1400.000	4000.000	1.0000
398	Waveform 1	1	85330.818343750	85330.831343750	1400.000	4000.000	1.0000
398	Spectrogram 1	1	85330.818343750	85330.831343750	1400.000	4000.000	1.0000
399	Waveform 1	1	85473.415343750	85473.433218750	1400.000	4000.000	1.0000
399	Spectrogram 1	1	85473.415343750	85473.433218750	1400.000	4000.000	1.0000
400	Waveform 1	1	85540.495343750	85540.508343750	1400.000	4000.000	1.0000
400	Spectrogram 1	1	85540.495343750	85540.508343750	1400.000	4000.000	1.0000
401	Waveform 1	1	85790.685218750	85790.709593750	1400.000	4000.000	1.0000
401	Spectrogram 1	1	85790.685218750	85790.709593750	1400.000	4000.000	1.0000
402	Waveform 1	1	85791.539968750	85791.556218750	1400.000	4000.000	1.0000
402	Spectrogram 1	1	85791.539968750	85791.556218750	1400.000	4000.000	1.0000
403	Waveform 1	1	86194.686218750	86194.702468750	1400.000	4000.000	1.0000
403	Spectrogram 1	1	86194.686218750	86194.702468750	1400.000	4000.000	1.0000
