Selection	View	Channel	Begin Time (s)	End Time (s)	Low Freq (Hz)	High Freq (Hz)	Occupancy
1	Waveform 1	1	657.552718750	657.567343750	1400.000	4000.000	1.0000
1	Spectrogram 1	1	657.552718750	657.567343750	1400.000	4000.000	1.0000
2	Waveform 1	1	1578.124968750	1578.139593750	1400.000	4000.000	1.0000
2	Spectrogram 1	1	1578.124968750	1578.139593750	1400.000	4000.000	1.0000
3	Waveform 1	1	1735.423343750	1735.446093750	1400.000	4000.000	1.0000
3	Spectrogram 1	1	1735.423343750	1735.446093750	1400.000	4000.000	1.0000
4	Waveform 1	1	2209.312343750	2209.323718750	1400.000	4000.000	1.0000
4	Spectrogram 1	1	2209.312343750	2209.323718750	1400.000	4000.000	1.0000
5	Waveform 1	1	2245.803343750	2245.813093750	1400.000	4000.000	1.0000
5	Spectrogram 1	1	2245.803343750	2245.813093750	1400.000	4000.000	1.0000
6	Waveform 1	1	2313.283093750	2313.307468750	1400.000	4000.000	1.0000
6	Spectrogram 1	1	2313.283093750	2313.307468750	1400.000	4000.000	1.0000
7	Waveform 1	1	2532.399718750	2532.415968750	1400.000	4000.000	1.0000
7	Spectrogram 1	1	2532.399718750	2532.415968750	1400.000	4000.000	1.0000
8	Waveform 1	1	2564.914343750	2564.932218750	1400.000	4000.000	1.0000
8	Spectrogram 1	1	2564.914343750	2564.932218750	1400.000	4000.000	1.0000
9	Waveform 1	1	2577.309843750	2577.322843750	1400.000	4000.000	1.0000
9	Spectrogram 1	1	2577.309843750	2577.322843750	1400.000	4000.000	1.0000
10	Waveform 1	1	2730.006218750	2730.024093750	1400.000	4000.000	1.0000
10	Spectrogram 1	1	2730.006218750	2730.024093750	1400.000	4000.000	1.0000
11	Waveform 1	1	2778.439343750	2778.455593750	1400.000	4000.000	1.0000
11	Spectrogram 1	1	2778.439343750	2778.455593750	1400.000	4000.000	1.0000
12	Waveform 1	1	2785.387843750	2785.400843750	1400.000	4000.000	1.0000
12	Spectrogram 1	1	2785.387843750	2785.400843750	1400.000	4000.000	1.0000
13	Waveform 1	1	2802.781843750	2802.799718750	1400.000	4000.000	1.0000
13	Spectrogram 1	1	2802.781843750	2802.799718750	1400.000	4000.000	1.0000
14	Waveform 1	1	2815.204968750	2815.214718750	1400.000	4000.000	1.0000
14	Spectrogram 1	1	2815.204968750	2815.214718750	1400.000	4000.000	1.0000
15	Waveform 1	1	2965.493093750	2965.504468750	1400.000	4000.000	1.0000
15	Spectrogram 1	1	2965.493093750	2965.504468750	1400.000	4000.000	1.0000
16	Waveform 1	1	2969.152593750	2969.162343750	1400.000	4000.000	1.0000
16	Spectrogram 1	1	2969.152593750	2969.162343750	1400.000	4000.000	1.0000
17	Waveform 1	1	2974.974968750	2975.000968750	1400.000	4000.000	1.0000
17	Spectrogram 1	1	2974.974968750	2975.000968750	1400.000	4000.000	1.0000
18	Waveform 1	1	2975.777718750	2975.800468750	1400.000	4000.000	1.0000
18	Spectrogram 1	1	2975.777718750	2975.800468750	1400.000	4000.000	1.0000
19	Waveform 1	1	2996.636218750	2996.660593750	1400.000	4000.000	1.0000
19	Spectrogram 1	1	2996.636218750	2996.660593750	1400.000	4000.000	1.0000
20	Waveform 1	1	3001.545343750	3001.555093750	1400.000	4000.000	1.0000
20	Spectrogram 1	1	3001.545343750	3001.555093750	1400.000	4000.000	1.0000
21	Waveform 1	1	3050.267718750	3050.295343750	1400.000	4000.000	1.0000
21	Spectrogram 1	1	3050.267718750	3050.295343750	1400.000	4000.000	1.0000
22	Waveform 1	1	3051.081843750	3051.106218750	1400.000	4000.000	1.0000
22	Spectrogram 1	1	3051.081843750	3051.106218750	1400.000	4000.000	1.0000
23	Waveform 1	1	3121.418343750	3121.431343750	1400.000	4000.000	1.0000
23	Spectrogram 1	1	3121.418343750	3121.431343750	1400.000	4000.000	1.0000
24	Waveform 1	1	3237.729343750	3237.737468750	1400.000	4000.000	1.0000
24	Spectrogram 1	1	3237.729343750	3237.737468750	1400.000	4000.000	1.0000
25	Waveform 1	1	3283.453593750	3283.463343750	1400.000	4000.000	1.0000
25	Spectrogram 1	1	3283.453593750	3283.463343750	1400.000	4000.000	1.0000
26	Waveform 1	1	3283.503968750	3283.516968750	1400.000	4000.000	1.0000
26	Spectrogram 1	1	3283.503968750	3283.516968750	1400.000	4000.000	1.0000
27	Waveform 1	1	3293.942968750	3293.967343750	1400.000	4000.000	1.0000
27	Spectrogram 1	1	3293.942968750	3293.967343750	1400.000	4000.000	1.0000
28	Waveform 1	1	3294.061593750	3294.074593750	1400.000	4000.000	1.0000
28	Spectrogram 1	1	3294.061593750	3294.074593750	1400.000	4000.000	1.0000
29	Waveform 1	1	3316.640968750	3316.666968750	1400.000	4000.000	1.0000
29	Spectrogram 1	1	3316.640968750	3316.666968750	1400.000	4000.000	1.0000
30	Waveform 1	1	3344.085593750	3344.101843750	1400.000	4000.000	1.0000
30	Spectrogram 1	1	3344.085593750	3344.101843750	1400.000	4000.000	1.0000
31	Waveform 1	1	3349.699968750	3349.725968750	1400.000	4000.000	1.0000
31	Spectrogram 1	1	3349.699968750	3349.725968750	1400.000	4000.000	1.0000
32	Waveform 1	1	3374.949218750	3374.971968750	1400.000	4000.000	1.0000
32	Spectrogram 1	1	3374.949218750	3374.971968750	1400.000	4000.000	1.0000
33	Waveform 1	1	3404.483593750	3404.494968750	1400.000	4000.000	1.0000
33	Spectrogram 1	1	3404.483593750	3404.494968750	1400.000	4000.000	1.0000
34	Waveform 1	1	3554.157468750	3554.181843750	1400.000	4000.000	1.0000
34	Spectrogram 1	1	3554.157468750	3554.181843750	1400.000	4000.000	1.0000
35	Waveform 1	1	3570.022343750	3570.041843750	1400.000	4000.000	1.0000
35	Spectrogram 1	1	3570.022343750	3570.041843750	1400.000	4000.000	1.0000
36	Waveform 1	1	3644.968968750	3644.994968750	1400.000	4000.000	1.0000
36	Spectrogram 1	1	3644.968968750	3644.994968750	1400.000	4000.000	1.0000
37	Waveform 1	1	3809.700093750	3809.716343750	1400.000	4000.000	1.0000
37	Spectrogram 1	1	3809.700093750	3809.716343750	1400.000	4000.000	1.0000
38	Waveform 1	1	3926.804093750	3926.836593750	1400.000	4000.000	1.0000
38	Spectrogram 1	1	3926.804093750	3926.836593750	1400.000	4000.000	1.0000
39	Waveform 1	1	4263.580468750	4263.595093750	1400.000	4000.000	1.0000
39	Spectrogram 1	1	4263.580468750	4263.595093750	1400.000	4000.000	1.0000
40	Waveform 1	1	4316.880468750	4316.895093750	1400.000	4000.000	1.0000
40	Spectrogram 1	1	4316.880468750	4316.895093750	1400.000	4000.000	1.0000
41	Waveform 1	1	4330.226593750	4330.236343750	1400.000	4000.000	1.0000
41	Spectrogram 1	1	4330.226593750	4330.236343750	1400.000	4000.000	1.0000
42	Waveform 1	1	4337.381468750	4337.392843750	1400.000	4000.000	1.0000
42	Spectrogram 1	1	4337.381468750	4337.392843750	1400.000	4000.000	1.0000
43	Waveform 1	1	4397.025468750	4397.040093750	1400.000	4000.000	1.0000
43	Spectrogram 1	1	4397.025468750	4397.040093750	1400.000	4000.000	1.0000
44	Waveform 1	1	4403.208593750	4403.219968750	1400.000	4000.000	1.0000
44	Spectrogram 1	1	4403.208593750	4403.219968750	1400.000	4000.000	1.0000
45	Waveform 1	1	4428.266093750	4428.279093750	1400.000	4000.000	1.0000
45	Spectrogram 1	1	4428.266093750	4428.279093750	1400.000	4000.000	1.0000
46	Waveform 1	1	4438.550718750	4438.563718750	1400.000	4000.000	1.0000
46	Spectrogram 1	1	4438.550718750	4438.563718750	1400.000	4000.000	1.0000
47	Waveform 1	1	4483.854093750	4483.862218750	1400.000	4000.000	1.0000
47	Spectrogram 1	1	4483.854093750	4483.862218750	1400.000	4000.000	1.0000
48	Waveform 1	1	4613.909343750	4613.940218750	1400.000	4000.000	1.0000
48	Spectrogram 1	1	4613.909343750	4613.940218750	1400.000	4000.000	1.0000
49	Waveform 1	1	4651.768593750	4651.788093750	1400.000	4000.000	1.0000
49	Spectrogram 1	1	4651.768593750	4651.788093750	1400.000	4000.000	1.0000
50	Waveform 1	1	4775.203593750	4775.223093750	1400.000	4000.000	1.0000
50	Spectrogram 1	1	4775.203593750	4775.223093750	1400.000	4000.000	1.0000
51	Waveform 1	1	4937.627218750	4937.636968750	1400.000	4000.000	1.0000
51	Spectrogram 1	1	4937.627218750	4937.636968750	1400.000	4000.000	1.0000
52	Waveform 1	1	4938.888218750	4938.920718750	1400.000	4000.000	0.7000
52	Spectrogram 1	1	4938.888218750	4938.920718750	1400.000	4000.000	0.7000
53	Waveform 1	1	4939.534968750	4939.567468750	1400.000	4000.000	1.0000
53	Spectrogram 1	1	4939.534968750	4939.567468750	1400.000	4000.000	1.0000
54	Waveform 1	1	4991.083218750	4991.092968750	1400.000	4000.000	1.0000
54	Spectrogram 1	1	4991.083218750	4991.092968750	1400.000	4000.000	1.0000
55	Waveform 1	1	4991.546343750	4991.562593750	1400.000	4000.000	1.0000
55	Spectrogram 1	1	4991.546343750	4991.562593750	1400.000	4000.000	1.0000
56	Waveform 1	1	4991.612968750	4991.630843750	1400.000	4000.000	1.0000
56	Spectrogram 1	1	4991.612968750	4991.630843750	1400.000	4000.000	1.0000
57	Waveform 1	1	4998.985593750	4998.996968750	1400.000	4000.000	1.0000
57	Spectrogram 1	1	4998.985593750	4998.996968750	1400.000	4000.000	1.0000
58	Waveform 1	1	4999.445468750	4999.466593750	1400.000	4000.000	1.0000
58	Spectrogram 1	1	4999.445468750	4999.466593750	1400.000	4000.000	1.0000
59	Waveform 1	1	5000.448093750	5000.459468750	1400.000	4000.000	1.0000
59	Spectrogram 1	1	5000.448093750	5000.459468750	1400.000	4000.000	1.0000
60	Waveform 1	1	5141.177968750	5141.187718750	1400.000	4000.000	1.0000
60	Spectrogram 1	1	5141.177968750	5141.187718750	1400.000	4000.000	1.0000
61	Waveform 1	1	5156.379843750	5156.392843750	1400.000	4000.000	1.0000
61	Spectrogram 1	1	5156.379843750	5156.392843750	1400.000	4000.000	1.0000
62	Waveform 1	1	5382.124843750	5382.141093750	1400.000	4000.000	1.0000
62	Spectrogram 1	1	5382.124843750	5382.141093750	1400.000	4000.000	1.0000
63	Waveform 1	1	5588.971093750	5588.982468750	1400.000	4000.000	1.0000
63	Spectrogram 1	1	5588.971093750	5588.982468750	1400.000	4000.000	1.0000
64	Waveform 1	1	5603.431968750	5603.461218750	1400.000	4000.000	1.0000
64	Spectrogram 1	1	5603.431968750	5603.461218750	1400.000	4000.000	1.0000
65	Waveform 1	1	5726.668718750	5726.688218750	1400.000	4000.000	1.0000
65	Spectrogram 1	1	5726.668718750	5726.688218750	1400.000	4000.000	1.0000
66	Waveform 1	1	5753.916718750	5753.945968750	1400.000	4000.000	0.7778
66	Spectrogram 1	1	5753.916718750	5753.945968750	1400.000	4000.000	0.7778
67	Waveform 1	1	5755.011968750	5755.028218750	1400.000	4000.000	1.0000
67	Spectrogram 1	1	5755.011968750	5755.028218750	1400.000	4000.000	1.0000
68	Waveform 1	1	5812.213593750	5812.221718750	1400.000	4000.000	1.0000
68	Spectrogram 1	1	5812.213593750	5812.221718750	1400.000	4000.000	1.0000
69	Waveform 1	1	5812.328968750	5812.341968750	1400.000	4000.000	1.0000
69	Spectrogram 1	1	5812.328968750	5812.341968750	1400.000	4000.000	1.0000
70	Waveform 1	1	6083.177468750	6083.195343750	1400.000	4000.000	1.0000
70	Spectrogram 1	1	6083.177468750	6083.195343750	1400.000	4000.000	1.0000
71	Waveform 1	1	6083.741343750	6083.757593750	1400.000	4000.000	1.0000
71	Spectrogram 1	1	6083.741343750	6083.757593750	1400.000	4000.000	1.0000
72	Waveform 1	1	6230.064468750	6230.072593750	1400.000	4000.000	1.0000
72	Spectrogram 1	1	6230.064468750	6230.072593750	1400.000	4000.000	1.0000
73	Waveform 1	1	6234.952468750	6234.975218750	1400.000	4000.000	1.0000
73	Spectrogram 1	1	6234.952468750	6234.975218750	1400.000	4000.000	1.0000
74	Waveform 1	1	6244.387218750	6244.400218750	1400.000	4000.000	1.0000
74	Spectrogram 1	1	6244.387218750	6244.400218750	1400.000	4000.000	1.0000
75	Waveform 1	1	6253.633468750	6253.652968750	1400.000	4000.000	1.0000
75	Spectrogram 1	1	6253.633468750	6253.652968750	1400.000	4000.000	1.0000
76	Waveform 1	1	6402.858843750	6402.875093750	1400.000	4000.000	1.0000
76	Spectrogram 1	1	6402.858843750	6402.875093750	1400.000	4000.000	1.0000
77	Waveform 1	1	6548.210218750	6548.239468750	1400.000	4000.000	0.7778
77	Spectrogram 1	1	6548.210218750	6548.239468750	1400.000	4000.000	0.7778
78	Waveform 1	1	6548.276843750	6548.288218750	1400.000	4000.000	1.0000
78	Spectrogram 1	1	6548.276843750	6548.288218750	1400.000	4000.000	1.0000
79	Waveform 1	1	6723.664718750	6723.676093750	1400.000	4000.000	1.0000
79	Spectrogram 1	1	6723.664718750	6723.676093750	1400.000	4000.000	1.0000
80	Waveform 1	1	6742.751968750	6742.764968750	1400.000	4000.000	1.0000
80	Spectrogram 1	1	6742.751968750	6742.764968750	1400.000	4000.000	1.0000
81	Waveform 1	1	6743.107843750	6743.120843750	1400.000	4000.000	1.0000
81	Spectrogram 1	1	6743.107843750	6743.120843750	1400.000	4000.000	1.0000
82	Waveform 1	1	6743.215093750	6743.236218750	1400.000	4000.000	1.0000
82	Spectrogram 1	1	6743.215093750	6743.236218750	1400.000	4000.000	1.0000
83	Waveform 1	1	6743.271968750	6743.280093750	1400.000	4000.000	1.0000
83	Spectrogram 1	1	6743.271968750	6743.280093750	1400.000	4000.000	1.0000
84	Waveform 1	1	6743.476718750	6743.488093750	1400.000	4000.000	1.0000
84	Spectrogram 1	1	6743.476718750	6743.488093750	1400.000	4000.000	1.0000
85	Waveform 1	1	6758.285343750	6758.293468750	1400.000	4000.000	1.0000
85	Spectrogram 1	1	6758.285343750	6758.293468750	1400.000	4000.000	1.0000
86	Waveform 1	1	6766.743468750	6766.772718750	1400.000	4000.000	1.0000
86	Spectrogram 1	1	6766.743468750	6766.772718750	1400.000	4000.000	1.0000
87	Waveform 1	1	6766.909218750	6766.931968750	1400.000	4000.000	1.0000
87	Spectrogram 1	1	6766.909218750	6766.931968750	1400.000	4000.000	1.0000
88	Waveform 1	1	6767.009968750	6767.026218750	1400.000	4000.000	1.0000
88	Spectrogram 1	1	6767.009968750	6767.026218750	1400.000	4000.000	1.0000
89	Waveform 1	1	6774.753093750	6774.764468750	1400.000	4000.000	1.0000
89	Spectrogram 1	1	6774.753093750	6774.764468750	1400.000	4000.000	1.0000
90	Waveform 1	1	6775.001718750	6775.014718750	1400.000	4000.000	1.0000
90	Spectrogram 1	1	6775.001718750	6775.014718750	1400.000	4000.000	1.0000
91	Waveform 1	1	6775.404718750	6775.412843750	1400.000	4000.000	1.0000
91	Spectrogram 1	1	6775.404718750	6775.412843750	1400.000	4000.000	1.0000
92	Waveform 1	1	6785.495968750	6785.507343750	1400.000	4000.000	1.0000
92	Spectrogram 1	1	6785.495968750	6785.507343750	1400.000	4000.000	1.0000
93	Waveform 1	1	6795.889468750	6795.900843750	1400.000	4000.000	1.0000
93	Spectrogram 1	1	6795.889468750	6795.900843750	1400.000	4000.000	1.0000
94	Waveform 1	1	6796.433843750	6796.464718750	1400.000	4000.000	0.7895
94	Spectrogram 1	1	6796.433843750	6796.464718750	1400.000	4000.000	0.7895
95	Waveform 1	1	6805.264093750	6805.291718750	1400.000	4000.000	1.0000
95	Spectrogram 1	1	6805.264093750	6805.291718750	1400.000	4000.000	1.0000
96	Waveform 1	1	6805.346968750	6805.361593750	1400.000	4000.000	1.0000
96	Spectrogram 1	1	6805.346968750	6805.361593750	1400.000	4000.000	1.0000
97	Waveform 1	1	6831.779218750	6831.798718750	1400.000	4000.000	1.0000
97	Spectrogram 1	1	6831.779218750	6831.798718750	1400.000	4000.000	1.0000
98	Waveform 1	1	6849.702968750	6849.717593750	1400.000	4000.000	1.0000
98	Spectrogram 1	1	6849.702968750	6849.717593750	1400.000	4000.000	1.0000
99	Waveform 1	1	6858.991468750	6859.002843750	1400.000	4000.000	1.0000
99	Spectrogram 1	1	6858.991468750	6859.002843750	1400.000	4000.000	1.0000
100	Waveform 1	1	6859.977843750	6859.998968750	1400.000	4000.000	1.0000
100	Spectrogram 1	1	6859.977843750	6859.998968750	1400.000	4000.000	1.0000
101	Waveform 1	1	6896.442843750	6896.454218750	1400.000	4000.000	1.0000
101	Spectrogram 1	1	6896.442843750	6896.454218750	1400.000	4000.000	1.0000
102	Waveform 1	1	6950.803968750	6950.818593750	1400.000	4000.000	1.0000
102	Spectrogram 1	1	6950.803968750	6950.818593750	1400.000	4000.000	1.0000
103	Waveform 1	1	6952.474468750	6952.482593750	1400.000	4000.000	1.0000
103	Spectrogram 1	1	6952.474468750	6952.482593750	1400.000	4000.000	1.0000
104	Waveform 1	1	6953.855718750	6953.863843750	1400.000	4000.000	1.0000
104	Spectrogram 1	1	6953.855718750	6953.863843750	1400.000	4000.000	1.0000
105	Waveform 1	1	6963.597593750	6963.625218750	1400.000	4000.000	1.0000
105	Spectrogram 1	1	6963.597593750	6963.625218750	1400.000	4000.000	1.0000
106	Waveform 1	1	6973.175343750	6973.186718750	1400.000	4000.000	1.0000
106	Spectrogram 1	1	6973.175343750	6973.186718750	1400.000	4000.000	1.0000
107	Waveform 1	1	6973.526343750	6973.558843750	1400.000	4000.000	1.0000
107	Spectrogram 1	1	6973.526343750	6973.558843750	1400.000	4000.000	1.0000
108	Waveform 1	1	6984.170093750	6984.178218750	1400.000	4000.000	1.0000
108	Spectrogram 1	1	6984.170093750	6984.178218750	1400.000	4000.000	1.0000
109	Waveform 1	1	6984.792468750	6984.808718750	1400.000	4000.000	1.0000
109	Spectrogram 1	1	6984.792468750	6984.808718750	1400.000	4000.000	1.0000
110	Waveform 1	1	6984.842843750	6984.854218750	1400.000	4000.000	1.0000
110	Spectrogram 1	1	6984.842843750	6984.854218750	1400.000	4000.000	1.0000
111	Waveform 1	1	6984.889968750	6984.904593750	1400.000	4000.000	1.0000
111	Spectrogram 1	1	6984.889968750	6984.904593750	1400.000	4000.000	1.0000
112	Waveform 1	1	6985.058968750	6985.070343750	1400.000	4000.000	1.0000
112	Spectrogram 1	1	6985.058968750	6985.070343750	1400.000	4000.000	1.0000
113	Waveform 1	1	7013.010593750	7013.021968750	1400.000	4000.000	1.0000
113	Spectrogram 1	1	7013.010593750	7013.021968750	1400.000	4000.000	1.0000
114	Waveform 1	1	7013.840968750	7013.850718750	1400.000	4000.000	1.0000
114	Spectrogram 1	1	7013.840968750	7013.850718750	1400.000	4000.000	1.0000
115	Waveform 1	1	7014.191968750	7014.208218750	1400.000	4000.000	1.0000
115	Spectrogram 1	1	7014.191968750	7014.208218750	1400.000	4000.000	1.0000
116	Waveform 1	1	7025.136343750	7025.146093750	1400.000	4000.000	1.0000
116	Spectrogram 1	1	7025.136343750	7025.146093750	1400.000	4000.000	1.0000
117	Waveform 1	1	7025.225718750	7025.240343750	1400.000	4000.000	1.0000
117	Spectrogram 1	1	7025.225718750	7025.240343750	1400.000	4000.000	1.0000
118	Waveform 1	1	7025.456468750	7025.469468750	1400.000	4000.000	1.0000
118	Spectrogram 1	1	7025.456468750	7025.469468750	1400.000	4000.000	1.0000
119	Waveform 1	1	7025.950468750	7025.968343750	1400.000	4000.000	1.0000
119	Spectrogram 1	1	7025.950468750	7025.968343750	1400.000	4000.000	1.0000
120	Waveform 1	1	7026.327468750	7026.342093750	1400.000	4000.000	1.0000
120	Spectrogram 1	1	7026.327468750	7026.342093750	1400.000	4000.000	1.0000
121	Waveform 1	1	7028.163718750	7028.173468750	1400.000	4000.000	1.0000
121	Spectrogram 1	1	7028.163718750	7028.173468750	1400.000	4000.000	1.0000
122	Waveform 1	1	7041.469218750	7041.478968750	1400.000	4000.000	1.0000
122	Spectrogram 1	1	7041.469218750	7041.478968750	1400.000	4000.000	1.0000
123	Waveform 1	1	7041.569968750	7041.582968750	1400.000	4000.000	1.0000
123	Spectrogram 1	1	7041.569968750	7041.582968750	1400.000	4000.000	1.0000
124	Waveform 1	1	7041.870593750	7041.883593750	1400.000	4000.000	1.0000
124	Spectrogram 1	1	7041.870593750	7041.883593750	1400.000	4000.000	1.0000
125	Waveform 1	1	7042.712343750	7042.723718750	1400.000	4000.000	1.0000
125	Spectrogram 1	1	7042.712343750	7042.723718750	1400.000	4000.000	1.0000
126	Waveform 1	1	7043.776718750	7043.784843750	1400.000	4000.000	1.0000
126	Spectrogram 1	1	7043.776718750	7043.784843750	1400.000	4000.000	1.0000
127	Waveform 1	1	7084.656843750	7084.666593750	1400.000	4000.000	1.0000
127	Spectrogram 1	1	7084.656843750	7084.666593750	1400.000	4000.000	1.0000
128	Waveform 1	1	7119.721093750	7119.732468750	1400.000	4000.000	1.0000
128	Spectrogram 1	1	7119.721093750	7119.732468750	1400.000	4000.000	1.0000
129	Waveform 1	1	7142.666093750	7142.674218750	1400.000	4000.000	1.0000
129	Spectrogram 1	1	7142.666093750	7142.674218750	1400.000	4000.000	1.0000
130	Waveform 1	1	7142.810718750	7142.818843750	1400.000	4000.000	1.0000
130	Spectrogram 1	1	7142.810718750	7142.818843750	1400.000	4000.000	1.0000
131	Waveform 1	1	7146.047718750	7146.055843750	1400.000	4000.000	1.0000
131	Spectrogram 1	1	7146.047718750	7146.055843750	1400.000	4000.000	1.0000
132	Waveform 1	1	7148.031843750	7148.062718750	1400.000	4000.000	1.0000
132	Spectrogram 1	1	7148.031843750	7148.062718750	1400.000	4000.000	1.0000
133	Waveform 1	1	7172.559593750	7172.583968750	1400.000	4000.000	1.0000
133	Spectrogram 1	1	7172.559593750	7172.583968750	1400.000	4000.000	1.0000
134	Waveform 1	1	7172.707468750	7172.722093750	1400.000	4000.000	1.0000
134	Spectrogram 1	1	7172.707468750	7172.722093750	1400.000	4000.000	1.0000
135	Waveform 1	1	7227.894093750	7227.908718750	1400.000	4000.000	1.0000
135	Spectrogram 1	1	7227.894093750	7227.908718750	1400.000	4000.000	1.0000
136	Waveform 1	1	7228.006218750	7228.024093750	1400.000	4000.000	1.0000
136	Spectrogram 1	1	7228.006218750	7228.024093750	1400.000	4000.000	1.0000
137	Waveform 1	1	7232.655343750	7232.663468750	1400.000	4000.000	1.0000
137	Spectrogram 1	1	7232.655343750	7232.663468750	1400.000	4000.000	1.0000
138	Waveform 1	1	7253.218093750	7253.226218750	1400.000	4000.000	1.0000
138	Spectrogram 1	1	7253.218093750	7253.226218750	1400.000	4000.000	1.0000
139	Waveform 1	1	7266.179093750	7266.198593750	1400.000	4000.000	1.0000
139	Spectrogram 1	1	7266.179093750	7266.198593750	1400.000	4000.000	1.0000
140	Waveform 1	1	7268.543468750	7268.571093750	1400.000	4000.000	1.0000
140	Spectrogram 1	1	7268.543468750	7268.571093750	1400.000	4000.000	1.0000
141	Waveform 1	1	7268.774218750	7268.790468750	1400.000	4000.000	1.0000
141	Spectrogram 1	1	7268.774218750	7268.790468750	1400.000	4000.000	1.0000
142	Waveform 1	1	7269.107343750	7269.120343750	1400.000	4000.000	1.0000
142	Spectrogram 1	1	7269.107343750	7269.120343750	1400.000	4000.000	1.0000
143	Waveform 1	1	7269.240593750	7269.258468750	1400.000	4000.000	1.0000
143	Spectrogram 1	1	7269.240593750	7269.258468750	1400.000	4000.000	1.0000
144	Waveform 1	1	7287.867968750	7287.892343750	1400.000	4000.000	1.0000
144	Spectrogram 1	1	7287.867968750	7287.892343750	1400.000	4000.000	1.0000
145	Waveform 1	1	7289.941468750	7289.960968750	1400.000	4000.000	1.0000
145	Spectrogram 1	1	7289.941468750	7289.960968750	1400.000	4000.000	1.0000
146	Waveform 1	1	7297.725218750	7297.738218750	1400.000	4000.000	1.0000
146	Spectrogram 1	1	7297.725218750	7297.738218750	1400.000	4000.000	1.0000
147	Waveform 1	1	7349.102843750	7349.117468750	1400.000	4000.000	1.0000
147	Spectrogram 1	1	7349.102843750	7349.117468750	1400.000	4000.000	1.0000
148	Waveform 1	1	7349.769093750	7349.783718750	1400.000	4000.000	1.0000
148	Spectrogram 1	1	7349.769093750	7349.783718750	1400.000	4000.000	1.0000
149	Waveform 1	1	7350.092468750	7350.107093750	1400.000	4000.000	1.0000
149	Spectrogram 1	1	7350.092468750	7350.107093750	1400.000	4000.000	1.0000
150	Waveform 1	1	7350.628718750	7350.636843750	1400.000	4000.000	1.0000
150	Spectrogram 1	1	7350.628718750	7350.636843750	1400.000	4000.000	1.0000
151	Waveform 1	1	7350.947218750	7350.960218750	1400.000	4000.000	1.0000
151	Spectrogram 1	1	7350.947218750	7350.960218750	1400.000	4000.000	1.0000
152	Waveform 1	1	7351.286843750	7351.303093750	1400.000	4000.000	1.0000
152	Spectrogram 1	1	7351.286843750	7351.303093750	1400.000	4000.000	1.0000
153	Waveform 1	1	7351.785718750	7351.793843750	1400.000	4000.000	1.0000
153	Spectrogram 1	1	7351.785718750	7351.793843750	1400.000	4000.000	1.0000
154	Waveform 1	1	7353.503343750	7353.516343750	1400.000	4000.000	1.0000
154	Spectrogram 1	1	7353.503343750	7353.516343750	1400.000	4000.000	1.0000
155	Waveform 1	1	7379.387968750	7379.412343750	1400.000	4000.000	0.7333
155	Spectrogram 1	1	7379.387968750	7379.412343750	1400.000	4000.000	0.7333
156	Waveform 1	1	7379.880343750	7379.890093750	1400.000	4000.000	1.0000
156	Spectrogram 1	1	7379.880343750	7379.890093750	1400.000	4000.000	1.0000
157	Waveform 1	1	7430.544593750	7430.557593750	1400.000	4000.000	1.0000
157	Spectrogram 1	1	7430.544593750	7430.557593750	1400.000	4000.000	1.0000
158	Waveform 1	1	7431.248218750	7431.257968750	1400.000	4000.000	1.0000
158	Spectrogram 1	1	7431.248218750	7431.257968750	1400.000	4000.000	1.0000
159	Waveform 1	1	7475.063093750	7475.076093750	1400.000	4000.000	1.0000
159	Spectrogram 1	1	7475.063093750	7475.076093750	1400.000	4000.000	1.0000
160	Waveform 1	1	7475.349093750	7475.379968750	1400.000	4000.000	1.0000
160	Spectrogram 1	1	7475.349093750	7475.379968750	1400.000	4000.000	1.0000
161	Waveform 1	1	7475.748843750	7475.769968750	1400.000	4000.000	1.0000
161	Spectrogram 1	1	7475.748843750	7475.769968750	1400.000	4000.000	1.0000
162	Waveform 1	1	7500.777093750	7500.786843750	1400.000	4000.000	1.0000
162	Spectrogram 1	1	7500.777093750	7500.786843750	1400.000	4000.000	1.0000
163	Waveform 1	1	7501.243468750	7501.253218750	1400.000	4000.000	1.0000
163	Spectrogram 1	1	7501.243468750	7501.253218750	1400.000	4000.000	1.0000
164	Waveform 1	1	7512.514468750	7512.522593750	1400.000	4000.000	1.0000
164	Spectrogram 1	1	7512.514468750	7512.522593750	1400.000	4000.000	1.0000
165	Waveform 1	1	7513.053968750	7513.062093750	1400.000	4000.000	1.0000
165	Spectrogram 1	1	7513.053968750	7513.062093750	1400.000	4000.000	1.0000
166	Waveform 1	1	7513.097843750	7513.105968750	1400.000	4000.000	1.0000
166	Spectrogram 1	1	7513.097843750	7513.105968750	1400.000	4000.000	1.0000
167	Waveform 1	1	7513.534968750	7513.546343750	1400.000	4000.000	1.0000
167	Spectrogram 1	1	7513.534968750	7513.546343750	1400.000	4000.000	1.0000
168	Waveform 1	1	7513.580468750	7513.590218750	1400.000	4000.000	1.0000
168	Spectrogram 1	1	7513.580468750	7513.590218750	1400.000	4000.000	1.0000
169	Waveform 1	1	7513.669843750	7513.677968750	1400.000	4000.000	1.0000
169	Spectrogram 1	1	7513.669843750	7513.677968750	1400.000	4000.000	1.0000
170	Waveform 1	1	7513.712093750	7513.721843750	1400.000	4000.000	1.0000
170	Spectrogram 1	1	7513.712093750	7513.721843750	1400.000	4000.000	1.0000
171	Waveform 1	1	7513.757593750	7513.765718750	1400.000	4000.000	1.0000
171	Spectrogram 1	1	7513.757593750	7513.765718750	1400.000	4000.000	1.0000
172	Waveform 1	1	7514.415718750	7514.427093750	1400.000	4000.000	1.0000
172	Spectrogram 1	1	7514.415718750	7514.427093750	1400.000	4000.000	1.0000
173	Waveform 1	1	7514.488843750	7514.498593750	1400.000	4000.000	1.0000
173	Spectrogram 1	1	7514.488843750	7514.498593750	1400.000	4000.000	1.0000
174	Waveform 1	1	7514.768343750	7514.776468750	1400.000	4000.000	1.0000
174	Spectrogram 1	1	7514.768343750	7514.776468750	1400.000	4000.000	1.0000
175	Waveform 1	1	7516.162593750	7516.175593750	1400.000	4000.000	1.0000
175	Spectrogram 1	1	7516.162593750	7516.175593750	1400.000	4000.000	1.0000
176	Waveform 1	1	7516.336468750	7516.351093750	1400.000	4000.000	1.0000
176	Spectrogram 1	1	7516.336468750	7516.351093750	1400.000	4000.000	1.0000
177	Waveform 1	1	7516.474593750	7516.489218750	1400.000	4000.000	1.0000
177	Spectrogram 1	1	7516.474593750	7516.489218750	1400.000	4000.000	1.0000
178	Waveform 1	1	7516.682593750	7516.697218750	1400.000	4000.000	1.0000
178	Spectrogram 1	1	7516.682593750	7516.697218750	1400.000	4000.000	1.0000
179	Waveform 1	1	7547.206593750	7547.216343750	1400.000	4000.000	1.0000
179	Spectrogram 1	1	7547.206593750	7547.216343750	1400.000	4000.000	1.0000
180	Waveform 1	1	7554.624718750	7554.632843750	1400.000	4000.000	1.0000
180	Spectrogram 1	1	7554.624718750	7554.632843750	1400.000	4000.000	1.0000
181	Waveform 1	1	7572.205593750	7572.226718750	1400.000	4000.000	1.0000
181	Spectrogram 1	1	7572.205593750	7572.226718750	1400.000	4000.000	1.0000
182	Waveform 1	1	7572.684968750	7572.717468750	1400.000	4000.000	1.0000
182	Spectrogram 1	1	7572.684968750	7572.717468750	1400.000	4000.000	1.0000
183	Waveform 1	1	7582.124593750	7582.137593750	1400.000	4000.000	1.0000
183	Spectrogram 1	1	7582.124593750	7582.137593750	1400.000	4000.000	1.0000
184	Waveform 1	1	7637.116218750	7637.125968750	1400.000	4000.000	1.0000
184	Spectrogram 1	1	7637.116218750	7637.125968750	1400.000	4000.000	1.0000
185	Waveform 1	1	7639.264468750	7639.277468750	1400.000	4000.000	1.0000
185	Spectrogram 1	1	7639.264468750	7639.277468750	1400.000	4000.000	1.0000
186	Waveform 1	1	7655.808593750	7655.821593750	1400.000	4000.000	1.0000
186	Spectrogram 1	1	7655.808593750	7655.821593750	1400.000	4000.000	1.0000
187	Waveform 1	1	7802.981593750	7803.010843750	1400.000	4000.000	1.0000
187	Spectrogram 1	1	7802.981593750	7803.010843750	1400.000	4000.000	1.0000
188	Waveform 1	1	8079.236468750	8079.260843750	1400.000	4000.000	1.0000
188	Spectrogram 1	1	8079.236468750	8079.260843750	1400.000	4000.000	1.0000
189	Waveform 1	1	8538.492343750	8538.523218750	1400.000	4000.000	0.8421
189	Spectrogram 1	1	8538.492343750	8538.523218750	1400.000	4000.000	0.8421
190	Waveform 1	1	8563.190718750	8563.219968750	1400.000	4000.000	1.0000
190	Spectrogram 1	1	8563.190718750	8563.219968750	1400.000	4000.000	1.0000
191	Waveform 1	1	8569.388468750	8569.409593750	1400.000	4000.000	0.9231
191	Spectrogram 1	1	8569.388468750	8569.409593750	1400.000	4000.000	0.9231
192	Waveform 1	1	8588.426968750	8588.435093750	1400.000	4000.000	1.0000
192	Spectrogram 1	1	8588.426968750	8588.435093750	1400.000	4000.000	1.0000
193	Waveform 1	1	8588.683718750	8588.693468750	1400.000	4000.000	1.0000
193	Spectrogram 1	1	8588.683718750	8588.693468750	1400.000	4000.000	1.0000
194	Waveform 1	1	8588.774718750	8588.792593750	1400.000	4000.000	1.0000
194	Spectrogram 1	1	8588.774718750	8588.792593750	1400.000	4000.000	1.0000
195	Waveform 1	1	8589.556343750	8589.572593750	1400.000	4000.000	1.0000
195	Spectrogram 1	1	8589.556343750	8589.572593750	1400.000	4000.000	1.0000
196	Waveform 1	1	11247.853218750	11247.861343750	1400.000	4000.000	1.0000
196	Spectrogram 1	1	11247.853218750	11247.861343750	1400.000	4000.000	1.0000
197	Waveform 1	1	11247.908468750	11247.934468750	1400.000	4000.000	1.0000
197	Spectrogram 1	1	11247.908468750	11247.934468750	1400.000	4000.000	1.0000
198	Waveform 1	1	11272.975718750	11272.983843750	1400.000	4000.000	1.0000
198	Spectrogram 1	1	11272.975718750	11272.983843750	1400.000	4000.000	1.0000
199	Waveform 1	1	11395.711968750	11395.724968750	1400.000	4000.000	1.0000
199	Spectrogram 1	1	11395.711968750	11395.724968750	1400.000	4000.000	1.0000
200	Waveform 1	1	11397.203718750	11397.221593750	1400.000	4000.000	1.0000
200	Spectrogram 1	1	11397.203718750	11397.221593750	1400.000	4000.000	1.0000
201	Waveform 1	1	11437.581718750	11437.593093750	1400.000	4000.000	1.0000
201	Spectrogram 1	1	11437.581718750	11437.593093750	1400.000	4000.000	1.0000
202	Waveform 1	1	11466.680593750	11466.713093750	1400.000	4000.000	1.0000
202	Spectrogram 1	1	11466.680593750	11466.713093750	1400.000	4000.000	1.0000
203	Waveform 1	1	11466.763468750	11466.778093750	1400.000	4000.000	1.0000
203	Spectrogram 1	1	11466.763468750	11466.778093750	1400.000	4000.000	1.0000
204	Waveform 1	1	11478.138468750	11478.153093750	1400.000	4000.000	1.0000
204	Spectrogram 1	1	11478.138468750	11478.153093750	1400.000	4000.000	1.0000
205	Waveform 1	1	11499.367468750	11499.383718750	1400.000	4000.000	1.0000
205	Spectrogram 1	1	11499.367468750	11499.383718750	1400.000	4000.000	1.0000
206	Waveform 1	1	11511.277093750	11511.293343750	1400.000	4000.000	1.0000
206	Spectrogram 1	1	11511.277093750	11511.293343750	1400.000	4000.000	1.0000
207	Waveform 1	1	11546.489218750	11546.520093750	1400.000	4000.000	1.0000
207	Spectrogram 1	1	11546.489218750	11546.520093750	1400.000	4000.000	1.0000
208	Waveform 1	1	11568.741968750	11568.756593750	1400.000	4000.000	1.0000
208	Spectrogram 1	1	11568.741968750	11568.756593750	1400.000	4000.000	1.0000
209	Waveform 1	1	11569.001968750	11569.016593750	1400.000	4000.000	1.0000
209	Spectrogram 1	1	11569.001968750	11569.016593750	1400.000	4000.000	1.0000
210	Waveform 1	1	11658.895343750	11658.905093750	1400.000	4000.000	1.0000
210	Spectrogram 1	1	11658.895343750	11658.905093750	1400.000	4000.000	1.0000
211	Waveform 1	1	11681.640468750	11681.655093750	1400.000	4000.000	1.0000
211	Spectrogram 1	1	11681.640468750	11681.655093750	1400.000	4000.000	1.0000
212	Waveform 1	1	11736.177093750	11736.185218750	1400.000	4000.000	1.0000
212	Spectrogram 1	1	11736.177093750	11736.185218750	1400.000	4000.000	1.0000
213	Waveform 1	1	11842.869718750	11842.882718750	1400.000	4000.000	1.0000
213	Spectrogram 1	1	11842.869718750	11842.882718750	1400.000	4000.000	1.0000
214	Waveform 1	1	11846.917593750	11846.925718750	1400.000	4000.000	1.0000
214	Spectrogram 1	1	11846.917593750	11846.925718750	1400.000	4000.000	1.0000
215	Waveform 1	1	11860.951093750	11860.964093750	1400.000	4000.000	1.0000
215	Spectrogram 1	1	11860.951093750	11860.964093750	1400.000	4000.000	1.0000
216	Waveform 1	1	11913.243593750	11913.253343750	1400.000	4000.000	1.0000
216	Spectrogram 1	1	11913.243593750	11913.253343750	1400.000	4000.000	1.0000
217	Waveform 1	1	11928.286218750	11928.302468750	1400.000	4000.000	1.0000
217	Spectrogram 1	1	11928.286218750	11928.302468750	1400.000	4000.000	1.0000
218	Waveform 1	1	11937.612093750	11937.629968750	1400.000	4000.000	1.0000
218	Spectrogram 1	1	11937.612093750	11937.629968750	1400.000	4000.000	1.0000
219	Waveform 1	1	11947.316593750	11947.327968750	1400.000	4000.000	1.0000
219	Spectrogram 1	1	11947.316593750	11947.327968750	1400.000	4000.000	1.0000
220	Waveform 1	1	11965.383343750	11965.404468750	1400.000	4000.000	1.0000
220	Spectrogram 1	1	11965.383343750	11965.404468750	1400.000	4000.000	1.0000
221	Waveform 1	1	11974.969218750	11974.988718750	1400.000	4000.000	1.0000
221	Spectrogram 1	1	11974.969218750	11974.988718750	1400.000	4000.000	1.0000
222	Waveform 1	1	11978.500343750	11978.532843750	1400.000	4000.000	1.0000
222	Spectrogram 1	1	11978.500343750	11978.532843750	1400.000	4000.000	1.0000
223	Waveform 1	1	11984.753343750	11984.782593750	1400.000	4000.000	1.0000
223	Spectrogram 1	1	11984.753343750	11984.782593750	1400.000	4000.000	1.0000
224	Waveform 1	1	11996.874218750	11996.887218750	1400.000	4000.000	1.0000
224	Spectrogram 1	1	11996.874218750	11996.887218750	1400.000	4000.000	1.0000
225	Waveform 1	1	11997.438093750	11997.447843750	1400.000	4000.000	1.0000
225	Spectrogram 1	1	11997.438093750	11997.447843750	1400.000	4000.000	1.0000
226	Waveform 1	1	12005.117843750	12005.135718750	1400.000	4000.000	1.0000
226	Spectrogram 1	1	12005.117843750	12005.135718750	1400.000	4000.000	1.0000
227	Waveform 1	1	12008.028218750	12008.052593750	1400.000	4000.000	1.0000
227	Spectrogram 1	1	12008.028218750	12008.052593750	1400.000	4000.000	1.0000
228	Waveform 1	1	12013.631218750	12013.644218750	1400.000	4000.000	1.0000
228	Spectrogram 1	1	12013.631218750	12013.644218750	1400.000	4000.000	1.0000
229	Waveform 1	1	12034.609968750	12034.640843750	1400.000	4000.000	1.0000
229	Spectrogram 1	1	12034.609968750	12034.640843750	1400.000	4000.000	1.0000
230	Waveform 1	1	12035.321718750	12035.333093750	1400.000	4000.000	1.0000
230	Spectrogram 1	1	12035.321718750	12035.333093750	1400.000	4000.000	1.0000
231	Waveform 1	1	12041.581218750	12041.589343750	1400.000	4000.000	1.0000
231	Spectrogram 1	1	12041.581218750	12041.589343750	1400.000	4000.000	1.0000
232	Waveform 1	1	12043.464593750	12043.480843750	1400.000	4000.000	1.0000
232	Spectrogram 1	1	12043.464593750	12043.480843750	1400.000	4000.000	1.0000
233	Waveform 1	1	12053.266593750	12053.290968750	1400.000	4000.000	1.0000
233	Spectrogram 1	1	12053.266593750	12053.290968750	1400.000	4000.000	1.0000
234	Waveform 1	1	12068.284843750	12068.292968750	1400.000	4000.000	1.0000
234	Spectrogram 1	1	12068.284843750	12068.292968750	1400.000	4000.000	1.0000
235	Waveform 1	1	12083.407093750	12083.421718750	1400.000	4000.000	1.0000
235	Spectrogram 1	1	12083.407093750	12083.421718750	1400.000	4000.000	1.0000
236	Waveform 1	1	12109.775968750	12109.785718750	1400.000	4000.000	1.0000
236	Spectrogram 1	1	12109.775968750	12109.785718750	1400.000	4000.000	1.0000
237	Waveform 1	1	12110.442218750	12110.455218750	1400.000	4000.000	1.0000
237	Spectrogram 1	1	12110.442218750	12110.455218750	1400.000	4000.000	1.0000
238	Waveform 1	1	12113.781593750	12113.794593750	1400.000	4000.000	1.0000
238	Spectrogram 1	1	12113.781593750	12113.794593750	1400.000	4000.000	1.0000
239	Waveform 1	1	12123.720093750	12123.744468750	1400.000	4000.000	1.0000
239	Spectrogram 1	1	12123.720093750	12123.744468750	1400.000	4000.000	1.0000
240	Waveform 1	1	12144.188593750	12144.198343750	1400.000	4000.000	1.0000
240	Spectrogram 1	1	12144.188593750	12144.198343750	1400.000	4000.000	1.0000
241	Waveform 1	1	12145.977718750	12145.987468750	1400.000	4000.000	1.0000
241	Spectrogram 1	1	12145.977718750	12145.987468750	1400.000	4000.000	1.0000
242	Waveform 1	1	12244.129343750	12244.152093750	1400.000	4000.000	1.0000
242	Spectrogram 1	1	12244.129343750	12244.152093750	1400.000	4000.000	1.0000
243	Waveform 1	1	12271.747843750	12271.773843750	1400.000	4000.000	1.0000
243	Spectrogram 1	1	12271.747843750	12271.773843750	1400.000	4000.000	1.0000
244	Waveform 1	1	12312.398843750	12312.410218750	1400.000	4000.000	1.0000
244	Spectrogram 1	1	12312.398843750	12312.410218750	1400.000	4000.000	1.0000
245	Waveform 1	1	12320.036343750	12320.067218750	1400.000	4000.000	0.7368
245	Spectrogram 1	1	12320.036343750	12320.067218750	1400.000	4000.000	0.7368
246	Waveform 1	1	12347.289218750	12347.297343750	1400.000	4000.000	1.0000
246	Spectrogram 1	1	12347.289218750	12347.297343750	1400.000	4000.000	1.0000
247	Waveform 1	1	12347.339593750	12347.372093750	1400.000	4000.000	1.0000
247	Spectrogram 1	1	12347.339593750	12347.372093750	1400.000	4000.000	1.0000
248	Waveform 1	1	12347.419218750	12347.437093750	1400.000	4000.000	1.0000
248	Spectrogram 1	1	12347.419218750	12347.437093750	1400.000	4000.000	1.0000
249	Waveform 1	1	12353.498343750	12353.508093750	1400.000	4000.000	1.0000
249	Spectrogram 1	1	12353.498343750	12353.508093750	1400.000	4000.000	1.0000
250	Waveform 1	1	12356.524093750	12356.532218750	1400.000	4000.000	1.0000
250	Spectrogram 1	1	12356.524093750	12356.532218750	1400.000	4000.000	1.0000
251	Waveform 1	1	12362.393593750	12362.408218750	1400.000	4000.000	1.0000
251	Spectrogram 1	1	12362.393593750	12362.408218750	1400.000	4000.000	1.0000
252	Waveform 1	1	12362.598343750	12362.606468750	1400.000	4000.000	1.0000
252	Spectrogram 1	1	12362.598343750	12362.606468750	1400.000	4000.000	1.0000
253	Waveform 1	1	12367.585468750	12367.608218750	1400.000	4000.000	1.0000
253	Spectrogram 1	1	12367.585468750	12367.608218750	1400.000	4000.000	1.0000
254	Waveform 1	1	12392.496718750	12392.508093750	1400.000	4000.000	1.0000
254	Spectrogram 1	1	12392.496718750	12392.508093750	1400.000	4000.000	1.0000
255	Waveform 1	1	12396.890718750	12396.905343750	1400.000	4000.000	1.0000
255	Spectrogram 1	1	12396.890718750	12396.905343750	1400.000	4000.000	1.0000
256	Waveform 1	1	12397.899843750	12397.919343750	1400.000	4000.000	1.0000
256	Spectrogram 1	1	12397.899843750	12397.919343750	1400.000	4000.000	1.0000
257	Waveform 1	1	12400.746843750	12400.758218750	1400.000	4000.000	1.0000
257	Spectrogram 1	1	12400.746843750	12400.758218750	1400.000	4000.000	1.0000
258	Waveform 1	1	12402.288968750	12402.297093750	1400.000	4000.000	1.0000
258	Spectrogram 1	1	12402.288968750	12402.297093750	1400.000	4000.000	1.0000
259	Waveform 1	1	12404.791468750	12404.802843750	1400.000	4000.000	1.0000
259	Spectrogram 1	1	12404.791468750	12404.802843750	1400.000	4000.000	1.0000
260	Waveform 1	1	12405.561718750	12405.581218750	1400.000	4000.000	1.0000
260	Spectrogram 1	1	12405.561718750	12405.581218750	1400.000	4000.000	1.0000
261	Waveform 1	1	12408.871843750	12408.881593750	1400.000	4000.000	1.0000
261	Spectrogram 1	1	12408.871843750	12408.881593750	1400.000	4000.000	1.0000
262	Waveform 1	1	12419.877968750	12419.908843750	1400.000	4000.000	1.0000
262	Spectrogram 1	1	12419.877968750	12419.908843750	1400.000	4000.000	1.0000
263	Waveform 1	1	12420.511718750	12420.526343750	1400.000	4000.000	1.0000
263	Spectrogram 1	1	12420.511718750	12420.526343750	1400.000	4000.000	1.0000
264	Waveform 1	1	12442.457343750	12442.471968750	1400.000	4000.000	1.0000
264	Spectrogram 1	1	12442.457343750	12442.471968750	1400.000	4000.000	1.0000
265	Waveform 1	1	12446.963468750	12446.995968750	1400.000	4000.000	1.0000
265	Spectrogram 1	1	12446.963468750	12446.995968750	1400.000	4000.000	1.0000
266	Waveform 1	1	12465.156968750	12465.165093750	1400.000	4000.000	1.0000
266	Spectrogram 1	1	12465.156968750	12465.165093750	1400.000	4000.000	1.0000
267	Waveform 1	1	12466.227843750	12466.235968750	1400.000	4000.000	1.0000
267	Spectrogram 1	1	12466.227843750	12466.235968750	1400.000	4000.000	1.0000
268	Waveform 1	1	12477.422468750	12477.430593750	1400.000	4000.000	1.0000
268	Spectrogram 1	1	12477.422468750	12477.430593750	1400.000	4000.000	1.0000
269	Waveform 1	1	12490.947343750	12490.979843750	1400.000	4000.000	0.7000
269	Spectrogram 1	1	12490.947343750	12490.979843750	1400.000	4000.000	0.7000
270	Waveform 1	1	12491.020468750	12491.031843750	1400.000	4000.000	1.0000
270	Spectrogram 1	1	12491.020468750	12491.031843750	1400.000	4000.000	1.0000
271	Waveform 1	1	12491.161843750	12491.171593750	1400.000	4000.000	1.0000
271	Spectrogram 1	1	12491.161843750	12491.171593750	1400.000	4000.000	1.0000
272	Waveform 1	1	12492.707218750	12492.715343750	1400.000	4000.000	1.0000
272	Spectrogram 1	1	12492.707218750	12492.715343750	1400.000	4000.000	1.0000
273	Waveform 1	1	12493.095593750	12493.128093750	1400.000	4000.000	0.8000
273	Spectrogram 1	1	12493.095593750	12493.128093750	1400.000	4000.000	0.8000
274	Waveform 1	1	12504.407218750	12504.418593750	1400.000	4000.000	1.0000
274	Spectrogram 1	1	12504.407218750	12504.418593750	1400.000	4000.000	1.0000
275	Waveform 1	1	12512.293343750	12512.303093750	1400.000	4000.000	1.0000
275	Spectrogram 1	1	12512.293343750	12512.303093750	1400.000	4000.000	1.0000
276	Waveform 1	1	12513.343093750	12513.352843750	1400.000	4000.000	1.0000
276	Spectrogram 1	1	12513.343093750	12513.352843750	1400.000	4000.000	1.0000
277	Waveform 1	1	12525.894593750	12525.909218750	1400.000	4000.000	1.0000
277	Spectrogram 1	1	12525.894593750	12525.909218750	1400.000	4000.000	1.0000
278	Waveform 1	1	12526.258593750	12526.271593750	1400.000	4000.000	1.0000
278	Spectrogram 1	1	12526.258593750	12526.271593750	1400.000	4000.000	1.0000
279	Waveform 1	1	12536.778843750	12536.786968750	1400.000	4000.000	1.0000
279	Spectrogram 1	1	12536.778843750	12536.786968750	1400.000	4000.000	1.0000
280	Waveform 1	1	12536.850343750	12536.858468750	1400.000	4000.000	1.0000
280	Spectrogram 1	1	12536.850343750	12536.858468750	1400.000	4000.000	1.0000
281	Waveform 1	1	12536.907218750	12536.920218750	1400.000	4000.000	1.0000
281	Spectrogram 1	1	12536.907218750	12536.920218750	1400.000	4000.000	1.0000
282	Waveform 1	1	12536.970593750	12536.981968750	1400.000	4000.000	1.0000
282	Spectrogram 1	1	12536.970593750	12536.981968750	1400.000	4000.000	1.0000
283	Waveform 1	1	12634.147218750	12634.178093750	1400.000	4000.000	1.0000
283	Spectrogram 1	1	12634.147218750	12634.178093750	1400.000	4000.000	1.0000
284	Waveform 1	1	12634.823218750	12634.842718750	1400.000	4000.000	1.0000
284	Spectrogram 1	1	12634.823218750	12634.842718750	1400.000	4000.000	1.0000
285	Waveform 1	1	12636.799218750	12636.807343750	1400.000	4000.000	1.0000
285	Spectrogram 1	1	12636.799218750	12636.807343750	1400.000	4000.000	1.0000
286	Waveform 1	1	12636.883718750	12636.908093750	1400.000	4000.000	1.0000
286	Spectrogram 1	1	12636.883718750	12636.908093750	1400.000	4000.000	1.0000
287	Waveform 1	1	12649.539218750	12649.566843750	1400.000	4000.000	1.0000
287	Spectrogram 1	1	12649.539218750	12649.566843750	1400.000	4000.000	1.0000
288	Waveform 1	1	12649.683843750	12649.711468750	1400.000	4000.000	1.0000
288	Spectrogram 1	1	12649.683843750	12649.711468750	1400.000	4000.000	1.0000
289	Waveform 1	1	12652.053093750	12652.079093750	1400.000	4000.000	1.0000
289	Spectrogram 1	1	12652.053093750	12652.079093750	1400.000	4000.000	1.0000
290	Waveform 1	1	12677.940968750	12677.970218750	1400.000	4000.000	1.0000
290	Spectrogram 1	1	12677.940968750	12677.970218750	1400.000	4000.000	1.0000
291	Waveform 1	1	12679.419718750	12679.448968750	1400.000	4000.000	1.0000
291	Spectrogram 1	1	12679.419718750	12679.448968750	1400.000	4000.000	1.0000
292	Waveform 1	1	12679.575718750	12679.583843750	1400.000	4000.000	1.0000
292	Spectrogram 1	1	12679.575718750	12679.583843750	1400.000	4000.000	1.0000
293	Waveform 1	1	12679.879593750	12679.894218750	1400.000	4000.000	1.0000
293	Spectrogram 1	1	12679.879593750	12679.894218750	1400.000	4000.000	1.0000
294	Waveform 1	1	12686.199218750	12686.208968750	1400.000	4000.000	1.0000
294	Spectrogram 1	1	12686.199218750	12686.208968750	1400.000	4000.000	1.0000
295	Waveform 1	1	12686.269093750	12686.285343750	1400.000	4000.000	1.0000
295	Spectrogram 1	1	12686.269093750	12686.285343750	1400.000	4000.000	1.0000
296	Waveform 1	1	12693.735968750	12693.766843750	1400.000	4000.000	1.0000
296	Spectrogram 1	1	12693.735968750	12693.766843750	1400.000	4000.000	1.0000
297	Waveform 1	1	12735.306718750	12735.318093750	1400.000	4000.000	1.0000
297	Spectrogram 1	1	12735.306718750	12735.318093750	1400.000	4000.000	1.0000
298	Waveform 1	1	12738.221968750	12738.231718750	1400.000	4000.000	1.0000
298	Spectrogram 1	1	12738.221968750	12738.231718750	1400.000	4000.000	1.0000
299	Waveform 1	1	12747.536468750	12747.547843750	1400.000	4000.000	1.0000
299	Spectrogram 1	1	12747.536468750	12747.547843750	1400.000	4000.000	1.0000
300	Waveform 1	1	12749.120843750	12749.128968750	1400.000	4000.000	1.0000
300	Spectrogram 1	1	12749.120843750	12749.128968750	1400.000	4000.000	1.0000
301	Waveform 1	1	12750.048718750	12750.056843750	1400.000	4000.000	1.0000
301	Spectrogram 1	1	12750.048718750	12750.056843750	1400.000	4000.000	1.0000
302	Waveform 1	1	12750.703593750	12750.711718750	1400.000	4000.000	1.0000
302	Spectrogram 1	1	12750.703593750	12750.711718750	1400.000	4000.000	1.0000
303	Waveform 1	1	12758.061593750	12758.072968750	1400.000	4000.000	1.0000
303	Spectrogram 1	1	12758.061593750	12758.072968750	1400.000	4000.000	1.0000
304	Waveform 1	1	12758.201343750	12758.212718750	1400.000	4000.000	1.0000
304	Spectrogram 1	1	12758.201343750	12758.212718750	1400.000	4000.000	1.0000
305	Waveform 1	1	12758.479218750	12758.492218750	1400.000	4000.000	1.0000
305	Spectrogram 1	1	12758.479218750	12758.492218750	1400.000	4000.000	1.0000
306	Waveform 1	1	12758.721343750	12758.735968750	1400.000	4000.000	1.0000
306	Spectrogram 1	1	12758.721343750	12758.735968750	1400.000	4000.000	1.0000
307	Waveform 1	1	12759.043093750	12759.059343750	1400.000	4000.000	1.0000
307	Spectrogram 1	1	12759.043093750	12759.059343750	1400.000	4000.000	1.0000
308	Waveform 1	1	12759.283593750	12759.301468750	1400.000	4000.000	1.0000
308	Spectrogram 1	1	12759.283593750	12759.301468750	1400.000	4000.000	1.0000
309	Waveform 1	1	12760.178968750	12760.191968750	1400.000	4000.000	1.0000
309	Spectrogram 1	1	12760.178968750	12760.191968750	1400.000	4000.000	1.0000
310	Waveform 1	1	12777.899593750	12777.919093750	1400.000	4000.000	1.0000
310	Spectrogram 1	1	12777.899593750	12777.919093750	1400.000	4000.000	1.0000
311	Waveform 1	1	12783.903968750	12783.916968750	1400.000	4000.000	1.0000
311	Spectrogram 1	1	12783.903968750	12783.916968750	1400.000	4000.000	1.0000
312	Waveform 1	1	12784.328093750	12784.357343750	1400.000	4000.000	1.0000
312	Spectrogram 1	1	12784.328093750	12784.357343750	1400.000	4000.000	1.0000
313	Waveform 1	1	12785.101593750	12785.109718750	1400.000	4000.000	1.0000
313	Spectrogram 1	1	12785.101593750	12785.109718750	1400.000	4000.000	1.0000
314	Waveform 1	1	12785.153593750	12785.177968750	1400.000	4000.000	1.0000
314	Spectrogram 1	1	12785.153593750	12785.177968750	1400.000	4000.000	1.0000
315	Waveform 1	1	12850.953093750	12850.970968750	1400.000	4000.000	1.0000
315	Spectrogram 1	1	12850.953093750	12850.970968750	1400.000	4000.000	1.0000
316	Waveform 1	1	12851.440593750	12851.451968750	1400.000	4000.000	1.0000
316	Spectrogram 1	1	12851.440593750	12851.451968750	1400.000	4000.000	1.0000
317	Waveform 1	1	12860.366718750	12860.378093750	1400.000	4000.000	1.0000
317	Spectrogram 1	1	12860.366718750	12860.378093750	1400.000	4000.000	1.0000
318	Waveform 1	1	12887.081718750	12887.089843750	1400.000	4000.000	1.0000
318	Spectrogram 1	1	12887.081718750	12887.089843750	1400.000	4000.000	1.0000
319	Waveform 1	1	12887.362843750	12887.370968750	1400.000	4000.000	1.0000
319	Spectrogram 1	1	12887.362843750	12887.370968750	1400.000	4000.000	1.0000
320	Waveform 1	1	12893.328218750	12893.349343750	1400.000	4000.000	1.0000
320	Spectrogram 1	1	12893.328218750	12893.349343750	1400.000	4000.000	1.0000
321	Waveform 1	1	12897.944843750	12897.952968750	1400.000	4000.000	1.0000
321	Spectrogram 1	1	12897.944843750	12897.952968750	1400.000	4000.000	1.0000
322	Waveform 1	1	12898.152843750	12898.165843750	1400.000	4000.000	1.0000
322	Spectrogram 1	1	12898.152843750	12898.165843750	1400.000	4000.000	1.0000
323	Waveform 1	1	12898.420968750	12898.432343750	1400.000	4000.000	1.0000
323	Spectrogram 1	1	12898.420968750	12898.432343750	1400.000	4000.000	1.0000
324	Waveform 1	1	12906.862843750	12906.874218750	1400.000	4000.000	1.0000
324	Spectrogram 1	1	12906.862843750	12906.874218750	1400.000	4000.000	1.0000
325	Waveform 1	1	12907.091968750	12907.103343750	1400.000	4000.000	1.0000
325	Spectrogram 1	1	12907.091968750	12907.103343750	1400.000	4000.000	1.0000
326	Waveform 1	1	12916.885843750	12916.893968750	1400.000	4000.000	1.0000
326	Spectrogram 1	1	12916.885843750	12916.893968750	1400.000	4000.000	1.0000
327	Waveform 1	1	12916.926468750	12916.945968750	1400.000	4000.000	1.0000
327	Spectrogram 1	1	12916.926468750	12916.945968750	1400.000	4000.000	1.0000
328	Waveform 1	1	12925.072593750	12925.105093750	1400.000	4000.000	1.0000
328	Spectrogram 1	1	12925.072593750	12925.105093750	1400.000	4000.000	1.0000
329	Waveform 1	1	12932.300593750	12932.328218750	1400.000	4000.000	0.7647
329	Spectrogram 1	1	12932.300593750	12932.328218750	1400.000	4000.000	0.7647
330	Waveform 1	1	12941.600468750	12941.610218750	1400.000	4000.000	1.0000
330	Spectrogram 1	1	12941.600468750	12941.610218750	1400.000	4000.000	1.0000
331	Waveform 1	1	12941.814968750	12941.824718750	1400.000	4000.000	1.0000
331	Spectrogram 1	1	12941.814968750	12941.824718750	1400.000	4000.000	1.0000
332	Waveform 1	1	12942.354468750	12942.364218750	1400.000	4000.000	1.0000
332	Spectrogram 1	1	12942.354468750	12942.364218750	1400.000	4000.000	1.0000
333	Waveform 1	1	12942.648593750	12942.658343750	1400.000	4000.000	1.0000
333	Spectrogram 1	1	12942.648593750	12942.658343750	1400.000	4000.000	1.0000
334	Waveform 1	1	12942.768843750	12942.781843750	1400.000	4000.000	1.0000
334	Spectrogram 1	1	12942.768843750	12942.781843750	1400.000	4000.000	1.0000
335	Waveform 1	1	12942.893968750	12942.903718750	1400.000	4000.000	1.0000
335	Spectrogram 1	1	12942.893968750	12942.903718750	1400.000	4000.000	1.0000
336	Waveform 1	1	12943.327843750	12943.344093750	1400.000	4000.000	1.0000
336	Spectrogram 1	1	12943.327843750	12943.344093750	1400.000	4000.000	1.0000
337	Waveform 1	1	12957.938218750	12957.946343750	1400.000	4000.000	1.0000
337	Spectrogram 1	1	12957.938218750	12957.946343750	1400.000	4000.000	1.0000
338	Waveform 1	1	12961.414093750	12961.425468750	1400.000	4000.000	1.0000
338	Spectrogram 1	1	12961.414093750	12961.425468750	1400.000	4000.000	1.0000
339	Waveform 1	1	12961.457968750	12961.466093750	1400.000	4000.000	1.0000
339	Spectrogram 1	1	12961.457968750	12961.466093750	1400.000	4000.000	1.0000
340	Waveform 1	1	12961.605843750	12961.613968750	1400.000	4000.000	1.0000
340	Spectrogram 1	1	12961.605843750	12961.613968750	1400.000	4000.000	1.0000
341	Waveform 1	1	12961.654593750	12961.665968750	1400.000	4000.000	1.0000
341	Spectrogram 1	1	12961.654593750	12961.665968750	1400.000	4000.000	1.0000
342	Waveform 1	1	12961.701718750	12961.711468750	1400.000	4000.000	1.0000
342	Spectrogram 1	1	12961.701718750	12961.711468750	1400.000	4000.000	1.0000
343	Waveform 1	1	12963.084593750	12963.092718750	1400.000	4000.000	1.0000
343	Spectrogram 1	1	12963.084593750	12963.092718750	1400.000	4000.000	1.0000
344	Waveform 1	1	12976.742718750	12976.758968750	1400.000	4000.000	1.0000
344	Spectrogram 1	1	12976.742718750	12976.758968750	1400.000	4000.000	1.0000
345	Waveform 1	1	12976.965343750	12976.976718750	1400.000	4000.000	1.0000
345	Spectrogram 1	1	12976.965343750	12976.976718750	1400.000	4000.000	1.0000
346	Waveform 1	1	12977.278968750	12977.290343750	1400.000	4000.000	1.0000
346	Spectrogram 1	1	12977.278968750	12977.290343750	1400.000	4000.000	1.0000
347	Waveform 1	1	12978.627718750	12978.637468750	1400.000	4000.000	1.0000
347	Spectrogram 1	1	12978.627718750	12978.637468750	1400.000	4000.000	1.0000
348	Waveform 1	1	12986.234343750	12986.245718750	1400.000	4000.000	1.0000
348	Spectrogram 1	1	12986.234343750	12986.245718750	1400.000	4000.000	1.0000
349	Waveform 1	1	12987.706593750	12987.716343750	1400.000	4000.000	1.0000
349	Spectrogram 1	1	12987.706593750	12987.716343750	1400.000	4000.000	1.0000
350	Waveform 1	1	12987.820343750	12987.834968750	1400.000	4000.000	1.0000
350	Spectrogram 1	1	12987.820343750	12987.834968750	1400.000	4000.000	1.0000
351	Waveform 1	1	12987.882093750	12987.896718750	1400.000	4000.000	1.0000
351	Spectrogram 1	1	12987.882093750	12987.896718750	1400.000	4000.000	1.0000
352	Waveform 1	1	12987.945468750	12987.955218750	1400.000	4000.000	1.0000
352	Spectrogram 1	1	12987.945468750	12987.955218750	1400.000	4000.000	1.0000
353	Waveform 1	1	12988.002343750	12988.015343750	1400.000	4000.000	1.0000
353	Spectrogram 1	1	12988.002343750	12988.015343750	1400.000	4000.000	1.0000
354	Waveform 1	1	12988.138843750	12988.153468750	1400.000	4000.000	1.0000
354	Spectrogram 1	1	12988.138843750	12988.153468750	1400.000	4000.000	1.0000
355	Waveform 1	1	12988.202218750	12988.215218750	1400.000	4000.000	1.0000
355	Spectrogram 1	1	12988.202218750	12988.215218750	1400.000	4000.000	1.0000
356	Waveform 1	1	12989.749218750	12989.762218750	1400.000	4000.000	1.0000
356	Spectrogram 1	1	12989.749218750	12989.762218750	1400.000	4000.000	1.0000
357	Waveform 1	1	12995.134468750	12995.142593750	1400.000	4000.000	1.0000
357	Spectrogram 1	1	12995.134468750	12995.142593750	1400.000	4000.000	1.0000
358	Waveform 1	1	13035.595343750	13035.626218750	1400.000	4000.000	1.0000
358	Spectrogram 1	1	13035.595343750	13035.626218750	1400.000	4000.000	1.0000
359	Waveform 1	1	13044.986218750	13045.005718750	1400.000	4000.000	1.0000
359	Spectrogram 1	1	13044.986218750	13045.005718750	1400.000	4000.000	1.0000
360	Waveform 1	1	13161.116843750	13161.133093750	1400.000	4000.000	1.0000
360	Spectrogram 1	1	13161.116843750	13161.133093750	1400.000	4000.000	1.0000
361	Waveform 1	1	13164.768218750	13164.787718750	1400.000	4000.000	1.0000
361	Spectrogram 1	1	13164.768218750	13164.787718750	1400.000	4000.000	1.0000
362	Waveform 1	1	13291.999218750	13292.013843750	1400.000	4000.000	1.0000
362	Spectrogram 1	1	13291.999218750	13292.013843750	1400.000	4000.000	1.0000
363	Waveform 1	1	13292.060968750	13292.085343750	1400.000	4000.000	1.0000
363	Spectrogram 1	1	13292.060968750	13292.085343750	1400.000	4000.000	1.0000
364	Waveform 1	1	13293.359343750	13293.372343750	1400.000	4000.000	1.0000
364	Spectrogram 1	1	13293.359343750	13293.372343750	1400.000	4000.000	1.0000
365	Waveform 1	1	13332.333343750	13332.346343750	1400.000	4000.000	1.0000
365	Spectrogram 1	1	13332.333343750	13332.346343750	1400.000	4000.000	1.0000
366	Waveform 1	1	13380.106718750	13380.134343750	1400.000	4000.000	1.0000
366	Spectrogram 1	1	13380.106718750	13380.134343750	1400.000	4000.000	1.0000
367	Waveform 1	1	13530.662968750	13530.684093750	1400.000	4000.000	1.0000
367	Spectrogram 1	1	13530.662968750	13530.684093750	1400.000	4000.000	1.0000
368	Waveform 1	1	13619.569968750	13619.582968750	1400.000	4000.000	1.0000
368	Spectrogram 1	1	13619.569968750	13619.582968750	1400.000	4000.000	1.0000
369	Waveform 1	1	13621.739343750	13621.760468750	1400.000	4000.000	1.0000
369	Spectrogram 1	1	13621.739343750	13621.760468750	1400.000	4000.000	1.0000
370	Waveform 1	1	13621.815718750	13621.844968750	1400.000	4000.000	1.0000
370	Spectrogram 1	1	13621.815718750	13621.844968750	1400.000	4000.000	1.0000
371	Waveform 1	1	13644.430843750	13644.443843750	1400.000	4000.000	1.0000
371	Spectrogram 1	1	13644.430843750	13644.443843750	1400.000	4000.000	1.0000
372	Waveform 1	1	13652.286093750	13652.299093750	1400.000	4000.000	1.0000
372	Spectrogram 1	1	13652.286093750	13652.299093750	1400.000	4000.000	1.0000
373	Waveform 1	1	13655.082718750	13655.103843750	1400.000	4000.000	1.0000
373	Spectrogram 1	1	13655.082718750	13655.103843750	1400.000	4000.000	1.0000
374	Waveform 1	1	13674.246343750	13674.260968750	1400.000	4000.000	1.0000
374	Spectrogram 1	1	13674.246343750	13674.260968750	1400.000	4000.000	1.0000
375	Waveform 1	1	13676.903218750	13676.912968750	1400.000	4000.000	1.0000
375	Spectrogram 1	1	13676.903218750	13676.912968750	1400.000	4000.000	1.0000
376	Waveform 1	1	13698.310968750	13698.330468750	1400.000	4000.000	1.0000
376	Spectrogram 1	1	13698.310968750	13698.330468750	1400.000	4000.000	1.0000
377	Waveform 1	1	13709.669718750	13709.677843750	1400.000	4000.000	1.0000
377	Spectrogram 1	1	13709.669718750	13709.677843750	1400.000	4000.000	1.0000
378	Waveform 1	1	13709.851718750	13709.861468750	1400.000	4000.000	1.0000
378	Spectrogram 1	1	13709.851718750	13709.861468750	1400.000	4000.000	1.0000
379	Waveform 1	1	13714.232718750	13714.247343750	1400.000	4000.000	1.0000
379	Spectrogram 1	1	13714.232718750	13714.247343750	1400.000	4000.000	1.0000
380	Waveform 1	1	13724.039593750	13724.059093750	1400.000	4000.000	1.0000
380	Spectrogram 1	1	13724.039593750	13724.059093750	1400.000	4000.000	1.0000
381	Waveform 1	1	13743.745968750	13743.768718750	1400.000	4000.000	1.0000
381	Spectrogram 1	1	13743.745968750	13743.768718750	1400.000	4000.000	1.0000
382	Waveform 1	1	13756.355968750	13756.373843750	1400.000	4000.000	1.0000
382	Spectrogram 1	1	13756.355968750	13756.373843750	1400.000	4000.000	1.0000
383	Waveform 1	1	13760.374593750	13760.405468750	1400.000	4000.000	1.0000
383	Spectrogram 1	1	13760.374593750	13760.405468750	1400.000	4000.000	1.0000
384	Waveform 1	1	13767.919468750	13767.932468750	1400.000	4000.000	1.0000
384	Spectrogram 1	1	13767.919468750	13767.932468750	1400.000	4000.000	1.0000
385	Waveform 1	1	13770.571468750	13770.589343750	1400.000	4000.000	1.0000
385	Spectrogram 1	1	13770.571468750	13770.589343750	1400.000	4000.000	1.0000
386	Waveform 1	1	13783.644593750	13783.664093750	1400.000	4000.000	1.0000
386	Spectrogram 1	1	13783.644593750	13783.664093750	1400.000	4000.000	1.0000
387	Waveform 1	1	13785.952093750	13785.966718750	1400.000	4000.000	1.0000
387	Spectrogram 1	1	13785.952093750	13785.966718750	1400.000	4000.000	1.0000
388	Waveform 1	1	13815.431218750	13815.455593750	1400.000	4000.000	1.0000
388	Spectrogram 1	1	13815.431218750	13815.455593750	1400.000	4000.000	1.0000
389	Waveform 1	1	13822.041718750	13822.061218750	1400.000	4000.000	1.0000
389	Spectrogram 1	1	13822.041718750	13822.061218750	1400.000	4000.000	1.0000
390	Waveform 1	1	13844.169343750	13844.200218750	1400.000	4000.000	1.0000
390	Spectrogram 1	1	13844.169343750	13844.200218750	1400.000	4000.000	1.0000
391	Waveform 1	1	13844.747843750	13844.759218750	1400.000	4000.000	1.0000
391	Spectrogram 1	1	13844.747843750	13844.759218750	1400.000	4000.000	1.0000
392	Waveform 1	1	13845.730968750	13845.748843750	1400.000	4000.000	1.0000
392	Spectrogram 1	1	13845.730968750	13845.748843750	1400.000	4000.000	1.0000
393	Waveform 1	1	13848.493468750	13848.514593750	1400.000	4000.000	1.0000
393	Spectrogram 1	1	13848.493468750	13848.514593750	1400.000	4000.000	1.0000
394	Waveform 1	1	13852.767218750	13852.798093750	1400.000	4000.000	1.0000
394	Spectrogram 1	1	13852.767218750	13852.798093750	1400.000	4000.000	1.0000
395	Waveform 1	1	13853.108468750	13853.129593750	1400.000	4000.000	1.0000
395	Spectrogram 1	1	13853.108468750	13853.129593750	1400.000	4000.000	1.0000
396	Waveform 1	1	13859.164843750	13859.187593750	1400.000	4000.000	1.0000
396	Spectrogram 1	1	13859.164843750	13859.187593750	1400.000	4000.000	1.0000
397	Waveform 1	1	13859.294843750	13859.327343750	1400.000	4000.000	0.9000
397	Spectrogram 1	1	13859.294843750	13859.327343750	1400.000	4000.000	0.9000
398	Waveform 1	1	13901.665093750	13901.681343750	1400.000	4000.000	1.0000
398	Spectrogram 1	1	13901.665093750	13901.681343750	1400.000	4000.000	1.0000
399	Waveform 1	1	13901.759343750	13901.773968750	1400.000	4000.000	1.0000
399	Spectrogram 1	1	13901.759343750	13901.773968750	1400.000	4000.000	1.0000
400	Waveform 1	1	13902.880593750	13902.893593750	1400.000	4000.000	1.0000
400	Spectrogram 1	1	13902.880593750	13902.893593750	1400.000	4000.000	1.0000
401	Waveform 1	1	13921.496593750	13921.506343750	1400.000	4000.000	1.0000
401	Spectrogram 1	1	13921.496593750	13921.506343750	1400.000	4000.000	1.0000
402	Waveform 1	1	13922.042593750	13922.052343750	1400.000	4000.000	1.0000
402	Spectrogram 1	1	13922.042593750	13922.052343750	1400.000	4000.000	1.0000
403	Waveform 1	1	13922.109218750	13922.120593750	1400.000	4000.000	1.0000
403	Spectrogram 1	1	13922.109218750	13922.120593750	1400.000	4000.000	1.0000
404	Waveform 1	1	13923.092343750	13923.106968750	1400.000	4000.000	1.0000
404	Spectrogram 1	1	13923.092343750	13923.106968750	1400.000	4000.000	1.0000
405	Waveform 1	1	13933.807593750	13933.825468750	1400.000	4000.000	1.0000
405	Spectrogram 1	1	13933.807593750	13933.825468750	1400.000	4000.000	1.0000
406	Waveform 1	1	13966.088218750	13966.107718750	1400.000	4000.000	1.0000
406	Spectrogram 1	1	13966.088218750	13966.107718750	1400.000	4000.000	1.0000
407	Waveform 1	1	13972.828718750	13972.859593750	1400.000	4000.000	1.0000
407	Spectrogram 1	1	13972.828718750	13972.859593750	1400.000	4000.000	1.0000
408	Waveform 1	1	13974.655218750	13974.673093750	1400.000	4000.000	1.0000
408	Spectrogram 1	1	13974.655218750	13974.673093750	1400.000	4000.000	1.0000
409	Waveform 1	1	13979.028093750	13979.047593750	1400.000	4000.000	1.0000
409	Spectrogram 1	1	13979.028093750	13979.047593750	1400.000	4000.000	1.0000
410	Waveform 1	1	13994.671968750	13994.684968750	1400.000	4000.000	1.0000
410	Spectrogram 1	1	13994.671968750	13994.684968750	1400.000	4000.000	1.0000
411	Waveform 1	1	13997.969093750	13997.978843750	1400.000	4000.000	1.0000
411	Spectrogram 1	1	13997.969093750	13997.978843750	1400.000	4000.000	1.0000
412	Waveform 1	1	13998.242093750	13998.256718750	1400.000	4000.000	1.0000
412	Spectrogram 1	1	13998.242093750	13998.256718750	1400.000	4000.000	1.0000
413	Waveform 1	1	13998.383468750	13998.398093750	1400.000	4000.000	1.0000
413	Spectrogram 1	1	13998.383468750	13998.398093750	1400.000	4000.000	1.0000
414	Waveform 1	1	13998.604468750	13998.617468750	1400.000	4000.000	1.0000
414	Spectrogram 1	1	13998.604468750	13998.617468750	1400.000	4000.000	1.0000
415	Waveform 1	1	13998.765343750	13998.778343750	1400.000	4000.000	1.0000
415	Spectrogram 1	1	13998.765343750	13998.778343750	1400.000	4000.000	1.0000
416	Waveform 1	1	13999.108218750	13999.122843750	1400.000	4000.000	1.0000
416	Spectrogram 1	1	13999.108218750	13999.122843750	1400.000	4000.000	1.0000
417	Waveform 1	1	13999.636343750	13999.647718750	1400.000	4000.000	1.0000
417	Spectrogram 1	1	13999.636343750	13999.647718750	1400.000	4000.000	1.0000
418	Waveform 1	1	13999.997093750	14000.010093750	1400.000	4000.000	1.0000
418	Spectrogram 1	1	13999.997093750	14000.010093750	1400.000	4000.000	1.0000
419	Waveform 1	1	14000.741343750	14000.749468750	1400.000	4000.000	1.0000
419	Spectrogram 1	1	14000.741343750	14000.749468750	1400.000	4000.000	1.0000
420	Waveform 1	1	14001.765093750	14001.779718750	1400.000	4000.000	1.0000
420	Spectrogram 1	1	14001.765093750	14001.779718750	1400.000	4000.000	1.0000
421	Waveform 1	1	14013.149843750	14013.169343750	1400.000	4000.000	1.0000
421	Spectrogram 1	1	14013.149843750	14013.169343750	1400.000	4000.000	1.0000
422	Waveform 1	1	14016.994593750	14017.010843750	1400.000	4000.000	1.0000
422	Spectrogram 1	1	14016.994593750	14017.010843750	1400.000	4000.000	1.0000
423	Waveform 1	1	14019.688843750	14019.703468750	1400.000	4000.000	1.0000
423	Spectrogram 1	1	14019.688843750	14019.703468750	1400.000	4000.000	1.0000
424	Waveform 1	1	14065.924968750	14065.954218750	1400.000	4000.000	1.0000
424	Spectrogram 1	1	14065.924968750	14065.954218750	1400.000	4000.000	1.0000
425	Waveform 1	1	14088.468593750	14088.479968750	1400.000	4000.000	1.0000
425	Spectrogram 1	1	14088.468593750	14088.479968750	1400.000	4000.000	1.0000
426	Waveform 1	1	14123.136343750	14123.155843750	1400.000	4000.000	1.0000
426	Spectrogram 1	1	14123.136343750	14123.155843750	1400.000	4000.000	1.0000
427	Waveform 1	1	14130.570718750	14130.585343750	1400.000	4000.000	1.0000
427	Spectrogram 1	1	14130.570718750	14130.585343750	1400.000	4000.000	1.0000
428	Waveform 1	1	14136.718093750	14136.731093750	1400.000	4000.000	1.0000
428	Spectrogram 1	1	14136.718093750	14136.731093750	1400.000	4000.000	1.0000
429	Waveform 1	1	14171.210343750	14171.218468750	1400.000	4000.000	1.0000
429	Spectrogram 1	1	14171.210343750	14171.218468750	1400.000	4000.000	1.0000
430	Waveform 1	1	14177.083093750	14177.107468750	1400.000	4000.000	1.0000
430	Spectrogram 1	1	14177.083093750	14177.107468750	1400.000	4000.000	1.0000
431	Waveform 1	1	14181.384468750	14181.405593750	1400.000	4000.000	1.0000
431	Spectrogram 1	1	14181.384468750	14181.405593750	1400.000	4000.000	1.0000
432	Waveform 1	1	14186.626718750	14186.659218750	1400.000	4000.000	1.0000
432	Spectrogram 1	1	14186.626718750	14186.659218750	1400.000	4000.000	1.0000
433	Waveform 1	1	14260.653593750	14260.677968750	1400.000	4000.000	1.0000
433	Spectrogram 1	1	14260.653593750	14260.677968750	1400.000	4000.000	1.0000
434	Waveform 1	1	14269.617093750	14269.644718750	1400.000	4000.000	0.7059
434	Spectrogram 1	1	14269.617093750	14269.644718750	1400.000	4000.000	0.7059
435	Waveform 1	1	14334.665843750	14334.683718750	1400.000	4000.000	1.0000
435	Spectrogram 1	1	14334.665843750	14334.683718750	1400.000	4000.000	1.0000
436	Waveform 1	1	14351.138468750	14351.149843750	1400.000	4000.000	1.0000
436	Spectrogram 1	1	14351.138468750	14351.149843750	1400.000	4000.000	1.0000
437	Waveform 1	1	14396.399593750	14396.414218750	1400.000	4000.000	1.0000
437	Spectrogram 1	1	14396.399593750	14396.414218750	1400.000	4000.000	1.0000
438	Waveform 1	1	14421.291343750	14421.318968750	1400.000	4000.000	1.0000
438	Spectrogram 1	1	14421.291343750	14421.318968750	1400.000	4000.000	1.0000
439	Waveform 1	1	14430.951968750	14430.979593750	1400.000	4000.000	1.0000
439	Spectrogram 1	1	14430.951968750	14430.979593750	1400.000	4000.000	1.0000
440	Waveform 1	1	14444.837593750	14444.847343750	1400.000	4000.000	1.0000
440	Spectrogram 1	1	14444.837593750	14444.847343750	1400.000	4000.000	1.0000
441	Waveform 1	1	14444.881468750	14444.904218750	1400.000	4000.000	1.0000
441	Spectrogram 1	1	14444.881468750	14444.904218750	1400.000	4000.000	1.0000
442	Waveform 1	1	14450.096093750	14450.104218750	1400.000	4000.000	1.0000
442	Spectrogram 1	1	14450.096093750	14450.104218750	1400.000	4000.000	1.0000
443	Waveform 1	1	14450.148093750	14450.161093750	1400.000	4000.000	1.0000
443	Spectrogram 1	1	14450.148093750	14450.161093750	1400.000	4000.000	1.0000
444	Waveform 1	1	14450.252093750	14450.266718750	1400.000	4000.000	1.0000
444	Spectrogram 1	1	14450.252093750	14450.266718750	1400.000	4000.000	1.0000
445	Waveform 1	1	14458.828843750	14458.849968750	1400.000	4000.000	1.0000
445	Spectrogram 1	1	14458.828843750	14458.849968750	1400.000	4000.000	1.0000
446	Waveform 1	1	14474.839968750	14474.870843750	1400.000	4000.000	1.0000
446	Spectrogram 1	1	14474.839968750	14474.870843750	1400.000	4000.000	1.0000
447	Waveform 1	1	14490.521218750	14490.537468750	1400.000	4000.000	1.0000
447	Spectrogram 1	1	14490.521218750	14490.537468750	1400.000	4000.000	1.0000
448	Waveform 1	1	14521.995843750	14522.003968750	1400.000	4000.000	1.0000
448	Spectrogram 1	1	14521.995843750	14522.003968750	1400.000	4000.000	1.0000
449	Waveform 1	1	14532.646093750	14532.663968750	1400.000	4000.000	1.0000
449	Spectrogram 1	1	14532.646093750	14532.663968750	1400.000	4000.000	1.0000
450	Waveform 1	1	14550.961468750	14550.982593750	1400.000	4000.000	1.0000
450	Spectrogram 1	1	14550.961468750	14550.982593750	1400.000	4000.000	1.0000
451	Waveform 1	1	14565.841593750	14565.861093750	1400.000	4000.000	1.0000
451	Spectrogram 1	1	14565.841593750	14565.861093750	1400.000	4000.000	1.0000
452	Waveform 1	1	14617.913093750	14617.934218750	1400.000	4000.000	1.0000
452	Spectrogram 1	1	14617.913093750	14617.934218750	1400.000	4000.000	1.0000
453	Waveform 1	1	14634.962593750	14634.978843750	1400.000	4000.000	1.0000
453	Spectrogram 1	1	14634.962593750	14634.978843750	1400.000	4000.000	1.0000
454	Waveform 1	1	14635.324968750	14635.339593750	1400.000	4000.000	1.0000
454	Spectrogram 1	1	14635.324968750	14635.339593750	1400.000	4000.000	1.0000
455	Waveform 1	1	14640.510343750	14640.531468750	1400.000	4000.000	1.0000
455	Spectrogram 1	1	14640.510343750	14640.531468750	1400.000	4000.000	1.0000
456	Waveform 1	1	14666.542843750	14666.562343750	1400.000	4000.000	1.0000
456	Spectrogram 1	1	14666.542843750	14666.562343750	1400.000	4000.000	1.0000
457	Waveform 1	1	14668.608218750	14668.616343750	1400.000	4000.000	1.0000
457	Spectrogram 1	1	14668.608218750	14668.616343750	1400.000	4000.000	1.0000
458	Waveform 1	1	14670.242968750	14670.252718750	1400.000	4000.000	1.0000
458	Spectrogram 1	1	14670.242968750	14670.252718750	1400.000	4000.000	1.0000
459	Waveform 1	1	14679.768718750	14679.796343750	1400.000	4000.000	1.0000
459	Spectrogram 1	1	14679.768718750	14679.796343750	1400.000	4000.000	1.0000
460	Waveform 1	1	14749.898843750	14749.921593750	1400.000	4000.000	1.0000
460	Spectrogram 1	1	14749.898843750	14749.921593750	1400.000	4000.000	1.0000
461	Waveform 1	1	14752.596343750	14752.609343750	1400.000	4000.000	1.0000
461	Spectrogram 1	1	14752.596343750	14752.609343750	1400.000	4000.000	1.0000
462	Waveform 1	1	14757.058593750	14757.086218750	1400.000	4000.000	1.0000
462	Spectrogram 1	1	14757.058593750	14757.086218750	1400.000	4000.000	1.0000
463	Waveform 1	1	14760.948843750	14760.963468750	1400.000	4000.000	1.0000
463	Spectrogram 1	1	14760.948843750	14760.963468750	1400.000	4000.000	1.0000
464	Waveform 1	1	14791.394843750	14791.411093750	1400.000	4000.000	1.0000
464	Spectrogram 1	1	14791.394843750	14791.411093750	1400.000	4000.000	1.0000
465	Waveform 1	1	14800.392468750	14800.415218750	1400.000	4000.000	1.0000
465	Spectrogram 1	1	14800.392468750	14800.415218750	1400.000	4000.000	1.0000
466	Waveform 1	1	14848.949093750	14848.970218750	1400.000	4000.000	1.0000
466	Spectrogram 1	1	14848.949093750	14848.970218750	1400.000	4000.000	1.0000
467	Waveform 1	1	14849.004343750	14849.020593750	1400.000	4000.000	1.0000
467	Spectrogram 1	1	14849.004343750	14849.020593750	1400.000	4000.000	1.0000
468	Waveform 1	1	14915.076843750	14915.091468750	1400.000	4000.000	1.0000
468	Spectrogram 1	1	14915.076843750	14915.091468750	1400.000	4000.000	1.0000
469	Waveform 1	1	14948.659093750	14948.672093750	1400.000	4000.000	1.0000
469	Spectrogram 1	1	14948.659093750	14948.672093750	1400.000	4000.000	1.0000
470	Waveform 1	1	14973.534593750	14973.545968750	1400.000	4000.000	1.0000
470	Spectrogram 1	1	14973.534593750	14973.545968750	1400.000	4000.000	1.0000
471	Waveform 1	1	15033.113593750	15033.123343750	1400.000	4000.000	1.0000
471	Spectrogram 1	1	15033.113593750	15033.123343750	1400.000	4000.000	1.0000
472	Waveform 1	1	15034.680093750	15034.694718750	1400.000	4000.000	1.0000
472	Spectrogram 1	1	15034.680093750	15034.694718750	1400.000	4000.000	1.0000
473	Waveform 1	1	15050.151718750	15050.161468750	1400.000	4000.000	1.0000
473	Spectrogram 1	1	15050.151718750	15050.161468750	1400.000	4000.000	1.0000
474	Waveform 1	1	15069.706968750	15069.726468750	1400.000	4000.000	1.0000
474	Spectrogram 1	1	15069.706968750	15069.726468750	1400.000	4000.000	1.0000
475	Waveform 1	1	15079.409843750	15079.421218750	1400.000	4000.000	1.0000
475	Spectrogram 1	1	15079.409843750	15079.421218750	1400.000	4000.000	1.0000
476	Waveform 1	1	15108.510343750	15108.518468750	1400.000	4000.000	1.0000
476	Spectrogram 1	1	15108.510343750	15108.518468750	1400.000	4000.000	1.0000
477	Waveform 1	1	15134.580218750	15134.604593750	1400.000	4000.000	1.0000
477	Spectrogram 1	1	15134.580218750	15134.604593750	1400.000	4000.000	1.0000
478	Waveform 1	1	15144.713718750	15144.723468750	1400.000	4000.000	1.0000
478	Spectrogram 1	1	15144.713718750	15144.723468750	1400.000	4000.000	1.0000
479	Waveform 1	1	15151.808468750	15151.839343750	1400.000	4000.000	1.0000
479	Spectrogram 1	1	15151.808468750	15151.839343750	1400.000	4000.000	1.0000
480	Waveform 1	1	15180.481593750	15180.497843750	1400.000	4000.000	1.0000
480	Spectrogram 1	1	15180.481593750	15180.497843750	1400.000	4000.000	1.0000
481	Waveform 1	1	15181.983093750	15182.002593750	1400.000	4000.000	1.0000
481	Spectrogram 1	1	15181.983093750	15182.002593750	1400.000	4000.000	1.0000
482	Waveform 1	1	15196.751093750	15196.777093750	1400.000	4000.000	1.0000
482	Spectrogram 1	1	15196.751093750	15196.777093750	1400.000	4000.000	1.0000
483	Waveform 1	1	15379.279218750	15379.298718750	1400.000	4000.000	1.0000
483	Spectrogram 1	1	15379.279218750	15379.298718750	1400.000	4000.000	1.0000
484	Waveform 1	1	15425.058718750	15425.076593750	1400.000	4000.000	1.0000
484	Spectrogram 1	1	15425.058718750	15425.076593750	1400.000	4000.000	1.0000
485	Waveform 1	1	15444.293843750	15444.310093750	1400.000	4000.000	1.0000
485	Spectrogram 1	1	15444.293843750	15444.310093750	1400.000	4000.000	1.0000
486	Waveform 1	1	15444.490468750	15444.521343750	1400.000	4000.000	1.0000
486	Spectrogram 1	1	15444.490468750	15444.521343750	1400.000	4000.000	1.0000
487	Waveform 1	1	15452.625218750	15452.638218750	1400.000	4000.000	1.0000
487	Spectrogram 1	1	15452.625218750	15452.638218750	1400.000	4000.000	1.0000
488	Waveform 1	1	15452.833218750	15452.846218750	1400.000	4000.000	1.0000
488	Spectrogram 1	1	15452.833218750	15452.846218750	1400.000	4000.000	1.0000
489	Waveform 1	1	15461.370968750	15461.380718750	1400.000	4000.000	1.0000
489	Spectrogram 1	1	15461.370968750	15461.380718750	1400.000	4000.000	1.0000
490	Waveform 1	1	15488.935843750	15488.948843750	1400.000	4000.000	1.0000
490	Spectrogram 1	1	15488.935843750	15488.948843750	1400.000	4000.000	1.0000
491	Waveform 1	1	15489.338843750	15489.353468750	1400.000	4000.000	1.0000
491	Spectrogram 1	1	15489.338843750	15489.353468750	1400.000	4000.000	1.0000
492	Waveform 1	1	15499.984218750	15500.003718750	1400.000	4000.000	1.0000
492	Spectrogram 1	1	15499.984218750	15500.003718750	1400.000	4000.000	1.0000
493	Waveform 1	1	15513.782093750	15513.793468750	1400.000	4000.000	1.0000
493	Spectrogram 1	1	15513.782093750	15513.793468750	1400.000	4000.000	1.0000
494	Waveform 1	1	15537.919843750	15537.934468750	1400.000	4000.000	1.0000
494	Spectrogram 1	1	15537.919843750	15537.934468750	1400.000	4000.000	1.0000
495	Waveform 1	1	15539.104468750	15539.117468750	1400.000	4000.000	1.0000
495	Spectrogram 1	1	15539.104468750	15539.117468750	1400.000	4000.000	1.0000
496	Waveform 1	1	15540.735968750	15540.748968750	1400.000	4000.000	1.0000
496	Spectrogram 1	1	15540.735968750	15540.748968750	1400.000	4000.000	1.0000
497	Waveform 1	1	15552.174343750	15552.185718750	1400.000	4000.000	1.0000
497	Spectrogram 1	1	15552.174343750	15552.185718750	1400.000	4000.000	1.0000
498	Waveform 1	1	15553.297218750	15553.310218750	1400.000	4000.000	1.0000
498	Spectrogram 1	1	15553.297218750	15553.310218750	1400.000	4000.000	1.0000
499	Waveform 1	1	15566.940718750	15566.969968750	1400.000	4000.000	1.0000
499	Spectrogram 1	1	15566.940718750	15566.969968750	1400.000	4000.000	1.0000
500	Waveform 1	1	15577.363468750	15577.373218750	1400.000	4000.000	1.0000
500	Spectrogram 1	1	15577.363468750	15577.373218750	1400.000	4000.000	1.0000
501	Waveform 1	1	15577.636468750	15577.647843750	1400.000	4000.000	1.0000
501	Spectrogram 1	1	15577.636468750	15577.647843750	1400.000	4000.000	1.0000
502	Waveform 1	1	15587.568468750	15587.578218750	1400.000	4000.000	1.0000
502	Spectrogram 1	1	15587.568468750	15587.578218750	1400.000	4000.000	1.0000
503	Waveform 1	1	15587.620468750	15587.633468750	1400.000	4000.000	1.0000
503	Spectrogram 1	1	15587.620468750	15587.633468750	1400.000	4000.000	1.0000
504	Waveform 1	1	15587.674093750	15587.688718750	1400.000	4000.000	1.0000
504	Spectrogram 1	1	15587.674093750	15587.688718750	1400.000	4000.000	1.0000
505	Waveform 1	1	15587.727718750	15587.737468750	1400.000	4000.000	1.0000
505	Spectrogram 1	1	15587.727718750	15587.737468750	1400.000	4000.000	1.0000
506	Waveform 1	1	15612.078343750	15612.094593750	1400.000	4000.000	1.0000
506	Spectrogram 1	1	15612.078343750	15612.094593750	1400.000	4000.000	1.0000
507	Waveform 1	1	15612.335093750	15612.344843750	1400.000	4000.000	1.0000
507	Spectrogram 1	1	15612.335093750	15612.344843750	1400.000	4000.000	1.0000
508	Waveform 1	1	15612.414718750	15612.422843750	1400.000	4000.000	1.0000
508	Spectrogram 1	1	15612.414718750	15612.422843750	1400.000	4000.000	1.0000
509	Waveform 1	1	15657.380093750	15657.388218750	1400.000	4000.000	1.0000
509	Spectrogram 1	1	15657.380093750	15657.388218750	1400.000	4000.000	1.0000
510	Waveform 1	1	15681.880218750	15681.906218750	1400.000	4000.000	1.0000
510	Spectrogram 1	1	15681.880218750	15681.906218750	1400.000	4000.000	1.0000
511	Waveform 1	1	15712.043468750	15712.054843750	1400.000	4000.000	1.0000
511	Spectrogram 1	1	15712.043468750	15712.054843750	1400.000	4000.000	1.0000
512	Waveform 1	1	15716.023093750	15716.036093750	1400.000	4000.000	1.0000
512	Spectrogram 1	1	15716.023093750	15716.036093750	1400.000	4000.000	1.0000
513	Waveform 1	1	15726.211843750	15726.229718750	1400.000	4000.000	1.0000
513	Spectrogram 1	1	15726.211843750	15726.229718750	1400.000	4000.000	1.0000
514	Waveform 1	1	15788.522468750	15788.537093750	1400.000	4000.000	1.0000
514	Spectrogram 1	1	15788.522468750	15788.537093750	1400.000	4000.000	1.0000
515	Waveform 1	1	15796.727093750	15796.748218750	1400.000	4000.000	1.0000
515	Spectrogram 1	1	15796.727093750	15796.748218750	1400.000	4000.000	1.0000
516	Waveform 1	1	15797.190218750	15797.199968750	1400.000	4000.000	1.0000
516	Spectrogram 1	1	15797.190218750	15797.199968750	1400.000	4000.000	1.0000
517	Waveform 1	1	15836.425843750	15836.437218750	1400.000	4000.000	1.0000
517	Spectrogram 1	1	15836.425843750	15836.437218750	1400.000	4000.000	1.0000
518	Waveform 1	1	15838.382343750	15838.398593750	1400.000	4000.000	1.0000
518	Spectrogram 1	1	15838.382343750	15838.398593750	1400.000	4000.000	1.0000
519	Waveform 1	1	15845.217093750	15845.238218750	1400.000	4000.000	1.0000
519	Spectrogram 1	1	15845.217093750	15845.238218750	1400.000	4000.000	1.0000
520	Waveform 1	1	15848.714093750	15848.746593750	1400.000	4000.000	1.0000
520	Spectrogram 1	1	15848.714093750	15848.746593750	1400.000	4000.000	1.0000
521	Waveform 1	1	15861.865218750	15861.881468750	1400.000	4000.000	1.0000
521	Spectrogram 1	1	15861.865218750	15861.881468750	1400.000	4000.000	1.0000
522	Waveform 1	1	15870.253468750	15870.281093750	1400.000	4000.000	1.0000
522	Spectrogram 1	1	15870.253468750	15870.281093750	1400.000	4000.000	1.0000
523	Waveform 1	1	15978.996843750	15979.019593750	1400.000	4000.000	1.0000
523	Spectrogram 1	1	15978.996843750	15979.019593750	1400.000	4000.000	1.0000
524	Waveform 1	1	15988.715968750	15988.724093750	1400.000	4000.000	1.0000
524	Spectrogram 1	1	15988.715968750	15988.724093750	1400.000	4000.000	1.0000
525	Waveform 1	1	16000.433843750	16000.453343750	1400.000	4000.000	1.0000
525	Spectrogram 1	1	16000.433843750	16000.453343750	1400.000	4000.000	1.0000
526	Waveform 1	1	16016.025718750	16016.038718750	1400.000	4000.000	1.0000
526	Spectrogram 1	1	16016.025718750	16016.038718750	1400.000	4000.000	1.0000
527	Waveform 1	1	16026.493968750	16026.503718750	1400.000	4000.000	1.0000
527	Spectrogram 1	1	16026.493968750	16026.503718750	1400.000	4000.000	1.0000
528	Waveform 1	1	16178.200718750	16178.216968750	1400.000	4000.000	1.0000
528	Spectrogram 1	1	16178.200718750	16178.216968750	1400.000	4000.000	1.0000
529	Waveform 1	1	16218.089593750	16218.097718750	1400.000	4000.000	1.0000
529	Spectrogram 1	1	16218.089593750	16218.097718750	1400.000	4000.000	1.0000
530	Waveform 1	1	16226.682593750	16226.710218750	1400.000	4000.000	1.0000
530	Spectrogram 1	1	16226.682593750	16226.710218750	1400.000	4000.000	1.0000
531	Waveform 1	1	16238.574343750	16238.584093750	1400.000	4000.000	1.0000
531	Spectrogram 1	1	16238.574343750	16238.584093750	1400.000	4000.000	1.0000
532	Waveform 1	1	16247.025968750	16247.043843750	1400.000	4000.000	1.0000
532	Spectrogram 1	1	16247.025968750	16247.043843750	1400.000	4000.000	1.0000
533	Waveform 1	1	16382.752468750	16382.768718750	1400.000	4000.000	1.0000
533	Spectrogram 1	1	16382.752468750	16382.768718750	1400.000	4000.000	1.0000
534	Waveform 1	1	16383.108343750	16383.127843750	1400.000	4000.000	1.0000
534	Spectrogram 1	1	16383.108343750	16383.127843750	1400.000	4000.000	1.0000
535	Waveform 1	1	16770.267843750	16770.277593750	1400.000	4000.000	1.0000
535	Spectrogram 1	1	16770.267843750	16770.277593750	1400.000	4000.000	1.0000
536	Waveform 1	1	16771.874968750	16771.886343750	1400.000	4000.000	1.0000
536	Spectrogram 1	1	16771.874968750	16771.886343750	1400.000	4000.000	1.0000
537	Waveform 1	1	17629.462218750	17629.471968750	1400.000	4000.000	1.0000
537	Spectrogram 1	1	17629.462218750	17629.471968750	1400.000	4000.000	1.0000
538	Waveform 1	1	18784.287968750	18784.297718750	1400.000	4000.000	1.0000
538	Spectrogram 1	1	18784.287968750	18784.297718750	1400.000	4000.000	1.0000
539	Waveform 1	1	23132.830218750	23132.839968750	1400.000	4000.000	1.0000
539	Spectrogram 1	1	23132.830218750	23132.839968750	1400.000	4000.000	1.0000
540	Waveform 1	1	23144.905593750	23144.921843750	1400.000	4000.000	1.0000
540	Spectrogram 1	1	23144.905593750	23144.921843750	1400.000	4000.000	1.0000
541	Waveform 1	1	23224.255968750	23224.272218750	1400.000	4000.000	1.0000
541	Spectrogram 1	1	23224.255968750	23224.272218750	1400.000	4000.000	1.0000
542	Waveform 1	1	30467.831593750	30467.846218750	1400.000	4000.000	1.0000
542	Spectrogram 1	1	30467.831593750	30467.846218750	1400.000	4000.000	1.0000
543	Waveform 1	1	30479.347968750	30479.356093750	1400.000	4000.000	1.0000
543	Spectrogram 1	1	30479.347968750	30479.356093750	1400.000	4000.000	1.0000
544	Waveform 1	1	30495.523218750	30495.536218750	1400.000	4000.000	1.0000
544	Spectrogram 1	1	30495.523218750	30495.536218750	1400.000	4000.000	1.0000
545	Waveform 1	1	32378.730843750	32378.742218750	1400.000	4000.000	1.0000
545	Spectrogram 1	1	32378.730843750	32378.742218750	1400.000	4000.000	1.0000
546	Waveform 1	1	32557.246843750	32557.258218750	1400.000	4000.000	1.0000
546	Spectrogram 1	1	32557.246843750	32557.258218750	1400.000	4000.000	1.0000
547	Waveform 1	1	33776.999468750	33777.010843750	1400.000	4000.000	1.0000
547	Spectrogram 1	1	33776.999468750	33777.010843750	1400.000	4000.000	1.0000
548	Waveform 1	1	33823.869343750	33823.880718750	1400.000	4000.000	1.0000
548	Spectrogram 1	1	33823.869343750	33823.880718750	1400.000	4000.000	1.0000
549	Waveform 1	1	33823.914843750	33823.934343750	1400.000	4000.000	1.0000
549	Spectrogram 1	1	33823.914843750	33823.934343750	1400.000	4000.000	1.0000
550	Waveform 1	1	33824.041593750	33824.051343750	1400.000	4000.000	1.0000
550	Spectrogram 1	1	33824.041593750	33824.051343750	1400.000	4000.000	1.0000
551	Waveform 1	1	33824.306468750	33824.314593750	1400.000	4000.000	1.0000
551	Spectrogram 1	1	33824.306468750	33824.314593750	1400.000	4000.000	1.0000
552	Waveform 1	1	33824.368218750	33824.377968750	1400.000	4000.000	1.0000
552	Spectrogram 1	1	33824.368218750	33824.377968750	1400.000	4000.000	1.0000
553	Waveform 1	1	33985.308218750	33985.316343750	1400.000	4000.000	1.0000
553	Spectrogram 1	1	33985.308218750	33985.316343750	1400.000	4000.000	1.0000
554	Waveform 1	1	34006.860593750	34006.871968750	1400.000	4000.000	1.0000
554	Spectrogram 1	1	34006.860593750	34006.871968750	1400.000	4000.000	1.0000
555	Waveform 1	1	34009.254218750	34009.270468750	1400.000	4000.000	1.0000
555	Spectrogram 1	1	34009.254218750	34009.270468750	1400.000	4000.000	1.0000
556	Waveform 1	1	34034.688718750	34034.698468750	1400.000	4000.000	1.0000
556	Spectrogram 1	1	34034.688718750	34034.698468750	1400.000	4000.000	1.0000
557	Waveform 1	1	34068.058093750	34068.066218750	1400.000	4000.000	1.0000
557	Spectrogram 1	1	34068.058093750	34068.066218750	1400.000	4000.000	1.0000
558	Waveform 1	1	34103.712218750	34103.723593750	1400.000	4000.000	1.0000
558	Spectrogram 1	1	34103.712218750	34103.723593750	1400.000	4000.000	1.0000
559	Waveform 1	1	34103.788593750	34103.801593750	1400.000	4000.000	1.0000
559	Spectrogram 1	1	34103.788593750	34103.801593750	1400.000	4000.000	1.0000
560	Waveform 1	1	34918.571718750	34918.583093750	1400.000	4000.000	1.0000
560	Spectrogram 1	1	34918.571718750	34918.583093750	1400.000	4000.000	1.0000
561	Waveform 1	1	38156.584093750	38156.603593750	1400.000	4000.000	1.0000
561	Spectrogram 1	1	38156.584093750	38156.603593750	1400.000	4000.000	1.0000
562	Waveform 1	1	53317.271843750	53317.284843750	1400.000	4000.000	1.0000
562	Spectrogram 1	1	53317.271843750	53317.284843750	1400.000	4000.000	1.0000
563	Waveform 1	1	61052.692718750	61052.708968750	1400.000	4000.000	1.0000
563	Spectrogram 1	1	61052.692718750	61052.708968750	1400.000	4000.000	1.0000
564	Waveform 1	1	65402.348093750	65402.378968750	1400.000	4000.000	1.0000
564	Spectrogram 1	1	65402.348093750	65402.378968750	1400.000	4000.000	1.0000
565	Waveform 1	1	65404.660468750	65404.692968750	1400.000	4000.000	0.9000
565	Spectrogram 1	1	65404.660468750	65404.692968750	1400.000	4000.000	0.9000
566	Waveform 1	1	65467.715343750	65467.726718750	1400.000	4000.000	1.0000
566	Spectrogram 1	1	65467.715343750	65467.726718750	1400.000	4000.000	1.0000
567	Waveform 1	1	65495.280218750	65495.298093750	1400.000	4000.000	1.0000
567	Spectrogram 1	1	65495.280218750	65495.298093750	1400.000	4000.000	1.0000
568	Waveform 1	1	65529.072093750	65529.091593750	1400.000	4000.000	1.0000
568	Spectrogram 1	1	65529.072093750	65529.091593750	1400.000	4000.000	1.0000
569	Waveform 1	1	65529.140343750	65529.150093750	1400.000	4000.000	1.0000
569	Spectrogram 1	1	65529.140343750	65529.150093750	1400.000	4000.000	1.0000
570	Waveform 1	1	65532.440718750	65532.458593750	1400.000	4000.000	1.0000
570	Spectrogram 1	1	65532.440718750	65532.458593750	1400.000	4000.000	1.0000
571	Waveform 1	1	65592.765593750	65592.794843750	1400.000	4000.000	1.0000
571	Spectrogram 1	1	65592.765593750	65592.794843750	1400.000	4000.000	1.0000
572	Waveform 1	1	65610.442343750	65610.463468750	1400.000	4000.000	1.0000
572	Spectrogram 1	1	65610.442343750	65610.463468750	1400.000	4000.000	1.0000
573	Waveform 1	1	65610.539843750	65610.551218750	1400.000	4000.000	1.0000
573	Spectrogram 1	1	65610.539843750	65610.551218750	1400.000	4000.000	1.0000
574	Waveform 1	1	65613.640343750	65613.656593750	1400.000	4000.000	1.0000
574	Spectrogram 1	1	65613.640343750	65613.656593750	1400.000	4000.000	1.0000
575	Waveform 1	1	65618.060343750	65618.073343750	1400.000	4000.000	1.0000
575	Spectrogram 1	1	65618.060343750	65618.073343750	1400.000	4000.000	1.0000
576	Waveform 1	1	65619.192968750	65619.222218750	1400.000	4000.000	1.0000
576	Spectrogram 1	1	65619.192968750	65619.222218750	1400.000	4000.000	1.0000
577	Waveform 1	1	65619.370093750	65619.391218750	1400.000	4000.000	1.0000
577	Spectrogram 1	1	65619.370093750	65619.391218750	1400.000	4000.000	1.0000
578	Waveform 1	1	65621.346093750	65621.362343750	1400.000	4000.000	1.0000
578	Spectrogram 1	1	65621.346093750	65621.362343750	1400.000	4000.000	1.0000
579	Waveform 1	1	65621.987968750	65622.010718750	1400.000	4000.000	1.0000
579	Spectrogram 1	1	65621.987968750	65622.010718750	1400.000	4000.000	1.0000
580	Waveform 1	1	65630.187718750	65630.207218750	1400.000	4000.000	1.0000
580	Spectrogram 1	1	65630.187718750	65630.207218750	1400.000	4000.000	1.0000
581	Waveform 1	1	67654.832093750	67654.841843750	1400.000	4000.000	1.0000
581	Spectrogram 1	1	67654.832093750	67654.841843750	1400.000	4000.000	1.0000
582	Waveform 1	1	67930.698593750	67930.706718750	1400.000	4000.000	1.0000
582	Spectrogram 1	1	67930.698593750	67930.706718750	1400.000	4000.000	1.0000
583	Waveform 1	1	68101.583593750	68101.596593750	1400.000	4000.000	1.0000
583	Spectrogram 1	1	68101.583593750	68101.596593750	1400.000	4000.000	1.0000
584	Waveform 1	1	71793.130218750	71793.146468750	1400.000	4000.000	1.0000
584	Spectrogram 1	1	71793.130218750	71793.146468750	1400.000	4000.000	1.0000
585	Waveform 1	1	71846.558593750	71846.569968750	1400.000	4000.000	1.0000
585	Spectrogram 1	1	71846.558593750	71846.569968750	1400.000	4000.000	1.0000
586	Waveform 1	1	72585.060968750	72585.073968750	1400.000	4000.000	1.0000
586	Spectrogram 1	1	72585.060968750	72585.073968750	1400.000	4000.000	1.0000
587	Waveform 1	1	72717.943718750	72717.953468750	1400.000	4000.000	1.0000
587	Spectrogram 1	1	72717.943718750	72717.953468750	1400.000	4000.000	1.0000
588	Waveform 1	1	73342.759468750	73342.787093750	1400.000	4000.000	1.0000
588	Spectrogram 1	1	73342.759468750	73342.787093750	1400.000	4000.000	1.0000
589	Waveform 1	1	73761.554468750	73761.570718750	1400.000	4000.000	1.0000
589	Spectrogram 1	1	73761.554468750	73761.570718750	1400.000	4000.000	1.0000
590	Waveform 1	1	73769.671343750	73769.682718750	1400.000	4000.000	1.0000
590	Spectrogram 1	1	73769.671343750	73769.682718750	1400.000	4000.000	1.0000
591	Waveform 1	1	73838.938593750	73838.946718750	1400.000	4000.000	1.0000
591	Spectrogram 1	1	73838.938593750	73838.946718750	1400.000	4000.000	1.0000
592	Waveform 1	1	73862.102968750	73862.111093750	1400.000	4000.000	1.0000
592	Spectrogram 1	1	73862.102968750	73862.111093750	1400.000	4000.000	1.0000
593	Waveform 1	1	73955.252843750	73955.275593750	1400.000	4000.000	1.0000
593	Spectrogram 1	1	73955.252843750	73955.275593750	1400.000	4000.000	1.0000
594	Waveform 1	1	74171.441218750	74171.455843750	1400.000	4000.000	1.0000
594	Spectrogram 1	1	74171.441218750	74171.455843750	1400.000	4000.000	1.0000
595	Waveform 1	1	74217.667593750	74217.683843750	1400.000	4000.000	1.0000
595	Spectrogram 1	1	74217.667593750	74217.683843750	1400.000	4000.000	1.0000
596	Waveform 1	1	74221.622843750	74221.632593750	1400.000	4000.000	1.0000
596	Spectrogram 1	1	74221.622843750	74221.632593750	1400.000	4000.000	1.0000
597	Waveform 1	1	74270.561343750	74270.587343750	1400.000	4000.000	1.0000
597	Spectrogram 1	1	74270.561343750	74270.587343750	1400.000	4000.000	1.0000
598	Waveform 1	1	74279.479343750	74279.492343750	1400.000	4000.000	1.0000
598	Spectrogram 1	1	74279.479343750	74279.492343750	1400.000	4000.000	1.0000
599	Waveform 1	1	74289.607968750	74289.617718750	1400.000	4000.000	1.0000
599	Spectrogram 1	1	74289.607968750	74289.617718750	1400.000	4000.000	1.0000
600	Waveform 1	1	74293.113093750	74293.132593750	1400.000	4000.000	1.0000
600	Spectrogram 1	1	74293.113093750	74293.132593750	1400.000	4000.000	1.0000
601	Waveform 1	1	74309.502843750	74309.510968750	1400.000	4000.000	1.0000
601	Spectrogram 1	1	74309.502843750	74309.510968750	1400.000	4000.000	1.0000
602	Waveform 1	1	74317.096468750	74317.104593750	1400.000	4000.000	1.0000
602	Spectrogram 1	1	74317.096468750	74317.104593750	1400.000	4000.000	1.0000
603	Waveform 1	1	74336.217843750	74336.230843750	1400.000	4000.000	1.0000
603	Spectrogram 1	1	74336.217843750	74336.230843750	1400.000	4000.000	1.0000
604	Waveform 1	1	74345.161843750	74345.169968750	1400.000	4000.000	1.0000
604	Spectrogram 1	1	74345.161843750	74345.169968750	1400.000	4000.000	1.0000
605	Waveform 1	1	74375.380343750	74375.393343750	1400.000	4000.000	1.0000
605	Spectrogram 1	1	74375.380343750	74375.393343750	1400.000	4000.000	1.0000
606	Waveform 1	1	74377.671593750	74377.684593750	1400.000	4000.000	1.0000
606	Spectrogram 1	1	74377.671593750	74377.684593750	1400.000	4000.000	1.0000
607	Waveform 1	1	74395.078593750	74395.098093750	1400.000	4000.000	1.0000
607	Spectrogram 1	1	74395.078593750	74395.098093750	1400.000	4000.000	1.0000
608	Waveform 1	1	74675.101843750	74675.118093750	1400.000	4000.000	1.0000
608	Spectrogram 1	1	74675.101843750	74675.118093750	1400.000	4000.000	1.0000
609	Waveform 1	1	75990.349218750	75990.362218750	1400.000	4000.000	1.0000
609	Spectrogram 1	1	75990.349218750	75990.362218750	1400.000	4000.000	1.0000
610	Waveform 1	1	81123.826593750	81123.834718750	1400.000	4000.000	1.0000
610	Spectrogram 1	1	81123.826593750	81123.834718750	1400.000	4000.000	1.0000
611	Waveform 1	1	83203.046593750	83203.059593750	1400.000	4000.000	1.0000
611	Spectrogram 1	1	83203.046593750	83203.059593750	1400.000	4000.000	1.0000
612	Waveform 1	1	85357.237593750	85357.245718750	1400.000	4000.000	1.0000
612	Spectrogram 1	1	85357.237593750	85357.245718750	1400.000	4000.000	1.0000
