Selection	View	Channel	Begin Time (s)	End Time (s)	Low Freq (Hz)	High Freq (Hz)	Occupancy
1	Waveform 1	1	918.025593750	918.051593750	1400.000	4000.000	1.0000
1	Spectrogram 1	1	918.025593750	918.051593750	1400.000	4000.000	1.0000
2	Waveform 1	1	2972.688593750	2972.716218750	1400.000	4000.000	1.0000
2	Spectrogram 1	1	2972.688593750	2972.716218750	1400.000	4000.000	1.0000
3	Waveform 1	1	3003.459593750	3003.475843750	1400.000	4000.000	1.0000
3	Spectrogram 1	1	3003.459593750	3003.475843750	1400.000	4000.000	1.0000
4	Waveform 1	1	3059.343343750	3059.354718750	1400.000	4000.000	1.0000
4	Spectrogram 1	1	3059.343343750	3059.354718750	1400.000	4000.000	1.0000
5	Waveform 1	1	3675.673343750	3675.691218750	1400.000	4000.000	1.0000
5	Spectrogram 1	1	3675.673343750	3675.691218750	1400.000	4000.000	1.0000
6	Waveform 1	1	3692.427093750	3692.454718750	1400.000	4000.000	1.0000
6	Spectrogram 1	1	3692.427093750	3692.454718750	1400.000	4000.000	1.0000
7	Waveform 1	1	3759.981593750	3759.996218750	1400.000	4000.000	1.0000
7	Spectrogram 1	1	3759.981593750	3759.996218750	1400.000	4000.000	1.0000
8	Waveform 1	1	3811.778468750	3811.788218750	1400.000	4000.000	1.0000
8	Spectrogram 1	1	3811.778468750	3811.788218750	1400.000	4000.000	1.0000
9	Waveform 1	1	3812.790843750	3812.808718750	1400.000	4000.000	1.0000
9	Spectrogram 1	1	3812.790843750	3812.808718750	1400.000	4000.000	1.0000
10	Waveform 1	1	3812.855843750	3812.872093750	1400.000	4000.000	1.0000
10	Spectrogram 1	1	3812.855843750	3812.872093750	1400.000	4000.000	1.0000
11	Waveform 1	1	3829.040843750	3829.070093750	1400.000	4000.000	1.0000
11	Spectrogram 1	1	3829.040843750	3829.070093750	1400.000	4000.000	1.0000
12	Waveform 1	1	3830.285593750	3830.301843750	1400.000	4000.000	1.0000
12	Spectrogram 1	1	3830.285593750	3830.301843750	1400.000	4000.000	1.0000
13	Waveform 1	1	3833.842718750	3833.862218750	1400.000	4000.000	1.0000
13	Spectrogram 1	1	3833.842718750	3833.862218750	1400.000	4000.000	1.0000
14	Waveform 1	1	4524.082593750	4524.095593750	1400.000	4000.000	1.0000
14	Spectrogram 1	1	4524.082593750	4524.095593750	1400.000	4000.000	1.0000
15	Waveform 1	1	4822.731593750	4822.747843750	1400.000	4000.000	1.0000
15	Spectrogram 1	1	4822.731593750	4822.747843750	1400.000	4000.000	1.0000
16	Waveform 1	1	5049.295593750	5049.313468750	1400.000	4000.000	1.0000
16	Spectrogram 1	1	5049.295593750	5049.313468750	1400.000	4000.000	1.0000
17	Waveform 1	1	5070.087468750	5070.103718750	1400.000	4000.000	1.0000
17	Spectrogram 1	1	5070.087468750	5070.103718750	1400.000	4000.000	1.0000
18	Waveform 1	1	5242.428468750	5242.436593750	1400.000	4000.000	1.0000
18	Spectrogram 1	1	5242.428468750	5242.436593750	1400.000	4000.000	1.0000
19	Waveform 1	1	5265.440093750	5265.451468750	1400.000	4000.000	1.0000
19	Spectrogram 1	1	5265.440093750	5265.451468750	1400.000	4000.000	1.0000
20	Waveform 1	1	5368.887593750	5368.897343750	1400.000	4000.000	1.0000
20	Spectrogram 1	1	5368.887593750	5368.897343750	1400.000	4000.000	1.0000
21	Waveform 1	1	5450.574718750	5450.587718750	1400.000	4000.000	1.0000
21	Spectrogram 1	1	5450.574718750	5450.587718750	1400.000	4000.000	1.0000
22	Waveform 1	1	5680.274968750	5680.283093750	1400.000	4000.000	1.0000
22	Spectrogram 1	1	5680.274968750	5680.283093750	1400.000	4000.000	1.0000
23	Waveform 1	1	6259.956343750	6259.980718750	1400.000	4000.000	1.0000
23	Spectrogram 1	1	6259.956343750	6259.980718750	1400.000	4000.000	1.0000
24	Waveform 1	1	6351.947593750	6351.973593750	1400.000	4000.000	1.0000
24	Spectrogram 1	1	6351.947593750	6351.973593750	1400.000	4000.000	1.0000
25	Waveform 1	1	6715.308968750	6715.317093750	1400.000	4000.000	1.0000
25	Spectrogram 1	1	6715.308968750	6715.317093750	1400.000	4000.000	1.0000
26	Waveform 1	1	9351.814593750	9351.837343750	1400.000	4000.000	1.0000
26	Spectrogram 1	1	9351.814593750	9351.837343750	1400.000	4000.000	1.0000
27	Waveform 1	1	9404.131468750	9404.152593750	1400.000	4000.000	1.0000
27	Spectrogram 1	1	9404.131468750	9404.152593750	1400.000	4000.000	1.0000
28	Waveform 1	1	9738.288343750	9738.301343750	1400.000	4000.000	1.0000
28	Spectrogram 1	1	9738.288343750	9738.301343750	1400.000	4000.000	1.0000
29	Waveform 1	1	10156.345593750	10156.358593750	1400.000	4000.000	1.0000
29	Spectrogram 1	1	10156.345593750	10156.358593750	1400.000	4000.000	1.0000
30	Waveform 1	1	11584.138843750	11584.150218750	1400.000	4000.000	1.0000
30	Spectrogram 1	1	11584.138843750	11584.150218750	1400.000	4000.000	1.0000
31	Waveform 1	1	11584.356593750	11584.380968750	1400.000	4000.000	1.0000
31	Spectrogram 1	1	11584.356593750	11584.380968750	1400.000	4000.000	1.0000
32	Waveform 1	1	11619.614218750	11619.622343750	1400.000	4000.000	1.0000
32	Spectrogram 1	1	11619.614218750	11619.622343750	1400.000	4000.000	1.0000
33	Waveform 1	1	11619.849843750	11619.867718750	1400.000	4000.000	1.0000
33	Spectrogram 1	1	11619.849843750	11619.867718750	1400.000	4000.000	1.0000
34	Waveform 1	1	11665.370968750	11665.403468750	1400.000	4000.000	1.0000
34	Spectrogram 1	1	11665.370968750	11665.403468750	1400.000	4000.000	1.0000
35	Waveform 1	1	13864.619968750	13864.645968750	1400.000	4000.000	1.0000
35	Spectrogram 1	1	13864.619968750	13864.645968750	1400.000	4000.000	1.0000
36	Waveform 1	1	15306.391468750	15306.404468750	1400.000	4000.000	1.0000
36	Spectrogram 1	1	15306.391468750	15306.404468750	1400.000	4000.000	1.0000
37	Waveform 1	1	16771.671843750	16771.683218750	1400.000	4000.000	1.0000
37	Spectrogram 1	1	16771.671843750	16771.683218750	1400.000	4000.000	1.0000
38	Waveform 1	1	16902.287718750	16902.300718750	1400.000	4000.000	1.0000
38	Spectrogram 1	1	16902.287718750	16902.300718750	1400.000	4000.000	1.0000
39	Waveform 1	1	17007.945218750	17007.964718750	1400.000	4000.000	1.0000
39	Spectrogram 1	1	17007.945218750	17007.964718750	1400.000	4000.000	1.0000
40	Waveform 1	1	17030.526218750	17030.544093750	1400.000	4000.000	1.0000
40	Spectrogram 1	1	17030.526218750	17030.544093750	1400.000	4000.000	1.0000
41	Waveform 1	1	17053.593093750	17053.607718750	1400.000	4000.000	1.0000
41	Spectrogram 1	1	17053.593093750	17053.607718750	1400.000	4000.000	1.0000
42	Waveform 1	1	17109.480093750	17109.499593750	1400.000	4000.000	1.0000
42	Spectrogram 1	1	17109.480093750	17109.499593750	1400.000	4000.000	1.0000
43	Waveform 1	1	17175.689093750	17175.706968750	1400.000	4000.000	1.0000
43	Spectrogram 1	1	17175.689093750	17175.706968750	1400.000	4000.000	1.0000
44	Waveform 1	1	17238.295468750	17238.303593750	1400.000	4000.000	1.0000
44	Spectrogram 1	1	17238.295468750	17238.303593750	1400.000	4000.000	1.0000
45	Waveform 1	1	18732.253843750	18732.265218750	1400.000	4000.000	1.0000
45	Spectrogram 1	1	18732.253843750	18732.265218750	1400.000	4000.000	1.0000
46	Waveform 1	1	18744.738718750	18744.754968750	1400.000	4000.000	1.0000
46	Spectrogram 1	1	18744.738718750	18744.754968750	1400.000	4000.000	1.0000
47	Waveform 1	1	23803.669218750	23803.698468750	1400.000	4000.000	1.0000
47	Spectrogram 1	1	23803.669218750	23803.698468750	1400.000	4000.000	1.0000
48	Waveform 1	1	23803.808968750	23803.828468750	1400.000	4000.000	1.0000
48	Spectrogram 1	1	23803.808968750	23803.828468750	1400.000	4000.000	1.0000
49	Waveform 1	1	24134.694718750	24134.706093750	1400.000	4000.000	1.0000
49	Spectrogram 1	1	24134.694718750	24134.706093750	1400.000	4000.000	1.0000
50	Waveform 1	1	25552.837093750	25552.845218750	1400.000	4000.000	1.0000
50	Spectrogram 1	1	25552.837093750	25552.845218750	1400.000	4000.000	1.0000
51	Waveform 1	1	27371.574468750	27371.584218750	1400.000	4000.000	1.0000
51	Spectrogram 1	1	27371.574468750	27371.584218750	1400.000	4000.000	1.0000
52	Waveform 1	1	28300.396843750	28300.413093750	1400.000	4000.000	1.0000
52	Spectrogram 1	1	28300.396843750	28300.413093750	1400.000	4000.000	1.0000
53	Waveform 1	1	28306.375218750	28306.402843750	1400.000	4000.000	1.0000
53	Spectrogram 1	1	28306.375218750	28306.402843750	1400.000	4000.000	1.0000
54	Waveform 1	1	28309.696718750	28309.721093750	1400.000	4000.000	1.0000
54	Spectrogram 1	1	28309.696718750	28309.721093750	1400.000	4000.000	1.0000
55	Waveform 1	1	28334.889093750	28334.908593750	1400.000	4000.000	1.0000
55	Spectrogram 1	1	28334.889093750	28334.908593750	1400.000	4000.000	1.0000
56	Waveform 1	1	28370.499343750	28370.518843750	1400.000	4000.000	1.0000
56	Spectrogram 1	1	28370.499343750	28370.518843750	1400.000	4000.000	1.0000
57	Waveform 1	1	28384.861093750	28384.883843750	1400.000	4000.000	1.0000
57	Spectrogram 1	1	28384.861093750	28384.883843750	1400.000	4000.000	1.0000
58	Waveform 1	1	28504.399343750	28504.409093750	1400.000	4000.000	1.0000
58	Spectrogram 1	1	28504.399343750	28504.409093750	1400.000	4000.000	1.0000
59	Waveform 1	1	28632.626468750	28632.645968750	1400.000	4000.000	1.0000
59	Spectrogram 1	1	28632.626468750	28632.645968750	1400.000	4000.000	1.0000
60	Waveform 1	1	30315.947718750	30315.960718750	1400.000	4000.000	1.0000
60	Spectrogram 1	1	30315.947718750	30315.960718750	1400.000	4000.000	1.0000
61	Waveform 1	1	30346.754468750	30346.765843750	1400.000	4000.000	1.0000
61	Spectrogram 1	1	30346.754468750	30346.765843750	1400.000	4000.000	1.0000
62	Waveform 1	1	30523.336718750	30523.344843750	1400.000	4000.000	1.0000
62	Spectrogram 1	1	30523.336718750	30523.344843750	1400.000	4000.000	1.0000
63	Waveform 1	1	30529.066468750	30529.076218750	1400.000	4000.000	1.0000
63	Spectrogram 1	1	30529.066468750	30529.076218750	1400.000	4000.000	1.0000
64	Waveform 1	1	30529.831843750	30529.839968750	1400.000	4000.000	1.0000
64	Spectrogram 1	1	30529.831843750	30529.839968750	1400.000	4000.000	1.0000
65	Waveform 1	1	30533.873218750	30533.881343750	1400.000	4000.000	1.0000
65	Spectrogram 1	1	30533.873218750	30533.881343750	1400.000	4000.000	1.0000
66	Waveform 1	1	30551.785593750	30551.795343750	1400.000	4000.000	1.0000
66	Spectrogram 1	1	30551.785593750	30551.795343750	1400.000	4000.000	1.0000
67	Waveform 1	1	30553.560093750	30553.568218750	1400.000	4000.000	1.0000
67	Spectrogram 1	1	30553.560093750	30553.568218750	1400.000	4000.000	1.0000
68	Waveform 1	1	30578.108968750	30578.118718750	1400.000	4000.000	1.0000
68	Spectrogram 1	1	30578.108968750	30578.118718750	1400.000	4000.000	1.0000
69	Waveform 1	1	30579.774593750	30579.784343750	1400.000	4000.000	1.0000
69	Spectrogram 1	1	30579.774593750	30579.784343750	1400.000	4000.000	1.0000
70	Waveform 1	1	30597.467593750	30597.477343750	1400.000	4000.000	1.0000
70	Spectrogram 1	1	30597.467593750	30597.477343750	1400.000	4000.000	1.0000
71	Waveform 1	1	30600.641218750	30600.650968750	1400.000	4000.000	1.0000
71	Spectrogram 1	1	30600.641218750	30600.650968750	1400.000	4000.000	1.0000
72	Waveform 1	1	30603.159968750	30603.168093750	1400.000	4000.000	1.0000
72	Spectrogram 1	1	30603.159968750	30603.168093750	1400.000	4000.000	1.0000
73	Waveform 1	1	30603.337093750	30603.345218750	1400.000	4000.000	1.0000
73	Spectrogram 1	1	30603.337093750	30603.345218750	1400.000	4000.000	1.0000
74	Waveform 1	1	30604.048843750	30604.058593750	1400.000	4000.000	1.0000
74	Spectrogram 1	1	30604.048843750	30604.058593750	1400.000	4000.000	1.0000
75	Waveform 1	1	30604.287718750	30604.295843750	1400.000	4000.000	1.0000
75	Spectrogram 1	1	30604.287718750	30604.295843750	1400.000	4000.000	1.0000
76	Waveform 1	1	30604.957218750	30604.966968750	1400.000	4000.000	1.0000
76	Spectrogram 1	1	30604.957218750	30604.966968750	1400.000	4000.000	1.0000
77	Waveform 1	1	30605.452843750	30605.460968750	1400.000	4000.000	1.0000
77	Spectrogram 1	1	30605.452843750	30605.460968750	1400.000	4000.000	1.0000
78	Waveform 1	1	30607.254968750	30607.263093750	1400.000	4000.000	1.0000
78	Spectrogram 1	1	30607.254968750	30607.263093750	1400.000	4000.000	1.0000
79	Waveform 1	1	30613.426718750	30613.434843750	1400.000	4000.000	1.0000
79	Spectrogram 1	1	30613.426718750	30613.434843750	1400.000	4000.000	1.0000
80	Waveform 1	1	30614.832343750	30614.840468750	1400.000	4000.000	1.0000
80	Spectrogram 1	1	30614.832343750	30614.840468750	1400.000	4000.000	1.0000
81	Waveform 1	1	30615.352343750	30615.360468750	1400.000	4000.000	1.0000
81	Spectrogram 1	1	30615.352343750	30615.360468750	1400.000	4000.000	1.0000
82	Waveform 1	1	30693.220718750	30693.230468750	1400.000	4000.000	1.0000
82	Spectrogram 1	1	30693.220718750	30693.230468750	1400.000	4000.000	1.0000
83	Waveform 1	1	30973.604718750	30973.612843750	1400.000	4000.000	1.0000
83	Spectrogram 1	1	30973.604718750	30973.612843750	1400.000	4000.000	1.0000
84	Waveform 1	1	30976.545968750	30976.554093750	1400.000	4000.000	1.0000
84	Spectrogram 1	1	30976.545968750	30976.554093750	1400.000	4000.000	1.0000
85	Waveform 1	1	30976.627218750	30976.636968750	1400.000	4000.000	1.0000
85	Spectrogram 1	1	30976.627218750	30976.636968750	1400.000	4000.000	1.0000
86	Waveform 1	1	30976.734468750	30976.745843750	1400.000	4000.000	1.0000
86	Spectrogram 1	1	30976.734468750	30976.745843750	1400.000	4000.000	1.0000
87	Waveform 1	1	30976.840093750	30976.851468750	1400.000	4000.000	1.0000
87	Spectrogram 1	1	30976.840093750	30976.851468750	1400.000	4000.000	1.0000
88	Waveform 1	1	30976.947343750	30976.958718750	1400.000	4000.000	1.0000
88	Spectrogram 1	1	30976.947343750	30976.958718750	1400.000	4000.000	1.0000
89	Waveform 1	1	30980.936718750	30980.944843750	1400.000	4000.000	1.0000
89	Spectrogram 1	1	30980.936718750	30980.944843750	1400.000	4000.000	1.0000
90	Waveform 1	1	30981.045593750	30981.056968750	1400.000	4000.000	1.0000
90	Spectrogram 1	1	30981.045593750	30981.056968750	1400.000	4000.000	1.0000
91	Waveform 1	1	30981.146343750	30981.154468750	1400.000	4000.000	1.0000
91	Spectrogram 1	1	30981.146343750	30981.154468750	1400.000	4000.000	1.0000
92	Waveform 1	1	30981.364093750	30981.373843750	1400.000	4000.000	1.0000
92	Spectrogram 1	1	30981.364093750	30981.373843750	1400.000	4000.000	1.0000
93	Waveform 1	1	30982.243218750	30982.251343750	1400.000	4000.000	1.0000
93	Spectrogram 1	1	30982.243218750	30982.251343750	1400.000	4000.000	1.0000
94	Waveform 1	1	30986.583593750	30986.591718750	1400.000	4000.000	1.0000
94	Spectrogram 1	1	30986.583593750	30986.591718750	1400.000	4000.000	1.0000
95	Waveform 1	1	30986.828968750	30986.840343750	1400.000	4000.000	1.0000
95	Spectrogram 1	1	30986.828968750	30986.840343750	1400.000	4000.000	1.0000
96	Waveform 1	1	30986.958968750	30986.967093750	1400.000	4000.000	1.0000
96	Spectrogram 1	1	30986.958968750	30986.967093750	1400.000	4000.000	1.0000
97	Waveform 1	1	30987.235218750	30987.243343750	1400.000	4000.000	1.0000
97	Spectrogram 1	1	30987.235218750	30987.243343750	1400.000	4000.000	1.0000
98	Waveform 1	1	30987.696718750	30987.706468750	1400.000	4000.000	1.0000
98	Spectrogram 1	1	30987.696718750	30987.706468750	1400.000	4000.000	1.0000
99	Waveform 1	1	30987.789343750	30987.797468750	1400.000	4000.000	1.0000
99	Spectrogram 1	1	30987.789343750	30987.797468750	1400.000	4000.000	1.0000
100	Waveform 1	1	30987.894968750	30987.903093750	1400.000	4000.000	1.0000
100	Spectrogram 1	1	30987.894968750	30987.903093750	1400.000	4000.000	1.0000
101	Waveform 1	1	30988.024968750	30988.036343750	1400.000	4000.000	1.0000
101	Spectrogram 1	1	30988.024968750	30988.036343750	1400.000	4000.000	1.0000
102	Waveform 1	1	30988.353218750	30988.364593750	1400.000	4000.000	1.0000
102	Spectrogram 1	1	30988.353218750	30988.364593750	1400.000	4000.000	1.0000
103	Waveform 1	1	30988.520593750	30988.530343750	1400.000	4000.000	1.0000
103	Spectrogram 1	1	30988.520593750	30988.530343750	1400.000	4000.000	1.0000
104	Waveform 1	1	30988.697718750	30988.709093750	1400.000	4000.000	1.0000
104	Spectrogram 1	1	30988.697718750	30988.709093750	1400.000	4000.000	1.0000
105	Waveform 1	1	30988.874843750	30988.884593750	1400.000	4000.000	1.0000
105	Spectrogram 1	1	30988.874843750	30988.884593750	1400.000	4000.000	1.0000
106	Waveform 1	1	30989.045468750	30989.056843750	1400.000	4000.000	1.0000
106	Spectrogram 1	1	30989.045468750	30989.056843750	1400.000	4000.000	1.0000
107	Waveform 1	1	30989.212843750	30989.222593750	1400.000	4000.000	1.0000
107	Spectrogram 1	1	30989.212843750	30989.222593750	1400.000	4000.000	1.0000
108	Waveform 1	1	30989.383468750	30989.394843750	1400.000	4000.000	1.0000
108	Spectrogram 1	1	30989.383468750	30989.394843750	1400.000	4000.000	1.0000
109	Waveform 1	1	30989.557343750	30989.568718750	1400.000	4000.000	1.0000
109	Spectrogram 1	1	30989.557343750	30989.568718750	1400.000	4000.000	1.0000
110	Waveform 1	1	30989.744218750	30989.752343750	1400.000	4000.000	1.0000
110	Spectrogram 1	1	30989.744218750	30989.752343750	1400.000	4000.000	1.0000
111	Waveform 1	1	30996.440843750	30996.448968750	1400.000	4000.000	1.0000
111	Spectrogram 1	1	30996.440843750	30996.448968750	1400.000	4000.000	1.0000
112	Waveform 1	1	30996.856843750	30996.864968750	1400.000	4000.000	1.0000
112	Spectrogram 1	1	30996.856843750	30996.864968750	1400.000	4000.000	1.0000
113	Waveform 1	1	30999.294343750	30999.304093750	1400.000	4000.000	1.0000
113	Spectrogram 1	1	30999.294343750	30999.304093750	1400.000	4000.000	1.0000
114	Waveform 1	1	30999.479593750	30999.487718750	1400.000	4000.000	1.0000
114	Spectrogram 1	1	30999.479593750	30999.487718750	1400.000	4000.000	1.0000
115	Waveform 1	1	30999.617718750	30999.625843750	1400.000	4000.000	1.0000
115	Spectrogram 1	1	30999.617718750	30999.625843750	1400.000	4000.000	1.0000
116	Waveform 1	1	30999.861468750	30999.869593750	1400.000	4000.000	1.0000
116	Spectrogram 1	1	30999.861468750	30999.869593750	1400.000	4000.000	1.0000
117	Waveform 1	1	31000.014218750	31000.022343750	1400.000	4000.000	1.0000
117	Spectrogram 1	1	31000.014218750	31000.022343750	1400.000	4000.000	1.0000
118	Waveform 1	1	31000.188093750	31000.197843750	1400.000	4000.000	1.0000
118	Spectrogram 1	1	31000.188093750	31000.197843750	1400.000	4000.000	1.0000
119	Waveform 1	1	31000.300218750	31000.313218750	1400.000	4000.000	1.0000
119	Spectrogram 1	1	31000.300218750	31000.313218750	1400.000	4000.000	1.0000
120	Waveform 1	1	31000.446468750	31000.454593750	1400.000	4000.000	1.0000
120	Spectrogram 1	1	31000.446468750	31000.454593750	1400.000	4000.000	1.0000
121	Waveform 1	1	31000.552093750	31000.563468750	1400.000	4000.000	1.0000
121	Spectrogram 1	1	31000.552093750	31000.563468750	1400.000	4000.000	1.0000
122	Waveform 1	1	31000.672343750	31000.680468750	1400.000	4000.000	1.0000
122	Spectrogram 1	1	31000.672343750	31000.680468750	1400.000	4000.000	1.0000
123	Waveform 1	1	31000.974593750	31000.985968750	1400.000	4000.000	1.0000
123	Spectrogram 1	1	31000.974593750	31000.985968750	1400.000	4000.000	1.0000
124	Waveform 1	1	31001.098093750	31001.107843750	1400.000	4000.000	1.0000
124	Spectrogram 1	1	31001.098093750	31001.107843750	1400.000	4000.000	1.0000
125	Waveform 1	1	31001.213468750	31001.224843750	1400.000	4000.000	1.0000
125	Spectrogram 1	1	31001.213468750	31001.224843750	1400.000	4000.000	1.0000
126	Waveform 1	1	31001.392218750	31001.403593750	1400.000	4000.000	1.0000
126	Spectrogram 1	1	31001.392218750	31001.403593750	1400.000	4000.000	1.0000
127	Waveform 1	1	31001.546593750	31001.556343750	1400.000	4000.000	1.0000
127	Spectrogram 1	1	31001.546593750	31001.556343750	1400.000	4000.000	1.0000
128	Waveform 1	1	31001.878093750	31001.887843750	1400.000	4000.000	1.0000
128	Spectrogram 1	1	31001.878093750	31001.887843750	1400.000	4000.000	1.0000
129	Waveform 1	1	31002.068218750	31002.077968750	1400.000	4000.000	1.0000
129	Spectrogram 1	1	31002.068218750	31002.077968750	1400.000	4000.000	1.0000
130	Waveform 1	1	31002.250218750	31002.259968750	1400.000	4000.000	1.0000
130	Spectrogram 1	1	31002.250218750	31002.259968750	1400.000	4000.000	1.0000
131	Waveform 1	1	31002.393218750	31002.404593750	1400.000	4000.000	1.0000
131	Spectrogram 1	1	31002.393218750	31002.404593750	1400.000	4000.000	1.0000
132	Waveform 1	1	31002.560593750	31002.571968750	1400.000	4000.000	1.0000
132	Spectrogram 1	1	31002.560593750	31002.571968750	1400.000	4000.000	1.0000
133	Waveform 1	1	31002.784843750	31002.796218750	1400.000	4000.000	1.0000
133	Spectrogram 1	1	31002.784843750	31002.796218750	1400.000	4000.000	1.0000
134	Waveform 1	1	31002.831968750	31002.840093750	1400.000	4000.000	1.0000
134	Spectrogram 1	1	31002.831968750	31002.840093750	1400.000	4000.000	1.0000
135	Waveform 1	1	31003.013968750	31003.023718750	1400.000	4000.000	1.0000
135	Spectrogram 1	1	31003.013968750	31003.023718750	1400.000	4000.000	1.0000
136	Waveform 1	1	31003.169968750	31003.179718750	1400.000	4000.000	1.0000
136	Spectrogram 1	1	31003.169968750	31003.179718750	1400.000	4000.000	1.0000
137	Waveform 1	1	31003.345468750	31003.355218750	1400.000	4000.000	1.0000
137	Spectrogram 1	1	31003.345468750	31003.355218750	1400.000	4000.000	1.0000
138	Waveform 1	1	31003.514468750	31003.525843750	1400.000	4000.000	1.0000
138	Spectrogram 1	1	31003.514468750	31003.525843750	1400.000	4000.000	1.0000
139	Waveform 1	1	31003.824843750	31003.837843750	1400.000	4000.000	1.0000
139	Spectrogram 1	1	31003.824843750	31003.837843750	1400.000	4000.000	1.0000
140	Waveform 1	1	31003.979218750	31003.990593750	1400.000	4000.000	1.0000
140	Spectrogram 1	1	31003.979218750	31003.990593750	1400.000	4000.000	1.0000
141	Waveform 1	1	31004.151468750	31004.162843750	1400.000	4000.000	1.0000
141	Spectrogram 1	1	31004.151468750	31004.162843750	1400.000	4000.000	1.0000
142	Waveform 1	1	31004.309093750	31004.320468750	1400.000	4000.000	1.0000
142	Spectrogram 1	1	31004.309093750	31004.320468750	1400.000	4000.000	1.0000
143	Waveform 1	1	31004.495968750	31004.504093750	1400.000	4000.000	1.0000
143	Spectrogram 1	1	31004.495968750	31004.504093750	1400.000	4000.000	1.0000
144	Waveform 1	1	31004.622718750	31004.632468750	1400.000	4000.000	1.0000
144	Spectrogram 1	1	31004.622718750	31004.632468750	1400.000	4000.000	1.0000
145	Waveform 1	1	31004.791718750	31004.803093750	1400.000	4000.000	1.0000
145	Spectrogram 1	1	31004.791718750	31004.803093750	1400.000	4000.000	1.0000
146	Waveform 1	1	31005.079343750	31005.087468750	1400.000	4000.000	1.0000
146	Spectrogram 1	1	31005.079343750	31005.087468750	1400.000	4000.000	1.0000
147	Waveform 1	1	31005.184968750	31005.194718750	1400.000	4000.000	1.0000
147	Spectrogram 1	1	31005.184968750	31005.194718750	1400.000	4000.000	1.0000
148	Waveform 1	1	31005.617218750	31005.625343750	1400.000	4000.000	1.0000
148	Spectrogram 1	1	31005.617218750	31005.625343750	1400.000	4000.000	1.0000
149	Waveform 1	1	31005.808968750	31005.817093750	1400.000	4000.000	1.0000
149	Spectrogram 1	1	31005.808968750	31005.817093750	1400.000	4000.000	1.0000
150	Waveform 1	1	31005.986093750	31005.994218750	1400.000	4000.000	1.0000
150	Spectrogram 1	1	31005.986093750	31005.994218750	1400.000	4000.000	1.0000
151	Waveform 1	1	31006.176218750	31006.184343750	1400.000	4000.000	1.0000
151	Spectrogram 1	1	31006.176218750	31006.184343750	1400.000	4000.000	1.0000
152	Waveform 1	1	31006.410218750	31006.423218750	1400.000	4000.000	1.0000
152	Spectrogram 1	1	31006.410218750	31006.423218750	1400.000	4000.000	1.0000
153	Waveform 1	1	31006.562968750	31006.571093750	1400.000	4000.000	1.0000
153	Spectrogram 1	1	31006.562968750	31006.571093750	1400.000	4000.000	1.0000
154	Waveform 1	1	31006.767718750	31006.779093750	1400.000	4000.000	1.0000
154	Spectrogram 1	1	31006.767718750	31006.779093750	1400.000	4000.000	1.0000
155	Waveform 1	1	31006.918843750	31006.928593750	1400.000	4000.000	1.0000
155	Spectrogram 1	1	31006.918843750	31006.928593750	1400.000	4000.000	1.0000
156	Waveform 1	1	31007.104093750	31007.115468750	1400.000	4000.000	1.0000
156	Spectrogram 1	1	31007.104093750	31007.115468750	1400.000	4000.000	1.0000
157	Waveform 1	1	31007.274718750	31007.282843750	1400.000	4000.000	1.0000
157	Spectrogram 1	1	31007.274718750	31007.282843750	1400.000	4000.000	1.0000
158	Waveform 1	1	31007.448593750	31007.459968750	1400.000	4000.000	1.0000
158	Spectrogram 1	1	31007.448593750	31007.459968750	1400.000	4000.000	1.0000
159	Waveform 1	1	31007.624093750	31007.635468750	1400.000	4000.000	1.0000
159	Spectrogram 1	1	31007.624093750	31007.635468750	1400.000	4000.000	1.0000
160	Waveform 1	1	31007.801218750	31007.809343750	1400.000	4000.000	1.0000
160	Spectrogram 1	1	31007.801218750	31007.809343750	1400.000	4000.000	1.0000
161	Waveform 1	1	31007.970218750	31007.978343750	1400.000	4000.000	1.0000
161	Spectrogram 1	1	31007.970218750	31007.978343750	1400.000	4000.000	1.0000
162	Waveform 1	1	31008.340718750	31008.350468750	1400.000	4000.000	1.0000
162	Spectrogram 1	1	31008.340718750	31008.350468750	1400.000	4000.000	1.0000
163	Waveform 1	1	31008.516218750	31008.524343750	1400.000	4000.000	1.0000
163	Spectrogram 1	1	31008.516218750	31008.524343750	1400.000	4000.000	1.0000
164	Waveform 1	1	31008.826593750	31008.837968750	1400.000	4000.000	1.0000
164	Spectrogram 1	1	31008.826593750	31008.837968750	1400.000	4000.000	1.0000
165	Waveform 1	1	31008.990718750	31009.000468750	1400.000	4000.000	1.0000
165	Spectrogram 1	1	31008.990718750	31009.000468750	1400.000	4000.000	1.0000
166	Waveform 1	1	31009.245843750	31009.257218750	1400.000	4000.000	1.0000
166	Spectrogram 1	1	31009.245843750	31009.257218750	1400.000	4000.000	1.0000
167	Waveform 1	1	31009.414843750	31009.427843750	1400.000	4000.000	1.0000
167	Spectrogram 1	1	31009.414843750	31009.427843750	1400.000	4000.000	1.0000
168	Waveform 1	1	31009.786968750	31009.801593750	1400.000	4000.000	1.0000
168	Spectrogram 1	1	31009.786968750	31009.801593750	1400.000	4000.000	1.0000
169	Waveform 1	1	31009.960843750	31009.973843750	1400.000	4000.000	1.0000
169	Spectrogram 1	1	31009.960843750	31009.973843750	1400.000	4000.000	1.0000
170	Waveform 1	1	31010.141218750	31010.150968750	1400.000	4000.000	1.0000
170	Spectrogram 1	1	31010.141218750	31010.150968750	1400.000	4000.000	1.0000
171	Waveform 1	1	31010.443468750	31010.453218750	1400.000	4000.000	1.0000
171	Spectrogram 1	1	31010.443468750	31010.453218750	1400.000	4000.000	1.0000
172	Waveform 1	1	31010.703468750	31010.716468750	1400.000	4000.000	1.0000
172	Spectrogram 1	1	31010.703468750	31010.716468750	1400.000	4000.000	1.0000
173	Waveform 1	1	31010.835093750	31010.843218750	1400.000	4000.000	1.0000
173	Spectrogram 1	1	31010.835093750	31010.843218750	1400.000	4000.000	1.0000
174	Waveform 1	1	31010.995968750	31011.004093750	1400.000	4000.000	1.0000
174	Spectrogram 1	1	31010.995968750	31011.004093750	1400.000	4000.000	1.0000
175	Waveform 1	1	31011.179593750	31011.189343750	1400.000	4000.000	1.0000
175	Spectrogram 1	1	31011.179593750	31011.189343750	1400.000	4000.000	1.0000
176	Waveform 1	1	31011.361593750	31011.372968750	1400.000	4000.000	1.0000
176	Spectrogram 1	1	31011.361593750	31011.372968750	1400.000	4000.000	1.0000
177	Waveform 1	1	31011.522468750	31011.532218750	1400.000	4000.000	1.0000
177	Spectrogram 1	1	31011.522468750	31011.532218750	1400.000	4000.000	1.0000
178	Waveform 1	1	31011.684968750	31011.696343750	1400.000	4000.000	1.0000
178	Spectrogram 1	1	31011.684968750	31011.696343750	1400.000	4000.000	1.0000
179	Waveform 1	1	31011.840968750	31011.852343750	1400.000	4000.000	1.0000
179	Spectrogram 1	1	31011.840968750	31011.852343750	1400.000	4000.000	1.0000
180	Waveform 1	1	31011.977468750	31011.988843750	1400.000	4000.000	1.0000
180	Spectrogram 1	1	31011.977468750	31011.988843750	1400.000	4000.000	1.0000
181	Waveform 1	1	31012.113968750	31012.126968750	1400.000	4000.000	1.0000
181	Spectrogram 1	1	31012.113968750	31012.126968750	1400.000	4000.000	1.0000
182	Waveform 1	1	31012.258593750	31012.273218750	1400.000	4000.000	1.0000
182	Spectrogram 1	1	31012.258593750	31012.273218750	1400.000	4000.000	1.0000
183	Waveform 1	1	31012.408093750	31012.417843750	1400.000	4000.000	1.0000
183	Spectrogram 1	1	31012.408093750	31012.417843750	1400.000	4000.000	1.0000
184	Waveform 1	1	31119.050343750	31119.058468750	1400.000	4000.000	1.0000
184	Spectrogram 1	1	31119.050343750	31119.058468750	1400.000	4000.000	1.0000
185	Waveform 1	1	31190.980968750	31191.005343750	1400.000	4000.000	1.0000
185	Spectrogram 1	1	31190.980968750	31191.005343750	1400.000	4000.000	1.0000
186	Waveform 1	1	31586.832593750	31586.842343750	1400.000	4000.000	1.0000
186	Spectrogram 1	1	31586.832593750	31586.842343750	1400.000	4000.000	1.0000
187	Waveform 1	1	31712.978093750	31712.992718750	1400.000	4000.000	1.0000
187	Spectrogram 1	1	31712.978093750	31712.992718750	1400.000	4000.000	1.0000
188	Waveform 1	1	31796.784218750	31796.793968750	1400.000	4000.000	1.0000
188	Spectrogram 1	1	31796.784218750	31796.793968750	1400.000	4000.000	1.0000
189	Waveform 1	1	31799.569468750	31799.582468750	1400.000	4000.000	1.0000
189	Spectrogram 1	1	31799.569468750	31799.582468750	1400.000	4000.000	1.0000
190	Waveform 1	1	31802.146718750	31802.162968750	1400.000	4000.000	1.0000
190	Spectrogram 1	1	31802.146718750	31802.162968750	1400.000	4000.000	1.0000
191	Waveform 1	1	31822.374718750	31822.389343750	1400.000	4000.000	1.0000
191	Spectrogram 1	1	31822.374718750	31822.389343750	1400.000	4000.000	1.0000
192	Waveform 1	1	31825.117718750	31825.135593750	1400.000	4000.000	1.0000
192	Spectrogram 1	1	31825.117718750	31825.135593750	1400.000	4000.000	1.0000
193	Waveform 1	1	31827.324468750	31827.342343750	1400.000	4000.000	1.0000
193	Spectrogram 1	1	31827.324468750	31827.342343750	1400.000	4000.000	1.0000
194	Waveform 1	1	31836.078343750	31836.097843750	1400.000	4000.000	1.0000
194	Spectrogram 1	1	31836.078343750	31836.097843750	1400.000	4000.000	1.0000
195	Waveform 1	1	31840.262718750	31840.278968750	1400.000	4000.000	1.0000
195	Spectrogram 1	1	31840.262718750	31840.278968750	1400.000	4000.000	1.0000
196	Waveform 1	1	32332.738468750	32332.759593750	1400.000	4000.000	1.0000
196	Spectrogram 1	1	32332.738468750	32332.759593750	1400.000	4000.000	1.0000
197	Waveform 1	1	32349.994343750	32350.007343750	1400.000	4000.000	1.0000
197	Spectrogram 1	1	32349.994343750	32350.007343750	1400.000	4000.000	1.0000
198	Waveform 1	1	32392.197218750	32392.216718750	1400.000	4000.000	1.0000
198	Spectrogram 1	1	32392.197218750	32392.216718750	1400.000	4000.000	1.0000
199	Waveform 1	1	32468.503968750	32468.516968750	1400.000	4000.000	1.0000
199	Spectrogram 1	1	32468.503968750	32468.516968750	1400.000	4000.000	1.0000
200	Waveform 1	1	32680.571343750	32680.585968750	1400.000	4000.000	1.0000
200	Spectrogram 1	1	32680.571343750	32680.585968750	1400.000	4000.000	1.0000
201	Waveform 1	1	33166.353718750	33166.378093750	1400.000	4000.000	1.0000
201	Spectrogram 1	1	33166.353718750	33166.378093750	1400.000	4000.000	1.0000
202	Waveform 1	1	33169.273843750	33169.286843750	1400.000	4000.000	1.0000
202	Spectrogram 1	1	33169.273843750	33169.286843750	1400.000	4000.000	1.0000
203	Waveform 1	1	33169.962843750	33169.993718750	1400.000	4000.000	1.0000
203	Spectrogram 1	1	33169.962843750	33169.993718750	1400.000	4000.000	1.0000
204	Waveform 1	1	33251.537843750	33251.550843750	1400.000	4000.000	1.0000
204	Spectrogram 1	1	33251.537843750	33251.550843750	1400.000	4000.000	1.0000
205	Waveform 1	1	33555.495718750	33555.505468750	1400.000	4000.000	1.0000
205	Spectrogram 1	1	33555.495718750	33555.505468750	1400.000	4000.000	1.0000
206	Waveform 1	1	33555.576968750	33555.604593750	1400.000	4000.000	1.0000
206	Spectrogram 1	1	33555.576968750	33555.604593750	1400.000	4000.000	1.0000
207	Waveform 1	1	34078.617343750	34078.646593750	1400.000	4000.000	0.7778
207	Spectrogram 1	1	34078.617343750	34078.646593750	1400.000	4000.000	0.7778
208	Waveform 1	1	34234.524718750	34234.532843750	1400.000	4000.000	1.0000
208	Spectrogram 1	1	34234.524718750	34234.532843750	1400.000	4000.000	1.0000
209	Waveform 1	1	35669.926218750	35669.934343750	1400.000	4000.000	1.0000
209	Spectrogram 1	1	35669.926218750	35669.934343750	1400.000	4000.000	1.0000
210	Waveform 1	1	35880.152468750	35880.165468750	1400.000	4000.000	1.0000
210	Spectrogram 1	1	35880.152468750	35880.165468750	1400.000	4000.000	1.0000
211	Waveform 1	1	36058.089968750	36058.117593750	1400.000	4000.000	0.8824
211	Spectrogram 1	1	36058.089968750	36058.117593750	1400.000	4000.000	0.8824
212	Waveform 1	1	36115.766093750	36115.780718750	1400.000	4000.000	1.0000
212	Spectrogram 1	1	36115.766093750	36115.780718750	1400.000	4000.000	1.0000
213	Waveform 1	1	36120.977468750	36120.988843750	1400.000	4000.000	1.0000
213	Spectrogram 1	1	36120.977468750	36120.988843750	1400.000	4000.000	1.0000
214	Waveform 1	1	36304.231968750	36304.244968750	1400.000	4000.000	1.0000
214	Spectrogram 1	1	36304.231968750	36304.244968750	1400.000	4000.000	1.0000
215	Waveform 1	1	36304.595968750	36304.610593750	1400.000	4000.000	1.0000
215	Spectrogram 1	1	36304.595968750	36304.610593750	1400.000	4000.000	1.0000
216	Waveform 1	1	36368.286218750	36368.294343750	1400.000	4000.000	1.0000
216	Spectrogram 1	1	36368.286218750	36368.294343750	1400.000	4000.000	1.0000
217	Waveform 1	1	36369.108468750	36369.116593750	1400.000	4000.000	1.0000
217	Spectrogram 1	1	36369.108468750	36369.116593750	1400.000	4000.000	1.0000
218	Waveform 1	1	36376.485968750	36376.494093750	1400.000	4000.000	1.0000
218	Spectrogram 1	1	36376.485968750	36376.494093750	1400.000	4000.000	1.0000
219	Waveform 1	1	36378.715468750	36378.725218750	1400.000	4000.000	1.0000
219	Spectrogram 1	1	36378.715468750	36378.725218750	1400.000	4000.000	1.0000
220	Waveform 1	1	36378.926718750	36378.934843750	1400.000	4000.000	1.0000
220	Spectrogram 1	1	36378.926718750	36378.934843750	1400.000	4000.000	1.0000
221	Waveform 1	1	36399.229468750	36399.240843750	1400.000	4000.000	1.0000
221	Spectrogram 1	1	36399.229468750	36399.240843750	1400.000	4000.000	1.0000
222	Waveform 1	1	36400.628593750	36400.646468750	1400.000	4000.000	1.0000
222	Spectrogram 1	1	36400.628593750	36400.646468750	1400.000	4000.000	1.0000
223	Waveform 1	1	36420.343093750	36420.352843750	1400.000	4000.000	1.0000
223	Spectrogram 1	1	36420.343093750	36420.352843750	1400.000	4000.000	1.0000
224	Waveform 1	1	36453.600343750	36453.613343750	1400.000	4000.000	1.0000
224	Spectrogram 1	1	36453.600343750	36453.613343750	1400.000	4000.000	1.0000
225	Waveform 1	1	36455.441468750	36455.456093750	1400.000	4000.000	1.0000
225	Spectrogram 1	1	36455.441468750	36455.456093750	1400.000	4000.000	1.0000
226	Waveform 1	1	36671.839468750	36671.847593750	1400.000	4000.000	1.0000
226	Spectrogram 1	1	36671.839468750	36671.847593750	1400.000	4000.000	1.0000
227	Waveform 1	1	36876.703218750	36876.717843750	1400.000	4000.000	1.0000
227	Spectrogram 1	1	36876.703218750	36876.717843750	1400.000	4000.000	1.0000
228	Waveform 1	1	37109.001843750	37109.014843750	1400.000	4000.000	1.0000
228	Spectrogram 1	1	37109.001843750	37109.014843750	1400.000	4000.000	1.0000
229	Waveform 1	1	37109.055468750	37109.068468750	1400.000	4000.000	1.0000
229	Spectrogram 1	1	37109.055468750	37109.068468750	1400.000	4000.000	1.0000
230	Waveform 1	1	37109.141593750	37109.154593750	1400.000	4000.000	1.0000
230	Spectrogram 1	1	37109.141593750	37109.154593750	1400.000	4000.000	1.0000
231	Waveform 1	1	37109.255343750	37109.263468750	1400.000	4000.000	1.0000
231	Spectrogram 1	1	37109.255343750	37109.263468750	1400.000	4000.000	1.0000
232	Waveform 1	1	37127.786843750	37127.796593750	1400.000	4000.000	1.0000
232	Spectrogram 1	1	37127.786843750	37127.796593750	1400.000	4000.000	1.0000
233	Waveform 1	1	37134.446093750	37134.455843750	1400.000	4000.000	1.0000
233	Spectrogram 1	1	37134.446093750	37134.455843750	1400.000	4000.000	1.0000
234	Waveform 1	1	37151.731218750	37151.744218750	1400.000	4000.000	1.0000
234	Spectrogram 1	1	37151.731218750	37151.744218750	1400.000	4000.000	1.0000
235	Waveform 1	1	37153.920093750	37153.928218750	1400.000	4000.000	1.0000
235	Spectrogram 1	1	37153.920093750	37153.928218750	1400.000	4000.000	1.0000
236	Waveform 1	1	37154.821968750	37154.830093750	1400.000	4000.000	1.0000
236	Spectrogram 1	1	37154.821968750	37154.830093750	1400.000	4000.000	1.0000
237	Waveform 1	1	37155.468718750	37155.476843750	1400.000	4000.000	1.0000
237	Spectrogram 1	1	37155.468718750	37155.476843750	1400.000	4000.000	1.0000
238	Waveform 1	1	37156.347843750	37156.357593750	1400.000	4000.000	1.0000
238	Spectrogram 1	1	37156.347843750	37156.357593750	1400.000	4000.000	1.0000
239	Waveform 1	1	37156.827218750	37156.835343750	1400.000	4000.000	1.0000
239	Spectrogram 1	1	37156.827218750	37156.835343750	1400.000	4000.000	1.0000
240	Waveform 1	1	37157.072593750	37157.080718750	1400.000	4000.000	1.0000
240	Spectrogram 1	1	37157.072593750	37157.080718750	1400.000	4000.000	1.0000
241	Waveform 1	1	37157.730718750	37157.743718750	1400.000	4000.000	1.0000
241	Spectrogram 1	1	37157.730718750	37157.743718750	1400.000	4000.000	1.0000
242	Waveform 1	1	37158.970593750	37158.978718750	1400.000	4000.000	1.0000
242	Spectrogram 1	1	37158.970593750	37158.978718750	1400.000	4000.000	1.0000
243	Waveform 1	1	37160.161718750	37160.171468750	1400.000	4000.000	1.0000
243	Spectrogram 1	1	37160.161718750	37160.171468750	1400.000	4000.000	1.0000
244	Waveform 1	1	37161.092843750	37161.104218750	1400.000	4000.000	1.0000
244	Spectrogram 1	1	37161.092843750	37161.104218750	1400.000	4000.000	1.0000
245	Waveform 1	1	37161.846843750	37161.854968750	1400.000	4000.000	1.0000
245	Spectrogram 1	1	37161.846843750	37161.854968750	1400.000	4000.000	1.0000
246	Waveform 1	1	37190.922968750	37190.931093750	1400.000	4000.000	1.0000
246	Spectrogram 1	1	37190.922968750	37190.931093750	1400.000	4000.000	1.0000
247	Waveform 1	1	37228.242718750	37228.252468750	1400.000	4000.000	1.0000
247	Spectrogram 1	1	37228.242718750	37228.252468750	1400.000	4000.000	1.0000
248	Waveform 1	1	37228.424718750	37228.434468750	1400.000	4000.000	1.0000
248	Spectrogram 1	1	37228.424718750	37228.434468750	1400.000	4000.000	1.0000
249	Waveform 1	1	37237.495468750	37237.503593750	1400.000	4000.000	1.0000
249	Spectrogram 1	1	37237.495468750	37237.503593750	1400.000	4000.000	1.0000
250	Waveform 1	1	37238.504593750	37238.514343750	1400.000	4000.000	1.0000
250	Spectrogram 1	1	37238.504593750	37238.514343750	1400.000	4000.000	1.0000
251	Waveform 1	1	37239.164343750	37239.172468750	1400.000	4000.000	1.0000
251	Spectrogram 1	1	37239.164343750	37239.172468750	1400.000	4000.000	1.0000
252	Waveform 1	1	37243.956468750	37243.964593750	1400.000	4000.000	1.0000
252	Spectrogram 1	1	37243.956468750	37243.964593750	1400.000	4000.000	1.0000
253	Waveform 1	1	37315.575093750	37315.586468750	1400.000	4000.000	1.0000
253	Spectrogram 1	1	37315.575093750	37315.586468750	1400.000	4000.000	1.0000
254	Waveform 1	1	37671.318468750	37671.328218750	1400.000	4000.000	1.0000
254	Spectrogram 1	1	37671.318468750	37671.328218750	1400.000	4000.000	1.0000
255	Waveform 1	1	37752.526218750	37752.535968750	1400.000	4000.000	1.0000
255	Spectrogram 1	1	37752.526218750	37752.535968750	1400.000	4000.000	1.0000
256	Waveform 1	1	37780.253593750	37780.263343750	1400.000	4000.000	1.0000
256	Spectrogram 1	1	37780.253593750	37780.263343750	1400.000	4000.000	1.0000
257	Waveform 1	1	37983.443593750	37983.453343750	1400.000	4000.000	1.0000
257	Spectrogram 1	1	37983.443593750	37983.453343750	1400.000	4000.000	1.0000
258	Waveform 1	1	38260.463843750	38260.471968750	1400.000	4000.000	1.0000
258	Spectrogram 1	1	38260.463843750	38260.471968750	1400.000	4000.000	1.0000
259	Waveform 1	1	40474.934218750	40474.943968750	1400.000	4000.000	1.0000
259	Spectrogram 1	1	40474.934218750	40474.943968750	1400.000	4000.000	1.0000
260	Waveform 1	1	40827.430843750	40827.445468750	1400.000	4000.000	1.0000
260	Spectrogram 1	1	40827.430843750	40827.445468750	1400.000	4000.000	1.0000
261	Waveform 1	1	42775.495468750	42775.511718750	1400.000	4000.000	1.0000
261	Spectrogram 1	1	42775.495468750	42775.511718750	1400.000	4000.000	1.0000
262	Waveform 1	1	42776.025218750	42776.033343750	1400.000	4000.000	1.0000
262	Spectrogram 1	1	42776.025218750	42776.033343750	1400.000	4000.000	1.0000
263	Waveform 1	1	44580.248093750	44580.259468750	1400.000	4000.000	1.0000
263	Spectrogram 1	1	44580.248093750	44580.259468750	1400.000	4000.000	1.0000
264	Waveform 1	1	44616.071218750	44616.089093750	1400.000	4000.000	1.0000
264	Spectrogram 1	1	44616.071218750	44616.089093750	1400.000	4000.000	1.0000
265	Waveform 1	1	44653.304843750	44653.316218750	1400.000	4000.000	1.0000
265	Spectrogram 1	1	44653.304843750	44653.316218750	1400.000	4000.000	1.0000
266	Waveform 1	1	44996.418718750	44996.451218750	1400.000	4000.000	1.0000
266	Spectrogram 1	1	44996.418718750	44996.451218750	1400.000	4000.000	1.0000
267	Waveform 1	1	45387.281593750	45387.289718750	1400.000	4000.000	1.0000
267	Spectrogram 1	1	45387.281593750	45387.289718750	1400.000	4000.000	1.0000
268	Waveform 1	1	45440.506843750	45440.516593750	1400.000	4000.000	1.0000
268	Spectrogram 1	1	45440.506843750	45440.516593750	1400.000	4000.000	1.0000
269	Waveform 1	1	45582.301093750	45582.320593750	1400.000	4000.000	1.0000
269	Spectrogram 1	1	45582.301093750	45582.320593750	1400.000	4000.000	1.0000
270	Waveform 1	1	45688.192593750	45688.213718750	1400.000	4000.000	1.0000
270	Spectrogram 1	1	45688.192593750	45688.213718750	1400.000	4000.000	1.0000
271	Waveform 1	1	45981.282468750	45981.298718750	1400.000	4000.000	1.0000
271	Spectrogram 1	1	45981.282468750	45981.298718750	1400.000	4000.000	1.0000
272	Waveform 1	1	45987.325843750	45987.346968750	1400.000	4000.000	1.0000
272	Spectrogram 1	1	45987.325843750	45987.346968750	1400.000	4000.000	1.0000
273	Waveform 1	1	46655.535593750	46655.550218750	1400.000	4000.000	1.0000
273	Spectrogram 1	1	46655.535593750	46655.550218750	1400.000	4000.000	1.0000
274	Waveform 1	1	47165.059218750	47165.078718750	1400.000	4000.000	1.0000
274	Spectrogram 1	1	47165.059218750	47165.078718750	1400.000	4000.000	1.0000
275	Waveform 1	1	47416.636843750	47416.649843750	1400.000	4000.000	1.0000
275	Spectrogram 1	1	47416.636843750	47416.649843750	1400.000	4000.000	1.0000
276	Waveform 1	1	48137.130968750	48137.147218750	1400.000	4000.000	1.0000
276	Spectrogram 1	1	48137.130968750	48137.147218750	1400.000	4000.000	1.0000
277	Waveform 1	1	50043.090218750	50043.116218750	1400.000	4000.000	0.8125
277	Spectrogram 1	1	50043.090218750	50043.116218750	1400.000	4000.000	0.8125
278	Waveform 1	1	50555.509593750	50555.522593750	1400.000	4000.000	1.0000
278	Spectrogram 1	1	50555.509593750	50555.522593750	1400.000	4000.000	1.0000
279	Waveform 1	1	50555.660718750	50555.670468750	1400.000	4000.000	1.0000
279	Spectrogram 1	1	50555.660718750	50555.670468750	1400.000	4000.000	1.0000
280	Waveform 1	1	51055.639093750	51055.655343750	1400.000	4000.000	1.0000
280	Spectrogram 1	1	51055.639093750	51055.655343750	1400.000	4000.000	1.0000
281	Waveform 1	1	51295.363968750	51295.372093750	1400.000	4000.000	1.0000
281	Spectrogram 1	1	51295.363968750	51295.372093750	1400.000	4000.000	1.0000
282	Waveform 1	1	51558.682218750	51558.695218750	1400.000	4000.000	1.0000
282	Spectrogram 1	1	51558.682218750	51558.695218750	1400.000	4000.000	1.0000
283	Waveform 1	1	51659.305468750	51659.320093750	1400.000	4000.000	1.0000
283	Spectrogram 1	1	51659.305468750	51659.320093750	1400.000	4000.000	1.0000
284	Waveform 1	1	51692.653718750	51692.668343750	1400.000	4000.000	1.0000
284	Spectrogram 1	1	51692.653718750	51692.668343750	1400.000	4000.000	1.0000
285	Waveform 1	1	51698.687343750	51698.705218750	1400.000	4000.000	1.0000
285	Spectrogram 1	1	51698.687343750	51698.705218750	1400.000	4000.000	1.0000
286	Waveform 1	1	51721.001843750	51721.018093750	1400.000	4000.000	1.0000
286	Spectrogram 1	1	51721.001843750	51721.018093750	1400.000	4000.000	1.0000
287	Waveform 1	1	51804.809593750	51804.819343750	1400.000	4000.000	1.0000
287	Spectrogram 1	1	51804.809593750	51804.819343750	1400.000	4000.000	1.0000
288	Waveform 1	1	51975.189218750	51975.207093750	1400.000	4000.000	1.0000
288	Spectrogram 1	1	51975.189218750	51975.207093750	1400.000	4000.000	1.0000
289	Waveform 1	1	51975.892843750	51975.905843750	1400.000	4000.000	1.0000
289	Spectrogram 1	1	51975.892843750	51975.905843750	1400.000	4000.000	1.0000
290	Waveform 1	1	51979.711593750	51979.731093750	1400.000	4000.000	1.0000
290	Spectrogram 1	1	51979.711593750	51979.731093750	1400.000	4000.000	1.0000
291	Waveform 1	1	52086.321343750	52086.335968750	1400.000	4000.000	1.0000
291	Spectrogram 1	1	52086.321343750	52086.335968750	1400.000	4000.000	1.0000
292	Waveform 1	1	52134.307593750	52134.318968750	1400.000	4000.000	1.0000
292	Spectrogram 1	1	52134.307593750	52134.318968750	1400.000	4000.000	1.0000
293	Waveform 1	1	52187.781468750	52187.799343750	1400.000	4000.000	1.0000
293	Spectrogram 1	1	52187.781468750	52187.799343750	1400.000	4000.000	1.0000
294	Waveform 1	1	52188.018718750	52188.030093750	1400.000	4000.000	1.0000
294	Spectrogram 1	1	52188.018718750	52188.030093750	1400.000	4000.000	1.0000
295	Waveform 1	1	52270.060093750	52270.071468750	1400.000	4000.000	1.0000
295	Spectrogram 1	1	52270.060093750	52270.071468750	1400.000	4000.000	1.0000
296	Waveform 1	1	52270.212843750	52270.232343750	1400.000	4000.000	1.0000
296	Spectrogram 1	1	52270.212843750	52270.232343750	1400.000	4000.000	1.0000
297	Waveform 1	1	52338.043593750	52338.066343750	1400.000	4000.000	1.0000
297	Spectrogram 1	1	52338.043593750	52338.066343750	1400.000	4000.000	1.0000
298	Waveform 1	1	52541.007718750	52541.015843750	1400.000	4000.000	1.0000
298	Spectrogram 1	1	52541.007718750	52541.015843750	1400.000	4000.000	1.0000
299	Waveform 1	1	52541.079218750	52541.090593750	1400.000	4000.000	1.0000
299	Spectrogram 1	1	52541.079218750	52541.090593750	1400.000	4000.000	1.0000
300	Waveform 1	1	52541.194593750	52541.222218750	1400.000	4000.000	1.0000
300	Spectrogram 1	1	52541.194593750	52541.222218750	1400.000	4000.000	1.0000
301	Waveform 1	1	52541.267718750	52541.280718750	1400.000	4000.000	1.0000
301	Spectrogram 1	1	52541.267718750	52541.280718750	1400.000	4000.000	1.0000
302	Waveform 1	1	52750.536843750	52750.559593750	1400.000	4000.000	1.0000
302	Spectrogram 1	1	52750.536843750	52750.559593750	1400.000	4000.000	1.0000
303	Waveform 1	1	52950.172968750	52950.202218750	1400.000	4000.000	1.0000
303	Spectrogram 1	1	52950.172968750	52950.202218750	1400.000	4000.000	1.0000
304	Waveform 1	1	52950.236343750	52950.249343750	1400.000	4000.000	1.0000
304	Spectrogram 1	1	52950.236343750	52950.249343750	1400.000	4000.000	1.0000
305	Waveform 1	1	52957.472468750	52957.485468750	1400.000	4000.000	1.0000
305	Spectrogram 1	1	52957.472468750	52957.485468750	1400.000	4000.000	1.0000
306	Waveform 1	1	52959.081218750	52959.105593750	1400.000	4000.000	1.0000
306	Spectrogram 1	1	52959.081218750	52959.105593750	1400.000	4000.000	1.0000
307	Waveform 1	1	52959.359093750	52959.378593750	1400.000	4000.000	1.0000
307	Spectrogram 1	1	52959.359093750	52959.378593750	1400.000	4000.000	1.0000
308	Waveform 1	1	53139.773093750	53139.794218750	1400.000	4000.000	1.0000
308	Spectrogram 1	1	53139.773093750	53139.794218750	1400.000	4000.000	1.0000
309	Waveform 1	1	53501.041468750	53501.060968750	1400.000	4000.000	1.0000
309	Spectrogram 1	1	53501.041468750	53501.060968750	1400.000	4000.000	1.0000
310	Waveform 1	1	53572.695843750	53572.707218750	1400.000	4000.000	1.0000
310	Spectrogram 1	1	53572.695843750	53572.707218750	1400.000	4000.000	1.0000
311	Waveform 1	1	53622.076343750	53622.097468750	1400.000	4000.000	1.0000
311	Spectrogram 1	1	53622.076343750	53622.097468750	1400.000	4000.000	1.0000
312	Waveform 1	1	53641.727468750	53641.735593750	1400.000	4000.000	1.0000
312	Spectrogram 1	1	53641.727468750	53641.735593750	1400.000	4000.000	1.0000
313	Waveform 1	1	53668.343343750	53668.364468750	1400.000	4000.000	1.0000
313	Spectrogram 1	1	53668.343343750	53668.364468750	1400.000	4000.000	1.0000
314	Waveform 1	1	53752.073093750	53752.092593750	1400.000	4000.000	1.0000
314	Spectrogram 1	1	53752.073093750	53752.092593750	1400.000	4000.000	1.0000
315	Waveform 1	1	53775.065218750	53775.073343750	1400.000	4000.000	1.0000
315	Spectrogram 1	1	53775.065218750	53775.073343750	1400.000	4000.000	1.0000
316	Waveform 1	1	53779.766343750	53779.784218750	1400.000	4000.000	1.0000
316	Spectrogram 1	1	53779.766343750	53779.784218750	1400.000	4000.000	1.0000
317	Waveform 1	1	53779.897968750	53779.930468750	1400.000	4000.000	1.0000
317	Spectrogram 1	1	53779.897968750	53779.930468750	1400.000	4000.000	1.0000
318	Waveform 1	1	53780.195343750	53780.203468750	1400.000	4000.000	1.0000
318	Spectrogram 1	1	53780.195343750	53780.203468750	1400.000	4000.000	1.0000
319	Waveform 1	1	53780.643843750	53780.666593750	1400.000	4000.000	1.0000
319	Spectrogram 1	1	53780.643843750	53780.666593750	1400.000	4000.000	1.0000
320	Waveform 1	1	53780.783593750	53780.799843750	1400.000	4000.000	1.0000
320	Spectrogram 1	1	53780.783593750	53780.799843750	1400.000	4000.000	1.0000
321	Waveform 1	1	53784.774593750	53784.792468750	1400.000	4000.000	1.0000
321	Spectrogram 1	1	53784.774593750	53784.792468750	1400.000	4000.000	1.0000
322	Waveform 1	1	53785.297843750	53785.314093750	1400.000	4000.000	1.0000
322	Spectrogram 1	1	53785.297843750	53785.314093750	1400.000	4000.000	1.0000
323	Waveform 1	1	54033.614093750	54033.631968750	1400.000	4000.000	1.0000
323	Spectrogram 1	1	54033.614093750	54033.631968750	1400.000	4000.000	1.0000
324	Waveform 1	1	54489.696343750	54489.714218750	1400.000	4000.000	1.0000
324	Spectrogram 1	1	54489.696343750	54489.714218750	1400.000	4000.000	1.0000
325	Waveform 1	1	54610.976593750	54610.984718750	1400.000	4000.000	1.0000
325	Spectrogram 1	1	54610.976593750	54610.984718750	1400.000	4000.000	1.0000
326	Waveform 1	1	54620.005093750	54620.019718750	1400.000	4000.000	1.0000
326	Spectrogram 1	1	54620.005093750	54620.019718750	1400.000	4000.000	1.0000
327	Waveform 1	1	54704.318218750	54704.326343750	1400.000	4000.000	1.0000
327	Spectrogram 1	1	54704.318218750	54704.326343750	1400.000	4000.000	1.0000
328	Waveform 1	1	54712.069468750	54712.079218750	1400.000	4000.000	1.0000
328	Spectrogram 1	1	54712.069468750	54712.079218750	1400.000	4000.000	1.0000
329	Waveform 1	1	55456.899593750	55456.910968750	1400.000	4000.000	1.0000
329	Spectrogram 1	1	55456.899593750	55456.910968750	1400.000	4000.000	1.0000
330	Waveform 1	1	55456.967843750	55456.982468750	1400.000	4000.000	1.0000
330	Spectrogram 1	1	55456.967843750	55456.982468750	1400.000	4000.000	1.0000
331	Waveform 1	1	55717.130343750	55717.143343750	1400.000	4000.000	1.0000
331	Spectrogram 1	1	55717.130343750	55717.143343750	1400.000	4000.000	1.0000
332	Waveform 1	1	56051.898218750	56051.906343750	1400.000	4000.000	1.0000
332	Spectrogram 1	1	56051.898218750	56051.906343750	1400.000	4000.000	1.0000
333	Waveform 1	1	56455.369468750	56455.384093750	1400.000	4000.000	1.0000
333	Spectrogram 1	1	56455.369468750	56455.384093750	1400.000	4000.000	1.0000
334	Waveform 1	1	56831.890093750	56831.899843750	1400.000	4000.000	1.0000
334	Spectrogram 1	1	56831.890093750	56831.899843750	1400.000	4000.000	1.0000
335	Waveform 1	1	57017.278218750	57017.302593750	1400.000	4000.000	1.0000
335	Spectrogram 1	1	57017.278218750	57017.302593750	1400.000	4000.000	1.0000
336	Waveform 1	1	57017.799843750	57017.814468750	1400.000	4000.000	1.0000
336	Spectrogram 1	1	57017.799843750	57017.814468750	1400.000	4000.000	1.0000
337	Waveform 1	1	57075.550718750	57075.562093750	1400.000	4000.000	1.0000
337	Spectrogram 1	1	57075.550718750	57075.562093750	1400.000	4000.000	1.0000
338	Waveform 1	1	57217.845468750	57217.856843750	1400.000	4000.000	1.0000
338	Spectrogram 1	1	57217.845468750	57217.856843750	1400.000	4000.000	1.0000
339	Waveform 1	1	57218.003093750	57218.011218750	1400.000	4000.000	1.0000
339	Spectrogram 1	1	57218.003093750	57218.011218750	1400.000	4000.000	1.0000
340	Waveform 1	1	57343.994218750	57344.003968750	1400.000	4000.000	1.0000
340	Spectrogram 1	1	57343.994218750	57344.003968750	1400.000	4000.000	1.0000
341	Waveform 1	1	57369.417343750	57369.428718750	1400.000	4000.000	1.0000
341	Spectrogram 1	1	57369.417343750	57369.428718750	1400.000	4000.000	1.0000
342	Waveform 1	1	58009.878593750	58009.898093750	1400.000	4000.000	1.0000
342	Spectrogram 1	1	58009.878593750	58009.898093750	1400.000	4000.000	1.0000
343	Waveform 1	1	58318.108593750	58318.136218750	1400.000	4000.000	1.0000
343	Spectrogram 1	1	58318.108593750	58318.136218750	1400.000	4000.000	1.0000
344	Waveform 1	1	58554.398218750	58554.416093750	1400.000	4000.000	1.0000
344	Spectrogram 1	1	58554.398218750	58554.416093750	1400.000	4000.000	1.0000
345	Waveform 1	1	58557.870843750	58557.883843750	1400.000	4000.000	1.0000
345	Spectrogram 1	1	58557.870843750	58557.883843750	1400.000	4000.000	1.0000
346	Waveform 1	1	58590.502468750	58590.513843750	1400.000	4000.000	1.0000
346	Spectrogram 1	1	58590.502468750	58590.513843750	1400.000	4000.000	1.0000
347	Waveform 1	1	58593.364093750	58593.372218750	1400.000	4000.000	1.0000
347	Spectrogram 1	1	58593.364093750	58593.372218750	1400.000	4000.000	1.0000
348	Waveform 1	1	58669.995843750	58670.016968750	1400.000	4000.000	1.0000
348	Spectrogram 1	1	58669.995843750	58670.016968750	1400.000	4000.000	1.0000
349	Waveform 1	1	59680.469593750	59680.480968750	1400.000	4000.000	1.0000
349	Spectrogram 1	1	59680.469593750	59680.480968750	1400.000	4000.000	1.0000
350	Waveform 1	1	59681.080593750	59681.095218750	1400.000	4000.000	1.0000
350	Spectrogram 1	1	59681.080593750	59681.095218750	1400.000	4000.000	1.0000
351	Waveform 1	1	60182.415843750	60182.428843750	1400.000	4000.000	1.0000
351	Spectrogram 1	1	60182.415843750	60182.428843750	1400.000	4000.000	1.0000
352	Waveform 1	1	60471.617093750	60471.631718750	1400.000	4000.000	1.0000
352	Spectrogram 1	1	60471.617093750	60471.631718750	1400.000	4000.000	1.0000
353	Waveform 1	1	60476.495343750	60476.506718750	1400.000	4000.000	1.0000
353	Spectrogram 1	1	60476.495343750	60476.506718750	1400.000	4000.000	1.0000
354	Waveform 1	1	61077.360218750	61077.381343750	1400.000	4000.000	1.0000
354	Spectrogram 1	1	61077.360218750	61077.381343750	1400.000	4000.000	1.0000
355	Waveform 1	1	61078.577343750	61078.590343750	1400.000	4000.000	1.0000
355	Spectrogram 1	1	61078.577343750	61078.590343750	1400.000	4000.000	1.0000
356	Waveform 1	1	61078.733343750	61078.752843750	1400.000	4000.000	1.0000
356	Spectrogram 1	1	61078.733343750	61078.752843750	1400.000	4000.000	1.0000
357	Waveform 1	1	61080.080468750	61080.088593750	1400.000	4000.000	1.0000
357	Spectrogram 1	1	61080.080468750	61080.088593750	1400.000	4000.000	1.0000
358	Waveform 1	1	61080.241343750	61080.249468750	1400.000	4000.000	1.0000
358	Spectrogram 1	1	61080.241343750	61080.249468750	1400.000	4000.000	1.0000
359	Waveform 1	1	61280.706218750	61280.725718750	1400.000	4000.000	1.0000
359	Spectrogram 1	1	61280.706218750	61280.725718750	1400.000	4000.000	1.0000
360	Waveform 1	1	61527.803718750	61527.811843750	1400.000	4000.000	1.0000
360	Spectrogram 1	1	61527.803718750	61527.811843750	1400.000	4000.000	1.0000
361	Waveform 1	1	61527.862218750	61527.878468750	1400.000	4000.000	1.0000
361	Spectrogram 1	1	61527.862218750	61527.878468750	1400.000	4000.000	1.0000
362	Waveform 1	1	61538.304468750	61538.312593750	1400.000	4000.000	1.0000
362	Spectrogram 1	1	61538.304468750	61538.312593750	1400.000	4000.000	1.0000
363	Waveform 1	1	61544.836968750	61544.848343750	1400.000	4000.000	1.0000
363	Spectrogram 1	1	61544.836968750	61544.848343750	1400.000	4000.000	1.0000
364	Waveform 1	1	61549.237468750	61549.250468750	1400.000	4000.000	1.0000
364	Spectrogram 1	1	61549.237468750	61549.250468750	1400.000	4000.000	1.0000
365	Waveform 1	1	61553.824843750	61553.836218750	1400.000	4000.000	1.0000
365	Spectrogram 1	1	61553.824843750	61553.836218750	1400.000	4000.000	1.0000
366	Waveform 1	1	61554.240843750	61554.265218750	1400.000	4000.000	1.0000
366	Spectrogram 1	1	61554.240843750	61554.265218750	1400.000	4000.000	1.0000
367	Waveform 1	1	61561.130843750	61561.148718750	1400.000	4000.000	1.0000
367	Spectrogram 1	1	61561.130843750	61561.148718750	1400.000	4000.000	1.0000
368	Waveform 1	1	61561.376218750	61561.387593750	1400.000	4000.000	1.0000
368	Spectrogram 1	1	61561.376218750	61561.387593750	1400.000	4000.000	1.0000
369	Waveform 1	1	61562.352843750	61562.373968750	1400.000	4000.000	1.0000
369	Spectrogram 1	1	61562.352843750	61562.373968750	1400.000	4000.000	1.0000
370	Waveform 1	1	61564.395468750	61564.411718750	1400.000	4000.000	1.0000
370	Spectrogram 1	1	61564.395468750	61564.411718750	1400.000	4000.000	1.0000
371	Waveform 1	1	61564.585593750	61564.596968750	1400.000	4000.000	1.0000
371	Spectrogram 1	1	61564.585593750	61564.596968750	1400.000	4000.000	1.0000
372	Waveform 1	1	61568.550593750	61568.574968750	1400.000	4000.000	1.0000
372	Spectrogram 1	1	61568.550593750	61568.574968750	1400.000	4000.000	1.0000
373	Waveform 1	1	61568.771593750	61568.797593750	1400.000	4000.000	1.0000
373	Spectrogram 1	1	61568.771593750	61568.797593750	1400.000	4000.000	1.0000
374	Waveform 1	1	61568.872343750	61568.893468750	1400.000	4000.000	1.0000
374	Spectrogram 1	1	61568.872343750	61568.893468750	1400.000	4000.000	1.0000
375	Waveform 1	1	61569.639343750	61569.652343750	1400.000	4000.000	1.0000
375	Spectrogram 1	1	61569.639343750	61569.652343750	1400.000	4000.000	1.0000
376	Waveform 1	1	61570.763843750	61570.789843750	1400.000	4000.000	1.0000
376	Spectrogram 1	1	61570.763843750	61570.789843750	1400.000	4000.000	1.0000
377	Waveform 1	1	61571.714468750	61571.729093750	1400.000	4000.000	1.0000
377	Spectrogram 1	1	61571.714468750	61571.729093750	1400.000	4000.000	1.0000
378	Waveform 1	1	61572.793468750	61572.809718750	1400.000	4000.000	1.0000
378	Spectrogram 1	1	61572.793468750	61572.809718750	1400.000	4000.000	1.0000
379	Waveform 1	1	61578.568718750	61578.588218750	1400.000	4000.000	1.0000
379	Spectrogram 1	1	61578.568718750	61578.588218750	1400.000	4000.000	1.0000
380	Waveform 1	1	61585.416468750	61585.439218750	1400.000	4000.000	1.0000
380	Spectrogram 1	1	61585.416468750	61585.439218750	1400.000	4000.000	1.0000
381	Waveform 1	1	61609.554218750	61609.568843750	1400.000	4000.000	1.0000
381	Spectrogram 1	1	61609.554218750	61609.568843750	1400.000	4000.000	1.0000
382	Waveform 1	1	61611.817843750	61611.840593750	1400.000	4000.000	1.0000
382	Spectrogram 1	1	61611.817843750	61611.840593750	1400.000	4000.000	1.0000
383	Waveform 1	1	61622.511968750	61622.528218750	1400.000	4000.000	1.0000
383	Spectrogram 1	1	61622.511968750	61622.528218750	1400.000	4000.000	1.0000
384	Waveform 1	1	61622.836968750	61622.845093750	1400.000	4000.000	1.0000
384	Spectrogram 1	1	61622.836968750	61622.845093750	1400.000	4000.000	1.0000
385	Waveform 1	1	61639.670343750	61639.684968750	1400.000	4000.000	1.0000
385	Spectrogram 1	1	61639.670343750	61639.684968750	1400.000	4000.000	1.0000
386	Waveform 1	1	61639.810093750	61639.823093750	1400.000	4000.000	1.0000
386	Spectrogram 1	1	61639.810093750	61639.823093750	1400.000	4000.000	1.0000
387	Waveform 1	1	61640.229343750	61640.242343750	1400.000	4000.000	1.0000
387	Spectrogram 1	1	61640.229343750	61640.242343750	1400.000	4000.000	1.0000
388	Waveform 1	1	61641.355468750	61641.383093750	1400.000	4000.000	1.0000
388	Spectrogram 1	1	61641.355468750	61641.383093750	1400.000	4000.000	1.0000
389	Waveform 1	1	61642.189093750	61642.198843750	1400.000	4000.000	1.0000
389	Spectrogram 1	1	61642.189093750	61642.198843750	1400.000	4000.000	1.0000
390	Waveform 1	1	61642.410093750	61642.427968750	1400.000	4000.000	1.0000
390	Spectrogram 1	1	61642.410093750	61642.427968750	1400.000	4000.000	1.0000
391	Waveform 1	1	61642.501093750	61642.523843750	1400.000	4000.000	1.0000
391	Spectrogram 1	1	61642.501093750	61642.523843750	1400.000	4000.000	1.0000
392	Waveform 1	1	61645.486218750	61645.515468750	1400.000	4000.000	1.0000
392	Spectrogram 1	1	61645.486218750	61645.515468750	1400.000	4000.000	1.0000
393	Waveform 1	1	61665.351843750	61665.368093750	1400.000	4000.000	1.0000
393	Spectrogram 1	1	61665.351843750	61665.368093750	1400.000	4000.000	1.0000
394	Waveform 1	1	61672.898343750	61672.912968750	1400.000	4000.000	1.0000
394	Spectrogram 1	1	61672.898343750	61672.912968750	1400.000	4000.000	1.0000
395	Waveform 1	1	61680.171843750	61680.189718750	1400.000	4000.000	1.0000
395	Spectrogram 1	1	61680.171843750	61680.189718750	1400.000	4000.000	1.0000
396	Waveform 1	1	61682.245343750	61682.264843750	1400.000	4000.000	1.0000
396	Spectrogram 1	1	61682.245343750	61682.264843750	1400.000	4000.000	1.0000
397	Waveform 1	1	61707.270343750	61707.286593750	1400.000	4000.000	1.0000
397	Spectrogram 1	1	61707.270343750	61707.286593750	1400.000	4000.000	1.0000
398	Waveform 1	1	62083.040218750	62083.066218750	1400.000	4000.000	1.0000
398	Spectrogram 1	1	62083.040218750	62083.066218750	1400.000	4000.000	1.0000
399	Waveform 1	1	66186.696593750	66186.709593750	1400.000	4000.000	1.0000
399	Spectrogram 1	1	66186.696593750	66186.709593750	1400.000	4000.000	1.0000
400	Waveform 1	1	66974.490093750	66974.509593750	1400.000	4000.000	1.0000
400	Spectrogram 1	1	66974.490093750	66974.509593750	1400.000	4000.000	1.0000
401	Waveform 1	1	67049.290468750	67049.319718750	1400.000	4000.000	1.0000
401	Spectrogram 1	1	67049.290468750	67049.319718750	1400.000	4000.000	1.0000
402	Waveform 1	1	67390.106593750	67390.117968750	1400.000	4000.000	1.0000
402	Spectrogram 1	1	67390.106593750	67390.117968750	1400.000	4000.000	1.0000
403	Waveform 1	1	67393.930218750	67393.949718750	1400.000	4000.000	1.0000
403	Spectrogram 1	1	67393.930218750	67393.949718750	1400.000	4000.000	1.0000
404	Waveform 1	1	69942.221093750	69942.238968750	1400.000	4000.000	1.0000
404	Spectrogram 1	1	69942.221093750	69942.238968750	1400.000	4000.000	1.0000
405	Waveform 1	1	70442.805593750	70442.815343750	1400.000	4000.000	1.0000
405	Spectrogram 1	1	70442.805593750	70442.815343750	1400.000	4000.000	1.0000
406	Waveform 1	1	70525.968218750	70525.979593750	1400.000	4000.000	1.0000
406	Spectrogram 1	1	70525.968218750	70525.979593750	1400.000	4000.000	1.0000
407	Waveform 1	1	70894.839968750	70894.848093750	1400.000	4000.000	1.0000
407	Spectrogram 1	1	70894.839968750	70894.848093750	1400.000	4000.000	1.0000
408	Waveform 1	1	71693.220343750	71693.228468750	1400.000	4000.000	1.0000
408	Spectrogram 1	1	71693.220343750	71693.228468750	1400.000	4000.000	1.0000
409	Waveform 1	1	73212.250843750	73212.260593750	1400.000	4000.000	1.0000
409	Spectrogram 1	1	73212.250843750	73212.260593750	1400.000	4000.000	1.0000
410	Waveform 1	1	79706.148968750	79706.179843750	1400.000	4000.000	1.0000
410	Spectrogram 1	1	79706.148968750	79706.179843750	1400.000	4000.000	1.0000
411	Waveform 1	1	79744.459968750	79744.468093750	1400.000	4000.000	1.0000
411	Spectrogram 1	1	79744.459968750	79744.468093750	1400.000	4000.000	1.0000
412	Waveform 1	1	79837.276718750	79837.292968750	1400.000	4000.000	1.0000
412	Spectrogram 1	1	79837.276718750	79837.292968750	1400.000	4000.000	1.0000
413	Waveform 1	1	79955.089218750	79955.107093750	1400.000	4000.000	1.0000
413	Spectrogram 1	1	79955.089218750	79955.107093750	1400.000	4000.000	1.0000
414	Waveform 1	1	80068.259093750	80068.275343750	1400.000	4000.000	1.0000
414	Spectrogram 1	1	80068.259093750	80068.275343750	1400.000	4000.000	1.0000
415	Waveform 1	1	80098.146093750	80098.163968750	1400.000	4000.000	1.0000
415	Spectrogram 1	1	80098.146093750	80098.163968750	1400.000	4000.000	1.0000
416	Waveform 1	1	80122.010843750	80122.018968750	1400.000	4000.000	1.0000
416	Spectrogram 1	1	80122.010843750	80122.018968750	1400.000	4000.000	1.0000
417	Waveform 1	1	82480.212468750	82480.233593750	1400.000	4000.000	1.0000
417	Spectrogram 1	1	82480.212468750	82480.233593750	1400.000	4000.000	1.0000
418	Waveform 1	1	82480.816968750	82480.828343750	1400.000	4000.000	1.0000
418	Spectrogram 1	1	82480.816968750	82480.828343750	1400.000	4000.000	1.0000
419	Waveform 1	1	82516.419093750	82516.433718750	1400.000	4000.000	1.0000
419	Spectrogram 1	1	82516.419093750	82516.433718750	1400.000	4000.000	1.0000
420	Waveform 1	1	82517.010593750	82517.020343750	1400.000	4000.000	1.0000
420	Spectrogram 1	1	82517.010593750	82517.020343750	1400.000	4000.000	1.0000
421	Waveform 1	1	82695.425843750	82695.443718750	1400.000	4000.000	1.0000
421	Spectrogram 1	1	82695.425843750	82695.443718750	1400.000	4000.000	1.0000
422	Waveform 1	1	83444.770218750	83444.783218750	1400.000	4000.000	1.0000
422	Spectrogram 1	1	83444.770218750	83444.783218750	1400.000	4000.000	1.0000
423	Waveform 1	1	84783.617468750	84783.628843750	1400.000	4000.000	1.0000
423	Spectrogram 1	1	84783.617468750	84783.628843750	1400.000	4000.000	1.0000
