Selection	View	Channel	Begin Time (s)	End Time (s)	Low Freq (Hz)	High Freq (Hz)	Occupancy
1	Waveform 1	1	9832.539968750	9832.552968750	1400.000	4000.000	1.0000
1	Spectrogram 1	1	9832.539968750	9832.552968750	1400.000	4000.000	1.0000
2	Waveform 1	1	15614.146968750	15614.163218750	1400.000	4000.000	1.0000
2	Spectrogram 1	1	15614.146968750	15614.163218750	1400.000	4000.000	1.0000
3	Waveform 1	1	15649.115343750	15649.138093750	1400.000	4000.000	1.0000
3	Spectrogram 1	1	15649.115343750	15649.138093750	1400.000	4000.000	1.0000
4	Waveform 1	1	15650.013968750	15650.031843750	1400.000	4000.000	1.0000
4	Spectrogram 1	1	15650.013968750	15650.031843750	1400.000	4000.000	1.0000
5	Waveform 1	1	15665.665968750	15665.674093750	1400.000	4000.000	1.0000
5	Spectrogram 1	1	15665.665968750	15665.674093750	1400.000	4000.000	1.0000
6	Waveform 1	1	15727.597968750	15727.607718750	1400.000	4000.000	1.0000
6	Spectrogram 1	1	15727.597968750	15727.607718750	1400.000	4000.000	1.0000
7	Waveform 1	1	20364.982343750	20365.000218750	1400.000	4000.000	1.0000
7	Spectrogram 1	1	20364.982343750	20365.000218750	1400.000	4000.000	1.0000
8	Waveform 1	1	24822.097343750	24822.113593750	1400.000	4000.000	1.0000
8	Spectrogram 1	1	24822.097343750	24822.113593750	1400.000	4000.000	1.0000
9	Waveform 1	1	25292.404843750	25292.427593750	1400.000	4000.000	1.0000
9	Spectrogram 1	1	25292.404843750	25292.427593750	1400.000	4000.000	1.0000
10	Waveform 1	1	25327.688468750	25327.714468750	1400.000	4000.000	1.0000
10	Spectrogram 1	1	25327.688468750	25327.714468750	1400.000	4000.000	1.0000
11	Waveform 1	1	25454.129718750	25454.145968750	1400.000	4000.000	1.0000
11	Spectrogram 1	1	25454.129718750	25454.145968750	1400.000	4000.000	1.0000
12	Waveform 1	1	25513.635593750	25513.655093750	1400.000	4000.000	1.0000
12	Spectrogram 1	1	25513.635593750	25513.655093750	1400.000	4000.000	1.0000
13	Waveform 1	1	25523.577343750	25523.585468750	1400.000	4000.000	1.0000
13	Spectrogram 1	1	25523.577343750	25523.585468750	1400.000	4000.000	1.0000
14	Waveform 1	1	25635.075093750	25635.089718750	1400.000	4000.000	1.0000
14	Spectrogram 1	1	25635.075093750	25635.089718750	1400.000	4000.000	1.0000
15	Waveform 1	1	25755.260093750	25755.269843750	1400.000	4000.000	1.0000
15	Spectrogram 1	1	25755.260093750	25755.269843750	1400.000	4000.000	1.0000
16	Waveform 1	1	25764.649343750	25764.659093750	1400.000	4000.000	1.0000
16	Spectrogram 1	1	25764.649343750	25764.659093750	1400.000	4000.000	1.0000
17	Waveform 1	1	25784.224093750	25784.240343750	1400.000	4000.000	1.0000
17	Spectrogram 1	1	25784.224093750	25784.240343750	1400.000	4000.000	1.0000
18	Waveform 1	1	25818.370218750	25818.386468750	1400.000	4000.000	1.0000
18	Spectrogram 1	1	25818.370218750	25818.386468750	1400.000	4000.000	1.0000
19	Waveform 1	1	25840.011968750	25840.028218750	1400.000	4000.000	1.0000
19	Spectrogram 1	1	25840.011968750	25840.028218750	1400.000	4000.000	1.0000
20	Waveform 1	1	25928.439593750	25928.467218750	1400.000	4000.000	1.0000
20	Spectrogram 1	1	25928.439593750	25928.467218750	1400.000	4000.000	1.0000
21	Waveform 1	1	25945.274593750	25945.297343750	1400.000	4000.000	1.0000
21	Spectrogram 1	1	25945.274593750	25945.297343750	1400.000	4000.000	1.0000
22	Waveform 1	1	26055.784343750	26055.800593750	1400.000	4000.000	1.0000
22	Spectrogram 1	1	26055.784343750	26055.800593750	1400.000	4000.000	1.0000
23	Waveform 1	1	26146.616968750	26146.633218750	1400.000	4000.000	1.0000
23	Spectrogram 1	1	26146.616968750	26146.633218750	1400.000	4000.000	1.0000
24	Waveform 1	1	26146.976093750	26146.989093750	1400.000	4000.000	1.0000
24	Spectrogram 1	1	26146.976093750	26146.989093750	1400.000	4000.000	1.0000
25	Waveform 1	1	26165.109468750	26165.135468750	1400.000	4000.000	1.0000
25	Spectrogram 1	1	26165.109468750	26165.135468750	1400.000	4000.000	1.0000
26	Waveform 1	1	26169.446593750	26169.462843750	1400.000	4000.000	1.0000
26	Spectrogram 1	1	26169.446593750	26169.462843750	1400.000	4000.000	1.0000
27	Waveform 1	1	26176.859843750	26176.890718750	1400.000	4000.000	1.0000
27	Spectrogram 1	1	26176.859843750	26176.890718750	1400.000	4000.000	1.0000
28	Waveform 1	1	26176.997968750	26177.009343750	1400.000	4000.000	1.0000
28	Spectrogram 1	1	26176.997968750	26177.009343750	1400.000	4000.000	1.0000
29	Waveform 1	1	26186.699218750	26186.728468750	1400.000	4000.000	1.0000
29	Spectrogram 1	1	26186.699218750	26186.728468750	1400.000	4000.000	1.0000
30	Waveform 1	1	26189.302468750	26189.310593750	1400.000	4000.000	1.0000
30	Spectrogram 1	1	26189.302468750	26189.310593750	1400.000	4000.000	1.0000
31	Waveform 1	1	26229.922593750	26229.953468750	1400.000	4000.000	1.0000
31	Spectrogram 1	1	26229.922593750	26229.953468750	1400.000	4000.000	1.0000
32	Waveform 1	1	26237.855843750	26237.873718750	1400.000	4000.000	1.0000
32	Spectrogram 1	1	26237.855843750	26237.873718750	1400.000	4000.000	1.0000
33	Waveform 1	1	26266.392468750	26266.402218750	1400.000	4000.000	1.0000
33	Spectrogram 1	1	26266.392468750	26266.402218750	1400.000	4000.000	1.0000
34	Waveform 1	1	26301.494093750	26301.503843750	1400.000	4000.000	1.0000
34	Spectrogram 1	1	26301.494093750	26301.503843750	1400.000	4000.000	1.0000
35	Waveform 1	1	26420.247468750	26420.255593750	1400.000	4000.000	1.0000
35	Spectrogram 1	1	26420.247468750	26420.255593750	1400.000	4000.000	1.0000
36	Waveform 1	1	26489.982718750	26489.990843750	1400.000	4000.000	1.0000
36	Spectrogram 1	1	26489.982718750	26489.990843750	1400.000	4000.000	1.0000
37	Waveform 1	1	26763.382468750	26763.390593750	1400.000	4000.000	1.0000
37	Spectrogram 1	1	26763.382468750	26763.390593750	1400.000	4000.000	1.0000
38	Waveform 1	1	29295.499718750	29295.507843750	1400.000	4000.000	1.0000
38	Spectrogram 1	1	29295.499718750	29295.507843750	1400.000	4000.000	1.0000
39	Waveform 1	1	29295.593968750	29295.603718750	1400.000	4000.000	1.0000
39	Spectrogram 1	1	29295.593968750	29295.603718750	1400.000	4000.000	1.0000
40	Waveform 1	1	29295.652468750	29295.683343750	1400.000	4000.000	1.0000
40	Spectrogram 1	1	29295.652468750	29295.683343750	1400.000	4000.000	1.0000
41	Waveform 1	1	31573.297968750	31573.309343750	1400.000	4000.000	1.0000
41	Spectrogram 1	1	31573.297968750	31573.309343750	1400.000	4000.000	1.0000
42	Waveform 1	1	31605.073218750	31605.087843750	1400.000	4000.000	1.0000
42	Spectrogram 1	1	31605.073218750	31605.087843750	1400.000	4000.000	1.0000
43	Waveform 1	1	31713.275468750	31713.283593750	1400.000	4000.000	1.0000
43	Spectrogram 1	1	31713.275468750	31713.283593750	1400.000	4000.000	1.0000
44	Waveform 1	1	31727.833843750	31727.841968750	1400.000	4000.000	1.0000
44	Spectrogram 1	1	31727.833843750	31727.841968750	1400.000	4000.000	1.0000
45	Waveform 1	1	31768.921968750	31768.939843750	1400.000	4000.000	1.0000
45	Spectrogram 1	1	31768.921968750	31768.939843750	1400.000	4000.000	1.0000
46	Waveform 1	1	32044.097843750	32044.109218750	1400.000	4000.000	1.0000
46	Spectrogram 1	1	32044.097843750	32044.109218750	1400.000	4000.000	1.0000
47	Waveform 1	1	32072.535343750	32072.554843750	1400.000	4000.000	1.0000
47	Spectrogram 1	1	32072.535343750	32072.554843750	1400.000	4000.000	1.0000
48	Waveform 1	1	32241.746593750	32241.757968750	1400.000	4000.000	1.0000
48	Spectrogram 1	1	32241.746593750	32241.757968750	1400.000	4000.000	1.0000
49	Waveform 1	1	32410.952968750	32410.965968750	1400.000	4000.000	1.0000
49	Spectrogram 1	1	32410.952968750	32410.965968750	1400.000	4000.000	1.0000
50	Waveform 1	1	32529.157093750	32529.170093750	1400.000	4000.000	1.0000
50	Spectrogram 1	1	32529.157093750	32529.170093750	1400.000	4000.000	1.0000
51	Waveform 1	1	32794.961593750	32794.974593750	1400.000	4000.000	1.0000
51	Spectrogram 1	1	32794.961593750	32794.974593750	1400.000	4000.000	1.0000
52	Waveform 1	1	32949.068468750	32949.091218750	1400.000	4000.000	1.0000
52	Spectrogram 1	1	32949.068468750	32949.091218750	1400.000	4000.000	1.0000
53	Waveform 1	1	33244.842843750	33244.855843750	1400.000	4000.000	1.0000
53	Spectrogram 1	1	33244.842843750	33244.855843750	1400.000	4000.000	1.0000
54	Waveform 1	1	33321.221093750	33321.240593750	1400.000	4000.000	1.0000
54	Spectrogram 1	1	33321.221093750	33321.240593750	1400.000	4000.000	1.0000
55	Waveform 1	1	33344.651968750	33344.663343750	1400.000	4000.000	1.0000
55	Spectrogram 1	1	33344.651968750	33344.663343750	1400.000	4000.000	1.0000
56	Waveform 1	1	33370.653593750	33370.668218750	1400.000	4000.000	1.0000
56	Spectrogram 1	1	33370.653593750	33370.668218750	1400.000	4000.000	1.0000
57	Waveform 1	1	33433.669468750	33433.684093750	1400.000	4000.000	1.0000
57	Spectrogram 1	1	33433.669468750	33433.684093750	1400.000	4000.000	1.0000
58	Waveform 1	1	34221.586468750	34221.599468750	1400.000	4000.000	1.0000
58	Spectrogram 1	1	34221.586468750	34221.599468750	1400.000	4000.000	1.0000
59	Waveform 1	1	34589.236218750	34589.244343750	1400.000	4000.000	1.0000
59	Spectrogram 1	1	34589.236218750	34589.244343750	1400.000	4000.000	1.0000
60	Waveform 1	1	35193.601343750	35193.614343750	1400.000	4000.000	1.0000
60	Spectrogram 1	1	35193.601343750	35193.614343750	1400.000	4000.000	1.0000
61	Waveform 1	1	35730.273843750	35730.304718750	1400.000	4000.000	1.0000
61	Spectrogram 1	1	35730.273843750	35730.304718750	1400.000	4000.000	1.0000
62	Waveform 1	1	37683.782218750	37683.795218750	1400.000	4000.000	1.0000
62	Spectrogram 1	1	37683.782218750	37683.795218750	1400.000	4000.000	1.0000
63	Waveform 1	1	37686.611343750	37686.622718750	1400.000	4000.000	1.0000
63	Spectrogram 1	1	37686.611343750	37686.622718750	1400.000	4000.000	1.0000
64	Waveform 1	1	37738.970468750	37738.985093750	1400.000	4000.000	1.0000
64	Spectrogram 1	1	37738.970468750	37738.985093750	1400.000	4000.000	1.0000
65	Waveform 1	1	37742.382968750	37742.407343750	1400.000	4000.000	1.0000
65	Spectrogram 1	1	37742.382968750	37742.407343750	1400.000	4000.000	1.0000
66	Waveform 1	1	42386.200718750	42386.213718750	1400.000	4000.000	1.0000
66	Spectrogram 1	1	42386.200718750	42386.213718750	1400.000	4000.000	1.0000
67	Waveform 1	1	42431.086468750	42431.105968750	1400.000	4000.000	1.0000
67	Spectrogram 1	1	42431.086468750	42431.105968750	1400.000	4000.000	1.0000
68	Waveform 1	1	54455.707843750	54455.732218750	1400.000	4000.000	1.0000
68	Spectrogram 1	1	54455.707843750	54455.732218750	1400.000	4000.000	1.0000
69	Waveform 1	1	54896.307093750	54896.328218750	1400.000	4000.000	1.0000
69	Spectrogram 1	1	54896.307093750	54896.328218750	1400.000	4000.000	1.0000
70	Waveform 1	1	55817.527718750	55817.543968750	1400.000	4000.000	1.0000
70	Spectrogram 1	1	55817.527718750	55817.543968750	1400.000	4000.000	1.0000
71	Waveform 1	1	63740.740093750	63740.764468750	1400.000	4000.000	1.0000
71	Spectrogram 1	1	63740.740093750	63740.764468750	1400.000	4000.000	1.0000
72	Waveform 1	1	63741.014718750	63741.026093750	1400.000	4000.000	1.0000
72	Spectrogram 1	1	63741.014718750	63741.026093750	1400.000	4000.000	1.0000
73	Waveform 1	1	67703.325343750	67703.336718750	1400.000	4000.000	1.0000
73	Spectrogram 1	1	67703.325343750	67703.336718750	1400.000	4000.000	1.0000
74	Waveform 1	1	70491.098968750	70491.120093750	1400.000	4000.000	1.0000
74	Spectrogram 1	1	70491.098968750	70491.120093750	1400.000	4000.000	1.0000
75	Waveform 1	1	70613.493968750	70613.510218750	1400.000	4000.000	1.0000
75	Spectrogram 1	1	70613.493968750	70613.510218750	1400.000	4000.000	1.0000
76	Waveform 1	1	70615.257093750	70615.265218750	1400.000	4000.000	1.0000
76	Spectrogram 1	1	70615.257093750	70615.265218750	1400.000	4000.000	1.0000
77	Waveform 1	1	70710.387843750	70710.397593750	1400.000	4000.000	1.0000
77	Spectrogram 1	1	70710.387843750	70710.397593750	1400.000	4000.000	1.0000
78	Waveform 1	1	70732.686093750	70732.699093750	1400.000	4000.000	1.0000
78	Spectrogram 1	1	70732.686093750	70732.699093750	1400.000	4000.000	1.0000
79	Waveform 1	1	70806.750343750	70806.777968750	1400.000	4000.000	1.0000
79	Spectrogram 1	1	70806.750343750	70806.777968750	1400.000	4000.000	1.0000
80	Waveform 1	1	70807.445843750	70807.453968750	1400.000	4000.000	1.0000
80	Spectrogram 1	1	70807.445843750	70807.453968750	1400.000	4000.000	1.0000
81	Waveform 1	1	70808.149468750	70808.168968750	1400.000	4000.000	1.0000
81	Spectrogram 1	1	70808.149468750	70808.168968750	1400.000	4000.000	1.0000
82	Waveform 1	1	74673.380968750	74673.393968750	1400.000	4000.000	1.0000
82	Spectrogram 1	1	74673.380968750	74673.393968750	1400.000	4000.000	1.0000
83	Waveform 1	1	76401.167093750	76401.186593750	1400.000	4000.000	1.0000
83	Spectrogram 1	1	76401.167093750	76401.186593750	1400.000	4000.000	1.0000
84	Waveform 1	1	76409.023968750	76409.043468750	1400.000	4000.000	1.0000
84	Spectrogram 1	1	76409.023968750	76409.043468750	1400.000	4000.000	1.0000
85	Waveform 1	1	76428.361468750	76428.380968750	1400.000	4000.000	1.0000
85	Spectrogram 1	1	76428.361468750	76428.380968750	1400.000	4000.000	1.0000
86	Waveform 1	1	76472.574468750	76472.593968750	1400.000	4000.000	1.0000
86	Spectrogram 1	1	76472.574468750	76472.593968750	1400.000	4000.000	1.0000
87	Waveform 1	1	76491.361093750	76491.378968750	1400.000	4000.000	1.0000
87	Spectrogram 1	1	76491.361093750	76491.378968750	1400.000	4000.000	1.0000
88	Waveform 1	1	76575.791218750	76575.804218750	1400.000	4000.000	1.0000
88	Spectrogram 1	1	76575.791218750	76575.804218750	1400.000	4000.000	1.0000
89	Waveform 1	1	76609.545718750	76609.555468750	1400.000	4000.000	1.0000
89	Spectrogram 1	1	76609.545718750	76609.555468750	1400.000	4000.000	1.0000
90	Waveform 1	1	76633.537218750	76633.545343750	1400.000	4000.000	1.0000
90	Spectrogram 1	1	76633.537218750	76633.545343750	1400.000	4000.000	1.0000
91	Waveform 1	1	76685.197593750	76685.210593750	1400.000	4000.000	1.0000
91	Spectrogram 1	1	76685.197593750	76685.210593750	1400.000	4000.000	1.0000
92	Waveform 1	1	76720.068468750	76720.083093750	1400.000	4000.000	1.0000
92	Spectrogram 1	1	76720.068468750	76720.083093750	1400.000	4000.000	1.0000
93	Waveform 1	1	76738.840468750	76738.859968750	1400.000	4000.000	1.0000
93	Spectrogram 1	1	76738.840468750	76738.859968750	1400.000	4000.000	1.0000
94	Waveform 1	1	77913.795093750	77913.809718750	1400.000	4000.000	1.0000
94	Spectrogram 1	1	77913.795093750	77913.809718750	1400.000	4000.000	1.0000
95	Waveform 1	1	77932.926218750	77932.934343750	1400.000	4000.000	1.0000
95	Spectrogram 1	1	77932.926218750	77932.934343750	1400.000	4000.000	1.0000
96	Waveform 1	1	77945.557343750	77945.570343750	1400.000	4000.000	1.0000
96	Spectrogram 1	1	77945.557343750	77945.570343750	1400.000	4000.000	1.0000
97	Waveform 1	1	77969.896593750	77969.907968750	1400.000	4000.000	1.0000
97	Spectrogram 1	1	77969.896593750	77969.907968750	1400.000	4000.000	1.0000
98	Waveform 1	1	78744.621843750	78744.629968750	1400.000	4000.000	1.0000
98	Spectrogram 1	1	78744.621843750	78744.629968750	1400.000	4000.000	1.0000
99	Waveform 1	1	86320.506718750	86320.524593750	1400.000	4000.000	1.0000
99	Spectrogram 1	1	86320.506718750	86320.524593750	1400.000	4000.000	1.0000
