Selection	View	Channel	Begin Time (s)	End Time (s)	Low Freq (Hz)	High Freq (Hz)	Occupancy
1	Waveform 1	1	1797.961468750	1797.976093750	1400.000	4000.000	1.0000
1	Spectrogram 1	1	1797.961468750	1797.976093750	1400.000	4000.000	1.0000
2	Waveform 1	1	2535.300343750	2535.313343750	1400.000	4000.000	1.0000
2	Spectrogram 1	1	2535.300343750	2535.313343750	1400.000	4000.000	1.0000
3	Waveform 1	1	7466.481468750	7466.500968750	1400.000	4000.000	1.0000
3	Spectrogram 1	1	7466.481468750	7466.500968750	1400.000	4000.000	1.0000
4	Waveform 1	1	9613.745093750	9613.764593750	1400.000	4000.000	1.0000
4	Spectrogram 1	1	9613.745093750	9613.764593750	1400.000	4000.000	1.0000
5	Waveform 1	1	13066.558093750	13066.567843750	1400.000	4000.000	1.0000
5	Spectrogram 1	1	13066.558093750	13066.567843750	1400.000	4000.000	1.0000
6	Waveform 1	1	13354.348843750	13354.369968750	1400.000	4000.000	1.0000
6	Spectrogram 1	1	13354.348843750	13354.369968750	1400.000	4000.000	1.0000
7	Waveform 1	1	13661.269093750	13661.291843750	1400.000	4000.000	1.0000
7	Spectrogram 1	1	13661.269093750	13661.291843750	1400.000	4000.000	1.0000
8	Waveform 1	1	14265.042718750	14265.054093750	1400.000	4000.000	1.0000
8	Spectrogram 1	1	14265.042718750	14265.054093750	1400.000	4000.000	1.0000
9	Waveform 1	1	15999.241093750	15999.257343750	1400.000	4000.000	1.0000
9	Spectrogram 1	1	15999.241093750	15999.257343750	1400.000	4000.000	1.0000
10	Waveform 1	1	16240.850968750	16240.863968750	1400.000	4000.000	1.0000
10	Spectrogram 1	1	16240.850968750	16240.863968750	1400.000	4000.000	1.0000
11	Waveform 1	1	16257.993093750	16258.012593750	1400.000	4000.000	1.0000
11	Spectrogram 1	1	16257.993093750	16258.012593750	1400.000	4000.000	1.0000
12	Waveform 1	1	16658.146093750	16658.170468750	1400.000	4000.000	1.0000
12	Spectrogram 1	1	16658.146093750	16658.170468750	1400.000	4000.000	1.0000
13	Waveform 1	1	17399.948843750	17399.963468750	1400.000	4000.000	1.0000
13	Spectrogram 1	1	17399.948843750	17399.963468750	1400.000	4000.000	1.0000
14	Waveform 1	1	17908.455218750	17908.464968750	1400.000	4000.000	1.0000
14	Spectrogram 1	1	17908.455218750	17908.464968750	1400.000	4000.000	1.0000
15	Waveform 1	1	18030.299343750	18030.313968750	1400.000	4000.000	1.0000
15	Spectrogram 1	1	18030.299343750	18030.313968750	1400.000	4000.000	1.0000
16	Waveform 1	1	18056.963968750	18056.980218750	1400.000	4000.000	1.0000
16	Spectrogram 1	1	18056.963968750	18056.980218750	1400.000	4000.000	1.0000
17	Waveform 1	1	18593.009218750	18593.031968750	1400.000	4000.000	1.0000
17	Spectrogram 1	1	18593.009218750	18593.031968750	1400.000	4000.000	1.0000
18	Waveform 1	1	18608.966718750	18608.976468750	1400.000	4000.000	1.0000
18	Spectrogram 1	1	18608.966718750	18608.976468750	1400.000	4000.000	1.0000
19	Waveform 1	1	18614.615218750	18614.624968750	1400.000	4000.000	1.0000
19	Spectrogram 1	1	18614.615218750	18614.624968750	1400.000	4000.000	1.0000
20	Waveform 1	1	18673.103843750	18673.111968750	1400.000	4000.000	1.0000
20	Spectrogram 1	1	18673.103843750	18673.111968750	1400.000	4000.000	1.0000
21	Waveform 1	1	18683.851593750	18683.871093750	1400.000	4000.000	1.0000
21	Spectrogram 1	1	18683.851593750	18683.871093750	1400.000	4000.000	1.0000
22	Waveform 1	1	18897.069468750	18897.085718750	1400.000	4000.000	1.0000
22	Spectrogram 1	1	18897.069468750	18897.085718750	1400.000	4000.000	1.0000
23	Waveform 1	1	18915.298718750	18915.321468750	1400.000	4000.000	1.0000
23	Spectrogram 1	1	18915.298718750	18915.321468750	1400.000	4000.000	1.0000
24	Waveform 1	1	19275.606718750	19275.621343750	1400.000	4000.000	1.0000
24	Spectrogram 1	1	19275.606718750	19275.621343750	1400.000	4000.000	1.0000
25	Waveform 1	1	19472.181343750	19472.208968750	1400.000	4000.000	1.0000
25	Spectrogram 1	1	19472.181343750	19472.208968750	1400.000	4000.000	1.0000
26	Waveform 1	1	19558.452593750	19558.460718750	1400.000	4000.000	1.0000
26	Spectrogram 1	1	19558.452593750	19558.460718750	1400.000	4000.000	1.0000
27	Waveform 1	1	19865.952968750	19865.965968750	1400.000	4000.000	1.0000
27	Spectrogram 1	1	19865.952968750	19865.965968750	1400.000	4000.000	1.0000
28	Waveform 1	1	20001.429218750	20001.437343750	1400.000	4000.000	1.0000
28	Spectrogram 1	1	20001.429218750	20001.437343750	1400.000	4000.000	1.0000
29	Waveform 1	1	20077.443468750	20077.453218750	1400.000	4000.000	1.0000
29	Spectrogram 1	1	20077.443468750	20077.453218750	1400.000	4000.000	1.0000
30	Waveform 1	1	20111.383218750	20111.399468750	1400.000	4000.000	1.0000
30	Spectrogram 1	1	20111.383218750	20111.399468750	1400.000	4000.000	1.0000
31	Waveform 1	1	20161.529093750	20161.542093750	1400.000	4000.000	1.0000
31	Spectrogram 1	1	20161.529093750	20161.542093750	1400.000	4000.000	1.0000
32	Waveform 1	1	20576.952218750	20576.965218750	1400.000	4000.000	1.0000
32	Spectrogram 1	1	20576.952218750	20576.965218750	1400.000	4000.000	1.0000
33	Waveform 1	1	20668.306468750	20668.321093750	1400.000	4000.000	1.0000
33	Spectrogram 1	1	20668.306468750	20668.321093750	1400.000	4000.000	1.0000
34	Waveform 1	1	20830.314093750	20830.325468750	1400.000	4000.000	1.0000
34	Spectrogram 1	1	20830.314093750	20830.325468750	1400.000	4000.000	1.0000
35	Waveform 1	1	20895.055718750	20895.068718750	1400.000	4000.000	1.0000
35	Spectrogram 1	1	20895.055718750	20895.068718750	1400.000	4000.000	1.0000
36	Waveform 1	1	20895.109343750	20895.122343750	1400.000	4000.000	1.0000
36	Spectrogram 1	1	20895.109343750	20895.122343750	1400.000	4000.000	1.0000
37	Waveform 1	1	23242.979218750	23242.995468750	1400.000	4000.000	1.0000
37	Spectrogram 1	1	23242.979218750	23242.995468750	1400.000	4000.000	1.0000
38	Waveform 1	1	23553.648343750	23553.664593750	1400.000	4000.000	1.0000
38	Spectrogram 1	1	23553.648343750	23553.664593750	1400.000	4000.000	1.0000
39	Waveform 1	1	23559.774593750	23559.787593750	1400.000	4000.000	1.0000
39	Spectrogram 1	1	23559.774593750	23559.787593750	1400.000	4000.000	1.0000
40	Waveform 1	1	23562.709343750	23562.730468750	1400.000	4000.000	1.0000
40	Spectrogram 1	1	23562.709343750	23562.730468750	1400.000	4000.000	1.0000
41	Waveform 1	1	23894.730968750	23894.750468750	1400.000	4000.000	1.0000
41	Spectrogram 1	1	23894.730968750	23894.750468750	1400.000	4000.000	1.0000
42	Waveform 1	1	23963.065468750	23963.080093750	1400.000	4000.000	1.0000
42	Spectrogram 1	1	23963.065468750	23963.080093750	1400.000	4000.000	1.0000
43	Waveform 1	1	24096.401593750	24096.412968750	1400.000	4000.000	1.0000
43	Spectrogram 1	1	24096.401593750	24096.412968750	1400.000	4000.000	1.0000
44	Waveform 1	1	24102.763468750	24102.781343750	1400.000	4000.000	1.0000
44	Spectrogram 1	1	24102.763468750	24102.781343750	1400.000	4000.000	1.0000
45	Waveform 1	1	24113.720843750	24113.743593750	1400.000	4000.000	1.0000
45	Spectrogram 1	1	24113.720843750	24113.743593750	1400.000	4000.000	1.0000
46	Waveform 1	1	24118.028718750	24118.036843750	1400.000	4000.000	1.0000
46	Spectrogram 1	1	24118.028718750	24118.036843750	1400.000	4000.000	1.0000
47	Waveform 1	1	24554.963593750	24554.979843750	1400.000	4000.000	1.0000
47	Spectrogram 1	1	24554.963593750	24554.979843750	1400.000	4000.000	1.0000
48	Waveform 1	1	24908.069593750	24908.085843750	1400.000	4000.000	1.0000
48	Spectrogram 1	1	24908.069593750	24908.085843750	1400.000	4000.000	1.0000
49	Waveform 1	1	25082.817218750	25082.826968750	1400.000	4000.000	1.0000
49	Spectrogram 1	1	25082.817218750	25082.826968750	1400.000	4000.000	1.0000
50	Waveform 1	1	25618.197843750	25618.212468750	1400.000	4000.000	1.0000
50	Spectrogram 1	1	25618.197843750	25618.212468750	1400.000	4000.000	1.0000
51	Waveform 1	1	25630.383718750	25630.408093750	1400.000	4000.000	1.0000
51	Spectrogram 1	1	25630.383718750	25630.408093750	1400.000	4000.000	1.0000
52	Waveform 1	1	25656.315468750	25656.326843750	1400.000	4000.000	1.0000
52	Spectrogram 1	1	25656.315468750	25656.326843750	1400.000	4000.000	1.0000
53	Waveform 1	1	25750.094218750	25750.115343750	1400.000	4000.000	1.0000
53	Spectrogram 1	1	25750.094218750	25750.115343750	1400.000	4000.000	1.0000
54	Waveform 1	1	25914.579968750	25914.592968750	1400.000	4000.000	1.0000
54	Spectrogram 1	1	25914.579968750	25914.592968750	1400.000	4000.000	1.0000
55	Waveform 1	1	25914.698593750	25914.706718750	1400.000	4000.000	1.0000
55	Spectrogram 1	1	25914.698593750	25914.706718750	1400.000	4000.000	1.0000
56	Waveform 1	1	26210.775218750	26210.797968750	1400.000	4000.000	1.0000
56	Spectrogram 1	1	26210.775218750	26210.797968750	1400.000	4000.000	1.0000
57	Waveform 1	1	26472.548093750	26472.561093750	1400.000	4000.000	1.0000
57	Spectrogram 1	1	26472.548093750	26472.561093750	1400.000	4000.000	1.0000
58	Waveform 1	1	26481.103718750	26481.123218750	1400.000	4000.000	1.0000
58	Spectrogram 1	1	26481.103718750	26481.123218750	1400.000	4000.000	1.0000
59	Waveform 1	1	26699.198218750	26699.212843750	1400.000	4000.000	1.0000
59	Spectrogram 1	1	26699.198218750	26699.212843750	1400.000	4000.000	1.0000
60	Waveform 1	1	26811.115218750	26811.131468750	1400.000	4000.000	1.0000
60	Spectrogram 1	1	26811.115218750	26811.131468750	1400.000	4000.000	1.0000
61	Waveform 1	1	27259.511218750	27259.530718750	1400.000	4000.000	1.0000
61	Spectrogram 1	1	27259.511218750	27259.530718750	1400.000	4000.000	1.0000
62	Waveform 1	1	27459.425218750	27459.433343750	1400.000	4000.000	1.0000
62	Spectrogram 1	1	27459.425218750	27459.433343750	1400.000	4000.000	1.0000
63	Waveform 1	1	27643.417468750	27643.435343750	1400.000	4000.000	1.0000
63	Spectrogram 1	1	27643.417468750	27643.435343750	1400.000	4000.000	1.0000
64	Waveform 1	1	27732.933843750	27732.948468750	1400.000	4000.000	1.0000
64	Spectrogram 1	1	27732.933843750	27732.948468750	1400.000	4000.000	1.0000
65	Waveform 1	1	28113.720093750	28113.728218750	1400.000	4000.000	1.0000
65	Spectrogram 1	1	28113.720093750	28113.728218750	1400.000	4000.000	1.0000
66	Waveform 1	1	29423.539968750	29423.557843750	1400.000	4000.000	1.0000
66	Spectrogram 1	1	29423.539968750	29423.557843750	1400.000	4000.000	1.0000
67	Waveform 1	1	29790.731468750	29790.742843750	1400.000	4000.000	1.0000
67	Spectrogram 1	1	29790.731468750	29790.742843750	1400.000	4000.000	1.0000
68	Waveform 1	1	29826.603343750	29826.619593750	1400.000	4000.000	1.0000
68	Spectrogram 1	1	29826.603343750	29826.619593750	1400.000	4000.000	1.0000
69	Waveform 1	1	30213.863593750	30213.871718750	1400.000	4000.000	1.0000
69	Spectrogram 1	1	30213.863593750	30213.871718750	1400.000	4000.000	1.0000
70	Waveform 1	1	30506.565093750	30506.586218750	1400.000	4000.000	1.0000
70	Spectrogram 1	1	30506.565093750	30506.586218750	1400.000	4000.000	1.0000
71	Waveform 1	1	30543.944968750	30543.953093750	1400.000	4000.000	1.0000
71	Spectrogram 1	1	30543.944968750	30543.953093750	1400.000	4000.000	1.0000
72	Waveform 1	1	30669.757343750	30669.765468750	1400.000	4000.000	1.0000
72	Spectrogram 1	1	30669.757343750	30669.765468750	1400.000	4000.000	1.0000
73	Waveform 1	1	31296.825343750	31296.848093750	1400.000	4000.000	1.0000
73	Spectrogram 1	1	31296.825343750	31296.848093750	1400.000	4000.000	1.0000
74	Waveform 1	1	31822.031843750	31822.044843750	1400.000	4000.000	1.0000
74	Spectrogram 1	1	31822.031843750	31822.044843750	1400.000	4000.000	1.0000
75	Waveform 1	1	31839.960468750	31839.979968750	1400.000	4000.000	1.0000
75	Spectrogram 1	1	31839.960468750	31839.979968750	1400.000	4000.000	1.0000
76	Waveform 1	1	31915.275968750	31915.297093750	1400.000	4000.000	1.0000
76	Spectrogram 1	1	31915.275968750	31915.297093750	1400.000	4000.000	1.0000
77	Waveform 1	1	31924.944718750	31924.959343750	1400.000	4000.000	1.0000
77	Spectrogram 1	1	31924.944718750	31924.959343750	1400.000	4000.000	1.0000
78	Waveform 1	1	31952.611968750	31952.624968750	1400.000	4000.000	1.0000
78	Spectrogram 1	1	31952.611968750	31952.624968750	1400.000	4000.000	1.0000
79	Waveform 1	1	31998.206218750	31998.215968750	1400.000	4000.000	1.0000
79	Spectrogram 1	1	31998.206218750	31998.215968750	1400.000	4000.000	1.0000
80	Waveform 1	1	32090.654093750	32090.671968750	1400.000	4000.000	1.0000
80	Spectrogram 1	1	32090.654093750	32090.671968750	1400.000	4000.000	1.0000
81	Waveform 1	1	33406.897593750	33406.912218750	1400.000	4000.000	1.0000
81	Spectrogram 1	1	33406.897593750	33406.912218750	1400.000	4000.000	1.0000
82	Waveform 1	1	34455.297218750	34455.305343750	1400.000	4000.000	1.0000
82	Spectrogram 1	1	34455.297218750	34455.305343750	1400.000	4000.000	1.0000
83	Waveform 1	1	34853.288968750	34853.300343750	1400.000	4000.000	1.0000
83	Spectrogram 1	1	34853.288968750	34853.300343750	1400.000	4000.000	1.0000
84	Waveform 1	1	35975.411593750	35975.429468750	1400.000	4000.000	1.0000
84	Spectrogram 1	1	35975.411593750	35975.429468750	1400.000	4000.000	1.0000
85	Waveform 1	1	36004.175718750	36004.185468750	1400.000	4000.000	1.0000
85	Spectrogram 1	1	36004.175718750	36004.185468750	1400.000	4000.000	1.0000
86	Waveform 1	1	36160.310593750	36160.318718750	1400.000	4000.000	1.0000
86	Spectrogram 1	1	36160.310593750	36160.318718750	1400.000	4000.000	1.0000
87	Waveform 1	1	36175.611593750	36175.632718750	1400.000	4000.000	1.0000
87	Spectrogram 1	1	36175.611593750	36175.632718750	1400.000	4000.000	1.0000
88	Waveform 1	1	36176.999343750	36177.009093750	1400.000	4000.000	1.0000
88	Spectrogram 1	1	36176.999343750	36177.009093750	1400.000	4000.000	1.0000
89	Waveform 1	1	36177.166718750	36177.195968750	1400.000	4000.000	1.0000
89	Spectrogram 1	1	36177.166718750	36177.195968750	1400.000	4000.000	1.0000
90	Waveform 1	1	36305.572593750	36305.595343750	1400.000	4000.000	1.0000
90	Spectrogram 1	1	36305.572593750	36305.595343750	1400.000	4000.000	1.0000
91	Waveform 1	1	36305.689593750	36305.722093750	1400.000	4000.000	1.0000
91	Spectrogram 1	1	36305.689593750	36305.722093750	1400.000	4000.000	1.0000
92	Waveform 1	1	36311.999468750	36312.010843750	1400.000	4000.000	1.0000
92	Spectrogram 1	1	36311.999468750	36312.010843750	1400.000	4000.000	1.0000
93	Waveform 1	1	36318.772468750	36318.785468750	1400.000	4000.000	1.0000
93	Spectrogram 1	1	36318.772468750	36318.785468750	1400.000	4000.000	1.0000
94	Waveform 1	1	36320.145593750	36320.161843750	1400.000	4000.000	1.0000
94	Spectrogram 1	1	36320.145593750	36320.161843750	1400.000	4000.000	1.0000
95	Waveform 1	1	36320.306468750	36320.334093750	1400.000	4000.000	1.0000
95	Spectrogram 1	1	36320.306468750	36320.334093750	1400.000	4000.000	1.0000
96	Waveform 1	1	36350.963718750	36350.976718750	1400.000	4000.000	1.0000
96	Spectrogram 1	1	36350.963718750	36350.976718750	1400.000	4000.000	1.0000
97	Waveform 1	1	36351.131093750	36351.152218750	1400.000	4000.000	1.0000
97	Spectrogram 1	1	36351.131093750	36351.152218750	1400.000	4000.000	1.0000
98	Waveform 1	1	36351.184718750	36351.194468750	1400.000	4000.000	1.0000
98	Spectrogram 1	1	36351.184718750	36351.194468750	1400.000	4000.000	1.0000
99	Waveform 1	1	36372.624968750	36372.655843750	1400.000	4000.000	1.0000
99	Spectrogram 1	1	36372.624968750	36372.655843750	1400.000	4000.000	1.0000
100	Waveform 1	1	36374.986093750	36375.005593750	1400.000	4000.000	1.0000
100	Spectrogram 1	1	36374.986093750	36375.005593750	1400.000	4000.000	1.0000
101	Waveform 1	1	36952.587468750	36952.600468750	1400.000	4000.000	1.0000
101	Spectrogram 1	1	36952.587468750	36952.600468750	1400.000	4000.000	1.0000
102	Waveform 1	1	37067.341718750	37067.357968750	1400.000	4000.000	1.0000
102	Spectrogram 1	1	37067.341718750	37067.357968750	1400.000	4000.000	1.0000
103	Waveform 1	1	37804.383218750	37804.391343750	1400.000	4000.000	1.0000
103	Spectrogram 1	1	37804.383218750	37804.391343750	1400.000	4000.000	1.0000
104	Waveform 1	1	38421.093468750	38421.103218750	1400.000	4000.000	1.0000
104	Spectrogram 1	1	38421.093468750	38421.103218750	1400.000	4000.000	1.0000
105	Waveform 1	1	39636.062093750	39636.070218750	1400.000	4000.000	1.0000
105	Spectrogram 1	1	39636.062093750	39636.070218750	1400.000	4000.000	1.0000
106	Waveform 1	1	39884.969843750	39884.981218750	1400.000	4000.000	1.0000
106	Spectrogram 1	1	39884.969843750	39884.981218750	1400.000	4000.000	1.0000
107	Waveform 1	1	40094.401468750	40094.411218750	1400.000	4000.000	1.0000
107	Spectrogram 1	1	40094.401468750	40094.411218750	1400.000	4000.000	1.0000
108	Waveform 1	1	40099.263468750	40099.287843750	1400.000	4000.000	1.0000
108	Spectrogram 1	1	40099.263468750	40099.287843750	1400.000	4000.000	1.0000
109	Waveform 1	1	41151.970968750	41151.982343750	1400.000	4000.000	1.0000
109	Spectrogram 1	1	41151.970968750	41151.982343750	1400.000	4000.000	1.0000
110	Waveform 1	1	41290.108968750	41290.125218750	1400.000	4000.000	1.0000
110	Spectrogram 1	1	41290.108968750	41290.125218750	1400.000	4000.000	1.0000
111	Waveform 1	1	41302.839218750	41302.855468750	1400.000	4000.000	1.0000
111	Spectrogram 1	1	41302.839218750	41302.855468750	1400.000	4000.000	1.0000
112	Waveform 1	1	41349.816343750	41349.834218750	1400.000	4000.000	1.0000
112	Spectrogram 1	1	41349.816343750	41349.834218750	1400.000	4000.000	1.0000
113	Waveform 1	1	41419.259093750	41419.268843750	1400.000	4000.000	1.0000
113	Spectrogram 1	1	41419.259093750	41419.268843750	1400.000	4000.000	1.0000
114	Waveform 1	1	41554.189343750	41554.200718750	1400.000	4000.000	1.0000
114	Spectrogram 1	1	41554.189343750	41554.200718750	1400.000	4000.000	1.0000
115	Waveform 1	1	41955.094718750	41955.112593750	1400.000	4000.000	1.0000
115	Spectrogram 1	1	41955.094718750	41955.112593750	1400.000	4000.000	1.0000
116	Waveform 1	1	43194.669093750	43194.677218750	1400.000	4000.000	1.0000
116	Spectrogram 1	1	43194.669093750	43194.677218750	1400.000	4000.000	1.0000
117	Waveform 1	1	43709.191218750	43709.199343750	1400.000	4000.000	1.0000
117	Spectrogram 1	1	43709.191218750	43709.199343750	1400.000	4000.000	1.0000
118	Waveform 1	1	43819.515718750	43819.535218750	1400.000	4000.000	1.0000
118	Spectrogram 1	1	43819.515718750	43819.535218750	1400.000	4000.000	1.0000
119	Waveform 1	1	43867.677468750	43867.695343750	1400.000	4000.000	1.0000
119	Spectrogram 1	1	43867.677468750	43867.695343750	1400.000	4000.000	1.0000
120	Waveform 1	1	44122.531093750	44122.553843750	1400.000	4000.000	1.0000
120	Spectrogram 1	1	44122.531093750	44122.553843750	1400.000	4000.000	1.0000
121	Waveform 1	1	44150.303968750	44150.312093750	1400.000	4000.000	1.0000
121	Spectrogram 1	1	44150.303968750	44150.312093750	1400.000	4000.000	1.0000
122	Waveform 1	1	44202.006593750	44202.016343750	1400.000	4000.000	1.0000
122	Spectrogram 1	1	44202.006593750	44202.016343750	1400.000	4000.000	1.0000
123	Waveform 1	1	44266.714093750	44266.722218750	1400.000	4000.000	1.0000
123	Spectrogram 1	1	44266.714093750	44266.722218750	1400.000	4000.000	1.0000
124	Waveform 1	1	44392.050343750	44392.063343750	1400.000	4000.000	1.0000
124	Spectrogram 1	1	44392.050343750	44392.063343750	1400.000	4000.000	1.0000
125	Waveform 1	1	44532.120468750	44532.135093750	1400.000	4000.000	1.0000
125	Spectrogram 1	1	44532.120468750	44532.135093750	1400.000	4000.000	1.0000
126	Waveform 1	1	44885.340218750	44885.372718750	1400.000	4000.000	1.0000
126	Spectrogram 1	1	44885.340218750	44885.372718750	1400.000	4000.000	1.0000
127	Waveform 1	1	44993.206093750	44993.214218750	1400.000	4000.000	1.0000
127	Spectrogram 1	1	44993.206093750	44993.214218750	1400.000	4000.000	1.0000
128	Waveform 1	1	44993.261343750	44993.272718750	1400.000	4000.000	1.0000
128	Spectrogram 1	1	44993.261343750	44993.272718750	1400.000	4000.000	1.0000
129	Waveform 1	1	45077.166593750	45077.186093750	1400.000	4000.000	1.0000
129	Spectrogram 1	1	45077.166593750	45077.186093750	1400.000	4000.000	1.0000
130	Waveform 1	1	45087.659218750	45087.670593750	1400.000	4000.000	1.0000
130	Spectrogram 1	1	45087.659218750	45087.670593750	1400.000	4000.000	1.0000
131	Waveform 1	1	45097.441718750	45097.453093750	1400.000	4000.000	1.0000
131	Spectrogram 1	1	45097.441718750	45097.453093750	1400.000	4000.000	1.0000
132	Waveform 1	1	45431.736718750	45431.757843750	1400.000	4000.000	1.0000
132	Spectrogram 1	1	45431.736718750	45431.757843750	1400.000	4000.000	1.0000
133	Waveform 1	1	45719.035093750	45719.044843750	1400.000	4000.000	1.0000
133	Spectrogram 1	1	45719.035093750	45719.044843750	1400.000	4000.000	1.0000
134	Waveform 1	1	45719.101718750	45719.111468750	1400.000	4000.000	1.0000
134	Spectrogram 1	1	45719.101718750	45719.111468750	1400.000	4000.000	1.0000
135	Waveform 1	1	45729.478968750	45729.503343750	1400.000	4000.000	1.0000
135	Spectrogram 1	1	45729.478968750	45729.503343750	1400.000	4000.000	1.0000
136	Waveform 1	1	45736.243843750	45736.256843750	1400.000	4000.000	1.0000
136	Spectrogram 1	1	45736.243843750	45736.256843750	1400.000	4000.000	1.0000
137	Waveform 1	1	45736.427468750	45736.437218750	1400.000	4000.000	1.0000
137	Spectrogram 1	1	45736.427468750	45736.437218750	1400.000	4000.000	1.0000
138	Waveform 1	1	46120.073718750	46120.086718750	1400.000	4000.000	1.0000
138	Spectrogram 1	1	46120.073718750	46120.086718750	1400.000	4000.000	1.0000
139	Waveform 1	1	46140.345593750	46140.368343750	1400.000	4000.000	1.0000
139	Spectrogram 1	1	46140.345593750	46140.368343750	1400.000	4000.000	1.0000
140	Waveform 1	1	46140.464218750	46140.495093750	1400.000	4000.000	1.0000
140	Spectrogram 1	1	46140.464218750	46140.495093750	1400.000	4000.000	1.0000
141	Waveform 1	1	46188.848593750	46188.874593750	1400.000	4000.000	1.0000
141	Spectrogram 1	1	46188.848593750	46188.874593750	1400.000	4000.000	1.0000
142	Waveform 1	1	46188.923343750	46188.939593750	1400.000	4000.000	1.0000
142	Spectrogram 1	1	46188.923343750	46188.939593750	1400.000	4000.000	1.0000
143	Waveform 1	1	46190.774218750	46190.796968750	1400.000	4000.000	1.0000
143	Spectrogram 1	1	46190.774218750	46190.796968750	1400.000	4000.000	1.0000
144	Waveform 1	1	46191.422593750	46191.435593750	1400.000	4000.000	1.0000
144	Spectrogram 1	1	46191.422593750	46191.435593750	1400.000	4000.000	1.0000
145	Waveform 1	1	46216.478468750	46216.491468750	1400.000	4000.000	1.0000
145	Spectrogram 1	1	46216.478468750	46216.491468750	1400.000	4000.000	1.0000
146	Waveform 1	1	46531.518843750	46531.526968750	1400.000	4000.000	1.0000
146	Spectrogram 1	1	46531.518843750	46531.526968750	1400.000	4000.000	1.0000
147	Waveform 1	1	46549.008718750	46549.016843750	1400.000	4000.000	1.0000
147	Spectrogram 1	1	46549.008718750	46549.016843750	1400.000	4000.000	1.0000
148	Waveform 1	1	46581.880843750	46581.888968750	1400.000	4000.000	1.0000
148	Spectrogram 1	1	46581.880843750	46581.888968750	1400.000	4000.000	1.0000
149	Waveform 1	1	46581.955593750	46581.965343750	1400.000	4000.000	1.0000
149	Spectrogram 1	1	46581.955593750	46581.965343750	1400.000	4000.000	1.0000
150	Waveform 1	1	46603.621718750	46603.641218750	1400.000	4000.000	1.0000
150	Spectrogram 1	1	46603.621718750	46603.641218750	1400.000	4000.000	1.0000
151	Waveform 1	1	46627.063968750	46627.073718750	1400.000	4000.000	1.0000
151	Spectrogram 1	1	46627.063968750	46627.073718750	1400.000	4000.000	1.0000
152	Waveform 1	1	46767.463968750	46767.488343750	1400.000	4000.000	0.7333
152	Spectrogram 1	1	46767.463968750	46767.488343750	1400.000	4000.000	0.7333
153	Waveform 1	1	47350.117468750	47350.130468750	1400.000	4000.000	1.0000
153	Spectrogram 1	1	47350.117468750	47350.130468750	1400.000	4000.000	1.0000
154	Waveform 1	1	47355.028218750	47355.042843750	1400.000	4000.000	1.0000
154	Spectrogram 1	1	47355.028218750	47355.042843750	1400.000	4000.000	1.0000
155	Waveform 1	1	47400.552593750	47400.575343750	1400.000	4000.000	1.0000
155	Spectrogram 1	1	47400.552593750	47400.575343750	1400.000	4000.000	1.0000
156	Waveform 1	1	47457.750968750	47457.760718750	1400.000	4000.000	1.0000
156	Spectrogram 1	1	47457.750968750	47457.760718750	1400.000	4000.000	1.0000
157	Waveform 1	1	47528.568468750	47528.578218750	1400.000	4000.000	1.0000
157	Spectrogram 1	1	47528.568468750	47528.578218750	1400.000	4000.000	1.0000
158	Waveform 1	1	47548.721718750	47548.749343750	1400.000	4000.000	1.0000
158	Spectrogram 1	1	47548.721718750	47548.749343750	1400.000	4000.000	1.0000
159	Waveform 1	1	47555.665343750	47555.681593750	1400.000	4000.000	1.0000
159	Spectrogram 1	1	47555.665343750	47555.681593750	1400.000	4000.000	1.0000
160	Waveform 1	1	47668.412718750	47668.422468750	1400.000	4000.000	1.0000
160	Spectrogram 1	1	47668.412718750	47668.422468750	1400.000	4000.000	1.0000
161	Waveform 1	1	47668.456593750	47668.484218750	1400.000	4000.000	1.0000
161	Spectrogram 1	1	47668.456593750	47668.484218750	1400.000	4000.000	1.0000
162	Waveform 1	1	47668.524843750	47668.542718750	1400.000	4000.000	1.0000
162	Spectrogram 1	1	47668.524843750	47668.542718750	1400.000	4000.000	1.0000
163	Waveform 1	1	47668.581718750	47668.593093750	1400.000	4000.000	1.0000
163	Spectrogram 1	1	47668.581718750	47668.593093750	1400.000	4000.000	1.0000
164	Waveform 1	1	47708.293468750	47708.301593750	1400.000	4000.000	1.0000
164	Spectrogram 1	1	47708.293468750	47708.301593750	1400.000	4000.000	1.0000
165	Waveform 1	1	47716.408718750	47716.416843750	1400.000	4000.000	1.0000
165	Spectrogram 1	1	47716.408718750	47716.416843750	1400.000	4000.000	1.0000
166	Waveform 1	1	47725.089468750	47725.104093750	1400.000	4000.000	1.0000
166	Spectrogram 1	1	47725.089468750	47725.104093750	1400.000	4000.000	1.0000
167	Waveform 1	1	47779.772343750	47779.783718750	1400.000	4000.000	1.0000
167	Spectrogram 1	1	47779.772343750	47779.783718750	1400.000	4000.000	1.0000
168	Waveform 1	1	47814.553843750	47814.563593750	1400.000	4000.000	1.0000
168	Spectrogram 1	1	47814.553843750	47814.563593750	1400.000	4000.000	1.0000
169	Waveform 1	1	47834.242343750	47834.250468750	1400.000	4000.000	1.0000
169	Spectrogram 1	1	47834.242343750	47834.250468750	1400.000	4000.000	1.0000
170	Waveform 1	1	47836.049343750	47836.067218750	1400.000	4000.000	1.0000
170	Spectrogram 1	1	47836.049343750	47836.067218750	1400.000	4000.000	1.0000
171	Waveform 1	1	47841.122593750	47841.133968750	1400.000	4000.000	1.0000
171	Spectrogram 1	1	47841.122593750	47841.133968750	1400.000	4000.000	1.0000
172	Waveform 1	1	47851.132593750	47851.140718750	1400.000	4000.000	1.0000
172	Spectrogram 1	1	47851.132593750	47851.140718750	1400.000	4000.000	1.0000
173	Waveform 1	1	47851.176468750	47851.191093750	1400.000	4000.000	1.0000
173	Spectrogram 1	1	47851.176468750	47851.191093750	1400.000	4000.000	1.0000
174	Waveform 1	1	47871.823718750	47871.831843750	1400.000	4000.000	1.0000
174	Spectrogram 1	1	47871.823718750	47871.831843750	1400.000	4000.000	1.0000
175	Waveform 1	1	47893.574343750	47893.584093750	1400.000	4000.000	1.0000
175	Spectrogram 1	1	47893.574343750	47893.584093750	1400.000	4000.000	1.0000
176	Waveform 1	1	47938.024593750	47938.045718750	1400.000	4000.000	1.0000
176	Spectrogram 1	1	47938.024593750	47938.045718750	1400.000	4000.000	1.0000
177	Waveform 1	1	47938.237468750	47938.269968750	1400.000	4000.000	1.0000
177	Spectrogram 1	1	47938.237468750	47938.269968750	1400.000	4000.000	1.0000
178	Waveform 1	1	47938.354468750	47938.382093750	1400.000	4000.000	1.0000
178	Spectrogram 1	1	47938.354468750	47938.382093750	1400.000	4000.000	1.0000
179	Waveform 1	1	47947.278968750	47947.288718750	1400.000	4000.000	1.0000
179	Spectrogram 1	1	47947.278968750	47947.288718750	1400.000	4000.000	1.0000
180	Waveform 1	1	47948.552968750	47948.580593750	1400.000	4000.000	1.0000
180	Spectrogram 1	1	47948.552968750	47948.580593750	1400.000	4000.000	1.0000
181	Waveform 1	1	47951.720093750	47951.739593750	1400.000	4000.000	1.0000
181	Spectrogram 1	1	47951.720093750	47951.739593750	1400.000	4000.000	1.0000
182	Waveform 1	1	47959.123593750	47959.147968750	1400.000	4000.000	1.0000
182	Spectrogram 1	1	47959.123593750	47959.147968750	1400.000	4000.000	1.0000
183	Waveform 1	1	47960.730718750	47960.738843750	1400.000	4000.000	1.0000
183	Spectrogram 1	1	47960.730718750	47960.738843750	1400.000	4000.000	1.0000
184	Waveform 1	1	47974.356343750	47974.374218750	1400.000	4000.000	1.0000
184	Spectrogram 1	1	47974.356343750	47974.374218750	1400.000	4000.000	1.0000
185	Waveform 1	1	47991.183218750	47991.194593750	1400.000	4000.000	1.0000
185	Spectrogram 1	1	47991.183218750	47991.194593750	1400.000	4000.000	1.0000
186	Waveform 1	1	48000.379093750	48000.388843750	1400.000	4000.000	1.0000
186	Spectrogram 1	1	48000.379093750	48000.388843750	1400.000	4000.000	1.0000
187	Waveform 1	1	48043.699968750	48043.711343750	1400.000	4000.000	1.0000
187	Spectrogram 1	1	48043.699968750	48043.711343750	1400.000	4000.000	1.0000
188	Waveform 1	1	48052.931593750	48052.962468750	1400.000	4000.000	1.0000
188	Spectrogram 1	1	48052.931593750	48052.962468750	1400.000	4000.000	1.0000
189	Waveform 1	1	48079.419093750	48079.432093750	1400.000	4000.000	1.0000
189	Spectrogram 1	1	48079.419093750	48079.432093750	1400.000	4000.000	1.0000
190	Waveform 1	1	48085.416968750	48085.433218750	1400.000	4000.000	1.0000
190	Spectrogram 1	1	48085.416968750	48085.433218750	1400.000	4000.000	1.0000
191	Waveform 1	1	48114.250968750	48114.263968750	1400.000	4000.000	1.0000
191	Spectrogram 1	1	48114.250968750	48114.263968750	1400.000	4000.000	1.0000
192	Waveform 1	1	48122.018468750	48122.026593750	1400.000	4000.000	1.0000
192	Spectrogram 1	1	48122.018468750	48122.026593750	1400.000	4000.000	1.0000
193	Waveform 1	1	48124.134218750	48124.145593750	1400.000	4000.000	1.0000
193	Spectrogram 1	1	48124.134218750	48124.145593750	1400.000	4000.000	1.0000
194	Waveform 1	1	48124.389343750	48124.397468750	1400.000	4000.000	1.0000
194	Spectrogram 1	1	48124.389343750	48124.397468750	1400.000	4000.000	1.0000
195	Waveform 1	1	48139.201218750	48139.209343750	1400.000	4000.000	1.0000
195	Spectrogram 1	1	48139.201218750	48139.209343750	1400.000	4000.000	1.0000
196	Waveform 1	1	48146.310593750	48146.320343750	1400.000	4000.000	1.0000
196	Spectrogram 1	1	48146.310593750	48146.320343750	1400.000	4000.000	1.0000
197	Waveform 1	1	48146.845218750	48146.863093750	1400.000	4000.000	1.0000
197	Spectrogram 1	1	48146.845218750	48146.863093750	1400.000	4000.000	1.0000
198	Waveform 1	1	48147.017468750	48147.040218750	1400.000	4000.000	1.0000
198	Spectrogram 1	1	48147.017468750	48147.040218750	1400.000	4000.000	1.0000
199	Waveform 1	1	48149.802718750	48149.814093750	1400.000	4000.000	1.0000
199	Spectrogram 1	1	48149.802718750	48149.814093750	1400.000	4000.000	1.0000
200	Waveform 1	1	48190.664968750	48190.679593750	1400.000	4000.000	1.0000
200	Spectrogram 1	1	48190.664968750	48190.679593750	1400.000	4000.000	1.0000
201	Waveform 1	1	48196.277718750	48196.287468750	1400.000	4000.000	1.0000
201	Spectrogram 1	1	48196.277718750	48196.287468750	1400.000	4000.000	1.0000
202	Waveform 1	1	48196.321593750	48196.334593750	1400.000	4000.000	1.0000
202	Spectrogram 1	1	48196.321593750	48196.334593750	1400.000	4000.000	1.0000
203	Waveform 1	1	48205.749843750	48205.764468750	1400.000	4000.000	1.0000
203	Spectrogram 1	1	48205.749843750	48205.764468750	1400.000	4000.000	1.0000
204	Waveform 1	1	48215.873593750	48215.886593750	1400.000	4000.000	1.0000
204	Spectrogram 1	1	48215.873593750	48215.886593750	1400.000	4000.000	1.0000
205	Waveform 1	1	48226.041218750	48226.059093750	1400.000	4000.000	1.0000
205	Spectrogram 1	1	48226.041218750	48226.059093750	1400.000	4000.000	1.0000
206	Waveform 1	1	48266.451718750	48266.459843750	1400.000	4000.000	1.0000
206	Spectrogram 1	1	48266.451718750	48266.459843750	1400.000	4000.000	1.0000
207	Waveform 1	1	48280.181343750	48280.189468750	1400.000	4000.000	1.0000
207	Spectrogram 1	1	48280.181343750	48280.189468750	1400.000	4000.000	1.0000
208	Waveform 1	1	48300.487343750	48300.514968750	1400.000	4000.000	1.0000
208	Spectrogram 1	1	48300.487343750	48300.514968750	1400.000	4000.000	1.0000
209	Waveform 1	1	48543.337093750	48543.356593750	1400.000	4000.000	1.0000
209	Spectrogram 1	1	48543.337093750	48543.356593750	1400.000	4000.000	1.0000
210	Waveform 1	1	48562.806218750	48562.820843750	1400.000	4000.000	1.0000
210	Spectrogram 1	1	48562.806218750	48562.820843750	1400.000	4000.000	1.0000
211	Waveform 1	1	48562.958968750	48562.967093750	1400.000	4000.000	1.0000
211	Spectrogram 1	1	48562.958968750	48562.967093750	1400.000	4000.000	1.0000
212	Waveform 1	1	48599.440218750	48599.453218750	1400.000	4000.000	1.0000
212	Spectrogram 1	1	48599.440218750	48599.453218750	1400.000	4000.000	1.0000
213	Waveform 1	1	48669.947343750	48669.973343750	1400.000	4000.000	1.0000
213	Spectrogram 1	1	48669.947343750	48669.973343750	1400.000	4000.000	1.0000
214	Waveform 1	1	48675.725843750	48675.740468750	1400.000	4000.000	1.0000
214	Spectrogram 1	1	48675.725843750	48675.740468750	1400.000	4000.000	1.0000
215	Waveform 1	1	48726.900343750	48726.908468750	1400.000	4000.000	1.0000
215	Spectrogram 1	1	48726.900343750	48726.908468750	1400.000	4000.000	1.0000
216	Waveform 1	1	48884.723593750	48884.739843750	1400.000	4000.000	1.0000
216	Spectrogram 1	1	48884.723593750	48884.739843750	1400.000	4000.000	1.0000
217	Waveform 1	1	48977.095093750	48977.116218750	1400.000	4000.000	1.0000
217	Spectrogram 1	1	48977.095093750	48977.116218750	1400.000	4000.000	1.0000
218	Waveform 1	1	48977.424968750	48977.436343750	1400.000	4000.000	1.0000
218	Spectrogram 1	1	48977.424968750	48977.436343750	1400.000	4000.000	1.0000
219	Waveform 1	1	49000.896468750	49000.915968750	1400.000	4000.000	1.0000
219	Spectrogram 1	1	49000.896468750	49000.915968750	1400.000	4000.000	1.0000
220	Waveform 1	1	49380.798718750	49380.814968750	1400.000	4000.000	1.0000
220	Spectrogram 1	1	49380.798718750	49380.814968750	1400.000	4000.000	1.0000
221	Waveform 1	1	49400.236968750	49400.259718750	1400.000	4000.000	1.0000
221	Spectrogram 1	1	49400.236968750	49400.259718750	1400.000	4000.000	1.0000
222	Waveform 1	1	49400.574968750	49400.589593750	1400.000	4000.000	1.0000
222	Spectrogram 1	1	49400.574968750	49400.589593750	1400.000	4000.000	1.0000
223	Waveform 1	1	49425.629218750	49425.640593750	1400.000	4000.000	1.0000
223	Spectrogram 1	1	49425.629218750	49425.640593750	1400.000	4000.000	1.0000
224	Waveform 1	1	49447.306718750	49447.334343750	1400.000	4000.000	1.0000
224	Spectrogram 1	1	49447.306718750	49447.334343750	1400.000	4000.000	1.0000
225	Waveform 1	1	49447.641468750	49447.664218750	1400.000	4000.000	1.0000
225	Spectrogram 1	1	49447.641468750	49447.664218750	1400.000	4000.000	1.0000
226	Waveform 1	1	49546.772968750	49546.795718750	1400.000	4000.000	1.0000
226	Spectrogram 1	1	49546.772968750	49546.795718750	1400.000	4000.000	1.0000
227	Waveform 1	1	49571.971843750	49571.979968750	1400.000	4000.000	1.0000
227	Spectrogram 1	1	49571.971843750	49571.979968750	1400.000	4000.000	1.0000
228	Waveform 1	1	49659.838843750	49659.848593750	1400.000	4000.000	1.0000
228	Spectrogram 1	1	49659.838843750	49659.848593750	1400.000	4000.000	1.0000
229	Waveform 1	1	49757.645968750	49757.662218750	1400.000	4000.000	1.0000
229	Spectrogram 1	1	49757.645968750	49757.662218750	1400.000	4000.000	1.0000
230	Waveform 1	1	49942.653843750	49942.673343750	1400.000	4000.000	1.0000
230	Spectrogram 1	1	49942.653843750	49942.673343750	1400.000	4000.000	1.0000
231	Waveform 1	1	49964.783093750	49964.794468750	1400.000	4000.000	1.0000
231	Spectrogram 1	1	49964.783093750	49964.794468750	1400.000	4000.000	1.0000
232	Waveform 1	1	49965.449343750	49965.460718750	1400.000	4000.000	1.0000
232	Spectrogram 1	1	49965.449343750	49965.460718750	1400.000	4000.000	1.0000
233	Waveform 1	1	50111.275218750	50111.289843750	1400.000	4000.000	1.0000
233	Spectrogram 1	1	50111.275218750	50111.289843750	1400.000	4000.000	1.0000
234	Waveform 1	1	50119.416468750	50119.434343750	1400.000	4000.000	1.0000
234	Spectrogram 1	1	50119.416468750	50119.434343750	1400.000	4000.000	1.0000
235	Waveform 1	1	50400.450468750	50400.458593750	1400.000	4000.000	1.0000
235	Spectrogram 1	1	50400.450468750	50400.458593750	1400.000	4000.000	1.0000
236	Waveform 1	1	51166.730593750	51166.738718750	1400.000	4000.000	1.0000
236	Spectrogram 1	1	51166.730593750	51166.738718750	1400.000	4000.000	1.0000
237	Waveform 1	1	51444.124593750	51444.139218750	1400.000	4000.000	1.0000
237	Spectrogram 1	1	51444.124593750	51444.139218750	1400.000	4000.000	1.0000
238	Waveform 1	1	51646.547593750	51646.557343750	1400.000	4000.000	1.0000
238	Spectrogram 1	1	51646.547593750	51646.557343750	1400.000	4000.000	1.0000
239	Waveform 1	1	51855.889843750	51855.907718750	1400.000	4000.000	1.0000
239	Spectrogram 1	1	51855.889843750	51855.907718750	1400.000	4000.000	1.0000
240	Waveform 1	1	51902.324218750	51902.356718750	1400.000	4000.000	1.0000
240	Spectrogram 1	1	51902.324218750	51902.356718750	1400.000	4000.000	1.0000
241	Waveform 1	1	53467.587593750	53467.603843750	1400.000	4000.000	1.0000
241	Spectrogram 1	1	53467.587593750	53467.603843750	1400.000	4000.000	1.0000
242	Waveform 1	1	53472.111593750	53472.140843750	1400.000	4000.000	1.0000
242	Spectrogram 1	1	53472.111593750	53472.140843750	1400.000	4000.000	1.0000
243	Waveform 1	1	53472.256218750	53472.278968750	1400.000	4000.000	1.0000
243	Spectrogram 1	1	53472.256218750	53472.278968750	1400.000	4000.000	1.0000
244	Waveform 1	1	53472.332593750	53472.361843750	1400.000	4000.000	1.0000
244	Spectrogram 1	1	53472.332593750	53472.361843750	1400.000	4000.000	1.0000
245	Waveform 1	1	53472.545468750	53472.568218750	1400.000	4000.000	1.0000
245	Spectrogram 1	1	53472.545468750	53472.568218750	1400.000	4000.000	1.0000
246	Waveform 1	1	53473.639093750	53473.656968750	1400.000	4000.000	1.0000
246	Spectrogram 1	1	53473.639093750	53473.656968750	1400.000	4000.000	1.0000
247	Waveform 1	1	53473.769093750	53473.778843750	1400.000	4000.000	1.0000
247	Spectrogram 1	1	53473.769093750	53473.778843750	1400.000	4000.000	1.0000
248	Waveform 1	1	53622.302218750	53622.310343750	1400.000	4000.000	1.0000
248	Spectrogram 1	1	53622.302218750	53622.310343750	1400.000	4000.000	1.0000
249	Waveform 1	1	53701.626593750	53701.642843750	1400.000	4000.000	1.0000
249	Spectrogram 1	1	53701.626593750	53701.642843750	1400.000	4000.000	1.0000
250	Waveform 1	1	53754.557718750	53754.565843750	1400.000	4000.000	1.0000
250	Spectrogram 1	1	53754.557718750	53754.565843750	1400.000	4000.000	1.0000
251	Waveform 1	1	53884.980218750	53884.999718750	1400.000	4000.000	1.0000
251	Spectrogram 1	1	53884.980218750	53884.999718750	1400.000	4000.000	1.0000
252	Waveform 1	1	54238.432343750	54238.451843750	1400.000	4000.000	1.0000
252	Spectrogram 1	1	54238.432343750	54238.451843750	1400.000	4000.000	1.0000
253	Waveform 1	1	54756.480718750	54756.501843750	1400.000	4000.000	1.0000
253	Spectrogram 1	1	54756.480718750	54756.501843750	1400.000	4000.000	1.0000
254	Waveform 1	1	54775.566343750	54775.574468750	1400.000	4000.000	1.0000
254	Spectrogram 1	1	54775.566343750	54775.574468750	1400.000	4000.000	1.0000
255	Waveform 1	1	54784.076468750	54784.089468750	1400.000	4000.000	1.0000
255	Spectrogram 1	1	54784.076468750	54784.089468750	1400.000	4000.000	1.0000
256	Waveform 1	1	54803.964843750	54803.974593750	1400.000	4000.000	1.0000
256	Spectrogram 1	1	54803.964843750	54803.974593750	1400.000	4000.000	1.0000
257	Waveform 1	1	54839.474343750	54839.482468750	1400.000	4000.000	1.0000
257	Spectrogram 1	1	54839.474343750	54839.482468750	1400.000	4000.000	1.0000
258	Waveform 1	1	54840.840968750	54840.852343750	1400.000	4000.000	1.0000
258	Spectrogram 1	1	54840.840968750	54840.852343750	1400.000	4000.000	1.0000
259	Waveform 1	1	54842.179968750	54842.188093750	1400.000	4000.000	1.0000
259	Spectrogram 1	1	54842.179968750	54842.188093750	1400.000	4000.000	1.0000
260	Waveform 1	1	54853.571218750	54853.580968750	1400.000	4000.000	1.0000
260	Spectrogram 1	1	54853.571218750	54853.580968750	1400.000	4000.000	1.0000
261	Waveform 1	1	54854.559218750	54854.572218750	1400.000	4000.000	1.0000
261	Spectrogram 1	1	54854.559218750	54854.572218750	1400.000	4000.000	1.0000
262	Waveform 1	1	54859.793343750	54859.801468750	1400.000	4000.000	1.0000
262	Spectrogram 1	1	54859.793343750	54859.801468750	1400.000	4000.000	1.0000
263	Waveform 1	1	54860.106968750	54860.119968750	1400.000	4000.000	1.0000
263	Spectrogram 1	1	54860.106968750	54860.119968750	1400.000	4000.000	1.0000
264	Waveform 1	1	54864.843843750	54864.853593750	1400.000	4000.000	1.0000
264	Spectrogram 1	1	54864.843843750	54864.853593750	1400.000	4000.000	1.0000
265	Waveform 1	1	54865.206218750	54865.214343750	1400.000	4000.000	1.0000
265	Spectrogram 1	1	54865.206218750	54865.214343750	1400.000	4000.000	1.0000
266	Waveform 1	1	54889.974468750	54889.984218750	1400.000	4000.000	1.0000
266	Spectrogram 1	1	54889.974468750	54889.984218750	1400.000	4000.000	1.0000
267	Waveform 1	1	54892.013843750	54892.021968750	1400.000	4000.000	1.0000
267	Spectrogram 1	1	54892.013843750	54892.021968750	1400.000	4000.000	1.0000
268	Waveform 1	1	54892.296593750	54892.306343750	1400.000	4000.000	1.0000
268	Spectrogram 1	1	54892.296593750	54892.306343750	1400.000	4000.000	1.0000
269	Waveform 1	1	54990.657843750	54990.665968750	1400.000	4000.000	1.0000
269	Spectrogram 1	1	54990.657843750	54990.665968750	1400.000	4000.000	1.0000
270	Waveform 1	1	54990.755343750	54990.763468750	1400.000	4000.000	1.0000
270	Spectrogram 1	1	54990.755343750	54990.763468750	1400.000	4000.000	1.0000
271	Waveform 1	1	55101.640468750	55101.668093750	1400.000	4000.000	1.0000
271	Spectrogram 1	1	55101.640468750	55101.668093750	1400.000	4000.000	1.0000
272	Waveform 1	1	55104.048718750	55104.071468750	1400.000	4000.000	1.0000
272	Spectrogram 1	1	55104.048718750	55104.071468750	1400.000	4000.000	1.0000
273	Waveform 1	1	55157.049718750	55157.057843750	1400.000	4000.000	1.0000
273	Spectrogram 1	1	55157.049718750	55157.057843750	1400.000	4000.000	1.0000
274	Waveform 1	1	55170.876843750	55170.884968750	1400.000	4000.000	1.0000
274	Spectrogram 1	1	55170.876843750	55170.884968750	1400.000	4000.000	1.0000
275	Waveform 1	1	55244.578718750	55244.590093750	1400.000	4000.000	1.0000
275	Spectrogram 1	1	55244.578718750	55244.590093750	1400.000	4000.000	1.0000
276	Waveform 1	1	55249.289593750	55249.297718750	1400.000	4000.000	1.0000
276	Spectrogram 1	1	55249.289593750	55249.297718750	1400.000	4000.000	1.0000
277	Waveform 1	1	55249.552843750	55249.577218750	1400.000	4000.000	0.8667
277	Spectrogram 1	1	55249.552843750	55249.577218750	1400.000	4000.000	0.8667
278	Waveform 1	1	55249.679593750	55249.699093750	1400.000	4000.000	1.0000
278	Spectrogram 1	1	55249.679593750	55249.699093750	1400.000	4000.000	1.0000
279	Waveform 1	1	55249.996468750	55250.020843750	1400.000	4000.000	1.0000
279	Spectrogram 1	1	55249.996468750	55250.020843750	1400.000	4000.000	1.0000
280	Waveform 1	1	55255.108718750	55255.120093750	1400.000	4000.000	1.0000
280	Spectrogram 1	1	55255.108718750	55255.120093750	1400.000	4000.000	1.0000
281	Waveform 1	1	55340.388718750	55340.396843750	1400.000	4000.000	1.0000
281	Spectrogram 1	1	55340.388718750	55340.396843750	1400.000	4000.000	1.0000
282	Waveform 1	1	55362.698343750	55362.709718750	1400.000	4000.000	1.0000
282	Spectrogram 1	1	55362.698343750	55362.709718750	1400.000	4000.000	1.0000
283	Waveform 1	1	55366.112468750	55366.122218750	1400.000	4000.000	1.0000
283	Spectrogram 1	1	55366.112468750	55366.122218750	1400.000	4000.000	1.0000
284	Waveform 1	1	55366.700718750	55366.708843750	1400.000	4000.000	1.0000
284	Spectrogram 1	1	55366.700718750	55366.708843750	1400.000	4000.000	1.0000
285	Waveform 1	1	55378.893093750	55378.909343750	1400.000	4000.000	1.0000
285	Spectrogram 1	1	55378.893093750	55378.909343750	1400.000	4000.000	1.0000
286	Waveform 1	1	55593.971593750	55593.981343750	1400.000	4000.000	1.0000
286	Spectrogram 1	1	55593.971593750	55593.981343750	1400.000	4000.000	1.0000
287	Waveform 1	1	55634.908593750	55634.923218750	1400.000	4000.000	1.0000
287	Spectrogram 1	1	55634.908593750	55634.923218750	1400.000	4000.000	1.0000
288	Waveform 1	1	55645.891968750	55645.900093750	1400.000	4000.000	1.0000
288	Spectrogram 1	1	55645.891968750	55645.900093750	1400.000	4000.000	1.0000
289	Waveform 1	1	55646.400593750	55646.410343750	1400.000	4000.000	1.0000
289	Spectrogram 1	1	55646.400593750	55646.410343750	1400.000	4000.000	1.0000
290	Waveform 1	1	55654.163218750	55654.171343750	1400.000	4000.000	1.0000
290	Spectrogram 1	1	55654.163218750	55654.171343750	1400.000	4000.000	1.0000
291	Waveform 1	1	55654.335468750	55654.343593750	1400.000	4000.000	1.0000
291	Spectrogram 1	1	55654.335468750	55654.343593750	1400.000	4000.000	1.0000
292	Waveform 1	1	55654.943218750	55654.954593750	1400.000	4000.000	1.0000
292	Spectrogram 1	1	55654.943218750	55654.954593750	1400.000	4000.000	1.0000
293	Waveform 1	1	55655.000093750	55655.009843750	1400.000	4000.000	1.0000
293	Spectrogram 1	1	55655.000093750	55655.009843750	1400.000	4000.000	1.0000
294	Waveform 1	1	55655.058593750	55655.071593750	1400.000	4000.000	1.0000
294	Spectrogram 1	1	55655.058593750	55655.071593750	1400.000	4000.000	1.0000
295	Waveform 1	1	55655.138218750	55655.149593750	1400.000	4000.000	1.0000
295	Spectrogram 1	1	55655.138218750	55655.149593750	1400.000	4000.000	1.0000
296	Waveform 1	1	55655.890593750	55655.900343750	1400.000	4000.000	1.0000
296	Spectrogram 1	1	55655.890593750	55655.900343750	1400.000	4000.000	1.0000
297	Waveform 1	1	55656.035218750	55656.048218750	1400.000	4000.000	1.0000
297	Spectrogram 1	1	55656.035218750	55656.048218750	1400.000	4000.000	1.0000
298	Waveform 1	1	55665.622718750	55665.630843750	1400.000	4000.000	1.0000
298	Spectrogram 1	1	55665.622718750	55665.630843750	1400.000	4000.000	1.0000
299	Waveform 1	1	58672.610468750	58672.620218750	1400.000	4000.000	1.0000
299	Spectrogram 1	1	58672.610468750	58672.620218750	1400.000	4000.000	1.0000
300	Waveform 1	1	58693.894718750	58693.902843750	1400.000	4000.000	1.0000
300	Spectrogram 1	1	58693.894718750	58693.902843750	1400.000	4000.000	1.0000
301	Waveform 1	1	59349.185718750	59349.201968750	1400.000	4000.000	1.0000
301	Spectrogram 1	1	59349.185718750	59349.201968750	1400.000	4000.000	1.0000
302	Waveform 1	1	59631.844718750	59631.856093750	1400.000	4000.000	1.0000
302	Spectrogram 1	1	59631.844718750	59631.856093750	1400.000	4000.000	1.0000
303	Waveform 1	1	59743.097093750	59743.110093750	1400.000	4000.000	1.0000
303	Spectrogram 1	1	59743.097093750	59743.110093750	1400.000	4000.000	1.0000
304	Waveform 1	1	59830.895843750	59830.905593750	1400.000	4000.000	1.0000
304	Spectrogram 1	1	59830.895843750	59830.905593750	1400.000	4000.000	1.0000
305	Waveform 1	1	60770.132843750	60770.150718750	1400.000	4000.000	1.0000
305	Spectrogram 1	1	60770.132843750	60770.150718750	1400.000	4000.000	1.0000
306	Waveform 1	1	61116.932218750	61116.946843750	1400.000	4000.000	1.0000
306	Spectrogram 1	1	61116.932218750	61116.946843750	1400.000	4000.000	1.0000
307	Waveform 1	1	61739.060218750	61739.071593750	1400.000	4000.000	1.0000
307	Spectrogram 1	1	61739.060218750	61739.071593750	1400.000	4000.000	1.0000
308	Waveform 1	1	61884.091468750	61884.099593750	1400.000	4000.000	1.0000
308	Spectrogram 1	1	61884.091468750	61884.099593750	1400.000	4000.000	1.0000
309	Waveform 1	1	62121.583593750	62121.604718750	1400.000	4000.000	1.0000
309	Spectrogram 1	1	62121.583593750	62121.604718750	1400.000	4000.000	1.0000
310	Waveform 1	1	62451.970468750	62451.985093750	1400.000	4000.000	1.0000
310	Spectrogram 1	1	62451.970468750	62451.985093750	1400.000	4000.000	1.0000
311	Waveform 1	1	62468.703093750	62468.716093750	1400.000	4000.000	1.0000
311	Spectrogram 1	1	62468.703093750	62468.716093750	1400.000	4000.000	1.0000
312	Waveform 1	1	62759.717843750	62759.729218750	1400.000	4000.000	1.0000
312	Spectrogram 1	1	62759.717843750	62759.729218750	1400.000	4000.000	1.0000
313	Waveform 1	1	63007.359718750	63007.372718750	1400.000	4000.000	1.0000
313	Spectrogram 1	1	63007.359718750	63007.372718750	1400.000	4000.000	1.0000
314	Waveform 1	1	63331.465968750	63331.482218750	1400.000	4000.000	0.7000
314	Spectrogram 1	1	63331.465968750	63331.482218750	1400.000	4000.000	0.7000
315	Waveform 1	1	63342.145468750	63342.171468750	1400.000	4000.000	1.0000
315	Spectrogram 1	1	63342.145468750	63342.171468750	1400.000	4000.000	1.0000
316	Waveform 1	1	63353.010218750	63353.018343750	1400.000	4000.000	1.0000
316	Spectrogram 1	1	63353.010218750	63353.018343750	1400.000	4000.000	1.0000
317	Waveform 1	1	63353.821093750	63353.850343750	1400.000	4000.000	1.0000
317	Spectrogram 1	1	63353.821093750	63353.850343750	1400.000	4000.000	1.0000
318	Waveform 1	1	64129.531093750	64129.552218750	1400.000	4000.000	1.0000
318	Spectrogram 1	1	64129.531093750	64129.552218750	1400.000	4000.000	1.0000
319	Waveform 1	1	64261.731343750	64261.744343750	1400.000	4000.000	1.0000
319	Spectrogram 1	1	64261.731343750	64261.744343750	1400.000	4000.000	1.0000
320	Waveform 1	1	64261.780093750	64261.793093750	1400.000	4000.000	1.0000
320	Spectrogram 1	1	64261.780093750	64261.793093750	1400.000	4000.000	1.0000
321	Waveform 1	1	64298.761843750	64298.773218750	1400.000	4000.000	1.0000
321	Spectrogram 1	1	64298.761843750	64298.773218750	1400.000	4000.000	1.0000
322	Waveform 1	1	64665.964718750	64665.979343750	1400.000	4000.000	1.0000
322	Spectrogram 1	1	64665.964718750	64665.979343750	1400.000	4000.000	1.0000
323	Waveform 1	1	70854.757718750	70854.775593750	1400.000	4000.000	1.0000
323	Spectrogram 1	1	70854.757718750	70854.775593750	1400.000	4000.000	1.0000
324	Waveform 1	1	70890.608468750	70890.636093750	1400.000	4000.000	0.8235
324	Spectrogram 1	1	70890.608468750	70890.636093750	1400.000	4000.000	0.8235
325	Waveform 1	1	71394.681843750	71394.693218750	1400.000	4000.000	1.0000
325	Spectrogram 1	1	71394.681843750	71394.693218750	1400.000	4000.000	1.0000
326	Waveform 1	1	71564.824218750	71564.842093750	1400.000	4000.000	1.0000
326	Spectrogram 1	1	71564.824218750	71564.842093750	1400.000	4000.000	1.0000
327	Waveform 1	1	72316.380218750	72316.393218750	1400.000	4000.000	1.0000
327	Spectrogram 1	1	72316.380218750	72316.393218750	1400.000	4000.000	1.0000
328	Waveform 1	1	72443.541343750	72443.565718750	1400.000	4000.000	1.0000
328	Spectrogram 1	1	72443.541343750	72443.565718750	1400.000	4000.000	1.0000
329	Waveform 1	1	73204.800218750	73204.821343750	1400.000	4000.000	1.0000
329	Spectrogram 1	1	73204.800218750	73204.821343750	1400.000	4000.000	1.0000
330	Waveform 1	1	74284.006593750	74284.027718750	1400.000	4000.000	1.0000
330	Spectrogram 1	1	74284.006593750	74284.027718750	1400.000	4000.000	1.0000
331	Waveform 1	1	74601.538093750	74601.564093750	1400.000	4000.000	1.0000
331	Spectrogram 1	1	74601.538093750	74601.564093750	1400.000	4000.000	1.0000
332	Waveform 1	1	74601.599843750	74601.617718750	1400.000	4000.000	1.0000
332	Spectrogram 1	1	74601.599843750	74601.617718750	1400.000	4000.000	1.0000
333	Waveform 1	1	75638.396968750	75638.414843750	1400.000	4000.000	1.0000
333	Spectrogram 1	1	75638.396968750	75638.414843750	1400.000	4000.000	1.0000
334	Waveform 1	1	75638.461968750	75638.478218750	1400.000	4000.000	1.0000
334	Spectrogram 1	1	75638.461968750	75638.478218750	1400.000	4000.000	1.0000
335	Waveform 1	1	75678.185093750	75678.204593750	1400.000	4000.000	1.0000
335	Spectrogram 1	1	75678.185093750	75678.204593750	1400.000	4000.000	1.0000
336	Waveform 1	1	75678.253343750	75678.274468750	1400.000	4000.000	1.0000
336	Spectrogram 1	1	75678.253343750	75678.274468750	1400.000	4000.000	1.0000
337	Waveform 1	1	75733.399343750	75733.418843750	1400.000	4000.000	1.0000
337	Spectrogram 1	1	75733.399343750	75733.418843750	1400.000	4000.000	1.0000
338	Waveform 1	1	75733.478968750	75733.500093750	1400.000	4000.000	1.0000
338	Spectrogram 1	1	75733.478968750	75733.500093750	1400.000	4000.000	1.0000
339	Waveform 1	1	75777.409218750	75777.420593750	1400.000	4000.000	1.0000
339	Spectrogram 1	1	75777.409218750	75777.420593750	1400.000	4000.000	1.0000
340	Waveform 1	1	75857.770343750	75857.784968750	1400.000	4000.000	1.0000
340	Spectrogram 1	1	75857.770343750	75857.784968750	1400.000	4000.000	1.0000
341	Waveform 1	1	77146.530218750	77146.548093750	1400.000	4000.000	1.0000
341	Spectrogram 1	1	77146.530218750	77146.548093750	1400.000	4000.000	1.0000
342	Waveform 1	1	77146.580593750	77146.591968750	1400.000	4000.000	1.0000
342	Spectrogram 1	1	77146.580593750	77146.591968750	1400.000	4000.000	1.0000
343	Waveform 1	1	77979.739218750	77979.761968750	1400.000	4000.000	1.0000
343	Spectrogram 1	1	77979.739218750	77979.761968750	1400.000	4000.000	1.0000
344	Waveform 1	1	78802.640843750	78802.653843750	1400.000	4000.000	1.0000
344	Spectrogram 1	1	78802.640843750	78802.653843750	1400.000	4000.000	1.0000
345	Waveform 1	1	79080.587343750	79080.601968750	1400.000	4000.000	1.0000
345	Spectrogram 1	1	79080.587343750	79080.601968750	1400.000	4000.000	1.0000
346	Waveform 1	1	80837.010843750	80837.030343750	1400.000	4000.000	1.0000
346	Spectrogram 1	1	80837.010843750	80837.030343750	1400.000	4000.000	1.0000
347	Waveform 1	1	80837.834718750	80837.847718750	1400.000	4000.000	1.0000
347	Spectrogram 1	1	80837.834718750	80837.847718750	1400.000	4000.000	1.0000
348	Waveform 1	1	82234.856968750	82234.871593750	1400.000	4000.000	1.0000
348	Spectrogram 1	1	82234.856968750	82234.871593750	1400.000	4000.000	1.0000
349	Waveform 1	1	82927.196343750	82927.204468750	1400.000	4000.000	1.0000
349	Spectrogram 1	1	82927.196343750	82927.204468750	1400.000	4000.000	1.0000
350	Waveform 1	1	83550.476468750	83550.487843750	1400.000	4000.000	1.0000
350	Spectrogram 1	1	83550.476468750	83550.487843750	1400.000	4000.000	1.0000
351	Waveform 1	1	84503.280593750	84503.288718750	1400.000	4000.000	1.0000
351	Spectrogram 1	1	84503.280593750	84503.288718750	1400.000	4000.000	1.0000
352	Waveform 1	1	84528.906843750	84528.916593750	1400.000	4000.000	1.0000
352	Spectrogram 1	1	84528.906843750	84528.916593750	1400.000	4000.000	1.0000
353	Waveform 1	1	85655.114718750	85655.126093750	1400.000	4000.000	1.0000
353	Spectrogram 1	1	85655.114718750	85655.126093750	1400.000	4000.000	1.0000
354	Waveform 1	1	85713.099593750	85713.110968750	1400.000	4000.000	1.0000
354	Spectrogram 1	1	85713.099593750	85713.110968750	1400.000	4000.000	1.0000
355	Waveform 1	1	86230.010468750	86230.029968750	1400.000	4000.000	1.0000
355	Spectrogram 1	1	86230.010468750	86230.029968750	1400.000	4000.000	1.0000
