Selection	View	Channel	Begin Time (s)	End Time (s)	Low Freq (Hz)	High Freq (Hz)	Occupancy
1	Waveform 1	1	892.776343750	892.802343750	1400.000	4000.000	1.0000
1	Spectrogram 1	1	892.776343750	892.802343750	1400.000	4000.000	1.0000
2	Waveform 1	1	2684.493218750	2684.504593750	1400.000	4000.000	1.0000
2	Spectrogram 1	1	2684.493218750	2684.504593750	1400.000	4000.000	1.0000
3	Waveform 1	1	8680.299593750	8680.320718750	1400.000	4000.000	1.0000
3	Spectrogram 1	1	8680.299593750	8680.320718750	1400.000	4000.000	1.0000
4	Waveform 1	1	11875.545218750	11875.554968750	1400.000	4000.000	1.0000
4	Spectrogram 1	1	11875.545218750	11875.554968750	1400.000	4000.000	1.0000
5	Waveform 1	1	15719.232468750	15719.242218750	1400.000	4000.000	1.0000
5	Spectrogram 1	1	15719.232468750	15719.242218750	1400.000	4000.000	1.0000
6	Waveform 1	1	15979.045593750	15979.053718750	1400.000	4000.000	1.0000
6	Spectrogram 1	1	15979.045593750	15979.053718750	1400.000	4000.000	1.0000
7	Waveform 1	1	16208.622343750	16208.630468750	1400.000	4000.000	1.0000
7	Spectrogram 1	1	16208.622343750	16208.630468750	1400.000	4000.000	1.0000
8	Waveform 1	1	16379.778718750	16379.796593750	1400.000	4000.000	1.0000
8	Spectrogram 1	1	16379.778718750	16379.796593750	1400.000	4000.000	1.0000
9	Waveform 1	1	16488.892593750	16488.903968750	1400.000	4000.000	1.0000
9	Spectrogram 1	1	16488.892593750	16488.903968750	1400.000	4000.000	1.0000
10	Waveform 1	1	16490.626468750	16490.636218750	1400.000	4000.000	1.0000
10	Spectrogram 1	1	16490.626468750	16490.636218750	1400.000	4000.000	1.0000
11	Waveform 1	1	17913.058843750	17913.070218750	1400.000	4000.000	1.0000
11	Spectrogram 1	1	17913.058843750	17913.070218750	1400.000	4000.000	1.0000
12	Waveform 1	1	17913.164468750	17913.177468750	1400.000	4000.000	1.0000
12	Spectrogram 1	1	17913.164468750	17913.177468750	1400.000	4000.000	1.0000
13	Waveform 1	1	20361.270843750	20361.278968750	1400.000	4000.000	1.0000
13	Spectrogram 1	1	20361.270843750	20361.278968750	1400.000	4000.000	1.0000
14	Waveform 1	1	21565.907718750	21565.917468750	1400.000	4000.000	1.0000
14	Spectrogram 1	1	21565.907718750	21565.917468750	1400.000	4000.000	1.0000
15	Waveform 1	1	22171.395718750	22171.405468750	1400.000	4000.000	1.0000
15	Spectrogram 1	1	22171.395718750	22171.405468750	1400.000	4000.000	1.0000
16	Waveform 1	1	22216.063718750	22216.071843750	1400.000	4000.000	1.0000
16	Spectrogram 1	1	22216.063718750	22216.071843750	1400.000	4000.000	1.0000
17	Waveform 1	1	22218.187593750	22218.195718750	1400.000	4000.000	1.0000
17	Spectrogram 1	1	22218.187593750	22218.195718750	1400.000	4000.000	1.0000
18	Waveform 1	1	25792.123218750	25792.131343750	1400.000	4000.000	1.0000
18	Spectrogram 1	1	25792.123218750	25792.131343750	1400.000	4000.000	1.0000
19	Waveform 1	1	26043.491218750	26043.499343750	1400.000	4000.000	1.0000
19	Spectrogram 1	1	26043.491218750	26043.499343750	1400.000	4000.000	1.0000
20	Waveform 1	1	26069.260468750	26069.268593750	1400.000	4000.000	1.0000
20	Spectrogram 1	1	26069.260468750	26069.268593750	1400.000	4000.000	1.0000
21	Waveform 1	1	26226.373593750	26226.381718750	1400.000	4000.000	1.0000
21	Spectrogram 1	1	26226.373593750	26226.381718750	1400.000	4000.000	1.0000
22	Waveform 1	1	26276.737218750	26276.748593750	1400.000	4000.000	1.0000
22	Spectrogram 1	1	26276.737218750	26276.748593750	1400.000	4000.000	1.0000
23	Waveform 1	1	26291.006343750	26291.014468750	1400.000	4000.000	1.0000
23	Spectrogram 1	1	26291.006343750	26291.014468750	1400.000	4000.000	1.0000
24	Waveform 1	1	26685.715593750	26685.748093750	1400.000	4000.000	0.8000
24	Spectrogram 1	1	26685.715593750	26685.748093750	1400.000	4000.000	0.8000
25	Waveform 1	1	26685.852093750	26685.878093750	1400.000	4000.000	1.0000
25	Spectrogram 1	1	26685.852093750	26685.878093750	1400.000	4000.000	1.0000
26	Waveform 1	1	27173.131093750	27173.139218750	1400.000	4000.000	1.0000
26	Spectrogram 1	1	27173.131093750	27173.139218750	1400.000	4000.000	1.0000
27	Waveform 1	1	27186.722593750	27186.730718750	1400.000	4000.000	1.0000
27	Spectrogram 1	1	27186.722593750	27186.730718750	1400.000	4000.000	1.0000
28	Waveform 1	1	28471.717343750	28471.741718750	1400.000	4000.000	1.0000
28	Spectrogram 1	1	28471.717343750	28471.741718750	1400.000	4000.000	1.0000
29	Waveform 1	1	28491.654468750	28491.669093750	1400.000	4000.000	1.0000
29	Spectrogram 1	1	28491.654468750	28491.669093750	1400.000	4000.000	1.0000
30	Waveform 1	1	28501.389843750	28501.414218750	1400.000	4000.000	1.0000
30	Spectrogram 1	1	28501.389843750	28501.414218750	1400.000	4000.000	1.0000
31	Waveform 1	1	28501.456468750	28501.474343750	1400.000	4000.000	1.0000
31	Spectrogram 1	1	28501.456468750	28501.474343750	1400.000	4000.000	1.0000
32	Waveform 1	1	28501.604343750	28501.627093750	1400.000	4000.000	1.0000
32	Spectrogram 1	1	28501.604343750	28501.627093750	1400.000	4000.000	1.0000
33	Waveform 1	1	28520.558343750	28520.572968750	1400.000	4000.000	1.0000
33	Spectrogram 1	1	28520.558343750	28520.572968750	1400.000	4000.000	1.0000
34	Waveform 1	1	28520.639593750	28520.660718750	1400.000	4000.000	1.0000
34	Spectrogram 1	1	28520.639593750	28520.660718750	1400.000	4000.000	1.0000
35	Waveform 1	1	28520.772843750	28520.782593750	1400.000	4000.000	1.0000
35	Spectrogram 1	1	28520.772843750	28520.782593750	1400.000	4000.000	1.0000
36	Waveform 1	1	28522.602593750	28522.610718750	1400.000	4000.000	1.0000
36	Spectrogram 1	1	28522.602593750	28522.610718750	1400.000	4000.000	1.0000
37	Waveform 1	1	28522.667593750	28522.675718750	1400.000	4000.000	1.0000
37	Spectrogram 1	1	28522.667593750	28522.675718750	1400.000	4000.000	1.0000
38	Waveform 1	1	28522.753718750	28522.781343750	1400.000	4000.000	1.0000
38	Spectrogram 1	1	28522.753718750	28522.781343750	1400.000	4000.000	1.0000
39	Waveform 1	1	28522.828468750	28522.838218750	1400.000	4000.000	1.0000
39	Spectrogram 1	1	28522.828468750	28522.838218750	1400.000	4000.000	1.0000
40	Waveform 1	1	28544.908968750	28544.920343750	1400.000	4000.000	1.0000
40	Spectrogram 1	1	28544.908968750	28544.920343750	1400.000	4000.000	1.0000
41	Waveform 1	1	28545.118593750	28545.144593750	1400.000	4000.000	1.0000
41	Spectrogram 1	1	28545.118593750	28545.144593750	1400.000	4000.000	1.0000
42	Waveform 1	1	28545.305468750	28545.318468750	1400.000	4000.000	1.0000
42	Spectrogram 1	1	28545.305468750	28545.318468750	1400.000	4000.000	1.0000
43	Waveform 1	1	28545.420843750	28545.433843750	1400.000	4000.000	1.0000
43	Spectrogram 1	1	28545.420843750	28545.433843750	1400.000	4000.000	1.0000
44	Waveform 1	1	28545.487468750	28545.506968750	1400.000	4000.000	1.0000
44	Spectrogram 1	1	28545.487468750	28545.506968750	1400.000	4000.000	1.0000
45	Waveform 1	1	28545.550843750	28545.576843750	1400.000	4000.000	1.0000
45	Spectrogram 1	1	28545.550843750	28545.576843750	1400.000	4000.000	1.0000
46	Waveform 1	1	28558.222593750	28558.235593750	1400.000	4000.000	1.0000
46	Spectrogram 1	1	28558.222593750	28558.235593750	1400.000	4000.000	1.0000
47	Waveform 1	1	28582.334343750	28582.352218750	1400.000	4000.000	1.0000
47	Spectrogram 1	1	28582.334343750	28582.352218750	1400.000	4000.000	1.0000
48	Waveform 1	1	28603.300093750	28603.309843750	1400.000	4000.000	1.0000
48	Spectrogram 1	1	28603.300093750	28603.309843750	1400.000	4000.000	1.0000
49	Waveform 1	1	28615.731343750	28615.749218750	1400.000	4000.000	1.0000
49	Spectrogram 1	1	28615.731343750	28615.749218750	1400.000	4000.000	1.0000
50	Waveform 1	1	28616.446343750	28616.454468750	1400.000	4000.000	1.0000
50	Spectrogram 1	1	28616.446343750	28616.454468750	1400.000	4000.000	1.0000
51	Waveform 1	1	28629.826593750	28629.834718750	1400.000	4000.000	1.0000
51	Spectrogram 1	1	28629.826593750	28629.834718750	1400.000	4000.000	1.0000
52	Waveform 1	1	28634.842968750	28634.851093750	1400.000	4000.000	1.0000
52	Spectrogram 1	1	28634.842968750	28634.851093750	1400.000	4000.000	1.0000
53	Waveform 1	1	28649.664593750	28649.679218750	1400.000	4000.000	1.0000
53	Spectrogram 1	1	28649.664593750	28649.679218750	1400.000	4000.000	1.0000
54	Waveform 1	1	28653.536968750	28653.548343750	1400.000	4000.000	1.0000
54	Spectrogram 1	1	28653.536968750	28653.548343750	1400.000	4000.000	1.0000
55	Waveform 1	1	28653.611718750	28653.642593750	1400.000	4000.000	1.0000
55	Spectrogram 1	1	28653.611718750	28653.642593750	1400.000	4000.000	1.0000
56	Waveform 1	1	28653.676718750	28653.699468750	1400.000	4000.000	1.0000
56	Spectrogram 1	1	28653.676718750	28653.699468750	1400.000	4000.000	1.0000
57	Waveform 1	1	28653.873343750	28653.889593750	1400.000	4000.000	1.0000
57	Spectrogram 1	1	28653.873343750	28653.889593750	1400.000	4000.000	1.0000
58	Waveform 1	1	28656.447343750	28656.470093750	1400.000	4000.000	1.0000
58	Spectrogram 1	1	28656.447343750	28656.470093750	1400.000	4000.000	1.0000
59	Waveform 1	1	28656.749593750	28656.765843750	1400.000	4000.000	1.0000
59	Spectrogram 1	1	28656.749593750	28656.765843750	1400.000	4000.000	1.0000
60	Waveform 1	1	28656.840593750	28656.858468750	1400.000	4000.000	1.0000
60	Spectrogram 1	1	28656.840593750	28656.858468750	1400.000	4000.000	1.0000
61	Waveform 1	1	28657.043718750	28657.063218750	1400.000	4000.000	1.0000
61	Spectrogram 1	1	28657.043718750	28657.063218750	1400.000	4000.000	1.0000
62	Waveform 1	1	28658.142218750	28658.158468750	1400.000	4000.000	1.0000
62	Spectrogram 1	1	28658.142218750	28658.158468750	1400.000	4000.000	1.0000
63	Waveform 1	1	28667.950718750	28667.971843750	1400.000	4000.000	1.0000
63	Spectrogram 1	1	28667.950718750	28667.971843750	1400.000	4000.000	1.0000
64	Waveform 1	1	28674.931718750	28674.949593750	1400.000	4000.000	1.0000
64	Spectrogram 1	1	28674.931718750	28674.949593750	1400.000	4000.000	1.0000
65	Waveform 1	1	28677.746218750	28677.759218750	1400.000	4000.000	1.0000
65	Spectrogram 1	1	28677.746218750	28677.759218750	1400.000	4000.000	1.0000
66	Waveform 1	1	28678.167093750	28678.186593750	1400.000	4000.000	1.0000
66	Spectrogram 1	1	28678.167093750	28678.186593750	1400.000	4000.000	1.0000
67	Waveform 1	1	28716.796593750	28716.814468750	1400.000	4000.000	1.0000
67	Spectrogram 1	1	28716.796593750	28716.814468750	1400.000	4000.000	1.0000
68	Waveform 1	1	28758.016343750	28758.034218750	1400.000	4000.000	1.0000
68	Spectrogram 1	1	28758.016343750	28758.034218750	1400.000	4000.000	1.0000
69	Waveform 1	1	29040.514468750	29040.522593750	1400.000	4000.000	1.0000
69	Spectrogram 1	1	29040.514468750	29040.522593750	1400.000	4000.000	1.0000
70	Waveform 1	1	29801.136343750	29801.149343750	1400.000	4000.000	1.0000
70	Spectrogram 1	1	29801.136343750	29801.149343750	1400.000	4000.000	1.0000
71	Waveform 1	1	32379.995093750	32380.012968750	1400.000	4000.000	1.0000
71	Spectrogram 1	1	32379.995093750	32380.012968750	1400.000	4000.000	1.0000
72	Waveform 1	1	32381.639593750	32381.662343750	1400.000	4000.000	1.0000
72	Spectrogram 1	1	32381.639593750	32381.662343750	1400.000	4000.000	1.0000
73	Waveform 1	1	32381.732218750	32381.748468750	1400.000	4000.000	1.0000
73	Spectrogram 1	1	32381.732218750	32381.748468750	1400.000	4000.000	1.0000
74	Waveform 1	1	33095.489093750	33095.508593750	1400.000	4000.000	1.0000
74	Spectrogram 1	1	33095.489093750	33095.508593750	1400.000	4000.000	1.0000
75	Waveform 1	1	34438.860343750	34438.870093750	1400.000	4000.000	1.0000
75	Spectrogram 1	1	34438.860343750	34438.870093750	1400.000	4000.000	1.0000
76	Waveform 1	1	36222.317343750	36222.338468750	1400.000	4000.000	1.0000
76	Spectrogram 1	1	36222.317343750	36222.338468750	1400.000	4000.000	1.0000
77	Waveform 1	1	40202.007343750	40202.034968750	1400.000	4000.000	0.8235
77	Spectrogram 1	1	40202.007343750	40202.034968750	1400.000	4000.000	0.8235
78	Waveform 1	1	40514.727218750	40514.751593750	1400.000	4000.000	1.0000
78	Spectrogram 1	1	40514.727218750	40514.751593750	1400.000	4000.000	1.0000
79	Waveform 1	1	40702.837218750	40702.848593750	1400.000	4000.000	1.0000
79	Spectrogram 1	1	40702.837218750	40702.848593750	1400.000	4000.000	1.0000
80	Waveform 1	1	40702.895718750	40702.913593750	1400.000	4000.000	1.0000
80	Spectrogram 1	1	40702.895718750	40702.913593750	1400.000	4000.000	1.0000
81	Waveform 1	1	43571.800718750	43571.808843750	1400.000	4000.000	1.0000
81	Spectrogram 1	1	43571.800718750	43571.808843750	1400.000	4000.000	1.0000
82	Waveform 1	1	43857.072718750	43857.088968750	1400.000	4000.000	1.0000
82	Spectrogram 1	1	43857.072718750	43857.088968750	1400.000	4000.000	1.0000
83	Waveform 1	1	45967.489468750	45967.500843750	1400.000	4000.000	1.0000
83	Spectrogram 1	1	45967.489468750	45967.500843750	1400.000	4000.000	1.0000
84	Waveform 1	1	46711.061843750	46711.081343750	1400.000	4000.000	1.0000
84	Spectrogram 1	1	46711.061843750	46711.081343750	1400.000	4000.000	1.0000
85	Waveform 1	1	47368.387343750	47368.395468750	1400.000	4000.000	1.0000
85	Spectrogram 1	1	47368.387343750	47368.395468750	1400.000	4000.000	1.0000
86	Waveform 1	1	47375.771343750	47375.781093750	1400.000	4000.000	1.0000
86	Spectrogram 1	1	47375.771343750	47375.781093750	1400.000	4000.000	1.0000
87	Waveform 1	1	47376.379093750	47376.388843750	1400.000	4000.000	1.0000
87	Spectrogram 1	1	47376.379093750	47376.388843750	1400.000	4000.000	1.0000
88	Waveform 1	1	47454.811343750	47454.821093750	1400.000	4000.000	1.0000
88	Spectrogram 1	1	47454.811343750	47454.821093750	1400.000	4000.000	1.0000
89	Waveform 1	1	47551.489093750	47551.497218750	1400.000	4000.000	1.0000
89	Spectrogram 1	1	47551.489093750	47551.497218750	1400.000	4000.000	1.0000
90	Waveform 1	1	47563.096468750	47563.106218750	1400.000	4000.000	1.0000
90	Spectrogram 1	1	47563.096468750	47563.106218750	1400.000	4000.000	1.0000
91	Waveform 1	1	47577.872593750	47577.880718750	1400.000	4000.000	1.0000
91	Spectrogram 1	1	47577.872593750	47577.880718750	1400.000	4000.000	1.0000
92	Waveform 1	1	47579.697468750	47579.707218750	1400.000	4000.000	1.0000
92	Spectrogram 1	1	47579.697468750	47579.707218750	1400.000	4000.000	1.0000
93	Waveform 1	1	47582.476218750	47582.484343750	1400.000	4000.000	1.0000
93	Spectrogram 1	1	47582.476218750	47582.484343750	1400.000	4000.000	1.0000
94	Waveform 1	1	47586.447718750	47586.455843750	1400.000	4000.000	1.0000
94	Spectrogram 1	1	47586.447718750	47586.455843750	1400.000	4000.000	1.0000
95	Waveform 1	1	47586.587468750	47586.595593750	1400.000	4000.000	1.0000
95	Spectrogram 1	1	47586.587468750	47586.595593750	1400.000	4000.000	1.0000
96	Waveform 1	1	47597.169468750	47597.185718750	1400.000	4000.000	1.0000
96	Spectrogram 1	1	47597.169468750	47597.185718750	1400.000	4000.000	1.0000
97	Waveform 1	1	47606.703343750	47606.711468750	1400.000	4000.000	1.0000
97	Spectrogram 1	1	47606.703343750	47606.711468750	1400.000	4000.000	1.0000
98	Waveform 1	1	47876.981468750	47876.991218750	1400.000	4000.000	1.0000
98	Spectrogram 1	1	47876.981468750	47876.991218750	1400.000	4000.000	1.0000
99	Waveform 1	1	47880.106343750	47880.114468750	1400.000	4000.000	1.0000
99	Spectrogram 1	1	47880.106343750	47880.114468750	1400.000	4000.000	1.0000
100	Waveform 1	1	47892.022468750	47892.030593750	1400.000	4000.000	1.0000
100	Spectrogram 1	1	47892.022468750	47892.030593750	1400.000	4000.000	1.0000
101	Waveform 1	1	47897.640093750	47897.649843750	1400.000	4000.000	1.0000
101	Spectrogram 1	1	47897.640093750	47897.649843750	1400.000	4000.000	1.0000
102	Waveform 1	1	47900.474093750	47900.482218750	1400.000	4000.000	1.0000
102	Spectrogram 1	1	47900.474093750	47900.482218750	1400.000	4000.000	1.0000
103	Waveform 1	1	47929.259343750	47929.267468750	1400.000	4000.000	1.0000
103	Spectrogram 1	1	47929.259343750	47929.267468750	1400.000	4000.000	1.0000
104	Waveform 1	1	47946.294218750	47946.305593750	1400.000	4000.000	1.0000
104	Spectrogram 1	1	47946.294218750	47946.305593750	1400.000	4000.000	1.0000
105	Waveform 1	1	47962.490593750	47962.500343750	1400.000	4000.000	1.0000
105	Spectrogram 1	1	47962.490593750	47962.500343750	1400.000	4000.000	1.0000
106	Waveform 1	1	47965.251468750	47965.261218750	1400.000	4000.000	1.0000
106	Spectrogram 1	1	47965.251468750	47965.261218750	1400.000	4000.000	1.0000
107	Waveform 1	1	47968.663968750	47968.672093750	1400.000	4000.000	1.0000
107	Spectrogram 1	1	47968.663968750	47968.672093750	1400.000	4000.000	1.0000
108	Waveform 1	1	47972.809343750	47972.819093750	1400.000	4000.000	1.0000
108	Spectrogram 1	1	47972.809343750	47972.819093750	1400.000	4000.000	1.0000
109	Waveform 1	1	47972.994593750	47973.002718750	1400.000	4000.000	1.0000
109	Spectrogram 1	1	47972.994593750	47973.002718750	1400.000	4000.000	1.0000
110	Waveform 1	1	47977.853343750	47977.861468750	1400.000	4000.000	1.0000
110	Spectrogram 1	1	47977.853343750	47977.861468750	1400.000	4000.000	1.0000
111	Waveform 1	1	47981.646093750	47981.654218750	1400.000	4000.000	1.0000
111	Spectrogram 1	1	47981.646093750	47981.654218750	1400.000	4000.000	1.0000
112	Waveform 1	1	47983.776468750	47983.784593750	1400.000	4000.000	1.0000
112	Spectrogram 1	1	47983.776468750	47983.784593750	1400.000	4000.000	1.0000
113	Waveform 1	1	47999.116468750	47999.127843750	1400.000	4000.000	1.0000
113	Spectrogram 1	1	47999.116468750	47999.127843750	1400.000	4000.000	1.0000
114	Waveform 1	1	47999.525968750	47999.535718750	1400.000	4000.000	1.0000
114	Spectrogram 1	1	47999.525968750	47999.535718750	1400.000	4000.000	1.0000
115	Waveform 1	1	48045.253468750	48045.261593750	1400.000	4000.000	1.0000
115	Spectrogram 1	1	48045.253468750	48045.261593750	1400.000	4000.000	1.0000
116	Waveform 1	1	48151.442343750	48151.452093750	1400.000	4000.000	1.0000
116	Spectrogram 1	1	48151.442343750	48151.452093750	1400.000	4000.000	1.0000
117	Waveform 1	1	48155.101843750	48155.109968750	1400.000	4000.000	1.0000
117	Spectrogram 1	1	48155.101843750	48155.109968750	1400.000	4000.000	1.0000
118	Waveform 1	1	48160.305093750	48160.313218750	1400.000	4000.000	1.0000
118	Spectrogram 1	1	48160.305093750	48160.313218750	1400.000	4000.000	1.0000
119	Waveform 1	1	48165.279218750	48165.290593750	1400.000	4000.000	1.0000
119	Spectrogram 1	1	48165.279218750	48165.290593750	1400.000	4000.000	1.0000
120	Waveform 1	1	48177.369218750	48177.380593750	1400.000	4000.000	1.0000
120	Spectrogram 1	1	48177.369218750	48177.380593750	1400.000	4000.000	1.0000
121	Waveform 1	1	48180.841843750	48180.849968750	1400.000	4000.000	1.0000
121	Spectrogram 1	1	48180.841843750	48180.849968750	1400.000	4000.000	1.0000
122	Waveform 1	1	48185.884218750	48185.892343750	1400.000	4000.000	1.0000
122	Spectrogram 1	1	48185.884218750	48185.892343750	1400.000	4000.000	1.0000
123	Waveform 1	1	48203.305843750	48203.317218750	1400.000	4000.000	1.0000
123	Spectrogram 1	1	48203.305843750	48203.317218750	1400.000	4000.000	1.0000
124	Waveform 1	1	48217.594468750	48217.602593750	1400.000	4000.000	1.0000
124	Spectrogram 1	1	48217.594468750	48217.602593750	1400.000	4000.000	1.0000
125	Waveform 1	1	48273.190593750	48273.201968750	1400.000	4000.000	1.0000
125	Spectrogram 1	1	48273.190593750	48273.201968750	1400.000	4000.000	1.0000
126	Waveform 1	1	48273.276718750	48273.288093750	1400.000	4000.000	1.0000
126	Spectrogram 1	1	48273.276718750	48273.288093750	1400.000	4000.000	1.0000
127	Waveform 1	1	48300.019343750	48300.027468750	1400.000	4000.000	1.0000
127	Spectrogram 1	1	48300.019343750	48300.027468750	1400.000	4000.000	1.0000
128	Waveform 1	1	48577.947968750	48577.956093750	1400.000	4000.000	1.0000
128	Spectrogram 1	1	48577.947968750	48577.956093750	1400.000	4000.000	1.0000
129	Waveform 1	1	48579.837843750	48579.847593750	1400.000	4000.000	1.0000
129	Spectrogram 1	1	48579.837843750	48579.847593750	1400.000	4000.000	1.0000
130	Waveform 1	1	48597.241593750	48597.251343750	1400.000	4000.000	1.0000
130	Spectrogram 1	1	48597.241593750	48597.251343750	1400.000	4000.000	1.0000
131	Waveform 1	1	48605.919093750	48605.928843750	1400.000	4000.000	1.0000
131	Spectrogram 1	1	48605.919093750	48605.928843750	1400.000	4000.000	1.0000
132	Waveform 1	1	48607.479093750	48607.487218750	1400.000	4000.000	1.0000
132	Spectrogram 1	1	48607.479093750	48607.487218750	1400.000	4000.000	1.0000
133	Waveform 1	1	48608.467093750	48608.475218750	1400.000	4000.000	1.0000
133	Spectrogram 1	1	48608.467093750	48608.475218750	1400.000	4000.000	1.0000
134	Waveform 1	1	48617.347718750	48617.357468750	1400.000	4000.000	1.0000
134	Spectrogram 1	1	48617.347718750	48617.357468750	1400.000	4000.000	1.0000
135	Waveform 1	1	48629.650593750	48629.660343750	1400.000	4000.000	1.0000
135	Spectrogram 1	1	48629.650593750	48629.660343750	1400.000	4000.000	1.0000
136	Waveform 1	1	48635.762218750	48635.771968750	1400.000	4000.000	1.0000
136	Spectrogram 1	1	48635.762218750	48635.771968750	1400.000	4000.000	1.0000
137	Waveform 1	1	48765.963718750	48765.971843750	1400.000	4000.000	1.0000
137	Spectrogram 1	1	48765.963718750	48765.971843750	1400.000	4000.000	1.0000
138	Waveform 1	1	48953.695093750	48953.703218750	1400.000	4000.000	1.0000
138	Spectrogram 1	1	48953.695093750	48953.703218750	1400.000	4000.000	1.0000
139	Waveform 1	1	48953.766593750	48953.781218750	1400.000	4000.000	1.0000
139	Spectrogram 1	1	48953.766593750	48953.781218750	1400.000	4000.000	1.0000
140	Waveform 1	1	48957.125468750	48957.133593750	1400.000	4000.000	1.0000
140	Spectrogram 1	1	48957.125468750	48957.133593750	1400.000	4000.000	1.0000
141	Waveform 1	1	49100.619468750	49100.627593750	1400.000	4000.000	1.0000
141	Spectrogram 1	1	49100.619468750	49100.627593750	1400.000	4000.000	1.0000
142	Waveform 1	1	53683.847468750	53683.857218750	1400.000	4000.000	1.0000
142	Spectrogram 1	1	53683.847468750	53683.857218750	1400.000	4000.000	1.0000
143	Waveform 1	1	53810.321218750	53810.334218750	1400.000	4000.000	1.0000
143	Spectrogram 1	1	53810.321218750	53810.334218750	1400.000	4000.000	1.0000
144	Waveform 1	1	53811.216593750	53811.245843750	1400.000	4000.000	1.0000
144	Spectrogram 1	1	53811.216593750	53811.245843750	1400.000	4000.000	1.0000
145	Waveform 1	1	53811.978718750	53811.993343750	1400.000	4000.000	1.0000
145	Spectrogram 1	1	53811.978718750	53811.993343750	1400.000	4000.000	1.0000
146	Waveform 1	1	53812.867593750	53812.880593750	1400.000	4000.000	1.0000
146	Spectrogram 1	1	53812.867593750	53812.880593750	1400.000	4000.000	1.0000
147	Waveform 1	1	53814.780218750	53814.796468750	1400.000	4000.000	1.0000
147	Spectrogram 1	1	53814.780218750	53814.796468750	1400.000	4000.000	1.0000
148	Waveform 1	1	53817.003218750	53817.011343750	1400.000	4000.000	1.0000
148	Spectrogram 1	1	53817.003218750	53817.011343750	1400.000	4000.000	1.0000
149	Waveform 1	1	53819.309093750	53819.326968750	1400.000	4000.000	1.0000
149	Spectrogram 1	1	53819.309093750	53819.326968750	1400.000	4000.000	1.0000
150	Waveform 1	1	53819.500843750	53819.510593750	1400.000	4000.000	1.0000
150	Spectrogram 1	1	53819.500843750	53819.510593750	1400.000	4000.000	1.0000
151	Waveform 1	1	53820.748843750	53820.763468750	1400.000	4000.000	1.0000
151	Spectrogram 1	1	53820.748843750	53820.763468750	1400.000	4000.000	1.0000
152	Waveform 1	1	53824.895843750	53824.928343750	1400.000	4000.000	1.0000
152	Spectrogram 1	1	53824.895843750	53824.928343750	1400.000	4000.000	1.0000
153	Waveform 1	1	53826.842593750	53826.863718750	1400.000	4000.000	1.0000
153	Spectrogram 1	1	53826.842593750	53826.863718750	1400.000	4000.000	1.0000
154	Waveform 1	1	53851.518218750	53851.532843750	1400.000	4000.000	1.0000
154	Spectrogram 1	1	53851.518218750	53851.532843750	1400.000	4000.000	1.0000
155	Waveform 1	1	53884.715343750	53884.731593750	1400.000	4000.000	1.0000
155	Spectrogram 1	1	53884.715343750	53884.731593750	1400.000	4000.000	1.0000
156	Waveform 1	1	54885.939593750	54885.947718750	1400.000	4000.000	1.0000
156	Spectrogram 1	1	54885.939593750	54885.947718750	1400.000	4000.000	1.0000
157	Waveform 1	1	54933.269343750	54933.279093750	1400.000	4000.000	1.0000
157	Spectrogram 1	1	54933.269343750	54933.279093750	1400.000	4000.000	1.0000
158	Waveform 1	1	54935.594718750	54935.602843750	1400.000	4000.000	1.0000
158	Spectrogram 1	1	54935.594718750	54935.602843750	1400.000	4000.000	1.0000
159	Waveform 1	1	55359.906593750	55359.914718750	1400.000	4000.000	1.0000
159	Spectrogram 1	1	55359.906593750	55359.914718750	1400.000	4000.000	1.0000
160	Waveform 1	1	55368.701093750	55368.710843750	1400.000	4000.000	1.0000
160	Spectrogram 1	1	55368.701093750	55368.710843750	1400.000	4000.000	1.0000
161	Waveform 1	1	55369.780093750	55369.791468750	1400.000	4000.000	1.0000
161	Spectrogram 1	1	55369.780093750	55369.791468750	1400.000	4000.000	1.0000
162	Waveform 1	1	55376.302843750	55376.325593750	1400.000	4000.000	1.0000
162	Spectrogram 1	1	55376.302843750	55376.325593750	1400.000	4000.000	1.0000
163	Waveform 1	1	55380.830093750	55380.841468750	1400.000	4000.000	1.0000
163	Spectrogram 1	1	55380.830093750	55380.841468750	1400.000	4000.000	1.0000
164	Waveform 1	1	55386.452593750	55386.460718750	1400.000	4000.000	1.0000
164	Spectrogram 1	1	55386.452593750	55386.460718750	1400.000	4000.000	1.0000
165	Waveform 1	1	55389.579093750	55389.590468750	1400.000	4000.000	1.0000
165	Spectrogram 1	1	55389.579093750	55389.590468750	1400.000	4000.000	1.0000
166	Waveform 1	1	55395.719968750	55395.732968750	1400.000	4000.000	1.0000
166	Spectrogram 1	1	55395.719968750	55395.732968750	1400.000	4000.000	1.0000
167	Waveform 1	1	55399.524093750	55399.540343750	1400.000	4000.000	1.0000
167	Spectrogram 1	1	55399.524093750	55399.540343750	1400.000	4000.000	1.0000
168	Waveform 1	1	55406.989343750	55406.997468750	1400.000	4000.000	1.0000
168	Spectrogram 1	1	55406.989343750	55406.997468750	1400.000	4000.000	1.0000
169	Waveform 1	1	55422.951718750	55422.961468750	1400.000	4000.000	1.0000
169	Spectrogram 1	1	55422.951718750	55422.961468750	1400.000	4000.000	1.0000
170	Waveform 1	1	55430.699718750	55430.711093750	1400.000	4000.000	1.0000
170	Spectrogram 1	1	55430.699718750	55430.711093750	1400.000	4000.000	1.0000
171	Waveform 1	1	55492.417218750	55492.426968750	1400.000	4000.000	1.0000
171	Spectrogram 1	1	55492.417218750	55492.426968750	1400.000	4000.000	1.0000
172	Waveform 1	1	55494.593093750	55494.602843750	1400.000	4000.000	1.0000
172	Spectrogram 1	1	55494.593093750	55494.602843750	1400.000	4000.000	1.0000
173	Waveform 1	1	55503.449343750	55503.463968750	1400.000	4000.000	1.0000
173	Spectrogram 1	1	55503.449343750	55503.463968750	1400.000	4000.000	1.0000
174	Waveform 1	1	55503.923843750	55503.933593750	1400.000	4000.000	1.0000
174	Spectrogram 1	1	55503.923843750	55503.933593750	1400.000	4000.000	1.0000
175	Waveform 1	1	55517.603093750	55517.612843750	1400.000	4000.000	1.0000
175	Spectrogram 1	1	55517.603093750	55517.612843750	1400.000	4000.000	1.0000
176	Waveform 1	1	55531.787718750	55531.800718750	1400.000	4000.000	1.0000
176	Spectrogram 1	1	55531.787718750	55531.800718750	1400.000	4000.000	1.0000
177	Waveform 1	1	57738.308593750	57738.318343750	1400.000	4000.000	1.0000
177	Spectrogram 1	1	57738.308593750	57738.318343750	1400.000	4000.000	1.0000
178	Waveform 1	1	57738.575093750	57738.604343750	1400.000	4000.000	1.0000
178	Spectrogram 1	1	57738.575093750	57738.604343750	1400.000	4000.000	1.0000
179	Waveform 1	1	57748.429093750	57748.438843750	1400.000	4000.000	1.0000
179	Spectrogram 1	1	57748.429093750	57748.438843750	1400.000	4000.000	1.0000
180	Waveform 1	1	57748.716718750	57748.744343750	1400.000	4000.000	1.0000
180	Spectrogram 1	1	57748.716718750	57748.744343750	1400.000	4000.000	1.0000
181	Waveform 1	1	57812.777468750	57812.792093750	1400.000	4000.000	1.0000
181	Spectrogram 1	1	57812.777468750	57812.792093750	1400.000	4000.000	1.0000
182	Waveform 1	1	57812.874968750	57812.883093750	1400.000	4000.000	1.0000
182	Spectrogram 1	1	57812.874968750	57812.883093750	1400.000	4000.000	1.0000
183	Waveform 1	1	57858.441593750	57858.470843750	1400.000	4000.000	1.0000
183	Spectrogram 1	1	57858.441593750	57858.470843750	1400.000	4000.000	1.0000
184	Waveform 1	1	57950.315843750	57950.327218750	1400.000	4000.000	1.0000
184	Spectrogram 1	1	57950.315843750	57950.327218750	1400.000	4000.000	1.0000
185	Waveform 1	1	58705.323343750	58705.334718750	1400.000	4000.000	1.0000
185	Spectrogram 1	1	58705.323343750	58705.334718750	1400.000	4000.000	1.0000
186	Waveform 1	1	58705.422468750	58705.435468750	1400.000	4000.000	1.0000
186	Spectrogram 1	1	58705.422468750	58705.435468750	1400.000	4000.000	1.0000
187	Waveform 1	1	60844.999843750	60845.007968750	1400.000	4000.000	1.0000
187	Spectrogram 1	1	60844.999843750	60845.007968750	1400.000	4000.000	1.0000
188	Waveform 1	1	67841.794843750	67841.817593750	1400.000	4000.000	1.0000
188	Spectrogram 1	1	67841.794843750	67841.817593750	1400.000	4000.000	1.0000
189	Waveform 1	1	68117.276218750	68117.287593750	1400.000	4000.000	1.0000
189	Spectrogram 1	1	68117.276218750	68117.287593750	1400.000	4000.000	1.0000
190	Waveform 1	1	68147.699468750	68147.707593750	1400.000	4000.000	1.0000
190	Spectrogram 1	1	68147.699468750	68147.707593750	1400.000	4000.000	1.0000
191	Waveform 1	1	68640.872343750	68640.893468750	1400.000	4000.000	1.0000
191	Spectrogram 1	1	68640.872343750	68640.893468750	1400.000	4000.000	1.0000
192	Waveform 1	1	68641.129093750	68641.146968750	1400.000	4000.000	1.0000
192	Spectrogram 1	1	68641.129093750	68641.146968750	1400.000	4000.000	1.0000
193	Waveform 1	1	69778.971968750	69778.981718750	1400.000	4000.000	1.0000
193	Spectrogram 1	1	69778.971968750	69778.981718750	1400.000	4000.000	1.0000
194	Waveform 1	1	70132.648343750	70132.669468750	1400.000	4000.000	1.0000
194	Spectrogram 1	1	70132.648343750	70132.669468750	1400.000	4000.000	1.0000
195	Waveform 1	1	70144.918718750	70144.933343750	1400.000	4000.000	1.0000
195	Spectrogram 1	1	70144.918718750	70144.933343750	1400.000	4000.000	1.0000
196	Waveform 1	1	71009.769718750	71009.779468750	1400.000	4000.000	1.0000
196	Spectrogram 1	1	71009.769718750	71009.779468750	1400.000	4000.000	1.0000
197	Waveform 1	1	71285.379468750	71285.402218750	1400.000	4000.000	1.0000
197	Spectrogram 1	1	71285.379468750	71285.402218750	1400.000	4000.000	1.0000
198	Waveform 1	1	71347.322843750	71347.335843750	1400.000	4000.000	1.0000
198	Spectrogram 1	1	71347.322843750	71347.335843750	1400.000	4000.000	1.0000
199	Waveform 1	1	71357.384843750	71357.402718750	1400.000	4000.000	1.0000
199	Spectrogram 1	1	71357.384843750	71357.402718750	1400.000	4000.000	1.0000
200	Waveform 1	1	71371.748218750	71371.767718750	1400.000	4000.000	1.0000
200	Spectrogram 1	1	71371.748218750	71371.767718750	1400.000	4000.000	1.0000
201	Waveform 1	1	71371.831093750	71371.850593750	1400.000	4000.000	1.0000
201	Spectrogram 1	1	71371.831093750	71371.850593750	1400.000	4000.000	1.0000
202	Waveform 1	1	71372.113843750	71372.126843750	1400.000	4000.000	1.0000
202	Spectrogram 1	1	71372.113843750	71372.126843750	1400.000	4000.000	1.0000
203	Waveform 1	1	71393.895343750	71393.913218750	1400.000	4000.000	1.0000
203	Spectrogram 1	1	71393.895343750	71393.913218750	1400.000	4000.000	1.0000
204	Waveform 1	1	71403.372343750	71403.403218750	1400.000	4000.000	1.0000
204	Spectrogram 1	1	71403.372343750	71403.403218750	1400.000	4000.000	1.0000
205	Waveform 1	1	71403.864718750	71403.885843750	1400.000	4000.000	1.0000
205	Spectrogram 1	1	71403.864718750	71403.885843750	1400.000	4000.000	1.0000
206	Waveform 1	1	71409.633468750	71409.654593750	1400.000	4000.000	1.0000
206	Spectrogram 1	1	71409.633468750	71409.654593750	1400.000	4000.000	1.0000
207	Waveform 1	1	71412.407343750	71412.430093750	1400.000	4000.000	1.0000
207	Spectrogram 1	1	71412.407343750	71412.430093750	1400.000	4000.000	1.0000
208	Waveform 1	1	71416.271593750	71416.294343750	1400.000	4000.000	1.0000
208	Spectrogram 1	1	71416.271593750	71416.294343750	1400.000	4000.000	1.0000
209	Waveform 1	1	71416.331718750	71416.343093750	1400.000	4000.000	1.0000
209	Spectrogram 1	1	71416.331718750	71416.343093750	1400.000	4000.000	1.0000
210	Waveform 1	1	71416.705468750	71416.728218750	1400.000	4000.000	1.0000
210	Spectrogram 1	1	71416.705468750	71416.728218750	1400.000	4000.000	1.0000
211	Waveform 1	1	71417.033718750	71417.048343750	1400.000	4000.000	1.0000
211	Spectrogram 1	1	71417.033718750	71417.048343750	1400.000	4000.000	1.0000
212	Waveform 1	1	71970.498968750	71970.507093750	1400.000	4000.000	1.0000
212	Spectrogram 1	1	71970.498968750	71970.507093750	1400.000	4000.000	1.0000
213	Waveform 1	1	71984.348843750	71984.361843750	1400.000	4000.000	1.0000
213	Spectrogram 1	1	71984.348843750	71984.361843750	1400.000	4000.000	1.0000
214	Waveform 1	1	71992.659093750	71992.685093750	1400.000	4000.000	0.7500
214	Spectrogram 1	1	71992.659093750	71992.685093750	1400.000	4000.000	0.7500
215	Waveform 1	1	71998.317343750	71998.343343750	1400.000	4000.000	0.8125
215	Spectrogram 1	1	71998.317343750	71998.343343750	1400.000	4000.000	0.8125
216	Waveform 1	1	72018.683468750	72018.693218750	1400.000	4000.000	1.0000
216	Spectrogram 1	1	72018.683468750	72018.693218750	1400.000	4000.000	1.0000
217	Waveform 1	1	72054.469218750	72054.477343750	1400.000	4000.000	1.0000
217	Spectrogram 1	1	72054.469218750	72054.477343750	1400.000	4000.000	1.0000
218	Waveform 1	1	72066.932968750	72066.942718750	1400.000	4000.000	1.0000
218	Spectrogram 1	1	72066.932968750	72066.942718750	1400.000	4000.000	1.0000
219	Waveform 1	1	72066.991468750	72066.999593750	1400.000	4000.000	1.0000
219	Spectrogram 1	1	72066.991468750	72066.999593750	1400.000	4000.000	1.0000
220	Waveform 1	1	72101.498343750	72101.509718750	1400.000	4000.000	1.0000
220	Spectrogram 1	1	72101.498343750	72101.509718750	1400.000	4000.000	1.0000
221	Waveform 1	1	72147.131593750	72147.139718750	1400.000	4000.000	1.0000
221	Spectrogram 1	1	72147.131593750	72147.139718750	1400.000	4000.000	1.0000
222	Waveform 1	1	72147.243718750	72147.251843750	1400.000	4000.000	1.0000
222	Spectrogram 1	1	72147.243718750	72147.251843750	1400.000	4000.000	1.0000
223	Waveform 1	1	72203.441093750	72203.452468750	1400.000	4000.000	1.0000
223	Spectrogram 1	1	72203.441093750	72203.452468750	1400.000	4000.000	1.0000
224	Waveform 1	1	72383.660093750	72383.669843750	1400.000	4000.000	1.0000
224	Spectrogram 1	1	72383.660093750	72383.669843750	1400.000	4000.000	1.0000
225	Waveform 1	1	72383.705593750	72383.715343750	1400.000	4000.000	1.0000
225	Spectrogram 1	1	72383.705593750	72383.715343750	1400.000	4000.000	1.0000
226	Waveform 1	1	72383.747843750	72383.755968750	1400.000	4000.000	1.0000
226	Spectrogram 1	1	72383.747843750	72383.755968750	1400.000	4000.000	1.0000
227	Waveform 1	1	72397.245093750	72397.258093750	1400.000	4000.000	1.0000
227	Spectrogram 1	1	72397.245093750	72397.258093750	1400.000	4000.000	1.0000
228	Waveform 1	1	72397.292218750	72397.319843750	1400.000	4000.000	0.7059
228	Spectrogram 1	1	72397.292218750	72397.319843750	1400.000	4000.000	0.7059
229	Waveform 1	1	72397.365343750	72397.376718750	1400.000	4000.000	1.0000
229	Spectrogram 1	1	72397.365343750	72397.376718750	1400.000	4000.000	1.0000
230	Waveform 1	1	72397.431968750	72397.440093750	1400.000	4000.000	1.0000
230	Spectrogram 1	1	72397.431968750	72397.440093750	1400.000	4000.000	1.0000
231	Waveform 1	1	72398.026718750	72398.044593750	1400.000	4000.000	1.0000
231	Spectrogram 1	1	72398.026718750	72398.044593750	1400.000	4000.000	1.0000
232	Waveform 1	1	72420.575218750	72420.593093750	1400.000	4000.000	1.0000
232	Spectrogram 1	1	72420.575218750	72420.593093750	1400.000	4000.000	1.0000
233	Waveform 1	1	72428.456468750	72428.472718750	1400.000	4000.000	1.0000
233	Spectrogram 1	1	72428.456468750	72428.472718750	1400.000	4000.000	1.0000
234	Waveform 1	1	72428.935843750	72428.960218750	1400.000	4000.000	1.0000
234	Spectrogram 1	1	72428.935843750	72428.960218750	1400.000	4000.000	1.0000
235	Waveform 1	1	72429.038218750	72429.046343750	1400.000	4000.000	1.0000
235	Spectrogram 1	1	72429.038218750	72429.046343750	1400.000	4000.000	1.0000
236	Waveform 1	1	72533.998593750	72534.014843750	1400.000	4000.000	1.0000
236	Spectrogram 1	1	72533.998593750	72534.014843750	1400.000	4000.000	1.0000
237	Waveform 1	1	72579.883718750	72579.891843750	1400.000	4000.000	1.0000
237	Spectrogram 1	1	72579.883718750	72579.891843750	1400.000	4000.000	1.0000
238	Waveform 1	1	72825.346468750	72825.354593750	1400.000	4000.000	1.0000
238	Spectrogram 1	1	72825.346468750	72825.354593750	1400.000	4000.000	1.0000
239	Waveform 1	1	72922.326468750	72922.334593750	1400.000	4000.000	1.0000
239	Spectrogram 1	1	72922.326468750	72922.334593750	1400.000	4000.000	1.0000
240	Waveform 1	1	73150.681218750	73150.690968750	1400.000	4000.000	1.0000
240	Spectrogram 1	1	73150.681218750	73150.690968750	1400.000	4000.000	1.0000
241	Waveform 1	1	73292.925593750	73292.936968750	1400.000	4000.000	1.0000
241	Spectrogram 1	1	73292.925593750	73292.936968750	1400.000	4000.000	1.0000
242	Waveform 1	1	73294.472593750	73294.482343750	1400.000	4000.000	1.0000
242	Spectrogram 1	1	73294.472593750	73294.482343750	1400.000	4000.000	1.0000
243	Waveform 1	1	73311.247468750	73311.255593750	1400.000	4000.000	1.0000
243	Spectrogram 1	1	73311.247468750	73311.255593750	1400.000	4000.000	1.0000
244	Waveform 1	1	73312.599468750	73312.614093750	1400.000	4000.000	1.0000
244	Spectrogram 1	1	73312.599468750	73312.614093750	1400.000	4000.000	1.0000
245	Waveform 1	1	73313.933593750	73313.949843750	1400.000	4000.000	1.0000
245	Spectrogram 1	1	73313.933593750	73313.949843750	1400.000	4000.000	1.0000
246	Waveform 1	1	73315.253093750	73315.266093750	1400.000	4000.000	1.0000
246	Spectrogram 1	1	73315.253093750	73315.266093750	1400.000	4000.000	1.0000
247	Waveform 1	1	73316.619718750	73316.627843750	1400.000	4000.000	1.0000
247	Spectrogram 1	1	73316.619718750	73316.627843750	1400.000	4000.000	1.0000
248	Waveform 1	1	73317.973343750	73317.984718750	1400.000	4000.000	1.0000
248	Spectrogram 1	1	73317.973343750	73317.984718750	1400.000	4000.000	1.0000
249	Waveform 1	1	73327.253718750	73327.261843750	1400.000	4000.000	1.0000
249	Spectrogram 1	1	73327.253718750	73327.261843750	1400.000	4000.000	1.0000
250	Waveform 1	1	73328.571593750	73328.581343750	1400.000	4000.000	1.0000
250	Spectrogram 1	1	73328.571593750	73328.581343750	1400.000	4000.000	1.0000
251	Waveform 1	1	73365.571218750	73365.580968750	1400.000	4000.000	1.0000
251	Spectrogram 1	1	73365.571218750	73365.580968750	1400.000	4000.000	1.0000
252	Waveform 1	1	73421.703593750	73421.711718750	1400.000	4000.000	1.0000
252	Spectrogram 1	1	73421.703593750	73421.711718750	1400.000	4000.000	1.0000
253	Waveform 1	1	73433.530343750	73433.541718750	1400.000	4000.000	1.0000
253	Spectrogram 1	1	73433.530343750	73433.541718750	1400.000	4000.000	1.0000
254	Waveform 1	1	73603.796218750	73603.822218750	1400.000	4000.000	1.0000
254	Spectrogram 1	1	73603.796218750	73603.822218750	1400.000	4000.000	1.0000
255	Waveform 1	1	73702.594593750	73702.607593750	1400.000	4000.000	1.0000
255	Spectrogram 1	1	73702.594593750	73702.607593750	1400.000	4000.000	1.0000
256	Waveform 1	1	73775.916218750	73775.924343750	1400.000	4000.000	1.0000
256	Spectrogram 1	1	73775.916218750	73775.924343750	1400.000	4000.000	1.0000
257	Waveform 1	1	73790.960468750	73790.968593750	1400.000	4000.000	1.0000
257	Spectrogram 1	1	73790.960468750	73790.968593750	1400.000	4000.000	1.0000
258	Waveform 1	1	73943.504093750	73943.517093750	1400.000	4000.000	1.0000
258	Spectrogram 1	1	73943.504093750	73943.517093750	1400.000	4000.000	1.0000
259	Waveform 1	1	74106.977468750	74106.988843750	1400.000	4000.000	1.0000
259	Spectrogram 1	1	74106.977468750	74106.988843750	1400.000	4000.000	1.0000
260	Waveform 1	1	74293.837843750	74293.850843750	1400.000	4000.000	1.0000
260	Spectrogram 1	1	74293.837843750	74293.850843750	1400.000	4000.000	1.0000
261	Waveform 1	1	74470.637843750	74470.645968750	1400.000	4000.000	1.0000
261	Spectrogram 1	1	74470.637843750	74470.645968750	1400.000	4000.000	1.0000
262	Waveform 1	1	74554.806343750	74554.814468750	1400.000	4000.000	1.0000
262	Spectrogram 1	1	74554.806343750	74554.814468750	1400.000	4000.000	1.0000
263	Waveform 1	1	74805.950093750	74805.961468750	1400.000	4000.000	1.0000
263	Spectrogram 1	1	74805.950093750	74805.961468750	1400.000	4000.000	1.0000
264	Waveform 1	1	74945.126468750	74945.145968750	1400.000	4000.000	1.0000
264	Spectrogram 1	1	74945.126468750	74945.145968750	1400.000	4000.000	1.0000
265	Waveform 1	1	74945.199593750	74945.212593750	1400.000	4000.000	1.0000
265	Spectrogram 1	1	74945.199593750	74945.212593750	1400.000	4000.000	1.0000
266	Waveform 1	1	74945.353968750	74945.375093750	1400.000	4000.000	1.0000
266	Spectrogram 1	1	74945.353968750	74945.375093750	1400.000	4000.000	1.0000
267	Waveform 1	1	74945.817093750	74945.825218750	1400.000	4000.000	1.0000
267	Spectrogram 1	1	74945.817093750	74945.825218750	1400.000	4000.000	1.0000
268	Waveform 1	1	74956.490093750	74956.498218750	1400.000	4000.000	1.0000
268	Spectrogram 1	1	74956.490093750	74956.498218750	1400.000	4000.000	1.0000
269	Waveform 1	1	75500.150093750	75500.161468750	1400.000	4000.000	1.0000
269	Spectrogram 1	1	75500.150093750	75500.161468750	1400.000	4000.000	1.0000
270	Waveform 1	1	75891.796218750	75891.804343750	1400.000	4000.000	1.0000
270	Spectrogram 1	1	75891.796218750	75891.804343750	1400.000	4000.000	1.0000
271	Waveform 1	1	75963.858468750	75963.869843750	1400.000	4000.000	1.0000
271	Spectrogram 1	1	75963.858468750	75963.869843750	1400.000	4000.000	1.0000
272	Waveform 1	1	76043.127593750	76043.138968750	1400.000	4000.000	1.0000
272	Spectrogram 1	1	76043.127593750	76043.138968750	1400.000	4000.000	1.0000
273	Waveform 1	1	76044.889093750	76044.898843750	1400.000	4000.000	1.0000
273	Spectrogram 1	1	76044.889093750	76044.898843750	1400.000	4000.000	1.0000
274	Waveform 1	1	76045.667468750	76045.678843750	1400.000	4000.000	1.0000
274	Spectrogram 1	1	76045.667468750	76045.678843750	1400.000	4000.000	1.0000
275	Waveform 1	1	76413.089718750	76413.097843750	1400.000	4000.000	1.0000
275	Spectrogram 1	1	76413.089718750	76413.097843750	1400.000	4000.000	1.0000
276	Waveform 1	1	76545.957843750	76545.967593750	1400.000	4000.000	1.0000
276	Spectrogram 1	1	76545.957843750	76545.967593750	1400.000	4000.000	1.0000
277	Waveform 1	1	76569.588593750	76569.598343750	1400.000	4000.000	1.0000
277	Spectrogram 1	1	76569.588593750	76569.598343750	1400.000	4000.000	1.0000
278	Waveform 1	1	76570.162218750	76570.175218750	1400.000	4000.000	1.0000
278	Spectrogram 1	1	76570.162218750	76570.175218750	1400.000	4000.000	1.0000
279	Waveform 1	1	76572.453468750	76572.461593750	1400.000	4000.000	1.0000
279	Spectrogram 1	1	76572.453468750	76572.461593750	1400.000	4000.000	1.0000
280	Waveform 1	1	76573.561718750	76573.573093750	1400.000	4000.000	1.0000
280	Spectrogram 1	1	76573.561718750	76573.573093750	1400.000	4000.000	1.0000
281	Waveform 1	1	76574.120718750	76574.128843750	1400.000	4000.000	1.0000
281	Spectrogram 1	1	76574.120718750	76574.128843750	1400.000	4000.000	1.0000
282	Waveform 1	1	76597.112843750	76597.125843750	1400.000	4000.000	1.0000
282	Spectrogram 1	1	76597.112843750	76597.125843750	1400.000	4000.000	1.0000
283	Waveform 1	1	76604.139343750	76604.150718750	1400.000	4000.000	1.0000
283	Spectrogram 1	1	76604.139343750	76604.150718750	1400.000	4000.000	1.0000
284	Waveform 1	1	76617.116593750	76617.126343750	1400.000	4000.000	1.0000
284	Spectrogram 1	1	76617.116593750	76617.126343750	1400.000	4000.000	1.0000
285	Waveform 1	1	76626.065468750	76626.073593750	1400.000	4000.000	1.0000
285	Spectrogram 1	1	76626.065468750	76626.073593750	1400.000	4000.000	1.0000
286	Waveform 1	1	76648.610718750	76648.622093750	1400.000	4000.000	1.0000
286	Spectrogram 1	1	76648.610718750	76648.622093750	1400.000	4000.000	1.0000
287	Waveform 1	1	76660.383843750	76660.393593750	1400.000	4000.000	1.0000
287	Spectrogram 1	1	76660.383843750	76660.393593750	1400.000	4000.000	1.0000
288	Waveform 1	1	76731.318343750	76731.329718750	1400.000	4000.000	1.0000
288	Spectrogram 1	1	76731.318343750	76731.329718750	1400.000	4000.000	1.0000
289	Waveform 1	1	76743.249093750	76743.257218750	1400.000	4000.000	1.0000
289	Spectrogram 1	1	76743.249093750	76743.257218750	1400.000	4000.000	1.0000
290	Waveform 1	1	76766.319218750	76766.328968750	1400.000	4000.000	1.0000
290	Spectrogram 1	1	76766.319218750	76766.328968750	1400.000	4000.000	1.0000
291	Waveform 1	1	76770.055093750	76770.066468750	1400.000	4000.000	1.0000
291	Spectrogram 1	1	76770.055093750	76770.066468750	1400.000	4000.000	1.0000
292	Waveform 1	1	76801.318468750	76801.326593750	1400.000	4000.000	1.0000
292	Spectrogram 1	1	76801.318468750	76801.326593750	1400.000	4000.000	1.0000
293	Waveform 1	1	76814.298968750	76814.307093750	1400.000	4000.000	1.0000
293	Spectrogram 1	1	76814.298968750	76814.307093750	1400.000	4000.000	1.0000
294	Waveform 1	1	76841.514468750	76841.522593750	1400.000	4000.000	1.0000
294	Spectrogram 1	1	76841.514468750	76841.522593750	1400.000	4000.000	1.0000
295	Waveform 1	1	76901.858843750	76901.878343750	1400.000	4000.000	1.0000
295	Spectrogram 1	1	76901.858843750	76901.878343750	1400.000	4000.000	1.0000
296	Waveform 1	1	76903.071093750	76903.085718750	1400.000	4000.000	1.0000
296	Spectrogram 1	1	76903.071093750	76903.085718750	1400.000	4000.000	1.0000
297	Waveform 1	1	76905.547593750	76905.562218750	1400.000	4000.000	1.0000
297	Spectrogram 1	1	76905.547593750	76905.562218750	1400.000	4000.000	1.0000
298	Waveform 1	1	76908.087468750	76908.102093750	1400.000	4000.000	1.0000
298	Spectrogram 1	1	76908.087468750	76908.102093750	1400.000	4000.000	1.0000
299	Waveform 1	1	76909.468718750	76909.488218750	1400.000	4000.000	1.0000
299	Spectrogram 1	1	76909.468718750	76909.488218750	1400.000	4000.000	1.0000
300	Waveform 1	1	76919.182968750	76919.192718750	1400.000	4000.000	1.0000
300	Spectrogram 1	1	76919.182968750	76919.192718750	1400.000	4000.000	1.0000
301	Waveform 1	1	76972.133593750	76972.149843750	1400.000	4000.000	1.0000
301	Spectrogram 1	1	76972.133593750	76972.149843750	1400.000	4000.000	1.0000
302	Waveform 1	1	77027.991343750	77028.004343750	1400.000	4000.000	1.0000
302	Spectrogram 1	1	77027.991343750	77028.004343750	1400.000	4000.000	1.0000
303	Waveform 1	1	77029.115843750	77029.125593750	1400.000	4000.000	1.0000
303	Spectrogram 1	1	77029.115843750	77029.125593750	1400.000	4000.000	1.0000
304	Waveform 1	1	77029.357968750	77029.366093750	1400.000	4000.000	1.0000
304	Spectrogram 1	1	77029.357968750	77029.366093750	1400.000	4000.000	1.0000
305	Waveform 1	1	77030.087593750	77030.098968750	1400.000	4000.000	1.0000
305	Spectrogram 1	1	77030.087593750	77030.098968750	1400.000	4000.000	1.0000
306	Waveform 1	1	77032.593343750	77032.601468750	1400.000	4000.000	1.0000
306	Spectrogram 1	1	77032.593343750	77032.601468750	1400.000	4000.000	1.0000
307	Waveform 1	1	77032.659968750	77032.671343750	1400.000	4000.000	1.0000
307	Spectrogram 1	1	77032.659968750	77032.671343750	1400.000	4000.000	1.0000
308	Waveform 1	1	77034.384093750	77034.398718750	1400.000	4000.000	1.0000
308	Spectrogram 1	1	77034.384093750	77034.398718750	1400.000	4000.000	1.0000
309	Waveform 1	1	77035.214468750	77035.227468750	1400.000	4000.000	1.0000
309	Spectrogram 1	1	77035.214468750	77035.227468750	1400.000	4000.000	1.0000
310	Waveform 1	1	77037.429343750	77037.442343750	1400.000	4000.000	1.0000
310	Spectrogram 1	1	77037.429343750	77037.442343750	1400.000	4000.000	1.0000
311	Waveform 1	1	77066.011468750	77066.019593750	1400.000	4000.000	1.0000
311	Spectrogram 1	1	77066.011468750	77066.019593750	1400.000	4000.000	1.0000
312	Waveform 1	1	77069.173718750	77069.181843750	1400.000	4000.000	1.0000
312	Spectrogram 1	1	77069.173718750	77069.181843750	1400.000	4000.000	1.0000
313	Waveform 1	1	77080.701468750	77080.711218750	1400.000	4000.000	1.0000
313	Spectrogram 1	1	77080.701468750	77080.711218750	1400.000	4000.000	1.0000
314	Waveform 1	1	77097.390218750	77097.416218750	1400.000	4000.000	1.0000
314	Spectrogram 1	1	77097.390218750	77097.416218750	1400.000	4000.000	1.0000
315	Waveform 1	1	77108.246843750	77108.264718750	1400.000	4000.000	1.0000
315	Spectrogram 1	1	77108.246843750	77108.264718750	1400.000	4000.000	1.0000
316	Waveform 1	1	77152.534593750	77152.545968750	1400.000	4000.000	1.0000
316	Spectrogram 1	1	77152.534593750	77152.545968750	1400.000	4000.000	1.0000
317	Waveform 1	1	77157.399843750	77157.409593750	1400.000	4000.000	1.0000
317	Spectrogram 1	1	77157.399843750	77157.409593750	1400.000	4000.000	1.0000
318	Waveform 1	1	77171.304968750	77171.314718750	1400.000	4000.000	1.0000
318	Spectrogram 1	1	77171.304968750	77171.314718750	1400.000	4000.000	1.0000
319	Waveform 1	1	77173.266343750	77173.274468750	1400.000	4000.000	1.0000
319	Spectrogram 1	1	77173.266343750	77173.274468750	1400.000	4000.000	1.0000
320	Waveform 1	1	77174.265718750	77174.278718750	1400.000	4000.000	1.0000
320	Spectrogram 1	1	77174.265718750	77174.278718750	1400.000	4000.000	1.0000
321	Waveform 1	1	77295.281093750	77295.295718750	1400.000	4000.000	1.0000
321	Spectrogram 1	1	77295.281093750	77295.295718750	1400.000	4000.000	1.0000
322	Waveform 1	1	77324.599343750	77324.609093750	1400.000	4000.000	1.0000
322	Spectrogram 1	1	77324.599343750	77324.609093750	1400.000	4000.000	1.0000
323	Waveform 1	1	77339.862968750	77339.871093750	1400.000	4000.000	1.0000
323	Spectrogram 1	1	77339.862968750	77339.871093750	1400.000	4000.000	1.0000
324	Waveform 1	1	77353.876968750	77353.886718750	1400.000	4000.000	1.0000
324	Spectrogram 1	1	77353.876968750	77353.886718750	1400.000	4000.000	1.0000
325	Waveform 1	1	77357.063593750	77357.071718750	1400.000	4000.000	1.0000
325	Spectrogram 1	1	77357.063593750	77357.071718750	1400.000	4000.000	1.0000
326	Waveform 1	1	77491.052968750	77491.067593750	1400.000	4000.000	1.0000
326	Spectrogram 1	1	77491.052968750	77491.067593750	1400.000	4000.000	1.0000
327	Waveform 1	1	77554.466968750	77554.483218750	1400.000	4000.000	1.0000
327	Spectrogram 1	1	77554.466968750	77554.483218750	1400.000	4000.000	1.0000
328	Waveform 1	1	77554.692843750	77554.700968750	1400.000	4000.000	1.0000
328	Spectrogram 1	1	77554.692843750	77554.700968750	1400.000	4000.000	1.0000
329	Waveform 1	1	77555.671093750	77555.680843750	1400.000	4000.000	1.0000
329	Spectrogram 1	1	77555.671093750	77555.680843750	1400.000	4000.000	1.0000
330	Waveform 1	1	77557.304218750	77557.312343750	1400.000	4000.000	1.0000
330	Spectrogram 1	1	77557.304218750	77557.312343750	1400.000	4000.000	1.0000
331	Waveform 1	1	77585.796968750	77585.806718750	1400.000	4000.000	1.0000
331	Spectrogram 1	1	77585.796968750	77585.806718750	1400.000	4000.000	1.0000
332	Waveform 1	1	77661.296093750	77661.309093750	1400.000	4000.000	1.0000
332	Spectrogram 1	1	77661.296093750	77661.309093750	1400.000	4000.000	1.0000
333	Waveform 1	1	77797.118468750	77797.126593750	1400.000	4000.000	1.0000
333	Spectrogram 1	1	77797.118468750	77797.126593750	1400.000	4000.000	1.0000
334	Waveform 1	1	77937.703718750	77937.713468750	1400.000	4000.000	1.0000
334	Spectrogram 1	1	77937.703718750	77937.713468750	1400.000	4000.000	1.0000
335	Waveform 1	1	78076.720843750	78076.737093750	1400.000	4000.000	1.0000
335	Spectrogram 1	1	78076.720843750	78076.737093750	1400.000	4000.000	1.0000
336	Waveform 1	1	78328.478843750	78328.486968750	1400.000	4000.000	1.0000
336	Spectrogram 1	1	78328.478843750	78328.486968750	1400.000	4000.000	1.0000
337	Waveform 1	1	78565.369718750	78565.379468750	1400.000	4000.000	1.0000
337	Spectrogram 1	1	78565.369718750	78565.379468750	1400.000	4000.000	1.0000
338	Waveform 1	1	78694.425593750	78694.449968750	1400.000	4000.000	1.0000
338	Spectrogram 1	1	78694.425593750	78694.449968750	1400.000	4000.000	1.0000
339	Waveform 1	1	78695.316093750	78695.338843750	1400.000	4000.000	1.0000
339	Spectrogram 1	1	78695.316093750	78695.338843750	1400.000	4000.000	1.0000
340	Waveform 1	1	78703.460593750	78703.470343750	1400.000	4000.000	1.0000
340	Spectrogram 1	1	78703.460593750	78703.470343750	1400.000	4000.000	1.0000
341	Waveform 1	1	78712.736093750	78712.757218750	1400.000	4000.000	1.0000
341	Spectrogram 1	1	78712.736093750	78712.757218750	1400.000	4000.000	1.0000
342	Waveform 1	1	78712.859593750	78712.882343750	1400.000	4000.000	1.0000
342	Spectrogram 1	1	78712.859593750	78712.882343750	1400.000	4000.000	1.0000
343	Waveform 1	1	78747.060968750	78747.073968750	1400.000	4000.000	1.0000
343	Spectrogram 1	1	78747.060968750	78747.073968750	1400.000	4000.000	1.0000
344	Waveform 1	1	78750.068843750	78750.091593750	1400.000	4000.000	1.0000
344	Spectrogram 1	1	78750.068843750	78750.091593750	1400.000	4000.000	1.0000
345	Waveform 1	1	78782.750843750	78782.762218750	1400.000	4000.000	1.0000
345	Spectrogram 1	1	78782.750843750	78782.762218750	1400.000	4000.000	1.0000
346	Waveform 1	1	78788.295343750	78788.322968750	1400.000	4000.000	1.0000
346	Spectrogram 1	1	78788.295343750	78788.322968750	1400.000	4000.000	1.0000
347	Waveform 1	1	78792.812843750	78792.833968750	1400.000	4000.000	1.0000
347	Spectrogram 1	1	78792.812843750	78792.833968750	1400.000	4000.000	1.0000
348	Waveform 1	1	78797.187343750	78797.210093750	1400.000	4000.000	1.0000
348	Spectrogram 1	1	78797.187343750	78797.210093750	1400.000	4000.000	1.0000
349	Waveform 1	1	78797.959218750	78797.977093750	1400.000	4000.000	1.0000
349	Spectrogram 1	1	78797.959218750	78797.977093750	1400.000	4000.000	1.0000
350	Waveform 1	1	78809.768093750	78809.792468750	1400.000	4000.000	1.0000
350	Spectrogram 1	1	78809.768093750	78809.792468750	1400.000	4000.000	1.0000
351	Waveform 1	1	78810.544843750	78810.572468750	1400.000	4000.000	1.0000
351	Spectrogram 1	1	78810.544843750	78810.572468750	1400.000	4000.000	1.0000
352	Waveform 1	1	78853.532593750	78853.547218750	1400.000	4000.000	1.0000
352	Spectrogram 1	1	78853.532593750	78853.547218750	1400.000	4000.000	1.0000
353	Waveform 1	1	78914.180843750	78914.188968750	1400.000	4000.000	1.0000
353	Spectrogram 1	1	78914.180843750	78914.188968750	1400.000	4000.000	1.0000
354	Waveform 1	1	78925.417718750	78925.425843750	1400.000	4000.000	1.0000
354	Spectrogram 1	1	78925.417718750	78925.425843750	1400.000	4000.000	1.0000
355	Waveform 1	1	79025.777718750	79025.795593750	1400.000	4000.000	1.0000
355	Spectrogram 1	1	79025.777718750	79025.795593750	1400.000	4000.000	1.0000
356	Waveform 1	1	79159.585093750	79159.596468750	1400.000	4000.000	1.0000
356	Spectrogram 1	1	79159.585093750	79159.596468750	1400.000	4000.000	1.0000
357	Waveform 1	1	79287.745593750	79287.753718750	1400.000	4000.000	1.0000
357	Spectrogram 1	1	79287.745593750	79287.753718750	1400.000	4000.000	1.0000
358	Waveform 1	1	79292.118468750	79292.147718750	1400.000	4000.000	1.0000
358	Spectrogram 1	1	79292.118468750	79292.147718750	1400.000	4000.000	1.0000
359	Waveform 1	1	79334.732468750	79334.760093750	1400.000	4000.000	1.0000
359	Spectrogram 1	1	79334.732468750	79334.760093750	1400.000	4000.000	1.0000
360	Waveform 1	1	79346.570593750	79346.588468750	1400.000	4000.000	1.0000
360	Spectrogram 1	1	79346.570593750	79346.588468750	1400.000	4000.000	1.0000
361	Waveform 1	1	79457.631218750	79457.642593750	1400.000	4000.000	1.0000
361	Spectrogram 1	1	79457.631218750	79457.642593750	1400.000	4000.000	1.0000
362	Waveform 1	1	79587.465468750	79587.473593750	1400.000	4000.000	1.0000
362	Spectrogram 1	1	79587.465468750	79587.473593750	1400.000	4000.000	1.0000
363	Waveform 1	1	80044.925718750	80044.933843750	1400.000	4000.000	1.0000
363	Spectrogram 1	1	80044.925718750	80044.933843750	1400.000	4000.000	1.0000
364	Waveform 1	1	80079.053968750	80079.086468750	1400.000	4000.000	1.0000
364	Spectrogram 1	1	80079.053968750	80079.086468750	1400.000	4000.000	1.0000
365	Waveform 1	1	80079.692593750	80079.705593750	1400.000	4000.000	1.0000
365	Spectrogram 1	1	80079.692593750	80079.705593750	1400.000	4000.000	1.0000
366	Waveform 1	1	80100.903718750	80100.915093750	1400.000	4000.000	1.0000
366	Spectrogram 1	1	80100.903718750	80100.915093750	1400.000	4000.000	1.0000
367	Waveform 1	1	80529.269968750	80529.278093750	1400.000	4000.000	1.0000
367	Spectrogram 1	1	80529.269968750	80529.278093750	1400.000	4000.000	1.0000
368	Waveform 1	1	80558.191718750	80558.204718750	1400.000	4000.000	1.0000
368	Spectrogram 1	1	80558.191718750	80558.204718750	1400.000	4000.000	1.0000
369	Waveform 1	1	80568.799718750	80568.809468750	1400.000	4000.000	1.0000
369	Spectrogram 1	1	80568.799718750	80568.809468750	1400.000	4000.000	1.0000
370	Waveform 1	1	80568.950843750	80568.960593750	1400.000	4000.000	1.0000
370	Spectrogram 1	1	80568.950843750	80568.960593750	1400.000	4000.000	1.0000
371	Waveform 1	1	80569.409093750	80569.418843750	1400.000	4000.000	1.0000
371	Spectrogram 1	1	80569.409093750	80569.418843750	1400.000	4000.000	1.0000
372	Waveform 1	1	80621.998968750	80622.007093750	1400.000	4000.000	1.0000
372	Spectrogram 1	1	80621.998968750	80622.007093750	1400.000	4000.000	1.0000
373	Waveform 1	1	80622.054218750	80622.062343750	1400.000	4000.000	1.0000
373	Spectrogram 1	1	80622.054218750	80622.062343750	1400.000	4000.000	1.0000
374	Waveform 1	1	80634.776343750	80634.792593750	1400.000	4000.000	1.0000
374	Spectrogram 1	1	80634.776343750	80634.792593750	1400.000	4000.000	1.0000
375	Waveform 1	1	80886.643218750	80886.651343750	1400.000	4000.000	1.0000
375	Spectrogram 1	1	80886.643218750	80886.651343750	1400.000	4000.000	1.0000
376	Waveform 1	1	80919.814343750	80919.832218750	1400.000	4000.000	1.0000
376	Spectrogram 1	1	80919.814343750	80919.832218750	1400.000	4000.000	1.0000
377	Waveform 1	1	80956.628718750	80956.636843750	1400.000	4000.000	1.0000
377	Spectrogram 1	1	80956.628718750	80956.636843750	1400.000	4000.000	1.0000
378	Waveform 1	1	81062.965468750	81062.976843750	1400.000	4000.000	1.0000
378	Spectrogram 1	1	81062.965468750	81062.976843750	1400.000	4000.000	1.0000
379	Waveform 1	1	81483.300968750	81483.326968750	1400.000	4000.000	0.7500
379	Spectrogram 1	1	81483.300968750	81483.326968750	1400.000	4000.000	0.7500
380	Waveform 1	1	81483.380593750	81483.393593750	1400.000	4000.000	1.0000
380	Spectrogram 1	1	81483.380593750	81483.393593750	1400.000	4000.000	1.0000
381	Waveform 1	1	81531.357093750	81531.384718750	1400.000	4000.000	1.0000
381	Spectrogram 1	1	81531.357093750	81531.384718750	1400.000	4000.000	1.0000
382	Waveform 1	1	81531.417218750	81531.439968750	1400.000	4000.000	1.0000
382	Spectrogram 1	1	81531.417218750	81531.439968750	1400.000	4000.000	1.0000
383	Waveform 1	1	81532.613218750	81532.624593750	1400.000	4000.000	1.0000
383	Spectrogram 1	1	81532.613218750	81532.624593750	1400.000	4000.000	1.0000
384	Waveform 1	1	81545.629468750	81545.661968750	1400.000	4000.000	0.8000
384	Spectrogram 1	1	81545.629468750	81545.661968750	1400.000	4000.000	0.8000
385	Waveform 1	1	81556.455218750	81556.471468750	1400.000	4000.000	1.0000
385	Spectrogram 1	1	81556.455218750	81556.471468750	1400.000	4000.000	1.0000
386	Waveform 1	1	81556.529968750	81556.547843750	1400.000	4000.000	1.0000
386	Spectrogram 1	1	81556.529968750	81556.547843750	1400.000	4000.000	1.0000
387	Waveform 1	1	81559.308718750	81559.323343750	1400.000	4000.000	1.0000
387	Spectrogram 1	1	81559.308718750	81559.323343750	1400.000	4000.000	1.0000
388	Waveform 1	1	81567.277718750	81567.287468750	1400.000	4000.000	1.0000
388	Spectrogram 1	1	81567.277718750	81567.287468750	1400.000	4000.000	1.0000
389	Waveform 1	1	81575.363718750	81575.378343750	1400.000	4000.000	1.0000
389	Spectrogram 1	1	81575.363718750	81575.378343750	1400.000	4000.000	1.0000
390	Waveform 1	1	81576.694593750	81576.705968750	1400.000	4000.000	1.0000
390	Spectrogram 1	1	81576.694593750	81576.705968750	1400.000	4000.000	1.0000
391	Waveform 1	1	81609.857593750	81609.867343750	1400.000	4000.000	1.0000
391	Spectrogram 1	1	81609.857593750	81609.867343750	1400.000	4000.000	1.0000
392	Waveform 1	1	81640.722843750	81640.740718750	1400.000	4000.000	1.0000
392	Spectrogram 1	1	81640.722843750	81640.740718750	1400.000	4000.000	1.0000
393	Waveform 1	1	81641.891218750	81641.902593750	1400.000	4000.000	1.0000
393	Spectrogram 1	1	81641.891218750	81641.902593750	1400.000	4000.000	1.0000
394	Waveform 1	1	81641.998468750	81642.014718750	1400.000	4000.000	1.0000
394	Spectrogram 1	1	81641.998468750	81642.014718750	1400.000	4000.000	1.0000
395	Waveform 1	1	81643.433343750	81643.441468750	1400.000	4000.000	1.0000
395	Spectrogram 1	1	81643.433343750	81643.441468750	1400.000	4000.000	1.0000
396	Waveform 1	1	81655.177218750	81655.185343750	1400.000	4000.000	1.0000
396	Spectrogram 1	1	81655.177218750	81655.185343750	1400.000	4000.000	1.0000
397	Waveform 1	1	81690.698093750	81690.709468750	1400.000	4000.000	1.0000
397	Spectrogram 1	1	81690.698093750	81690.709468750	1400.000	4000.000	1.0000
398	Waveform 1	1	81704.196968750	81704.219718750	1400.000	4000.000	1.0000
398	Spectrogram 1	1	81704.196968750	81704.219718750	1400.000	4000.000	1.0000
399	Waveform 1	1	81736.994343750	81737.005718750	1400.000	4000.000	1.0000
399	Spectrogram 1	1	81736.994343750	81737.005718750	1400.000	4000.000	1.0000
400	Waveform 1	1	81742.163468750	81742.181343750	1400.000	4000.000	1.0000
400	Spectrogram 1	1	81742.163468750	81742.181343750	1400.000	4000.000	1.0000
401	Waveform 1	1	81746.539593750	81746.557468750	1400.000	4000.000	1.0000
401	Spectrogram 1	1	81746.539593750	81746.557468750	1400.000	4000.000	1.0000
402	Waveform 1	1	81746.596468750	81746.607843750	1400.000	4000.000	1.0000
402	Spectrogram 1	1	81746.596468750	81746.607843750	1400.000	4000.000	1.0000
403	Waveform 1	1	81796.137843750	81796.147593750	1400.000	4000.000	1.0000
403	Spectrogram 1	1	81796.137843750	81796.147593750	1400.000	4000.000	1.0000
404	Waveform 1	1	81797.106343750	81797.114468750	1400.000	4000.000	1.0000
404	Spectrogram 1	1	81797.106343750	81797.114468750	1400.000	4000.000	1.0000
405	Waveform 1	1	81797.314343750	81797.322468750	1400.000	4000.000	1.0000
405	Spectrogram 1	1	81797.314343750	81797.322468750	1400.000	4000.000	1.0000
406	Waveform 1	1	81807.043218750	81807.054593750	1400.000	4000.000	1.0000
406	Spectrogram 1	1	81807.043218750	81807.054593750	1400.000	4000.000	1.0000
407	Waveform 1	1	82084.789843750	82084.797968750	1400.000	4000.000	1.0000
407	Spectrogram 1	1	82084.789843750	82084.797968750	1400.000	4000.000	1.0000
408	Waveform 1	1	82088.743468750	82088.751593750	1400.000	4000.000	1.0000
408	Spectrogram 1	1	82088.743468750	82088.751593750	1400.000	4000.000	1.0000
409	Waveform 1	1	82159.091343750	82159.102718750	1400.000	4000.000	1.0000
409	Spectrogram 1	1	82159.091343750	82159.102718750	1400.000	4000.000	1.0000
410	Waveform 1	1	82159.231093750	82159.240843750	1400.000	4000.000	1.0000
410	Spectrogram 1	1	82159.231093750	82159.240843750	1400.000	4000.000	1.0000
411	Waveform 1	1	82458.473218750	82458.482968750	1400.000	4000.000	1.0000
411	Spectrogram 1	1	82458.473218750	82458.482968750	1400.000	4000.000	1.0000
412	Waveform 1	1	82458.972093750	82458.985093750	1400.000	4000.000	1.0000
412	Spectrogram 1	1	82458.972093750	82458.985093750	1400.000	4000.000	1.0000
413	Waveform 1	1	82585.367843750	82585.379218750	1400.000	4000.000	1.0000
413	Spectrogram 1	1	82585.367843750	82585.379218750	1400.000	4000.000	1.0000
414	Waveform 1	1	82898.255093750	82898.266468750	1400.000	4000.000	1.0000
414	Spectrogram 1	1	82898.255093750	82898.266468750	1400.000	4000.000	1.0000
415	Waveform 1	1	84183.498468750	84183.511468750	1400.000	4000.000	1.0000
415	Spectrogram 1	1	84183.498468750	84183.511468750	1400.000	4000.000	1.0000
416	Waveform 1	1	84540.993593750	84541.001718750	1400.000	4000.000	1.0000
416	Spectrogram 1	1	84540.993593750	84541.001718750	1400.000	4000.000	1.0000
417	Waveform 1	1	84611.466593750	84611.474718750	1400.000	4000.000	1.0000
417	Spectrogram 1	1	84611.466593750	84611.474718750	1400.000	4000.000	1.0000
418	Waveform 1	1	84611.546218750	84611.554343750	1400.000	4000.000	1.0000
418	Spectrogram 1	1	84611.546218750	84611.554343750	1400.000	4000.000	1.0000
419	Waveform 1	1	84674.087593750	84674.095718750	1400.000	4000.000	1.0000
419	Spectrogram 1	1	84674.087593750	84674.095718750	1400.000	4000.000	1.0000
420	Waveform 1	1	84675.693093750	84675.709343750	1400.000	4000.000	1.0000
420	Spectrogram 1	1	84675.693093750	84675.709343750	1400.000	4000.000	1.0000
421	Waveform 1	1	84688.712593750	84688.720718750	1400.000	4000.000	1.0000
421	Spectrogram 1	1	84688.712593750	84688.720718750	1400.000	4000.000	1.0000
422	Waveform 1	1	84688.983968750	84688.995343750	1400.000	4000.000	1.0000
422	Spectrogram 1	1	84688.983968750	84688.995343750	1400.000	4000.000	1.0000
423	Waveform 1	1	84689.734718750	84689.747718750	1400.000	4000.000	1.0000
423	Spectrogram 1	1	84689.734718750	84689.747718750	1400.000	4000.000	1.0000
424	Waveform 1	1	84689.814343750	84689.822468750	1400.000	4000.000	1.0000
424	Spectrogram 1	1	84689.814343750	84689.822468750	1400.000	4000.000	1.0000
425	Waveform 1	1	84689.892343750	84689.902093750	1400.000	4000.000	1.0000
425	Spectrogram 1	1	84689.892343750	84689.902093750	1400.000	4000.000	1.0000
426	Waveform 1	1	84690.090593750	84690.098718750	1400.000	4000.000	1.0000
426	Spectrogram 1	1	84690.090593750	84690.098718750	1400.000	4000.000	1.0000
427	Waveform 1	1	84690.168593750	84690.178343750	1400.000	4000.000	1.0000
427	Spectrogram 1	1	84690.168593750	84690.178343750	1400.000	4000.000	1.0000
428	Waveform 1	1	84690.241718750	84690.259593750	1400.000	4000.000	1.0000
428	Spectrogram 1	1	84690.241718750	84690.259593750	1400.000	4000.000	1.0000
429	Waveform 1	1	84690.365218750	84690.374968750	1400.000	4000.000	1.0000
429	Spectrogram 1	1	84690.365218750	84690.374968750	1400.000	4000.000	1.0000
430	Waveform 1	1	84705.539468750	84705.552468750	1400.000	4000.000	1.0000
430	Spectrogram 1	1	84705.539468750	84705.552468750	1400.000	4000.000	1.0000
431	Waveform 1	1	84707.785218750	84707.793343750	1400.000	4000.000	1.0000
431	Spectrogram 1	1	84707.785218750	84707.793343750	1400.000	4000.000	1.0000
432	Waveform 1	1	84742.163718750	84742.173468750	1400.000	4000.000	1.0000
432	Spectrogram 1	1	84742.163718750	84742.173468750	1400.000	4000.000	1.0000
433	Waveform 1	1	84745.665593750	84745.675343750	1400.000	4000.000	1.0000
433	Spectrogram 1	1	84745.665593750	84745.675343750	1400.000	4000.000	1.0000
434	Waveform 1	1	84748.106343750	84748.116093750	1400.000	4000.000	1.0000
434	Spectrogram 1	1	84748.106343750	84748.116093750	1400.000	4000.000	1.0000
435	Waveform 1	1	84749.520093750	84749.531468750	1400.000	4000.000	1.0000
435	Spectrogram 1	1	84749.520093750	84749.531468750	1400.000	4000.000	1.0000
436	Waveform 1	1	84749.679343750	84749.687468750	1400.000	4000.000	1.0000
436	Spectrogram 1	1	84749.679343750	84749.687468750	1400.000	4000.000	1.0000
437	Waveform 1	1	84801.888968750	84801.906843750	1400.000	4000.000	1.0000
437	Spectrogram 1	1	84801.888968750	84801.906843750	1400.000	4000.000	1.0000
438	Waveform 1	1	84805.915718750	84805.928718750	1400.000	4000.000	1.0000
438	Spectrogram 1	1	84805.915718750	84805.928718750	1400.000	4000.000	1.0000
439	Waveform 1	1	84806.152968750	84806.162718750	1400.000	4000.000	1.0000
439	Spectrogram 1	1	84806.152968750	84806.162718750	1400.000	4000.000	1.0000
440	Waveform 1	1	85247.353468750	85247.363218750	1400.000	4000.000	1.0000
440	Spectrogram 1	1	85247.353468750	85247.363218750	1400.000	4000.000	1.0000
441	Waveform 1	1	85991.871593750	85991.879718750	1400.000	4000.000	1.0000
441	Spectrogram 1	1	85991.871593750	85991.879718750	1400.000	4000.000	1.0000
442	Waveform 1	1	86004.124093750	86004.135468750	1400.000	4000.000	1.0000
442	Spectrogram 1	1	86004.124093750	86004.135468750	1400.000	4000.000	1.0000
443	Waveform 1	1	86054.391843750	86054.399968750	1400.000	4000.000	1.0000
443	Spectrogram 1	1	86054.391843750	86054.399968750	1400.000	4000.000	1.0000
444	Waveform 1	1	86055.691843750	86055.701593750	1400.000	4000.000	1.0000
444	Spectrogram 1	1	86055.691843750	86055.701593750	1400.000	4000.000	1.0000
