Selection	View	Channel	Begin Time (s)	End Time (s)	Low Freq (Hz)	High Freq (Hz)	Occupancy
1	Waveform 1	1	491.534593750	491.545968750	1400.000	4000.000	1.0000
1	Spectrogram 1	1	491.534593750	491.545968750	1400.000	4000.000	1.0000
2	Waveform 1	1	5866.425218750	5866.434968750	1400.000	4000.000	1.0000
2	Spectrogram 1	1	5866.425218750	5866.434968750	1400.000	4000.000	1.0000
3	Waveform 1	1	8501.096218750	8501.104343750	1400.000	4000.000	1.0000
3	Spectrogram 1	1	8501.096218750	8501.104343750	1400.000	4000.000	1.0000
4	Waveform 1	1	8501.273343750	8501.281468750	1400.000	4000.000	1.0000
4	Spectrogram 1	1	8501.273343750	8501.281468750	1400.000	4000.000	1.0000
5	Waveform 1	1	8501.512218750	8501.521968750	1400.000	4000.000	1.0000
5	Spectrogram 1	1	8501.512218750	8501.521968750	1400.000	4000.000	1.0000
6	Waveform 1	1	8508.548468750	8508.556593750	1400.000	4000.000	1.0000
6	Spectrogram 1	1	8508.548468750	8508.556593750	1400.000	4000.000	1.0000
7	Waveform 1	1	8560.771093750	8560.793843750	1400.000	4000.000	0.7143
7	Spectrogram 1	1	8560.771093750	8560.793843750	1400.000	4000.000	0.7143
8	Waveform 1	1	8560.901093750	8560.910843750	1400.000	4000.000	1.0000
8	Spectrogram 1	1	8560.901093750	8560.910843750	1400.000	4000.000	1.0000
9	Waveform 1	1	8561.258593750	8561.266718750	1400.000	4000.000	1.0000
9	Spectrogram 1	1	8561.258593750	8561.266718750	1400.000	4000.000	1.0000
10	Waveform 1	1	8561.421093750	8561.429218750	1400.000	4000.000	1.0000
10	Spectrogram 1	1	8561.421093750	8561.429218750	1400.000	4000.000	1.0000
11	Waveform 1	1	8667.502718750	8667.512468750	1400.000	4000.000	1.0000
11	Spectrogram 1	1	8667.502718750	8667.512468750	1400.000	4000.000	1.0000
12	Waveform 1	1	8667.579093750	8667.590468750	1400.000	4000.000	1.0000
12	Spectrogram 1	1	8667.579093750	8667.590468750	1400.000	4000.000	1.0000
13	Waveform 1	1	8703.525718750	8703.554968750	1400.000	4000.000	0.7222
13	Spectrogram 1	1	8703.525718750	8703.554968750	1400.000	4000.000	0.7222
14	Waveform 1	1	8703.736968750	8703.764593750	1400.000	4000.000	0.8824
14	Spectrogram 1	1	8703.736968750	8703.764593750	1400.000	4000.000	0.8824
15	Waveform 1	1	8703.897843750	8703.909218750	1400.000	4000.000	1.0000
15	Spectrogram 1	1	8703.897843750	8703.909218750	1400.000	4000.000	1.0000
16	Waveform 1	1	8746.155968750	8746.180343750	1400.000	4000.000	0.7333
16	Spectrogram 1	1	8746.155968750	8746.180343750	1400.000	4000.000	0.7333
17	Waveform 1	1	8746.220968750	8746.229093750	1400.000	4000.000	1.0000
17	Spectrogram 1	1	8746.220968750	8746.229093750	1400.000	4000.000	1.0000
18	Waveform 1	1	8805.266968750	8805.276718750	1400.000	4000.000	1.0000
18	Spectrogram 1	1	8805.266968750	8805.276718750	1400.000	4000.000	1.0000
19	Waveform 1	1	8805.822718750	8805.832468750	1400.000	4000.000	1.0000
19	Spectrogram 1	1	8805.822718750	8805.832468750	1400.000	4000.000	1.0000
20	Waveform 1	1	8805.938093750	8805.946218750	1400.000	4000.000	1.0000
20	Spectrogram 1	1	8805.938093750	8805.946218750	1400.000	4000.000	1.0000
21	Waveform 1	1	8808.872843750	8808.884218750	1400.000	4000.000	1.0000
21	Spectrogram 1	1	8808.872843750	8808.884218750	1400.000	4000.000	1.0000
22	Waveform 1	1	8809.482218750	8809.506593750	1400.000	4000.000	0.8667
22	Spectrogram 1	1	8809.482218750	8809.506593750	1400.000	4000.000	0.8667
23	Waveform 1	1	8813.151468750	8813.161218750	1400.000	4000.000	1.0000
23	Spectrogram 1	1	8813.151468750	8813.161218750	1400.000	4000.000	1.0000
24	Waveform 1	1	8813.837218750	8813.846968750	1400.000	4000.000	1.0000
24	Spectrogram 1	1	8813.837218750	8813.846968750	1400.000	4000.000	1.0000
25	Waveform 1	1	8886.962218750	8886.970343750	1400.000	4000.000	1.0000
25	Spectrogram 1	1	8886.962218750	8886.970343750	1400.000	4000.000	1.0000
26	Waveform 1	1	8887.170218750	8887.181593750	1400.000	4000.000	1.0000
26	Spectrogram 1	1	8887.170218750	8887.181593750	1400.000	4000.000	1.0000
27	Waveform 1	1	8887.404218750	8887.413968750	1400.000	4000.000	1.0000
27	Spectrogram 1	1	8887.404218750	8887.413968750	1400.000	4000.000	1.0000
28	Waveform 1	1	8899.326843750	8899.354468750	1400.000	4000.000	0.8235
28	Spectrogram 1	1	8899.326843750	8899.354468750	1400.000	4000.000	0.8235
29	Waveform 1	1	8899.733093750	8899.744468750	1400.000	4000.000	1.0000
29	Spectrogram 1	1	8899.733093750	8899.744468750	1400.000	4000.000	1.0000
30	Waveform 1	1	8971.224968750	8971.250968750	1400.000	4000.000	1.0000
30	Spectrogram 1	1	8971.224968750	8971.250968750	1400.000	4000.000	1.0000
31	Waveform 1	1	8972.016343750	8972.027718750	1400.000	4000.000	1.0000
31	Spectrogram 1	1	8972.016343750	8972.027718750	1400.000	4000.000	1.0000
32	Waveform 1	1	8987.115843750	8987.127218750	1400.000	4000.000	1.0000
32	Spectrogram 1	1	8987.115843750	8987.127218750	1400.000	4000.000	1.0000
33	Waveform 1	1	8994.836218750	8994.844343750	1400.000	4000.000	1.0000
33	Spectrogram 1	1	8994.836218750	8994.844343750	1400.000	4000.000	1.0000
34	Waveform 1	1	8995.265218750	8995.291218750	1400.000	4000.000	0.7500
34	Spectrogram 1	1	8995.265218750	8995.291218750	1400.000	4000.000	0.7500
35	Waveform 1	1	8995.361093750	8995.372468750	1400.000	4000.000	1.0000
35	Spectrogram 1	1	8995.361093750	8995.372468750	1400.000	4000.000	1.0000
36	Waveform 1	1	8996.753718750	8996.778093750	1400.000	4000.000	0.7333
36	Spectrogram 1	1	8996.753718750	8996.778093750	1400.000	4000.000	0.7333
37	Waveform 1	1	8997.156718750	8997.184343750	1400.000	4000.000	0.7647
37	Spectrogram 1	1	8997.156718750	8997.184343750	1400.000	4000.000	0.7647
38	Waveform 1	1	8997.288343750	8997.296468750	1400.000	4000.000	1.0000
38	Spectrogram 1	1	8997.288343750	8997.296468750	1400.000	4000.000	1.0000
39	Waveform 1	1	8997.415093750	8997.428093750	1400.000	4000.000	1.0000
39	Spectrogram 1	1	8997.415093750	8997.428093750	1400.000	4000.000	1.0000
40	Waveform 1	1	8997.626343750	8997.639343750	1400.000	4000.000	1.0000
40	Spectrogram 1	1	8997.626343750	8997.639343750	1400.000	4000.000	1.0000
41	Waveform 1	1	8998.290968750	8998.303968750	1400.000	4000.000	1.0000
41	Spectrogram 1	1	8998.290968750	8998.303968750	1400.000	4000.000	1.0000
42	Waveform 1	1	8998.474593750	8998.482718750	1400.000	4000.000	1.0000
42	Spectrogram 1	1	8998.474593750	8998.482718750	1400.000	4000.000	1.0000
43	Waveform 1	1	9034.967218750	9034.980218750	1400.000	4000.000	1.0000
43	Spectrogram 1	1	9034.967218750	9034.980218750	1400.000	4000.000	1.0000
44	Waveform 1	1	9092.615718750	9092.623843750	1400.000	4000.000	1.0000
44	Spectrogram 1	1	9092.615718750	9092.623843750	1400.000	4000.000	1.0000
45	Waveform 1	1	9092.859468750	9092.874093750	1400.000	4000.000	1.0000
45	Spectrogram 1	1	9092.859468750	9092.874093750	1400.000	4000.000	1.0000
46	Waveform 1	1	9093.176343750	9093.186093750	1400.000	4000.000	1.0000
46	Spectrogram 1	1	9093.176343750	9093.186093750	1400.000	4000.000	1.0000
47	Waveform 1	1	9093.606968750	9093.616718750	1400.000	4000.000	1.0000
47	Spectrogram 1	1	9093.606968750	9093.616718750	1400.000	4000.000	1.0000
48	Waveform 1	1	9094.659968750	9094.672968750	1400.000	4000.000	1.0000
48	Spectrogram 1	1	9094.659968750	9094.672968750	1400.000	4000.000	1.0000
49	Waveform 1	1	9094.902093750	9094.913468750	1400.000	4000.000	1.0000
49	Spectrogram 1	1	9094.902093750	9094.913468750	1400.000	4000.000	1.0000
50	Waveform 1	1	9109.275218750	9109.289843750	1400.000	4000.000	1.0000
50	Spectrogram 1	1	9109.275218750	9109.289843750	1400.000	4000.000	1.0000
51	Waveform 1	1	9109.328843750	9109.336968750	1400.000	4000.000	1.0000
51	Spectrogram 1	1	9109.328843750	9109.336968750	1400.000	4000.000	1.0000
52	Waveform 1	1	9109.541718750	9109.551468750	1400.000	4000.000	1.0000
52	Spectrogram 1	1	9109.541718750	9109.551468750	1400.000	4000.000	1.0000
53	Waveform 1	1	9110.199843750	9110.212843750	1400.000	4000.000	1.0000
53	Spectrogram 1	1	9110.199843750	9110.212843750	1400.000	4000.000	1.0000
54	Waveform 1	1	9110.545968750	9110.554093750	1400.000	4000.000	1.0000
54	Spectrogram 1	1	9110.545968750	9110.554093750	1400.000	4000.000	1.0000
55	Waveform 1	1	9110.645093750	9110.654843750	1400.000	4000.000	1.0000
55	Spectrogram 1	1	9110.645093750	9110.654843750	1400.000	4000.000	1.0000
56	Waveform 1	1	9110.859593750	9110.869343750	1400.000	4000.000	1.0000
56	Spectrogram 1	1	9110.859593750	9110.869343750	1400.000	4000.000	1.0000
57	Waveform 1	1	9111.603843750	9111.613593750	1400.000	4000.000	1.0000
57	Spectrogram 1	1	9111.603843750	9111.613593750	1400.000	4000.000	1.0000
58	Waveform 1	1	9111.696468750	9111.727343750	1400.000	4000.000	0.8947
58	Spectrogram 1	1	9111.696468750	9111.727343750	1400.000	4000.000	0.8947
59	Waveform 1	1	9112.968843750	9112.980218750	1400.000	4000.000	1.0000
59	Spectrogram 1	1	9112.968843750	9112.980218750	1400.000	4000.000	1.0000
60	Waveform 1	1	9122.822843750	9122.837468750	1400.000	4000.000	1.0000
60	Spectrogram 1	1	9122.822843750	9122.837468750	1400.000	4000.000	1.0000
61	Waveform 1	1	9124.004218750	9124.012343750	1400.000	4000.000	1.0000
61	Spectrogram 1	1	9124.004218750	9124.012343750	1400.000	4000.000	1.0000
62	Waveform 1	1	9124.485218750	9124.496593750	1400.000	4000.000	1.0000
62	Spectrogram 1	1	9124.485218750	9124.496593750	1400.000	4000.000	1.0000
63	Waveform 1	1	9125.032843750	9125.042593750	1400.000	4000.000	1.0000
63	Spectrogram 1	1	9125.032843750	9125.042593750	1400.000	4000.000	1.0000
64	Waveform 1	1	9126.542468750	9126.553843750	1400.000	4000.000	1.0000
64	Spectrogram 1	1	9126.542468750	9126.553843750	1400.000	4000.000	1.0000
65	Waveform 1	1	9127.580843750	9127.592218750	1400.000	4000.000	1.0000
65	Spectrogram 1	1	9127.580843750	9127.592218750	1400.000	4000.000	1.0000
66	Waveform 1	1	9127.748218750	9127.757968750	1400.000	4000.000	1.0000
66	Spectrogram 1	1	9127.748218750	9127.757968750	1400.000	4000.000	1.0000
67	Waveform 1	1	9127.860343750	9127.876593750	1400.000	4000.000	1.0000
67	Spectrogram 1	1	9127.860343750	9127.876593750	1400.000	4000.000	1.0000
68	Waveform 1	1	9153.133968750	9153.143718750	1400.000	4000.000	1.0000
68	Spectrogram 1	1	9153.133968750	9153.143718750	1400.000	4000.000	1.0000
69	Waveform 1	1	9177.403343750	9177.417968750	1400.000	4000.000	1.0000
69	Spectrogram 1	1	9177.403343750	9177.417968750	1400.000	4000.000	1.0000
70	Waveform 1	1	9196.586468750	9196.594593750	1400.000	4000.000	1.0000
70	Spectrogram 1	1	9196.586468750	9196.594593750	1400.000	4000.000	1.0000
71	Waveform 1	1	9196.685593750	9196.695343750	1400.000	4000.000	1.0000
71	Spectrogram 1	1	9196.685593750	9196.695343750	1400.000	4000.000	1.0000
72	Waveform 1	1	9205.590593750	9205.600343750	1400.000	4000.000	1.0000
72	Spectrogram 1	1	9205.590593750	9205.600343750	1400.000	4000.000	1.0000
73	Waveform 1	1	9207.423593750	9207.431718750	1400.000	4000.000	1.0000
73	Spectrogram 1	1	9207.423593750	9207.431718750	1400.000	4000.000	1.0000
74	Waveform 1	1	9207.680343750	9207.688468750	1400.000	4000.000	1.0000
74	Spectrogram 1	1	9207.680343750	9207.688468750	1400.000	4000.000	1.0000
75	Waveform 1	1	9209.332968750	9209.341093750	1400.000	4000.000	1.0000
75	Spectrogram 1	1	9209.332968750	9209.341093750	1400.000	4000.000	1.0000
76	Waveform 1	1	9210.613468750	9210.621593750	1400.000	4000.000	1.0000
76	Spectrogram 1	1	9210.613468750	9210.621593750	1400.000	4000.000	1.0000
77	Waveform 1	1	9211.759093750	9211.772093750	1400.000	4000.000	1.0000
77	Spectrogram 1	1	9211.759093750	9211.772093750	1400.000	4000.000	1.0000
78	Waveform 1	1	9211.841968750	9211.850093750	1400.000	4000.000	1.0000
78	Spectrogram 1	1	9211.841968750	9211.850093750	1400.000	4000.000	1.0000
79	Waveform 1	1	9212.002843750	9212.012593750	1400.000	4000.000	1.0000
79	Spectrogram 1	1	9212.002843750	9212.012593750	1400.000	4000.000	1.0000
80	Waveform 1	1	9270.159968750	9270.168093750	1400.000	4000.000	1.0000
80	Spectrogram 1	1	9270.159968750	9270.168093750	1400.000	4000.000	1.0000
81	Waveform 1	1	9277.721093750	9277.735718750	1400.000	4000.000	1.0000
81	Spectrogram 1	1	9277.721093750	9277.735718750	1400.000	4000.000	1.0000
82	Waveform 1	1	9278.751343750	9278.759468750	1400.000	4000.000	1.0000
82	Spectrogram 1	1	9278.751343750	9278.759468750	1400.000	4000.000	1.0000
83	Waveform 1	1	9281.130343750	9281.146593750	1400.000	4000.000	1.0000
83	Spectrogram 1	1	9281.130343750	9281.146593750	1400.000	4000.000	1.0000
84	Waveform 1	1	9281.513843750	9281.523593750	1400.000	4000.000	1.0000
84	Spectrogram 1	1	9281.513843750	9281.523593750	1400.000	4000.000	1.0000
85	Waveform 1	1	9281.562593750	9281.572343750	1400.000	4000.000	1.0000
85	Spectrogram 1	1	9281.562593750	9281.572343750	1400.000	4000.000	1.0000
86	Waveform 1	1	9282.857718750	9282.869093750	1400.000	4000.000	1.0000
86	Spectrogram 1	1	9282.857718750	9282.869093750	1400.000	4000.000	1.0000
87	Waveform 1	1	9295.274343750	9295.284093750	1400.000	4000.000	1.0000
87	Spectrogram 1	1	9295.274343750	9295.284093750	1400.000	4000.000	1.0000
88	Waveform 1	1	9296.522343750	9296.530468750	1400.000	4000.000	1.0000
88	Spectrogram 1	1	9296.522343750	9296.530468750	1400.000	4000.000	1.0000
89	Waveform 1	1	9296.582468750	9296.597093750	1400.000	4000.000	1.0000
89	Spectrogram 1	1	9296.582468750	9296.597093750	1400.000	4000.000	1.0000
90	Waveform 1	1	9297.313718750	9297.321843750	1400.000	4000.000	1.0000
90	Spectrogram 1	1	9297.313718750	9297.321843750	1400.000	4000.000	1.0000
91	Waveform 1	1	9297.425843750	9297.433968750	1400.000	4000.000	1.0000
91	Spectrogram 1	1	9297.425843750	9297.433968750	1400.000	4000.000	1.0000
92	Waveform 1	1	9298.465843750	9298.475593750	1400.000	4000.000	1.0000
92	Spectrogram 1	1	9298.465843750	9298.475593750	1400.000	4000.000	1.0000
93	Waveform 1	1	9306.880093750	9306.889843750	1400.000	4000.000	1.0000
93	Spectrogram 1	1	9306.880093750	9306.889843750	1400.000	4000.000	1.0000
94	Waveform 1	1	9391.628718750	9391.640093750	1400.000	4000.000	1.0000
94	Spectrogram 1	1	9391.628718750	9391.640093750	1400.000	4000.000	1.0000
95	Waveform 1	1	9391.854593750	9391.869218750	1400.000	4000.000	1.0000
95	Spectrogram 1	1	9391.854593750	9391.869218750	1400.000	4000.000	1.0000
96	Waveform 1	1	9405.983968750	9405.995343750	1400.000	4000.000	1.0000
96	Spectrogram 1	1	9405.983968750	9405.995343750	1400.000	4000.000	1.0000
97	Waveform 1	1	9473.566093750	9473.574218750	1400.000	4000.000	1.0000
97	Spectrogram 1	1	9473.566093750	9473.574218750	1400.000	4000.000	1.0000
98	Waveform 1	1	9480.537343750	9480.564968750	1400.000	4000.000	1.0000
98	Spectrogram 1	1	9480.537343750	9480.564968750	1400.000	4000.000	1.0000
99	Waveform 1	1	9481.440843750	9481.466843750	1400.000	4000.000	0.7500
99	Spectrogram 1	1	9481.440843750	9481.466843750	1400.000	4000.000	0.7500
100	Waveform 1	1	9502.926593750	9502.937968750	1400.000	4000.000	1.0000
100	Spectrogram 1	1	9502.926593750	9502.937968750	1400.000	4000.000	1.0000
101	Waveform 1	1	9503.781343750	9503.792718750	1400.000	4000.000	1.0000
101	Spectrogram 1	1	9503.781343750	9503.792718750	1400.000	4000.000	1.0000
102	Waveform 1	1	9504.268843750	9504.278593750	1400.000	4000.000	1.0000
102	Spectrogram 1	1	9504.268843750	9504.278593750	1400.000	4000.000	1.0000
103	Waveform 1	1	9504.554843750	9504.564593750	1400.000	4000.000	1.0000
103	Spectrogram 1	1	9504.554843750	9504.564593750	1400.000	4000.000	1.0000
104	Waveform 1	1	9504.805093750	9504.814843750	1400.000	4000.000	1.0000
104	Spectrogram 1	1	9504.805093750	9504.814843750	1400.000	4000.000	1.0000
105	Waveform 1	1	9505.055343750	9505.065093750	1400.000	4000.000	1.0000
105	Spectrogram 1	1	9505.055343750	9505.065093750	1400.000	4000.000	1.0000
106	Waveform 1	1	9505.687468750	9505.698843750	1400.000	4000.000	1.0000
106	Spectrogram 1	1	9505.687468750	9505.698843750	1400.000	4000.000	1.0000
107	Waveform 1	1	9505.970218750	9505.979968750	1400.000	4000.000	1.0000
107	Spectrogram 1	1	9505.970218750	9505.979968750	1400.000	4000.000	1.0000
108	Waveform 1	1	9544.399843750	9544.407968750	1400.000	4000.000	1.0000
108	Spectrogram 1	1	9544.399843750	9544.407968750	1400.000	4000.000	1.0000
109	Waveform 1	1	9572.786968750	9572.796718750	1400.000	4000.000	1.0000
109	Spectrogram 1	1	9572.786968750	9572.796718750	1400.000	4000.000	1.0000
110	Waveform 1	1	9582.532093750	9582.561343750	1400.000	4000.000	1.0000
110	Spectrogram 1	1	9582.532093750	9582.561343750	1400.000	4000.000	1.0000
111	Waveform 1	1	9582.949718750	9582.961093750	1400.000	4000.000	1.0000
111	Spectrogram 1	1	9582.949718750	9582.961093750	1400.000	4000.000	1.0000
112	Waveform 1	1	9583.052093750	9583.060218750	1400.000	4000.000	1.0000
112	Spectrogram 1	1	9583.052093750	9583.060218750	1400.000	4000.000	1.0000
113	Waveform 1	1	9586.448343750	9586.456468750	1400.000	4000.000	1.0000
113	Spectrogram 1	1	9586.448343750	9586.456468750	1400.000	4000.000	1.0000
114	Waveform 1	1	9586.783093750	9586.791218750	1400.000	4000.000	1.0000
114	Spectrogram 1	1	9586.783093750	9586.791218750	1400.000	4000.000	1.0000
115	Waveform 1	1	9588.042468750	9588.050593750	1400.000	4000.000	1.0000
115	Spectrogram 1	1	9588.042468750	9588.050593750	1400.000	4000.000	1.0000
116	Waveform 1	1	9802.633468750	9802.644843750	1400.000	4000.000	1.0000
116	Spectrogram 1	1	9802.633468750	9802.644843750	1400.000	4000.000	1.0000
117	Waveform 1	1	9802.805718750	9802.818718750	1400.000	4000.000	1.0000
117	Spectrogram 1	1	9802.805718750	9802.818718750	1400.000	4000.000	1.0000
118	Waveform 1	1	9803.013718750	9803.029968750	1400.000	4000.000	1.0000
118	Spectrogram 1	1	9803.013718750	9803.029968750	1400.000	4000.000	1.0000
119	Waveform 1	1	9803.283468750	9803.291593750	1400.000	4000.000	1.0000
119	Spectrogram 1	1	9803.283468750	9803.291593750	1400.000	4000.000	1.0000
120	Waveform 1	1	9803.361468750	9803.372843750	1400.000	4000.000	1.0000
120	Spectrogram 1	1	9803.361468750	9803.372843750	1400.000	4000.000	1.0000
121	Waveform 1	1	9914.636593750	9914.644718750	1400.000	4000.000	1.0000
121	Spectrogram 1	1	9914.636593750	9914.644718750	1400.000	4000.000	1.0000
122	Waveform 1	1	12390.770968750	12390.787218750	1400.000	4000.000	1.0000
122	Spectrogram 1	1	12390.770968750	12390.787218750	1400.000	4000.000	1.0000
123	Waveform 1	1	13680.658593750	13680.673218750	1400.000	4000.000	1.0000
123	Spectrogram 1	1	13680.658593750	13680.673218750	1400.000	4000.000	1.0000
124	Waveform 1	1	14373.462718750	14373.475718750	1400.000	4000.000	1.0000
124	Spectrogram 1	1	14373.462718750	14373.475718750	1400.000	4000.000	1.0000
125	Waveform 1	1	14387.018468750	14387.026593750	1400.000	4000.000	1.0000
125	Spectrogram 1	1	14387.018468750	14387.026593750	1400.000	4000.000	1.0000
126	Waveform 1	1	14665.041343750	14665.051093750	1400.000	4000.000	1.0000
126	Spectrogram 1	1	14665.041343750	14665.051093750	1400.000	4000.000	1.0000
127	Waveform 1	1	15314.700093750	15314.716343750	1400.000	4000.000	1.0000
127	Spectrogram 1	1	15314.700093750	15314.716343750	1400.000	4000.000	1.0000
128	Waveform 1	1	15923.158593750	15923.174843750	1400.000	4000.000	1.0000
128	Spectrogram 1	1	15923.158593750	15923.174843750	1400.000	4000.000	1.0000
129	Waveform 1	1	15923.858968750	15923.867093750	1400.000	4000.000	1.0000
129	Spectrogram 1	1	15923.858968750	15923.867093750	1400.000	4000.000	1.0000
130	Waveform 1	1	15924.911968750	15924.920093750	1400.000	4000.000	1.0000
130	Spectrogram 1	1	15924.911968750	15924.920093750	1400.000	4000.000	1.0000
131	Waveform 1	1	15932.333343750	15932.351218750	1400.000	4000.000	1.0000
131	Spectrogram 1	1	15932.333343750	15932.351218750	1400.000	4000.000	1.0000
132	Waveform 1	1	15967.280593750	15967.295218750	1400.000	4000.000	1.0000
132	Spectrogram 1	1	15967.280593750	15967.295218750	1400.000	4000.000	1.0000
133	Waveform 1	1	16272.785468750	16272.814718750	1400.000	4000.000	1.0000
133	Spectrogram 1	1	16272.785468750	16272.814718750	1400.000	4000.000	1.0000
134	Waveform 1	1	16390.901843750	16390.913218750	1400.000	4000.000	1.0000
134	Spectrogram 1	1	16390.901843750	16390.913218750	1400.000	4000.000	1.0000
135	Waveform 1	1	17460.085218750	17460.096593750	1400.000	4000.000	1.0000
135	Spectrogram 1	1	17460.085218750	17460.096593750	1400.000	4000.000	1.0000
136	Waveform 1	1	17523.903843750	17523.920093750	1400.000	4000.000	1.0000
136	Spectrogram 1	1	17523.903843750	17523.920093750	1400.000	4000.000	1.0000
137	Waveform 1	1	26007.656718750	26007.664843750	1400.000	4000.000	1.0000
137	Spectrogram 1	1	26007.656718750	26007.664843750	1400.000	4000.000	1.0000
138	Waveform 1	1	26283.214468750	26283.243718750	1400.000	4000.000	1.0000
138	Spectrogram 1	1	26283.214468750	26283.243718750	1400.000	4000.000	1.0000
139	Waveform 1	1	26408.857843750	26408.872468750	1400.000	4000.000	1.0000
139	Spectrogram 1	1	26408.857843750	26408.872468750	1400.000	4000.000	1.0000
140	Waveform 1	1	26514.325218750	26514.338218750	1400.000	4000.000	1.0000
140	Spectrogram 1	1	26514.325218750	26514.338218750	1400.000	4000.000	1.0000
141	Waveform 1	1	26844.268468750	26844.278218750	1400.000	4000.000	1.0000
141	Spectrogram 1	1	26844.268468750	26844.278218750	1400.000	4000.000	1.0000
142	Waveform 1	1	26875.564343750	26875.577343750	1400.000	4000.000	1.0000
142	Spectrogram 1	1	26875.564343750	26875.577343750	1400.000	4000.000	1.0000
143	Waveform 1	1	27180.344468750	27180.352593750	1400.000	4000.000	1.0000
143	Spectrogram 1	1	27180.344468750	27180.352593750	1400.000	4000.000	1.0000
144	Waveform 1	1	27228.372968750	27228.384343750	1400.000	4000.000	1.0000
144	Spectrogram 1	1	27228.372968750	27228.384343750	1400.000	4000.000	1.0000
145	Waveform 1	1	27679.219468750	27679.237343750	1400.000	4000.000	1.0000
145	Spectrogram 1	1	27679.219468750	27679.237343750	1400.000	4000.000	1.0000
146	Waveform 1	1	27679.297468750	27679.313718750	1400.000	4000.000	1.0000
146	Spectrogram 1	1	27679.297468750	27679.313718750	1400.000	4000.000	1.0000
147	Waveform 1	1	27728.318843750	27728.336718750	1400.000	4000.000	1.0000
147	Spectrogram 1	1	27728.318843750	27728.336718750	1400.000	4000.000	1.0000
148	Waveform 1	1	27919.402593750	27919.428593750	1400.000	4000.000	1.0000
148	Spectrogram 1	1	27919.402593750	27919.428593750	1400.000	4000.000	1.0000
149	Waveform 1	1	28092.911968750	28092.926593750	1400.000	4000.000	1.0000
149	Spectrogram 1	1	28092.911968750	28092.926593750	1400.000	4000.000	1.0000
150	Waveform 1	1	28218.186468750	28218.197843750	1400.000	4000.000	1.0000
150	Spectrogram 1	1	28218.186468750	28218.197843750	1400.000	4000.000	1.0000
151	Waveform 1	1	28218.292093750	28218.303468750	1400.000	4000.000	1.0000
151	Spectrogram 1	1	28218.292093750	28218.303468750	1400.000	4000.000	1.0000
152	Waveform 1	1	28236.708218750	28236.717968750	1400.000	4000.000	1.0000
152	Spectrogram 1	1	28236.708218750	28236.717968750	1400.000	4000.000	1.0000
153	Waveform 1	1	28655.940343750	28655.950093750	1400.000	4000.000	1.0000
153	Spectrogram 1	1	28655.940343750	28655.950093750	1400.000	4000.000	1.0000
154	Waveform 1	1	28836.234093750	28836.248718750	1400.000	4000.000	1.0000
154	Spectrogram 1	1	28836.234093750	28836.248718750	1400.000	4000.000	1.0000
155	Waveform 1	1	28898.624343750	28898.638968750	1400.000	4000.000	1.0000
155	Spectrogram 1	1	28898.624343750	28898.638968750	1400.000	4000.000	1.0000
156	Waveform 1	1	28910.546968750	28910.561593750	1400.000	4000.000	1.0000
156	Spectrogram 1	1	28910.546968750	28910.561593750	1400.000	4000.000	1.0000
157	Waveform 1	1	28918.597218750	28918.611843750	1400.000	4000.000	1.0000
157	Spectrogram 1	1	28918.597218750	28918.611843750	1400.000	4000.000	1.0000
158	Waveform 1	1	28928.337468750	28928.358593750	1400.000	4000.000	1.0000
158	Spectrogram 1	1	28928.337468750	28928.358593750	1400.000	4000.000	1.0000
159	Waveform 1	1	28946.683718750	28946.696718750	1400.000	4000.000	1.0000
159	Spectrogram 1	1	28946.683718750	28946.696718750	1400.000	4000.000	1.0000
160	Waveform 1	1	28998.014218750	28998.028843750	1400.000	4000.000	1.0000
160	Spectrogram 1	1	28998.014218750	28998.028843750	1400.000	4000.000	1.0000
161	Waveform 1	1	29073.436968750	29073.454843750	1400.000	4000.000	1.0000
161	Spectrogram 1	1	29073.436968750	29073.454843750	1400.000	4000.000	1.0000
162	Waveform 1	1	29099.176968750	29099.194843750	1400.000	4000.000	1.0000
162	Spectrogram 1	1	29099.176968750	29099.194843750	1400.000	4000.000	1.0000
163	Waveform 1	1	29211.397843750	29211.409218750	1400.000	4000.000	1.0000
163	Spectrogram 1	1	29211.397843750	29211.409218750	1400.000	4000.000	1.0000
164	Waveform 1	1	29226.973468750	29226.992968750	1400.000	4000.000	1.0000
164	Spectrogram 1	1	29226.973468750	29226.992968750	1400.000	4000.000	1.0000
165	Waveform 1	1	29266.725843750	29266.737218750	1400.000	4000.000	1.0000
165	Spectrogram 1	1	29266.725843750	29266.737218750	1400.000	4000.000	1.0000
166	Waveform 1	1	29290.124218750	29290.135593750	1400.000	4000.000	1.0000
166	Spectrogram 1	1	29290.124218750	29290.135593750	1400.000	4000.000	1.0000
167	Waveform 1	1	29303.389093750	29303.410218750	1400.000	4000.000	1.0000
167	Spectrogram 1	1	29303.389093750	29303.410218750	1400.000	4000.000	1.0000
168	Waveform 1	1	29308.358343750	29308.369718750	1400.000	4000.000	1.0000
168	Spectrogram 1	1	29308.358343750	29308.369718750	1400.000	4000.000	1.0000
169	Waveform 1	1	29367.953593750	29367.976343750	1400.000	4000.000	1.0000
169	Spectrogram 1	1	29367.953593750	29367.976343750	1400.000	4000.000	1.0000
170	Waveform 1	1	29374.723343750	29374.744468750	1400.000	4000.000	1.0000
170	Spectrogram 1	1	29374.723343750	29374.744468750	1400.000	4000.000	1.0000
171	Waveform 1	1	29388.097093750	29388.105218750	1400.000	4000.000	1.0000
171	Spectrogram 1	1	29388.097093750	29388.105218750	1400.000	4000.000	1.0000
172	Waveform 1	1	29457.840468750	29457.856718750	1400.000	4000.000	1.0000
172	Spectrogram 1	1	29457.840468750	29457.856718750	1400.000	4000.000	1.0000
173	Waveform 1	1	29481.648343750	29481.666218750	1400.000	4000.000	1.0000
173	Spectrogram 1	1	29481.648343750	29481.666218750	1400.000	4000.000	1.0000
174	Waveform 1	1	29543.351218750	29543.364218750	1400.000	4000.000	1.0000
174	Spectrogram 1	1	29543.351218750	29543.364218750	1400.000	4000.000	1.0000
175	Waveform 1	1	29704.185593750	29704.205093750	1400.000	4000.000	1.0000
175	Spectrogram 1	1	29704.185593750	29704.205093750	1400.000	4000.000	1.0000
176	Waveform 1	1	29712.263468750	29712.271593750	1400.000	4000.000	1.0000
176	Spectrogram 1	1	29712.263468750	29712.271593750	1400.000	4000.000	1.0000
177	Waveform 1	1	29741.617468750	29741.638593750	1400.000	4000.000	1.0000
177	Spectrogram 1	1	29741.617468750	29741.638593750	1400.000	4000.000	1.0000
178	Waveform 1	1	29831.764343750	29831.780593750	1400.000	4000.000	1.0000
178	Spectrogram 1	1	29831.764343750	29831.780593750	1400.000	4000.000	1.0000
179	Waveform 1	1	29877.758343750	29877.772968750	1400.000	4000.000	1.0000
179	Spectrogram 1	1	29877.758343750	29877.772968750	1400.000	4000.000	1.0000
180	Waveform 1	1	29894.040843750	29894.053843750	1400.000	4000.000	1.0000
180	Spectrogram 1	1	29894.040843750	29894.053843750	1400.000	4000.000	1.0000
181	Waveform 1	1	29957.583218750	29957.605968750	1400.000	4000.000	1.0000
181	Spectrogram 1	1	29957.583218750	29957.605968750	1400.000	4000.000	1.0000
182	Waveform 1	1	30118.359093750	30118.367218750	1400.000	4000.000	1.0000
182	Spectrogram 1	1	30118.359093750	30118.367218750	1400.000	4000.000	1.0000
183	Waveform 1	1	30189.972843750	30189.985843750	1400.000	4000.000	1.0000
183	Spectrogram 1	1	30189.972843750	30189.985843750	1400.000	4000.000	1.0000
184	Waveform 1	1	30309.829593750	30309.855593750	1400.000	4000.000	1.0000
184	Spectrogram 1	1	30309.829593750	30309.855593750	1400.000	4000.000	1.0000
185	Waveform 1	1	30313.318468750	30313.337968750	1400.000	4000.000	1.0000
185	Spectrogram 1	1	30313.318468750	30313.337968750	1400.000	4000.000	1.0000
186	Waveform 1	1	30317.346843750	30317.358218750	1400.000	4000.000	1.0000
186	Spectrogram 1	1	30317.346843750	30317.358218750	1400.000	4000.000	1.0000
187	Waveform 1	1	30411.762593750	30411.777218750	1400.000	4000.000	1.0000
187	Spectrogram 1	1	30411.762593750	30411.777218750	1400.000	4000.000	1.0000
188	Waveform 1	1	30425.393093750	30425.415843750	1400.000	4000.000	1.0000
188	Spectrogram 1	1	30425.393093750	30425.415843750	1400.000	4000.000	1.0000
189	Waveform 1	1	30464.141218750	30464.157468750	1400.000	4000.000	1.0000
189	Spectrogram 1	1	30464.141218750	30464.157468750	1400.000	4000.000	1.0000
190	Waveform 1	1	30523.926593750	30523.944468750	1400.000	4000.000	1.0000
190	Spectrogram 1	1	30523.926593750	30523.944468750	1400.000	4000.000	1.0000
191	Waveform 1	1	30611.119218750	30611.130593750	1400.000	4000.000	1.0000
191	Spectrogram 1	1	30611.119218750	30611.130593750	1400.000	4000.000	1.0000
192	Waveform 1	1	30625.064968750	30625.084468750	1400.000	4000.000	1.0000
192	Spectrogram 1	1	30625.064968750	30625.084468750	1400.000	4000.000	1.0000
193	Waveform 1	1	30783.630843750	30783.645468750	1400.000	4000.000	1.0000
193	Spectrogram 1	1	30783.630843750	30783.645468750	1400.000	4000.000	1.0000
194	Waveform 1	1	30824.236343750	30824.254218750	1400.000	4000.000	1.0000
194	Spectrogram 1	1	30824.236343750	30824.254218750	1400.000	4000.000	1.0000
195	Waveform 1	1	30824.289968750	30824.302968750	1400.000	4000.000	1.0000
195	Spectrogram 1	1	30824.289968750	30824.302968750	1400.000	4000.000	1.0000
196	Waveform 1	1	30866.130468750	30866.151593750	1400.000	4000.000	1.0000
196	Spectrogram 1	1	30866.130468750	30866.151593750	1400.000	4000.000	1.0000
197	Waveform 1	1	30925.230093750	30925.239843750	1400.000	4000.000	1.0000
197	Spectrogram 1	1	30925.230093750	30925.239843750	1400.000	4000.000	1.0000
198	Waveform 1	1	30971.719718750	30971.739218750	1400.000	4000.000	1.0000
198	Spectrogram 1	1	30971.719718750	30971.739218750	1400.000	4000.000	1.0000
199	Waveform 1	1	31058.445968750	31058.465468750	1400.000	4000.000	1.0000
199	Spectrogram 1	1	31058.445968750	31058.465468750	1400.000	4000.000	1.0000
200	Waveform 1	1	31075.224093750	31075.250093750	1400.000	4000.000	1.0000
200	Spectrogram 1	1	31075.224093750	31075.250093750	1400.000	4000.000	1.0000
201	Waveform 1	1	31098.321843750	31098.333218750	1400.000	4000.000	1.0000
201	Spectrogram 1	1	31098.321843750	31098.333218750	1400.000	4000.000	1.0000
202	Waveform 1	1	31106.545968750	31106.560593750	1400.000	4000.000	1.0000
202	Spectrogram 1	1	31106.545968750	31106.560593750	1400.000	4000.000	1.0000
203	Waveform 1	1	31119.623968750	31119.643468750	1400.000	4000.000	1.0000
203	Spectrogram 1	1	31119.623968750	31119.643468750	1400.000	4000.000	1.0000
204	Waveform 1	1	31154.330718750	31154.343718750	1400.000	4000.000	1.0000
204	Spectrogram 1	1	31154.330718750	31154.343718750	1400.000	4000.000	1.0000
205	Waveform 1	1	31364.859218750	31364.878718750	1400.000	4000.000	1.0000
205	Spectrogram 1	1	31364.859218750	31364.878718750	1400.000	4000.000	1.0000
206	Waveform 1	1	31648.795468750	31648.806843750	1400.000	4000.000	1.0000
206	Spectrogram 1	1	31648.795468750	31648.806843750	1400.000	4000.000	1.0000
207	Waveform 1	1	31864.460593750	31864.473593750	1400.000	4000.000	1.0000
207	Spectrogram 1	1	31864.460593750	31864.473593750	1400.000	4000.000	1.0000
208	Waveform 1	1	32030.797218750	32030.808593750	1400.000	4000.000	1.0000
208	Spectrogram 1	1	32030.797218750	32030.808593750	1400.000	4000.000	1.0000
209	Waveform 1	1	32060.245468750	32060.256843750	1400.000	4000.000	1.0000
209	Spectrogram 1	1	32060.245468750	32060.256843750	1400.000	4000.000	1.0000
210	Waveform 1	1	32127.325468750	32127.340093750	1400.000	4000.000	1.0000
210	Spectrogram 1	1	32127.325468750	32127.340093750	1400.000	4000.000	1.0000
211	Waveform 1	1	32275.385718750	32275.403593750	1400.000	4000.000	1.0000
211	Spectrogram 1	1	32275.385718750	32275.403593750	1400.000	4000.000	1.0000
212	Waveform 1	1	32350.784093750	32350.801968750	1400.000	4000.000	1.0000
212	Spectrogram 1	1	32350.784093750	32350.801968750	1400.000	4000.000	1.0000
213	Waveform 1	1	32614.238843750	32614.253468750	1400.000	4000.000	1.0000
213	Spectrogram 1	1	32614.238843750	32614.253468750	1400.000	4000.000	1.0000
214	Waveform 1	1	33075.096968750	33075.129468750	1400.000	4000.000	1.0000
214	Spectrogram 1	1	33075.096968750	33075.129468750	1400.000	4000.000	1.0000
215	Waveform 1	1	33143.704468750	33143.719093750	1400.000	4000.000	1.0000
215	Spectrogram 1	1	33143.704468750	33143.719093750	1400.000	4000.000	1.0000
216	Waveform 1	1	33180.333593750	33180.354718750	1400.000	4000.000	1.0000
216	Spectrogram 1	1	33180.333593750	33180.354718750	1400.000	4000.000	1.0000
217	Waveform 1	1	33335.925718750	33335.938718750	1400.000	4000.000	1.0000
217	Spectrogram 1	1	33335.925718750	33335.938718750	1400.000	4000.000	1.0000
218	Waveform 1	1	33391.482843750	33391.490968750	1400.000	4000.000	1.0000
218	Spectrogram 1	1	33391.482843750	33391.490968750	1400.000	4000.000	1.0000
219	Waveform 1	1	33459.597968750	33459.612593750	1400.000	4000.000	1.0000
219	Spectrogram 1	1	33459.597968750	33459.612593750	1400.000	4000.000	1.0000
220	Waveform 1	1	33534.780218750	33534.788343750	1400.000	4000.000	1.0000
220	Spectrogram 1	1	33534.780218750	33534.788343750	1400.000	4000.000	1.0000
221	Waveform 1	1	33624.020343750	33624.030093750	1400.000	4000.000	1.0000
221	Spectrogram 1	1	33624.020343750	33624.030093750	1400.000	4000.000	1.0000
222	Waveform 1	1	33703.817593750	33703.832218750	1400.000	4000.000	1.0000
222	Spectrogram 1	1	33703.817593750	33703.832218750	1400.000	4000.000	1.0000
223	Waveform 1	1	33805.396343750	33805.404468750	1400.000	4000.000	1.0000
223	Spectrogram 1	1	33805.396343750	33805.404468750	1400.000	4000.000	1.0000
224	Waveform 1	1	33917.136218750	33917.149218750	1400.000	4000.000	1.0000
224	Spectrogram 1	1	33917.136218750	33917.149218750	1400.000	4000.000	1.0000
225	Waveform 1	1	33966.232343750	33966.245343750	1400.000	4000.000	1.0000
225	Spectrogram 1	1	33966.232343750	33966.245343750	1400.000	4000.000	1.0000
226	Waveform 1	1	34579.835593750	34579.846968750	1400.000	4000.000	1.0000
226	Spectrogram 1	1	34579.835593750	34579.846968750	1400.000	4000.000	1.0000
227	Waveform 1	1	36840.397468750	36840.405593750	1400.000	4000.000	1.0000
227	Spectrogram 1	1	36840.397468750	36840.405593750	1400.000	4000.000	1.0000
228	Waveform 1	1	36855.230468750	36855.246718750	1400.000	4000.000	1.0000
228	Spectrogram 1	1	36855.230468750	36855.246718750	1400.000	4000.000	1.0000
229	Waveform 1	1	36876.009343750	36876.022343750	1400.000	4000.000	1.0000
229	Spectrogram 1	1	36876.009343750	36876.022343750	1400.000	4000.000	1.0000
230	Waveform 1	1	38704.369968750	38704.381343750	1400.000	4000.000	1.0000
230	Spectrogram 1	1	38704.369968750	38704.381343750	1400.000	4000.000	1.0000
231	Waveform 1	1	56535.977593750	56535.992218750	1400.000	4000.000	1.0000
231	Spectrogram 1	1	56535.977593750	56535.992218750	1400.000	4000.000	1.0000
232	Waveform 1	1	56967.148593750	56967.158343750	1400.000	4000.000	1.0000
232	Spectrogram 1	1	56967.148593750	56967.158343750	1400.000	4000.000	1.0000
233	Waveform 1	1	56983.483093750	56983.497718750	1400.000	4000.000	1.0000
233	Spectrogram 1	1	56983.483093750	56983.497718750	1400.000	4000.000	1.0000
234	Waveform 1	1	56983.692718750	56983.705718750	1400.000	4000.000	1.0000
234	Spectrogram 1	1	56983.692718750	56983.705718750	1400.000	4000.000	1.0000
235	Waveform 1	1	56985.938468750	56985.946593750	1400.000	4000.000	1.0000
235	Spectrogram 1	1	56985.938468750	56985.946593750	1400.000	4000.000	1.0000
236	Waveform 1	1	57003.244718750	57003.259343750	1400.000	4000.000	1.0000
236	Spectrogram 1	1	57003.244718750	57003.259343750	1400.000	4000.000	1.0000
237	Waveform 1	1	57042.285343750	57042.295093750	1400.000	4000.000	1.0000
237	Spectrogram 1	1	57042.285343750	57042.295093750	1400.000	4000.000	1.0000
238	Waveform 1	1	57049.900093750	57049.916343750	1400.000	4000.000	1.0000
238	Spectrogram 1	1	57049.900093750	57049.916343750	1400.000	4000.000	1.0000
239	Waveform 1	1	57059.645218750	57059.656593750	1400.000	4000.000	1.0000
239	Spectrogram 1	1	57059.645218750	57059.656593750	1400.000	4000.000	1.0000
240	Waveform 1	1	57067.209593750	57067.220968750	1400.000	4000.000	1.0000
240	Spectrogram 1	1	57067.209593750	57067.220968750	1400.000	4000.000	1.0000
241	Waveform 1	1	57069.453718750	57069.466718750	1400.000	4000.000	1.0000
241	Spectrogram 1	1	57069.453718750	57069.466718750	1400.000	4000.000	1.0000
242	Waveform 1	1	57074.408343750	57074.416468750	1400.000	4000.000	1.0000
242	Spectrogram 1	1	57074.408343750	57074.416468750	1400.000	4000.000	1.0000
243	Waveform 1	1	57076.155218750	57076.171468750	1400.000	4000.000	1.0000
243	Spectrogram 1	1	57076.155218750	57076.171468750	1400.000	4000.000	1.0000
244	Waveform 1	1	57123.785593750	57123.801843750	1400.000	4000.000	1.0000
244	Spectrogram 1	1	57123.785593750	57123.801843750	1400.000	4000.000	1.0000
245	Waveform 1	1	57164.017343750	57164.031968750	1400.000	4000.000	1.0000
245	Spectrogram 1	1	57164.017343750	57164.031968750	1400.000	4000.000	1.0000
246	Waveform 1	1	57166.188343750	57166.198093750	1400.000	4000.000	1.0000
246	Spectrogram 1	1	57166.188343750	57166.198093750	1400.000	4000.000	1.0000
247	Waveform 1	1	57172.694843750	57172.702968750	1400.000	4000.000	1.0000
247	Spectrogram 1	1	57172.694843750	57172.702968750	1400.000	4000.000	1.0000
248	Waveform 1	1	57179.243593750	57179.261468750	1400.000	4000.000	1.0000
248	Spectrogram 1	1	57179.243593750	57179.261468750	1400.000	4000.000	1.0000
249	Waveform 1	1	57180.478593750	57180.496468750	1400.000	4000.000	1.0000
249	Spectrogram 1	1	57180.478593750	57180.496468750	1400.000	4000.000	1.0000
250	Waveform 1	1	57186.812843750	57186.822593750	1400.000	4000.000	1.0000
250	Spectrogram 1	1	57186.812843750	57186.822593750	1400.000	4000.000	1.0000
251	Waveform 1	1	57200.098843750	57200.108593750	1400.000	4000.000	1.0000
251	Spectrogram 1	1	57200.098843750	57200.108593750	1400.000	4000.000	1.0000
252	Waveform 1	1	57489.880218750	57489.889968750	1400.000	4000.000	1.0000
252	Spectrogram 1	1	57489.880218750	57489.889968750	1400.000	4000.000	1.0000
253	Waveform 1	1	57490.855218750	57490.869843750	1400.000	4000.000	1.0000
253	Spectrogram 1	1	57490.855218750	57490.869843750	1400.000	4000.000	1.0000
254	Waveform 1	1	57532.157843750	57532.167593750	1400.000	4000.000	1.0000
254	Spectrogram 1	1	57532.157843750	57532.167593750	1400.000	4000.000	1.0000
255	Waveform 1	1	57545.539718750	57545.547843750	1400.000	4000.000	1.0000
255	Spectrogram 1	1	57545.539718750	57545.547843750	1400.000	4000.000	1.0000
256	Waveform 1	1	57551.061468750	57551.074468750	1400.000	4000.000	1.0000
256	Spectrogram 1	1	57551.061468750	57551.074468750	1400.000	4000.000	1.0000
257	Waveform 1	1	57559.105218750	57559.116593750	1400.000	4000.000	1.0000
257	Spectrogram 1	1	57559.105218750	57559.116593750	1400.000	4000.000	1.0000
258	Waveform 1	1	57567.394343750	57567.402468750	1400.000	4000.000	1.0000
258	Spectrogram 1	1	57567.394343750	57567.402468750	1400.000	4000.000	1.0000
259	Waveform 1	1	57597.086343750	57597.100968750	1400.000	4000.000	1.0000
259	Spectrogram 1	1	57597.086343750	57597.100968750	1400.000	4000.000	1.0000
260	Waveform 1	1	57597.328468750	57597.336593750	1400.000	4000.000	1.0000
260	Spectrogram 1	1	57597.328468750	57597.336593750	1400.000	4000.000	1.0000
261	Waveform 1	1	57603.271093750	57603.282468750	1400.000	4000.000	1.0000
261	Spectrogram 1	1	57603.271093750	57603.282468750	1400.000	4000.000	1.0000
262	Waveform 1	1	57616.914593750	57616.930843750	1400.000	4000.000	1.0000
262	Spectrogram 1	1	57616.914593750	57616.930843750	1400.000	4000.000	1.0000
263	Waveform 1	1	57626.245343750	57626.255093750	1400.000	4000.000	1.0000
263	Spectrogram 1	1	57626.245343750	57626.255093750	1400.000	4000.000	1.0000
264	Waveform 1	1	57632.150593750	57632.158718750	1400.000	4000.000	1.0000
264	Spectrogram 1	1	57632.150593750	57632.158718750	1400.000	4000.000	1.0000
265	Waveform 1	1	57632.379718750	57632.391093750	1400.000	4000.000	1.0000
265	Spectrogram 1	1	57632.379718750	57632.391093750	1400.000	4000.000	1.0000
266	Waveform 1	1	57640.426718750	57640.439718750	1400.000	4000.000	1.0000
266	Spectrogram 1	1	57640.426718750	57640.439718750	1400.000	4000.000	1.0000
267	Waveform 1	1	57663.358718750	57663.373343750	1400.000	4000.000	1.0000
267	Spectrogram 1	1	57663.358718750	57663.373343750	1400.000	4000.000	1.0000
268	Waveform 1	1	57672.616343750	57672.627718750	1400.000	4000.000	1.0000
268	Spectrogram 1	1	57672.616343750	57672.627718750	1400.000	4000.000	1.0000
269	Waveform 1	1	57683.768718750	57683.778468750	1400.000	4000.000	1.0000
269	Spectrogram 1	1	57683.768718750	57683.778468750	1400.000	4000.000	1.0000
270	Waveform 1	1	57683.976718750	57683.986468750	1400.000	4000.000	1.0000
270	Spectrogram 1	1	57683.976718750	57683.986468750	1400.000	4000.000	1.0000
271	Waveform 1	1	57687.792218750	57687.811718750	1400.000	4000.000	1.0000
271	Spectrogram 1	1	57687.792218750	57687.811718750	1400.000	4000.000	1.0000
272	Waveform 1	1	57692.178093750	57692.191093750	1400.000	4000.000	1.0000
272	Spectrogram 1	1	57692.178093750	57692.191093750	1400.000	4000.000	1.0000
273	Waveform 1	1	57699.363843750	57699.378468750	1400.000	4000.000	1.0000
273	Spectrogram 1	1	57699.363843750	57699.378468750	1400.000	4000.000	1.0000
274	Waveform 1	1	57711.765843750	57711.775593750	1400.000	4000.000	1.0000
274	Spectrogram 1	1	57711.765843750	57711.775593750	1400.000	4000.000	1.0000
275	Waveform 1	1	57713.806843750	57713.823093750	1400.000	4000.000	1.0000
275	Spectrogram 1	1	57713.806843750	57713.823093750	1400.000	4000.000	1.0000
276	Waveform 1	1	57714.164343750	57714.175718750	1400.000	4000.000	1.0000
276	Spectrogram 1	1	57714.164343750	57714.175718750	1400.000	4000.000	1.0000
277	Waveform 1	1	57732.388718750	57732.398468750	1400.000	4000.000	1.0000
277	Spectrogram 1	1	57732.388718750	57732.398468750	1400.000	4000.000	1.0000
278	Waveform 1	1	57745.949343750	57745.967218750	1400.000	4000.000	1.0000
278	Spectrogram 1	1	57745.949343750	57745.967218750	1400.000	4000.000	1.0000
279	Waveform 1	1	57766.235843750	57766.248843750	1400.000	4000.000	1.0000
279	Spectrogram 1	1	57766.235843750	57766.248843750	1400.000	4000.000	1.0000
280	Waveform 1	1	57766.624218750	57766.638843750	1400.000	4000.000	1.0000
280	Spectrogram 1	1	57766.624218750	57766.638843750	1400.000	4000.000	1.0000
281	Waveform 1	1	57800.742718750	57800.755718750	1400.000	4000.000	1.0000
281	Spectrogram 1	1	57800.742718750	57800.755718750	1400.000	4000.000	1.0000
282	Waveform 1	1	57807.330468750	57807.343468750	1400.000	4000.000	1.0000
282	Spectrogram 1	1	57807.330468750	57807.343468750	1400.000	4000.000	1.0000
283	Waveform 1	1	57812.091718750	57812.109593750	1400.000	4000.000	1.0000
283	Spectrogram 1	1	57812.091718750	57812.109593750	1400.000	4000.000	1.0000
284	Waveform 1	1	57815.226343750	57815.240968750	1400.000	4000.000	1.0000
284	Spectrogram 1	1	57815.226343750	57815.240968750	1400.000	4000.000	1.0000
285	Waveform 1	1	57820.375968750	57820.392218750	1400.000	4000.000	1.0000
285	Spectrogram 1	1	57820.375968750	57820.392218750	1400.000	4000.000	1.0000
286	Waveform 1	1	57829.644968750	57829.656343750	1400.000	4000.000	1.0000
286	Spectrogram 1	1	57829.644968750	57829.656343750	1400.000	4000.000	1.0000
287	Waveform 1	1	57838.770968750	57838.783968750	1400.000	4000.000	1.0000
287	Spectrogram 1	1	57838.770968750	57838.783968750	1400.000	4000.000	1.0000
288	Waveform 1	1	57847.269718750	57847.287593750	1400.000	4000.000	1.0000
288	Spectrogram 1	1	57847.269718750	57847.287593750	1400.000	4000.000	1.0000
289	Waveform 1	1	57861.542093750	57861.559968750	1400.000	4000.000	1.0000
289	Spectrogram 1	1	57861.542093750	57861.559968750	1400.000	4000.000	1.0000
290	Waveform 1	1	57863.865843750	57863.877218750	1400.000	4000.000	1.0000
290	Spectrogram 1	1	57863.865843750	57863.877218750	1400.000	4000.000	1.0000
291	Waveform 1	1	57864.632843750	57864.642593750	1400.000	4000.000	1.0000
291	Spectrogram 1	1	57864.632843750	57864.642593750	1400.000	4000.000	1.0000
292	Waveform 1	1	57864.813218750	57864.822968750	1400.000	4000.000	1.0000
292	Spectrogram 1	1	57864.813218750	57864.822968750	1400.000	4000.000	1.0000
293	Waveform 1	1	57869.387593750	57869.397343750	1400.000	4000.000	1.0000
293	Spectrogram 1	1	57869.387593750	57869.397343750	1400.000	4000.000	1.0000
294	Waveform 1	1	57871.071093750	57871.082468750	1400.000	4000.000	1.0000
294	Spectrogram 1	1	57871.071093750	57871.082468750	1400.000	4000.000	1.0000
295	Waveform 1	1	57878.216218750	57878.230843750	1400.000	4000.000	1.0000
295	Spectrogram 1	1	57878.216218750	57878.230843750	1400.000	4000.000	1.0000
296	Waveform 1	1	57878.651718750	57878.671218750	1400.000	4000.000	1.0000
296	Spectrogram 1	1	57878.651718750	57878.671218750	1400.000	4000.000	1.0000
297	Waveform 1	1	57891.312093750	57891.321843750	1400.000	4000.000	1.0000
297	Spectrogram 1	1	57891.312093750	57891.321843750	1400.000	4000.000	1.0000
298	Waveform 1	1	57902.891843750	57902.912968750	1400.000	4000.000	1.0000
298	Spectrogram 1	1	57902.891843750	57902.912968750	1400.000	4000.000	1.0000
299	Waveform 1	1	57908.962843750	57908.974218750	1400.000	4000.000	1.0000
299	Spectrogram 1	1	57908.962843750	57908.974218750	1400.000	4000.000	1.0000
300	Waveform 1	1	57910.166968750	57910.183218750	1400.000	4000.000	1.0000
300	Spectrogram 1	1	57910.166968750	57910.183218750	1400.000	4000.000	1.0000
301	Waveform 1	1	57910.347343750	57910.360343750	1400.000	4000.000	1.0000
301	Spectrogram 1	1	57910.347343750	57910.360343750	1400.000	4000.000	1.0000
302	Waveform 1	1	57930.011468750	57930.019593750	1400.000	4000.000	1.0000
302	Spectrogram 1	1	57930.011468750	57930.019593750	1400.000	4000.000	1.0000
303	Waveform 1	1	57930.214593750	57930.225968750	1400.000	4000.000	1.0000
303	Spectrogram 1	1	57930.214593750	57930.225968750	1400.000	4000.000	1.0000
304	Waveform 1	1	57933.092468750	57933.102218750	1400.000	4000.000	1.0000
304	Spectrogram 1	1	57933.092468750	57933.102218750	1400.000	4000.000	1.0000
305	Waveform 1	1	57935.009968750	57935.024593750	1400.000	4000.000	1.0000
305	Spectrogram 1	1	57935.009968750	57935.024593750	1400.000	4000.000	1.0000
306	Waveform 1	1	57943.872718750	57943.882468750	1400.000	4000.000	1.0000
306	Spectrogram 1	1	57943.872718750	57943.882468750	1400.000	4000.000	1.0000
307	Waveform 1	1	57960.054468750	57960.067468750	1400.000	4000.000	1.0000
307	Spectrogram 1	1	57960.054468750	57960.067468750	1400.000	4000.000	1.0000
308	Waveform 1	1	57970.353718750	57970.366718750	1400.000	4000.000	1.0000
308	Spectrogram 1	1	57970.353718750	57970.366718750	1400.000	4000.000	1.0000
309	Waveform 1	1	58027.969718750	58027.979468750	1400.000	4000.000	1.0000
309	Spectrogram 1	1	58027.969718750	58027.979468750	1400.000	4000.000	1.0000
310	Waveform 1	1	58049.765843750	58049.778843750	1400.000	4000.000	1.0000
310	Spectrogram 1	1	58049.765843750	58049.778843750	1400.000	4000.000	1.0000
311	Waveform 1	1	58053.241718750	58053.254718750	1400.000	4000.000	1.0000
311	Spectrogram 1	1	58053.241718750	58053.254718750	1400.000	4000.000	1.0000
312	Waveform 1	1	58067.785468750	58067.796843750	1400.000	4000.000	1.0000
312	Spectrogram 1	1	58067.785468750	58067.796843750	1400.000	4000.000	1.0000
313	Waveform 1	1	58070.179093750	58070.188843750	1400.000	4000.000	1.0000
313	Spectrogram 1	1	58070.179093750	58070.188843750	1400.000	4000.000	1.0000
314	Waveform 1	1	58089.120093750	58089.152593750	1400.000	4000.000	0.7000
314	Spectrogram 1	1	58089.120093750	58089.152593750	1400.000	4000.000	0.7000
315	Waveform 1	1	58096.172593750	58096.201843750	1400.000	4000.000	0.7222
315	Spectrogram 1	1	58096.172593750	58096.201843750	1400.000	4000.000	0.7222
316	Waveform 1	1	58109.021468750	58109.032843750	1400.000	4000.000	1.0000
316	Spectrogram 1	1	58109.021468750	58109.032843750	1400.000	4000.000	1.0000
317	Waveform 1	1	58110.119968750	58110.128093750	1400.000	4000.000	1.0000
317	Spectrogram 1	1	58110.119968750	58110.128093750	1400.000	4000.000	1.0000
318	Waveform 1	1	58111.296468750	58111.307843750	1400.000	4000.000	1.0000
318	Spectrogram 1	1	58111.296468750	58111.307843750	1400.000	4000.000	1.0000
319	Waveform 1	1	58116.871843750	58116.891343750	1400.000	4000.000	1.0000
319	Spectrogram 1	1	58116.871843750	58116.891343750	1400.000	4000.000	1.0000
320	Waveform 1	1	58117.291093750	58117.302468750	1400.000	4000.000	1.0000
320	Spectrogram 1	1	58117.291093750	58117.302468750	1400.000	4000.000	1.0000
321	Waveform 1	1	58126.846093750	58126.863968750	1400.000	4000.000	1.0000
321	Spectrogram 1	1	58126.846093750	58126.863968750	1400.000	4000.000	1.0000
322	Waveform 1	1	58127.873093750	58127.886093750	1400.000	4000.000	1.0000
322	Spectrogram 1	1	58127.873093750	58127.886093750	1400.000	4000.000	1.0000
323	Waveform 1	1	58146.570343750	58146.583343750	1400.000	4000.000	1.0000
323	Spectrogram 1	1	58146.570343750	58146.583343750	1400.000	4000.000	1.0000
324	Waveform 1	1	58185.955468750	58185.970093750	1400.000	4000.000	1.0000
324	Spectrogram 1	1	58185.955468750	58185.970093750	1400.000	4000.000	1.0000
325	Waveform 1	1	58207.756468750	58207.772718750	1400.000	4000.000	1.0000
325	Spectrogram 1	1	58207.756468750	58207.772718750	1400.000	4000.000	1.0000
326	Waveform 1	1	58211.708468750	58211.719843750	1400.000	4000.000	1.0000
326	Spectrogram 1	1	58211.708468750	58211.719843750	1400.000	4000.000	1.0000
327	Waveform 1	1	58211.866093750	58211.882343750	1400.000	4000.000	1.0000
327	Spectrogram 1	1	58211.866093750	58211.882343750	1400.000	4000.000	1.0000
328	Waveform 1	1	58225.394218750	58225.410468750	1400.000	4000.000	1.0000
328	Spectrogram 1	1	58225.394218750	58225.410468750	1400.000	4000.000	1.0000
329	Waveform 1	1	58226.445593750	58226.463468750	1400.000	4000.000	1.0000
329	Spectrogram 1	1	58226.445593750	58226.463468750	1400.000	4000.000	1.0000
330	Waveform 1	1	58229.763843750	58229.778468750	1400.000	4000.000	1.0000
330	Spectrogram 1	1	58229.763843750	58229.778468750	1400.000	4000.000	1.0000
331	Waveform 1	1	58230.379718750	58230.387843750	1400.000	4000.000	1.0000
331	Spectrogram 1	1	58230.379718750	58230.387843750	1400.000	4000.000	1.0000
332	Waveform 1	1	58235.730843750	58235.740593750	1400.000	4000.000	1.0000
332	Spectrogram 1	1	58235.730843750	58235.740593750	1400.000	4000.000	1.0000
333	Waveform 1	1	58267.944843750	58267.957843750	1400.000	4000.000	1.0000
333	Spectrogram 1	1	58267.944843750	58267.957843750	1400.000	4000.000	1.0000
334	Waveform 1	1	58288.697718750	58288.709093750	1400.000	4000.000	1.0000
334	Spectrogram 1	1	58288.697718750	58288.709093750	1400.000	4000.000	1.0000
335	Waveform 1	1	58294.869468750	58294.879218750	1400.000	4000.000	1.0000
335	Spectrogram 1	1	58294.869468750	58294.879218750	1400.000	4000.000	1.0000
336	Waveform 1	1	58296.981968750	58296.994968750	1400.000	4000.000	1.0000
336	Spectrogram 1	1	58296.981968750	58296.994968750	1400.000	4000.000	1.0000
337	Waveform 1	1	58299.076593750	58299.096093750	1400.000	4000.000	1.0000
337	Spectrogram 1	1	58299.076593750	58299.096093750	1400.000	4000.000	1.0000
338	Waveform 1	1	58300.020718750	58300.030468750	1400.000	4000.000	1.0000
338	Spectrogram 1	1	58300.020718750	58300.030468750	1400.000	4000.000	1.0000
339	Waveform 1	1	58333.094343750	58333.105718750	1400.000	4000.000	1.0000
339	Spectrogram 1	1	58333.094343750	58333.105718750	1400.000	4000.000	1.0000
340	Waveform 1	1	58344.765093750	58344.779718750	1400.000	4000.000	1.0000
340	Spectrogram 1	1	58344.765093750	58344.779718750	1400.000	4000.000	1.0000
341	Waveform 1	1	58362.399593750	58362.412593750	1400.000	4000.000	1.0000
341	Spectrogram 1	1	58362.399593750	58362.412593750	1400.000	4000.000	1.0000
342	Waveform 1	1	58389.379468750	58389.389218750	1400.000	4000.000	1.0000
342	Spectrogram 1	1	58389.379468750	58389.389218750	1400.000	4000.000	1.0000
343	Waveform 1	1	58396.641593750	58396.654593750	1400.000	4000.000	1.0000
343	Spectrogram 1	1	58396.641593750	58396.654593750	1400.000	4000.000	1.0000
344	Waveform 1	1	58401.885468750	58401.903343750	1400.000	4000.000	1.0000
344	Spectrogram 1	1	58401.885468750	58401.903343750	1400.000	4000.000	1.0000
345	Waveform 1	1	58409.178468750	58409.191468750	1400.000	4000.000	1.0000
345	Spectrogram 1	1	58409.178468750	58409.191468750	1400.000	4000.000	1.0000
346	Waveform 1	1	58425.135968750	58425.148968750	1400.000	4000.000	1.0000
346	Spectrogram 1	1	58425.135968750	58425.148968750	1400.000	4000.000	1.0000
347	Waveform 1	1	58441.353468750	58441.366468750	1400.000	4000.000	1.0000
347	Spectrogram 1	1	58441.353468750	58441.366468750	1400.000	4000.000	1.0000
348	Waveform 1	1	58554.589968750	58554.598093750	1400.000	4000.000	1.0000
348	Spectrogram 1	1	58554.589968750	58554.598093750	1400.000	4000.000	1.0000
349	Waveform 1	1	58571.195843750	58571.205593750	1400.000	4000.000	1.0000
349	Spectrogram 1	1	58571.195843750	58571.205593750	1400.000	4000.000	1.0000
350	Waveform 1	1	58598.625843750	58598.635593750	1400.000	4000.000	1.0000
350	Spectrogram 1	1	58598.625843750	58598.635593750	1400.000	4000.000	1.0000
351	Waveform 1	1	58599.272593750	58599.280718750	1400.000	4000.000	1.0000
351	Spectrogram 1	1	58599.272593750	58599.280718750	1400.000	4000.000	1.0000
352	Waveform 1	1	58640.671093750	58640.680843750	1400.000	4000.000	1.0000
352	Spectrogram 1	1	58640.671093750	58640.680843750	1400.000	4000.000	1.0000
353	Waveform 1	1	58717.764343750	58717.780593750	1400.000	4000.000	1.0000
353	Spectrogram 1	1	58717.764343750	58717.780593750	1400.000	4000.000	1.0000
354	Waveform 1	1	58728.986593750	58728.996343750	1400.000	4000.000	1.0000
354	Spectrogram 1	1	58728.986593750	58728.996343750	1400.000	4000.000	1.0000
355	Waveform 1	1	58729.163718750	58729.173468750	1400.000	4000.000	1.0000
355	Spectrogram 1	1	58729.163718750	58729.173468750	1400.000	4000.000	1.0000
356	Waveform 1	1	58765.750593750	58765.761968750	1400.000	4000.000	1.0000
356	Spectrogram 1	1	58765.750593750	58765.761968750	1400.000	4000.000	1.0000
357	Waveform 1	1	58770.773468750	58770.786468750	1400.000	4000.000	1.0000
357	Spectrogram 1	1	58770.773468750	58770.786468750	1400.000	4000.000	1.0000
358	Waveform 1	1	58820.698343750	58820.708093750	1400.000	4000.000	1.0000
358	Spectrogram 1	1	58820.698343750	58820.708093750	1400.000	4000.000	1.0000
359	Waveform 1	1	58843.342718750	58843.354093750	1400.000	4000.000	1.0000
359	Spectrogram 1	1	58843.342718750	58843.354093750	1400.000	4000.000	1.0000
360	Waveform 1	1	58869.300468750	58869.315093750	1400.000	4000.000	1.0000
360	Spectrogram 1	1	58869.300468750	58869.315093750	1400.000	4000.000	1.0000
361	Waveform 1	1	58872.725968750	58872.734093750	1400.000	4000.000	1.0000
361	Spectrogram 1	1	58872.725968750	58872.734093750	1400.000	4000.000	1.0000
362	Waveform 1	1	58895.524718750	58895.534468750	1400.000	4000.000	1.0000
362	Spectrogram 1	1	58895.524718750	58895.534468750	1400.000	4000.000	1.0000
363	Waveform 1	1	58928.388718750	58928.406593750	1400.000	4000.000	1.0000
363	Spectrogram 1	1	58928.388718750	58928.406593750	1400.000	4000.000	1.0000
364	Waveform 1	1	58928.786843750	58928.796593750	1400.000	4000.000	1.0000
364	Spectrogram 1	1	58928.786843750	58928.796593750	1400.000	4000.000	1.0000
365	Waveform 1	1	61904.464093750	61904.472218750	1400.000	4000.000	1.0000
365	Spectrogram 1	1	61904.464093750	61904.472218750	1400.000	4000.000	1.0000
366	Waveform 1	1	61972.137218750	61972.146968750	1400.000	4000.000	1.0000
366	Spectrogram 1	1	61972.137218750	61972.146968750	1400.000	4000.000	1.0000
367	Waveform 1	1	63910.229218750	63910.242218750	1400.000	4000.000	1.0000
367	Spectrogram 1	1	63910.229218750	63910.242218750	1400.000	4000.000	1.0000
368	Waveform 1	1	64120.923468750	64120.933218750	1400.000	4000.000	1.0000
368	Spectrogram 1	1	64120.923468750	64120.933218750	1400.000	4000.000	1.0000
369	Waveform 1	1	64174.683343750	64174.694718750	1400.000	4000.000	1.0000
369	Spectrogram 1	1	64174.683343750	64174.694718750	1400.000	4000.000	1.0000
370	Waveform 1	1	64207.449843750	64207.457968750	1400.000	4000.000	1.0000
370	Spectrogram 1	1	64207.449843750	64207.457968750	1400.000	4000.000	1.0000
371	Waveform 1	1	66827.981718750	66827.989843750	1400.000	4000.000	1.0000
371	Spectrogram 1	1	66827.981718750	66827.989843750	1400.000	4000.000	1.0000
372	Waveform 1	1	72876.753343750	72876.769593750	1400.000	4000.000	1.0000
372	Spectrogram 1	1	72876.753343750	72876.769593750	1400.000	4000.000	1.0000
373	Waveform 1	1	79658.274843750	79658.291093750	1400.000	4000.000	1.0000
373	Spectrogram 1	1	79658.274843750	79658.291093750	1400.000	4000.000	1.0000
