Selection	View	Channel	Begin Time (s)	End Time (s)	Low Freq (Hz)	High Freq (Hz)	Occupancy
1	Waveform 1	1	417.663718750	417.689718750	1400.000	4000.000	1.0000
1	Spectrogram 1	1	417.663718750	417.689718750	1400.000	4000.000	1.0000
2	Waveform 1	1	1030.189593750	1030.199343750	1400.000	4000.000	1.0000
2	Spectrogram 1	1	1030.189593750	1030.199343750	1400.000	4000.000	1.0000
3	Waveform 1	1	3141.085718750	3141.100343750	1400.000	4000.000	1.0000
3	Spectrogram 1	1	3141.085718750	3141.100343750	1400.000	4000.000	1.0000
4	Waveform 1	1	3573.317843750	3573.325968750	1400.000	4000.000	1.0000
4	Spectrogram 1	1	3573.317843750	3573.325968750	1400.000	4000.000	1.0000
5	Waveform 1	1	4082.030593750	4082.040343750	1400.000	4000.000	1.0000
5	Spectrogram 1	1	4082.030593750	4082.040343750	1400.000	4000.000	1.0000
6	Waveform 1	1	4899.379593750	4899.387718750	1400.000	4000.000	1.0000
6	Spectrogram 1	1	4899.379593750	4899.387718750	1400.000	4000.000	1.0000
7	Waveform 1	1	5687.537093750	5687.550093750	1400.000	4000.000	1.0000
7	Spectrogram 1	1	5687.537093750	5687.550093750	1400.000	4000.000	1.0000
8	Waveform 1	1	5687.706093750	5687.725593750	1400.000	4000.000	1.0000
8	Spectrogram 1	1	5687.706093750	5687.725593750	1400.000	4000.000	1.0000
9	Waveform 1	1	6434.738093750	6434.764093750	1400.000	4000.000	1.0000
9	Spectrogram 1	1	6434.738093750	6434.764093750	1400.000	4000.000	1.0000
10	Waveform 1	1	6611.674593750	6611.692468750	1400.000	4000.000	1.0000
10	Spectrogram 1	1	6611.674593750	6611.692468750	1400.000	4000.000	1.0000
11	Waveform 1	1	7764.516218750	7764.537343750	1400.000	4000.000	1.0000
11	Spectrogram 1	1	7764.516218750	7764.537343750	1400.000	4000.000	1.0000
12	Waveform 1	1	7790.192843750	7790.207468750	1400.000	4000.000	1.0000
12	Spectrogram 1	1	7790.192843750	7790.207468750	1400.000	4000.000	1.0000
13	Waveform 1	1	9311.239968750	9311.248093750	1400.000	4000.000	1.0000
13	Spectrogram 1	1	9311.239968750	9311.248093750	1400.000	4000.000	1.0000
14	Waveform 1	1	12508.069968750	12508.082968750	1400.000	4000.000	1.0000
14	Spectrogram 1	1	12508.069968750	12508.082968750	1400.000	4000.000	1.0000
15	Waveform 1	1	13394.330343750	13394.357968750	1400.000	4000.000	1.0000
15	Spectrogram 1	1	13394.330343750	13394.357968750	1400.000	4000.000	1.0000
16	Waveform 1	1	16543.217968750	16543.240718750	1400.000	4000.000	1.0000
16	Spectrogram 1	1	16543.217968750	16543.240718750	1400.000	4000.000	1.0000
17	Waveform 1	1	16543.278093750	16543.292718750	1400.000	4000.000	1.0000
17	Spectrogram 1	1	16543.278093750	16543.292718750	1400.000	4000.000	1.0000
18	Waveform 1	1	16555.465593750	16555.488343750	1400.000	4000.000	1.0000
18	Spectrogram 1	1	16555.465593750	16555.488343750	1400.000	4000.000	1.0000
19	Waveform 1	1	16555.525718750	16555.545218750	1400.000	4000.000	1.0000
19	Spectrogram 1	1	16555.525718750	16555.545218750	1400.000	4000.000	1.0000
20	Waveform 1	1	16567.981343750	16568.000843750	1400.000	4000.000	1.0000
20	Spectrogram 1	1	16567.981343750	16568.000843750	1400.000	4000.000	1.0000
21	Waveform 1	1	16568.041468750	16568.049593750	1400.000	4000.000	1.0000
21	Spectrogram 1	1	16568.041468750	16568.049593750	1400.000	4000.000	1.0000
22	Waveform 1	1	16584.661968750	16584.684718750	1400.000	4000.000	1.0000
22	Spectrogram 1	1	16584.661968750	16584.684718750	1400.000	4000.000	1.0000
23	Waveform 1	1	16584.723718750	16584.744843750	1400.000	4000.000	1.0000
23	Spectrogram 1	1	16584.723718750	16584.744843750	1400.000	4000.000	1.0000
24	Waveform 1	1	17208.843968750	17208.863468750	1400.000	4000.000	1.0000
24	Spectrogram 1	1	17208.843968750	17208.863468750	1400.000	4000.000	1.0000
25	Waveform 1	1	17208.904093750	17208.915468750	1400.000	4000.000	1.0000
25	Spectrogram 1	1	17208.904093750	17208.915468750	1400.000	4000.000	1.0000
26	Waveform 1	1	18259.997968750	18260.010968750	1400.000	4000.000	1.0000
26	Spectrogram 1	1	18259.997968750	18260.010968750	1400.000	4000.000	1.0000
27	Waveform 1	1	19236.988593750	19237.003218750	1400.000	4000.000	1.0000
27	Spectrogram 1	1	19236.988593750	19237.003218750	1400.000	4000.000	1.0000
28	Waveform 1	1	20275.270968750	20275.280718750	1400.000	4000.000	1.0000
28	Spectrogram 1	1	20275.270968750	20275.280718750	1400.000	4000.000	1.0000
29	Waveform 1	1	20280.825218750	20280.843093750	1400.000	4000.000	1.0000
29	Spectrogram 1	1	20280.825218750	20280.843093750	1400.000	4000.000	1.0000
30	Waveform 1	1	20285.809093750	20285.825343750	1400.000	4000.000	1.0000
30	Spectrogram 1	1	20285.809093750	20285.825343750	1400.000	4000.000	1.0000
31	Waveform 1	1	20548.646343750	20548.660968750	1400.000	4000.000	1.0000
31	Spectrogram 1	1	20548.646343750	20548.660968750	1400.000	4000.000	1.0000
32	Waveform 1	1	20564.711093750	20564.730593750	1400.000	4000.000	1.0000
32	Spectrogram 1	1	20564.711093750	20564.730593750	1400.000	4000.000	1.0000
33	Waveform 1	1	20564.771218750	20564.780968750	1400.000	4000.000	1.0000
33	Spectrogram 1	1	20564.771218750	20564.780968750	1400.000	4000.000	1.0000
34	Waveform 1	1	20884.429843750	20884.442843750	1400.000	4000.000	1.0000
34	Spectrogram 1	1	20884.429843750	20884.442843750	1400.000	4000.000	1.0000
35	Waveform 1	1	20889.355218750	20889.363343750	1400.000	4000.000	1.0000
35	Spectrogram 1	1	20889.355218750	20889.363343750	1400.000	4000.000	1.0000
36	Waveform 1	1	22009.947093750	22009.964968750	1400.000	4000.000	1.0000
36	Spectrogram 1	1	22009.947093750	22009.964968750	1400.000	4000.000	1.0000
37	Waveform 1	1	22148.683093750	22148.697718750	1400.000	4000.000	1.0000
37	Spectrogram 1	1	22148.683093750	22148.697718750	1400.000	4000.000	1.0000
38	Waveform 1	1	22158.203968750	22158.216968750	1400.000	4000.000	1.0000
38	Spectrogram 1	1	22158.203968750	22158.216968750	1400.000	4000.000	1.0000
39	Waveform 1	1	22279.242093750	22279.253468750	1400.000	4000.000	1.0000
39	Spectrogram 1	1	22279.242093750	22279.253468750	1400.000	4000.000	1.0000
40	Waveform 1	1	22426.026718750	22426.038093750	1400.000	4000.000	1.0000
40	Spectrogram 1	1	22426.026718750	22426.038093750	1400.000	4000.000	1.0000
41	Waveform 1	1	22521.833468750	22521.854593750	1400.000	4000.000	1.0000
41	Spectrogram 1	1	22521.833468750	22521.854593750	1400.000	4000.000	1.0000
42	Waveform 1	1	22580.123843750	22580.144968750	1400.000	4000.000	1.0000
42	Spectrogram 1	1	22580.123843750	22580.144968750	1400.000	4000.000	1.0000
43	Waveform 1	1	22733.926843750	22733.936593750	1400.000	4000.000	1.0000
43	Spectrogram 1	1	22733.926843750	22733.936593750	1400.000	4000.000	1.0000
44	Waveform 1	1	22751.584093750	22751.606843750	1400.000	4000.000	1.0000
44	Spectrogram 1	1	22751.584093750	22751.606843750	1400.000	4000.000	1.0000
45	Waveform 1	1	22776.259718750	22776.279218750	1400.000	4000.000	1.0000
45	Spectrogram 1	1	22776.259718750	22776.279218750	1400.000	4000.000	1.0000
46	Waveform 1	1	23319.921343750	23319.944093750	1400.000	4000.000	1.0000
46	Spectrogram 1	1	23319.921343750	23319.944093750	1400.000	4000.000	1.0000
47	Waveform 1	1	23486.384718750	23486.396093750	1400.000	4000.000	1.0000
47	Spectrogram 1	1	23486.384718750	23486.396093750	1400.000	4000.000	1.0000
48	Waveform 1	1	23493.856468750	23493.867843750	1400.000	4000.000	1.0000
48	Spectrogram 1	1	23493.856468750	23493.867843750	1400.000	4000.000	1.0000
49	Waveform 1	1	23496.770093750	23496.783093750	1400.000	4000.000	1.0000
49	Spectrogram 1	1	23496.770093750	23496.783093750	1400.000	4000.000	1.0000
50	Waveform 1	1	23543.680593750	23543.704968750	1400.000	4000.000	1.0000
50	Spectrogram 1	1	23543.680593750	23543.704968750	1400.000	4000.000	1.0000
51	Waveform 1	1	23765.709218750	23765.717343750	1400.000	4000.000	1.0000
51	Spectrogram 1	1	23765.709218750	23765.717343750	1400.000	4000.000	1.0000
52	Waveform 1	1	23777.069593750	23777.079343750	1400.000	4000.000	1.0000
52	Spectrogram 1	1	23777.069593750	23777.079343750	1400.000	4000.000	1.0000
53	Waveform 1	1	23953.817593750	23953.835468750	1400.000	4000.000	1.0000
53	Spectrogram 1	1	23953.817593750	23953.835468750	1400.000	4000.000	1.0000
54	Waveform 1	1	25339.013093750	25339.022843750	1400.000	4000.000	1.0000
54	Spectrogram 1	1	25339.013093750	25339.022843750	1400.000	4000.000	1.0000
55	Waveform 1	1	25940.178593750	25940.199718750	1400.000	4000.000	1.0000
55	Spectrogram 1	1	25940.178593750	25940.199718750	1400.000	4000.000	1.0000
56	Waveform 1	1	25944.020093750	25944.047718750	1400.000	4000.000	1.0000
56	Spectrogram 1	1	25944.020093750	25944.047718750	1400.000	4000.000	1.0000
57	Waveform 1	1	25947.492718750	25947.521968750	1400.000	4000.000	1.0000
57	Spectrogram 1	1	25947.492718750	25947.521968750	1400.000	4000.000	1.0000
58	Waveform 1	1	25957.047718750	25957.057468750	1400.000	4000.000	1.0000
58	Spectrogram 1	1	25957.047718750	25957.057468750	1400.000	4000.000	1.0000
59	Waveform 1	1	25959.093593750	25959.104968750	1400.000	4000.000	1.0000
59	Spectrogram 1	1	25959.093593750	25959.104968750	1400.000	4000.000	1.0000
60	Waveform 1	1	26191.757843750	26191.782218750	1400.000	4000.000	1.0000
60	Spectrogram 1	1	26191.757843750	26191.782218750	1400.000	4000.000	1.0000
61	Waveform 1	1	26266.722343750	26266.733718750	1400.000	4000.000	1.0000
61	Spectrogram 1	1	26266.722343750	26266.733718750	1400.000	4000.000	1.0000
62	Waveform 1	1	26471.847718750	26471.868843750	1400.000	4000.000	1.0000
62	Spectrogram 1	1	26471.847718750	26471.868843750	1400.000	4000.000	1.0000
63	Waveform 1	1	26533.329593750	26533.347468750	1400.000	4000.000	1.0000
63	Spectrogram 1	1	26533.329593750	26533.347468750	1400.000	4000.000	1.0000
64	Waveform 1	1	26664.701093750	26664.709218750	1400.000	4000.000	1.0000
64	Spectrogram 1	1	26664.701093750	26664.709218750	1400.000	4000.000	1.0000
65	Waveform 1	1	27061.995718750	27062.011968750	1400.000	4000.000	1.0000
65	Spectrogram 1	1	27061.995718750	27062.011968750	1400.000	4000.000	1.0000
66	Waveform 1	1	27076.346093750	27076.365593750	1400.000	4000.000	1.0000
66	Spectrogram 1	1	27076.346093750	27076.365593750	1400.000	4000.000	1.0000
67	Waveform 1	1	27078.898968750	27078.916843750	1400.000	4000.000	1.0000
67	Spectrogram 1	1	27078.898968750	27078.916843750	1400.000	4000.000	1.0000
68	Waveform 1	1	27090.702968750	27090.728968750	1400.000	4000.000	1.0000
68	Spectrogram 1	1	27090.702968750	27090.728968750	1400.000	4000.000	1.0000
69	Waveform 1	1	27093.268843750	27093.289968750	1400.000	4000.000	1.0000
69	Spectrogram 1	1	27093.268843750	27093.289968750	1400.000	4000.000	1.0000
70	Waveform 1	1	27095.763218750	27095.789218750	1400.000	4000.000	1.0000
70	Spectrogram 1	1	27095.763218750	27095.789218750	1400.000	4000.000	1.0000
71	Waveform 1	1	27098.083718750	27098.106468750	1400.000	4000.000	1.0000
71	Spectrogram 1	1	27098.083718750	27098.106468750	1400.000	4000.000	1.0000
72	Waveform 1	1	27100.469218750	27100.490343750	1400.000	4000.000	1.0000
72	Spectrogram 1	1	27100.469218750	27100.490343750	1400.000	4000.000	1.0000
73	Waveform 1	1	27102.825468750	27102.846593750	1400.000	4000.000	1.0000
73	Spectrogram 1	1	27102.825468750	27102.846593750	1400.000	4000.000	1.0000
74	Waveform 1	1	27107.281218750	27107.292593750	1400.000	4000.000	1.0000
74	Spectrogram 1	1	27107.281218750	27107.292593750	1400.000	4000.000	1.0000
75	Waveform 1	1	27114.384093750	27114.403593750	1400.000	4000.000	1.0000
75	Spectrogram 1	1	27114.384093750	27114.403593750	1400.000	4000.000	1.0000
76	Waveform 1	1	27722.592343750	27722.610218750	1400.000	4000.000	1.0000
76	Spectrogram 1	1	27722.592343750	27722.610218750	1400.000	4000.000	1.0000
77	Waveform 1	1	27777.096468750	27777.111093750	1400.000	4000.000	1.0000
77	Spectrogram 1	1	27777.096468750	27777.111093750	1400.000	4000.000	1.0000
78	Waveform 1	1	27795.496343750	27795.512593750	1400.000	4000.000	1.0000
78	Spectrogram 1	1	27795.496343750	27795.512593750	1400.000	4000.000	1.0000
79	Waveform 1	1	27823.173343750	27823.187968750	1400.000	4000.000	1.0000
79	Spectrogram 1	1	27823.173343750	27823.187968750	1400.000	4000.000	1.0000
80	Waveform 1	1	27870.857343750	27870.878468750	1400.000	4000.000	1.0000
80	Spectrogram 1	1	27870.857343750	27870.878468750	1400.000	4000.000	1.0000
81	Waveform 1	1	27932.901468750	27932.914468750	1400.000	4000.000	1.0000
81	Spectrogram 1	1	27932.901468750	27932.914468750	1400.000	4000.000	1.0000
82	Waveform 1	1	28626.771593750	28626.791093750	1400.000	4000.000	1.0000
82	Spectrogram 1	1	28626.771593750	28626.791093750	1400.000	4000.000	1.0000
83	Waveform 1	1	28655.439843750	28655.452843750	1400.000	4000.000	1.0000
83	Spectrogram 1	1	28655.439843750	28655.452843750	1400.000	4000.000	1.0000
84	Waveform 1	1	29222.936968750	29222.946718750	1400.000	4000.000	1.0000
84	Spectrogram 1	1	29222.936968750	29222.946718750	1400.000	4000.000	1.0000
85	Waveform 1	1	29555.668718750	29555.680093750	1400.000	4000.000	1.0000
85	Spectrogram 1	1	29555.668718750	29555.680093750	1400.000	4000.000	1.0000
86	Waveform 1	1	30523.328593750	30523.343218750	1400.000	4000.000	1.0000
86	Spectrogram 1	1	30523.328593750	30523.343218750	1400.000	4000.000	1.0000
87	Waveform 1	1	30538.189218750	30538.213593750	1400.000	4000.000	1.0000
87	Spectrogram 1	1	30538.189218750	30538.213593750	1400.000	4000.000	1.0000
88	Waveform 1	1	30538.254218750	30538.272093750	1400.000	4000.000	1.0000
88	Spectrogram 1	1	30538.254218750	30538.272093750	1400.000	4000.000	1.0000
89	Waveform 1	1	30543.442843750	30543.467218750	1400.000	4000.000	1.0000
89	Spectrogram 1	1	30543.442843750	30543.467218750	1400.000	4000.000	1.0000
90	Waveform 1	1	30543.507843750	30543.524093750	1400.000	4000.000	1.0000
90	Spectrogram 1	1	30543.507843750	30543.524093750	1400.000	4000.000	1.0000
91	Waveform 1	1	30548.416968750	30548.442968750	1400.000	4000.000	1.0000
91	Spectrogram 1	1	30548.416968750	30548.442968750	1400.000	4000.000	1.0000
92	Waveform 1	1	30548.475468750	30548.494968750	1400.000	4000.000	1.0000
92	Spectrogram 1	1	30548.475468750	30548.494968750	1400.000	4000.000	1.0000
93	Waveform 1	1	30555.732718750	30555.758718750	1400.000	4000.000	1.0000
93	Spectrogram 1	1	30555.732718750	30555.758718750	1400.000	4000.000	1.0000
94	Waveform 1	1	30555.791218750	30555.810718750	1400.000	4000.000	1.0000
94	Spectrogram 1	1	30555.791218750	30555.810718750	1400.000	4000.000	1.0000
95	Waveform 1	1	30556.615093750	30556.641093750	1400.000	4000.000	1.0000
95	Spectrogram 1	1	30556.615093750	30556.641093750	1400.000	4000.000	1.0000
96	Waveform 1	1	30556.673593750	30556.694718750	1400.000	4000.000	1.0000
96	Spectrogram 1	1	30556.673593750	30556.694718750	1400.000	4000.000	1.0000
97	Waveform 1	1	30591.931218750	30591.939343750	1400.000	4000.000	1.0000
97	Spectrogram 1	1	30591.931218750	30591.939343750	1400.000	4000.000	1.0000
98	Waveform 1	1	30705.926593750	30705.952593750	1400.000	4000.000	1.0000
98	Spectrogram 1	1	30705.926593750	30705.952593750	1400.000	4000.000	1.0000
99	Waveform 1	1	30709.937093750	30709.963093750	1400.000	4000.000	1.0000
99	Spectrogram 1	1	30709.937093750	30709.963093750	1400.000	4000.000	1.0000
100	Waveform 1	1	30709.998843750	30710.019968750	1400.000	4000.000	1.0000
100	Spectrogram 1	1	30709.998843750	30710.019968750	1400.000	4000.000	1.0000
101	Waveform 1	1	30714.524468750	30714.547218750	1400.000	4000.000	1.0000
101	Spectrogram 1	1	30714.524468750	30714.547218750	1400.000	4000.000	1.0000
102	Waveform 1	1	30718.302593750	30718.326968750	1400.000	4000.000	1.0000
102	Spectrogram 1	1	30718.302593750	30718.326968750	1400.000	4000.000	1.0000
103	Waveform 1	1	30721.115468750	30721.134968750	1400.000	4000.000	1.0000
103	Spectrogram 1	1	30721.115468750	30721.134968750	1400.000	4000.000	1.0000
104	Waveform 1	1	30789.744093750	30789.766843750	1400.000	4000.000	1.0000
104	Spectrogram 1	1	30789.744093750	30789.766843750	1400.000	4000.000	1.0000
105	Waveform 1	1	30789.812343750	30789.822093750	1400.000	4000.000	1.0000
105	Spectrogram 1	1	30789.812343750	30789.822093750	1400.000	4000.000	1.0000
106	Waveform 1	1	30795.694843750	30795.709468750	1400.000	4000.000	1.0000
106	Spectrogram 1	1	30795.694843750	30795.709468750	1400.000	4000.000	1.0000
107	Waveform 1	1	30799.006593750	30799.022843750	1400.000	4000.000	1.0000
107	Spectrogram 1	1	30799.006593750	30799.022843750	1400.000	4000.000	1.0000
108	Waveform 1	1	30802.911468750	30802.930968750	1400.000	4000.000	1.0000
108	Spectrogram 1	1	30802.911468750	30802.930968750	1400.000	4000.000	1.0000
109	Waveform 1	1	30802.976468750	30802.989468750	1400.000	4000.000	1.0000
109	Spectrogram 1	1	30802.976468750	30802.989468750	1400.000	4000.000	1.0000
110	Waveform 1	1	30806.993468750	30807.012968750	1400.000	4000.000	1.0000
110	Spectrogram 1	1	30806.993468750	30807.012968750	1400.000	4000.000	1.0000
111	Waveform 1	1	30807.055218750	30807.073093750	1400.000	4000.000	1.0000
111	Spectrogram 1	1	30807.055218750	30807.073093750	1400.000	4000.000	1.0000
112	Waveform 1	1	30811.073843750	30811.094968750	1400.000	4000.000	1.0000
112	Spectrogram 1	1	30811.073843750	30811.094968750	1400.000	4000.000	1.0000
113	Waveform 1	1	30811.138843750	30811.146968750	1400.000	4000.000	1.0000
113	Spectrogram 1	1	30811.138843750	30811.146968750	1400.000	4000.000	1.0000
114	Waveform 1	1	30815.516593750	30815.536093750	1400.000	4000.000	1.0000
114	Spectrogram 1	1	30815.516593750	30815.536093750	1400.000	4000.000	1.0000
115	Waveform 1	1	30815.576718750	30815.592968750	1400.000	4000.000	1.0000
115	Spectrogram 1	1	30815.576718750	30815.592968750	1400.000	4000.000	1.0000
116	Waveform 1	1	31014.705843750	31014.713968750	1400.000	4000.000	1.0000
116	Spectrogram 1	1	31014.705843750	31014.713968750	1400.000	4000.000	1.0000
117	Waveform 1	1	31069.042593750	31069.055593750	1400.000	4000.000	1.0000
117	Spectrogram 1	1	31069.042593750	31069.055593750	1400.000	4000.000	1.0000
118	Waveform 1	1	31163.404718750	31163.416093750	1400.000	4000.000	1.0000
118	Spectrogram 1	1	31163.404718750	31163.416093750	1400.000	4000.000	1.0000
119	Waveform 1	1	33056.984718750	33057.015593750	1400.000	4000.000	1.0000
119	Spectrogram 1	1	33056.984718750	33057.015593750	1400.000	4000.000	1.0000
120	Waveform 1	1	33065.501343750	33065.519218750	1400.000	4000.000	1.0000
120	Spectrogram 1	1	33065.501343750	33065.519218750	1400.000	4000.000	1.0000
121	Waveform 1	1	33216.697843750	33216.712468750	1400.000	4000.000	1.0000
121	Spectrogram 1	1	33216.697843750	33216.712468750	1400.000	4000.000	1.0000
122	Waveform 1	1	33302.200468750	33302.215093750	1400.000	4000.000	1.0000
122	Spectrogram 1	1	33302.200468750	33302.215093750	1400.000	4000.000	1.0000
123	Waveform 1	1	33324.484093750	33324.506843750	1400.000	4000.000	0.8571
123	Spectrogram 1	1	33324.484093750	33324.506843750	1400.000	4000.000	0.8571
124	Waveform 1	1	33326.279718750	33326.300843750	1400.000	4000.000	1.0000
124	Spectrogram 1	1	33326.279718750	33326.300843750	1400.000	4000.000	1.0000
125	Waveform 1	1	34056.723718750	34056.739968750	1400.000	4000.000	1.0000
125	Spectrogram 1	1	34056.723718750	34056.739968750	1400.000	4000.000	1.0000
126	Waveform 1	1	34130.412593750	34130.432093750	1400.000	4000.000	1.0000
126	Spectrogram 1	1	34130.412593750	34130.432093750	1400.000	4000.000	1.0000
127	Waveform 1	1	34460.685718750	34460.706843750	1400.000	4000.000	1.0000
127	Spectrogram 1	1	34460.685718750	34460.706843750	1400.000	4000.000	1.0000
128	Waveform 1	1	34509.183843750	34509.204968750	1400.000	4000.000	1.0000
128	Spectrogram 1	1	34509.183843750	34509.204968750	1400.000	4000.000	1.0000
129	Waveform 1	1	34513.527468750	34513.550218750	1400.000	4000.000	1.0000
129	Spectrogram 1	1	34513.527468750	34513.550218750	1400.000	4000.000	1.0000
130	Waveform 1	1	34605.772218750	34605.783593750	1400.000	4000.000	1.0000
130	Spectrogram 1	1	34605.772218750	34605.783593750	1400.000	4000.000	1.0000
131	Waveform 1	1	34612.381093750	34612.389218750	1400.000	4000.000	1.0000
131	Spectrogram 1	1	34612.381093750	34612.389218750	1400.000	4000.000	1.0000
132	Waveform 1	1	34823.609968750	34823.622968750	1400.000	4000.000	1.0000
132	Spectrogram 1	1	34823.609968750	34823.622968750	1400.000	4000.000	1.0000
133	Waveform 1	1	35387.827843750	35387.852218750	1400.000	4000.000	1.0000
133	Spectrogram 1	1	35387.827843750	35387.852218750	1400.000	4000.000	1.0000
134	Waveform 1	1	35431.359968750	35431.371343750	1400.000	4000.000	1.0000
134	Spectrogram 1	1	35431.359968750	35431.371343750	1400.000	4000.000	1.0000
135	Waveform 1	1	35698.358843750	35698.366968750	1400.000	4000.000	1.0000
135	Spectrogram 1	1	35698.358843750	35698.366968750	1400.000	4000.000	1.0000
136	Waveform 1	1	35863.419843750	35863.427968750	1400.000	4000.000	1.0000
136	Spectrogram 1	1	35863.419843750	35863.427968750	1400.000	4000.000	1.0000
137	Waveform 1	1	36070.956718750	36070.979468750	1400.000	4000.000	1.0000
137	Spectrogram 1	1	36070.956718750	36070.979468750	1400.000	4000.000	1.0000
138	Waveform 1	1	36072.797843750	36072.818968750	1400.000	4000.000	1.0000
138	Spectrogram 1	1	36072.797843750	36072.818968750	1400.000	4000.000	1.0000
139	Waveform 1	1	36072.859593750	36072.869343750	1400.000	4000.000	1.0000
139	Spectrogram 1	1	36072.859593750	36072.869343750	1400.000	4000.000	1.0000
140	Waveform 1	1	36077.780093750	36077.801218750	1400.000	4000.000	1.0000
140	Spectrogram 1	1	36077.780093750	36077.801218750	1400.000	4000.000	1.0000
141	Waveform 1	1	36079.889343750	36079.913718750	1400.000	4000.000	1.0000
141	Spectrogram 1	1	36079.889343750	36079.913718750	1400.000	4000.000	1.0000
142	Waveform 1	1	36079.951093750	36079.968968750	1400.000	4000.000	1.0000
142	Spectrogram 1	1	36079.951093750	36079.968968750	1400.000	4000.000	1.0000
143	Waveform 1	1	36080.212718750	36080.235468750	1400.000	4000.000	1.0000
143	Spectrogram 1	1	36080.212718750	36080.235468750	1400.000	4000.000	1.0000
144	Waveform 1	1	36359.147218750	36359.168343750	1400.000	4000.000	1.0000
144	Spectrogram 1	1	36359.147218750	36359.168343750	1400.000	4000.000	1.0000
145	Waveform 1	1	36359.205718750	36359.221968750	1400.000	4000.000	1.0000
145	Spectrogram 1	1	36359.205718750	36359.221968750	1400.000	4000.000	1.0000
146	Waveform 1	1	36374.524593750	36374.544093750	1400.000	4000.000	1.0000
146	Spectrogram 1	1	36374.524593750	36374.544093750	1400.000	4000.000	1.0000
147	Waveform 1	1	36374.583093750	36374.596093750	1400.000	4000.000	1.0000
147	Spectrogram 1	1	36374.583093750	36374.596093750	1400.000	4000.000	1.0000
148	Waveform 1	1	36442.430093750	36442.443093750	1400.000	4000.000	1.0000
148	Spectrogram 1	1	36442.430093750	36442.443093750	1400.000	4000.000	1.0000
149	Waveform 1	1	36445.231593750	36445.249468750	1400.000	4000.000	1.0000
149	Spectrogram 1	1	36445.231593750	36445.249468750	1400.000	4000.000	1.0000
150	Waveform 1	1	36449.921343750	36449.940843750	1400.000	4000.000	1.0000
150	Spectrogram 1	1	36449.921343750	36449.940843750	1400.000	4000.000	1.0000
151	Waveform 1	1	36449.983093750	36449.996093750	1400.000	4000.000	1.0000
151	Spectrogram 1	1	36449.983093750	36449.996093750	1400.000	4000.000	1.0000
152	Waveform 1	1	36452.964968750	36452.986093750	1400.000	4000.000	1.0000
152	Spectrogram 1	1	36452.964968750	36452.986093750	1400.000	4000.000	1.0000
153	Waveform 1	1	37125.869343750	37125.882343750	1400.000	4000.000	1.0000
153	Spectrogram 1	1	37125.869343750	37125.882343750	1400.000	4000.000	1.0000
154	Waveform 1	1	37472.033343750	37472.043093750	1400.000	4000.000	1.0000
154	Spectrogram 1	1	37472.033343750	37472.043093750	1400.000	4000.000	1.0000
155	Waveform 1	1	40611.598343750	40611.609718750	1400.000	4000.000	1.0000
155	Spectrogram 1	1	40611.598343750	40611.609718750	1400.000	4000.000	1.0000
156	Waveform 1	1	40626.580843750	40626.593843750	1400.000	4000.000	1.0000
156	Spectrogram 1	1	40626.580843750	40626.593843750	1400.000	4000.000	1.0000
157	Waveform 1	1	40685.093843750	40685.106843750	1400.000	4000.000	1.0000
157	Spectrogram 1	1	40685.093843750	40685.106843750	1400.000	4000.000	1.0000
158	Waveform 1	1	40695.610843750	40695.620593750	1400.000	4000.000	1.0000
158	Spectrogram 1	1	40695.610843750	40695.620593750	1400.000	4000.000	1.0000
159	Waveform 1	1	41420.255218750	41420.286093750	1400.000	4000.000	1.0000
159	Spectrogram 1	1	41420.255218750	41420.286093750	1400.000	4000.000	1.0000
160	Waveform 1	1	42119.586968750	42119.595093750	1400.000	4000.000	1.0000
160	Spectrogram 1	1	42119.586968750	42119.595093750	1400.000	4000.000	1.0000
161	Waveform 1	1	42181.050968750	42181.063968750	1400.000	4000.000	1.0000
161	Spectrogram 1	1	42181.050968750	42181.063968750	1400.000	4000.000	1.0000
162	Waveform 1	1	42746.601343750	42746.617593750	1400.000	4000.000	1.0000
162	Spectrogram 1	1	42746.601343750	42746.617593750	1400.000	4000.000	1.0000
163	Waveform 1	1	42746.667968750	42746.677718750	1400.000	4000.000	1.0000
163	Spectrogram 1	1	42746.667968750	42746.677718750	1400.000	4000.000	1.0000
164	Waveform 1	1	42824.575343750	42824.591593750	1400.000	4000.000	1.0000
164	Spectrogram 1	1	42824.575343750	42824.591593750	1400.000	4000.000	1.0000
165	Waveform 1	1	42824.633843750	42824.650093750	1400.000	4000.000	1.0000
165	Spectrogram 1	1	42824.633843750	42824.650093750	1400.000	4000.000	1.0000
166	Waveform 1	1	45659.694968750	45659.706343750	1400.000	4000.000	1.0000
166	Spectrogram 1	1	45659.694968750	45659.706343750	1400.000	4000.000	1.0000
167	Waveform 1	1	45690.114968750	45690.126343750	1400.000	4000.000	1.0000
167	Spectrogram 1	1	45690.114968750	45690.126343750	1400.000	4000.000	1.0000
168	Waveform 1	1	46094.115968750	46094.124093750	1400.000	4000.000	1.0000
168	Spectrogram 1	1	46094.115968750	46094.124093750	1400.000	4000.000	1.0000
169	Waveform 1	1	46607.165843750	46607.180468750	1400.000	4000.000	1.0000
169	Spectrogram 1	1	46607.165843750	46607.180468750	1400.000	4000.000	1.0000
170	Waveform 1	1	46634.062843750	46634.074218750	1400.000	4000.000	1.0000
170	Spectrogram 1	1	46634.062843750	46634.074218750	1400.000	4000.000	1.0000
171	Waveform 1	1	46651.885843750	46651.897218750	1400.000	4000.000	1.0000
171	Spectrogram 1	1	46651.885843750	46651.897218750	1400.000	4000.000	1.0000
172	Waveform 1	1	46652.322968750	46652.335968750	1400.000	4000.000	1.0000
172	Spectrogram 1	1	46652.322968750	46652.335968750	1400.000	4000.000	1.0000
173	Waveform 1	1	47079.163343750	47079.184468750	1400.000	4000.000	1.0000
173	Spectrogram 1	1	47079.163343750	47079.184468750	1400.000	4000.000	1.0000
174	Waveform 1	1	47079.234843750	47079.255968750	1400.000	4000.000	1.0000
174	Spectrogram 1	1	47079.234843750	47079.255968750	1400.000	4000.000	1.0000
175	Waveform 1	1	47079.301468750	47079.322593750	1400.000	4000.000	1.0000
175	Spectrogram 1	1	47079.301468750	47079.322593750	1400.000	4000.000	1.0000
176	Waveform 1	1	47079.364843750	47079.374593750	1400.000	4000.000	1.0000
176	Spectrogram 1	1	47079.364843750	47079.374593750	1400.000	4000.000	1.0000
177	Waveform 1	1	47082.644093750	47082.655468750	1400.000	4000.000	1.0000
177	Spectrogram 1	1	47082.644093750	47082.655468750	1400.000	4000.000	1.0000
178	Waveform 1	1	47093.983343750	47094.012593750	1400.000	4000.000	1.0000
178	Spectrogram 1	1	47093.983343750	47094.012593750	1400.000	4000.000	1.0000
179	Waveform 1	1	47108.874843750	47108.887843750	1400.000	4000.000	1.0000
179	Spectrogram 1	1	47108.874843750	47108.887843750	1400.000	4000.000	1.0000
180	Waveform 1	1	49168.011468750	49168.029343750	1400.000	4000.000	1.0000
180	Spectrogram 1	1	49168.011468750	49168.029343750	1400.000	4000.000	1.0000
181	Waveform 1	1	50526.251468750	50526.274218750	1400.000	4000.000	1.0000
181	Spectrogram 1	1	50526.251468750	50526.274218750	1400.000	4000.000	1.0000
182	Waveform 1	1	50775.123468750	50775.141343750	1400.000	4000.000	1.0000
182	Spectrogram 1	1	50775.123468750	50775.141343750	1400.000	4000.000	1.0000
183	Waveform 1	1	50775.177093750	50775.201468750	1400.000	4000.000	1.0000
183	Spectrogram 1	1	50775.177093750	50775.201468750	1400.000	4000.000	1.0000
184	Waveform 1	1	52516.413343750	52516.424718750	1400.000	4000.000	1.0000
184	Spectrogram 1	1	52516.413343750	52516.424718750	1400.000	4000.000	1.0000
185	Waveform 1	1	52626.479468750	52626.502218750	1400.000	4000.000	1.0000
185	Spectrogram 1	1	52626.479468750	52626.502218750	1400.000	4000.000	1.0000
186	Waveform 1	1	53739.409468750	53739.422468750	1400.000	4000.000	1.0000
186	Spectrogram 1	1	53739.409468750	53739.422468750	1400.000	4000.000	1.0000
187	Waveform 1	1	54122.579593750	54122.599093750	1400.000	4000.000	1.0000
187	Spectrogram 1	1	54122.579593750	54122.599093750	1400.000	4000.000	1.0000
188	Waveform 1	1	54137.246843750	54137.258218750	1400.000	4000.000	1.0000
188	Spectrogram 1	1	54137.246843750	54137.258218750	1400.000	4000.000	1.0000
189	Waveform 1	1	54140.930718750	54140.945343750	1400.000	4000.000	1.0000
189	Spectrogram 1	1	54140.930718750	54140.945343750	1400.000	4000.000	1.0000
190	Waveform 1	1	54145.248343750	54145.262968750	1400.000	4000.000	1.0000
190	Spectrogram 1	1	54145.248343750	54145.262968750	1400.000	4000.000	1.0000
191	Waveform 1	1	54280.508468750	54280.516593750	1400.000	4000.000	1.0000
191	Spectrogram 1	1	54280.508468750	54280.516593750	1400.000	4000.000	1.0000
192	Waveform 1	1	54314.864218750	54314.882093750	1400.000	4000.000	1.0000
192	Spectrogram 1	1	54314.864218750	54314.882093750	1400.000	4000.000	1.0000
193	Waveform 1	1	54321.096093750	54321.112343750	1400.000	4000.000	1.0000
193	Spectrogram 1	1	54321.096093750	54321.112343750	1400.000	4000.000	1.0000
194	Waveform 1	1	54334.221218750	54334.229343750	1400.000	4000.000	1.0000
194	Spectrogram 1	1	54334.221218750	54334.229343750	1400.000	4000.000	1.0000
195	Waveform 1	1	54349.910593750	54349.930093750	1400.000	4000.000	1.0000
195	Spectrogram 1	1	54349.910593750	54349.930093750	1400.000	4000.000	1.0000
196	Waveform 1	1	54391.305843750	54391.325343750	1400.000	4000.000	1.0000
196	Spectrogram 1	1	54391.305843750	54391.325343750	1400.000	4000.000	1.0000
197	Waveform 1	1	54401.647343750	54401.666843750	1400.000	4000.000	1.0000
197	Spectrogram 1	1	54401.647343750	54401.666843750	1400.000	4000.000	1.0000
198	Waveform 1	1	54429.260968750	54429.280468750	1400.000	4000.000	1.0000
198	Spectrogram 1	1	54429.260968750	54429.280468750	1400.000	4000.000	1.0000
199	Waveform 1	1	54452.477343750	54452.495218750	1400.000	4000.000	1.0000
199	Spectrogram 1	1	54452.477343750	54452.495218750	1400.000	4000.000	1.0000
200	Waveform 1	1	54520.452718750	54520.468968750	1400.000	4000.000	1.0000
200	Spectrogram 1	1	54520.452718750	54520.468968750	1400.000	4000.000	1.0000
201	Waveform 1	1	54522.290593750	54522.301968750	1400.000	4000.000	1.0000
201	Spectrogram 1	1	54522.290593750	54522.301968750	1400.000	4000.000	1.0000
202	Waveform 1	1	54522.353968750	54522.371843750	1400.000	4000.000	1.0000
202	Spectrogram 1	1	54522.353968750	54522.371843750	1400.000	4000.000	1.0000
203	Waveform 1	1	54586.365968750	54586.382218750	1400.000	4000.000	1.0000
203	Spectrogram 1	1	54586.365968750	54586.382218750	1400.000	4000.000	1.0000
204	Waveform 1	1	54849.390093750	54849.406343750	1400.000	4000.000	1.0000
204	Spectrogram 1	1	54849.390093750	54849.406343750	1400.000	4000.000	1.0000
205	Waveform 1	1	55577.700468750	55577.711843750	1400.000	4000.000	1.0000
205	Spectrogram 1	1	55577.700468750	55577.711843750	1400.000	4000.000	1.0000
206	Waveform 1	1	55798.045593750	55798.060218750	1400.000	4000.000	1.0000
206	Spectrogram 1	1	55798.045593750	55798.060218750	1400.000	4000.000	1.0000
207	Waveform 1	1	55902.599718750	55902.614343750	1400.000	4000.000	1.0000
207	Spectrogram 1	1	55902.599718750	55902.614343750	1400.000	4000.000	1.0000
208	Waveform 1	1	56054.761468750	56054.777718750	1400.000	4000.000	1.0000
208	Spectrogram 1	1	56054.761468750	56054.777718750	1400.000	4000.000	1.0000
209	Waveform 1	1	56059.587718750	56059.603968750	1400.000	4000.000	1.0000
209	Spectrogram 1	1	56059.587718750	56059.603968750	1400.000	4000.000	1.0000
210	Waveform 1	1	56101.927093750	56101.941718750	1400.000	4000.000	1.0000
210	Spectrogram 1	1	56101.927093750	56101.941718750	1400.000	4000.000	1.0000
211	Waveform 1	1	56122.138843750	56122.156718750	1400.000	4000.000	1.0000
211	Spectrogram 1	1	56122.138843750	56122.156718750	1400.000	4000.000	1.0000
212	Waveform 1	1	56138.187343750	56138.201968750	1400.000	4000.000	1.0000
212	Spectrogram 1	1	56138.187343750	56138.201968750	1400.000	4000.000	1.0000
213	Waveform 1	1	56162.713468750	56162.723218750	1400.000	4000.000	1.0000
213	Spectrogram 1	1	56162.713468750	56162.723218750	1400.000	4000.000	1.0000
214	Waveform 1	1	56193.599843750	56193.607968750	1400.000	4000.000	1.0000
214	Spectrogram 1	1	56193.599843750	56193.607968750	1400.000	4000.000	1.0000
215	Waveform 1	1	56259.968093750	56259.982718750	1400.000	4000.000	1.0000
215	Spectrogram 1	1	56259.968093750	56259.982718750	1400.000	4000.000	1.0000
216	Waveform 1	1	56260.016843750	56260.036343750	1400.000	4000.000	1.0000
216	Spectrogram 1	1	56260.016843750	56260.036343750	1400.000	4000.000	1.0000
217	Waveform 1	1	56414.941093750	56414.963843750	1400.000	4000.000	1.0000
217	Spectrogram 1	1	56414.941093750	56414.963843750	1400.000	4000.000	1.0000
218	Waveform 1	1	56427.438968750	56427.450343750	1400.000	4000.000	1.0000
218	Spectrogram 1	1	56427.438968750	56427.450343750	1400.000	4000.000	1.0000
219	Waveform 1	1	56441.872218750	56441.890093750	1400.000	4000.000	1.0000
219	Spectrogram 1	1	56441.872218750	56441.890093750	1400.000	4000.000	1.0000
220	Waveform 1	1	56533.918718750	56533.926843750	1400.000	4000.000	1.0000
220	Spectrogram 1	1	56533.918718750	56533.926843750	1400.000	4000.000	1.0000
221	Waveform 1	1	56643.394968750	56643.407968750	1400.000	4000.000	1.0000
221	Spectrogram 1	1	56643.394968750	56643.407968750	1400.000	4000.000	1.0000
222	Waveform 1	1	57095.278218750	57095.291218750	1400.000	4000.000	1.0000
222	Spectrogram 1	1	57095.278218750	57095.291218750	1400.000	4000.000	1.0000
223	Waveform 1	1	57110.533718750	57110.551593750	1400.000	4000.000	1.0000
223	Spectrogram 1	1	57110.533718750	57110.551593750	1400.000	4000.000	1.0000
224	Waveform 1	1	57175.774218750	57175.800218750	1400.000	4000.000	1.0000
224	Spectrogram 1	1	57175.774218750	57175.800218750	1400.000	4000.000	1.0000
225	Waveform 1	1	57315.478718750	57315.494968750	1400.000	4000.000	1.0000
225	Spectrogram 1	1	57315.478718750	57315.494968750	1400.000	4000.000	1.0000
226	Waveform 1	1	57380.182968750	57380.191093750	1400.000	4000.000	1.0000
226	Spectrogram 1	1	57380.182968750	57380.191093750	1400.000	4000.000	1.0000
227	Waveform 1	1	57629.145968750	57629.171968750	1400.000	4000.000	1.0000
227	Spectrogram 1	1	57629.145968750	57629.171968750	1400.000	4000.000	1.0000
228	Waveform 1	1	57630.016968750	57630.039718750	1400.000	4000.000	1.0000
228	Spectrogram 1	1	57630.016968750	57630.039718750	1400.000	4000.000	1.0000
229	Waveform 1	1	57744.750093750	57744.759843750	1400.000	4000.000	1.0000
229	Spectrogram 1	1	57744.750093750	57744.759843750	1400.000	4000.000	1.0000
230	Waveform 1	1	57762.862343750	57762.870468750	1400.000	4000.000	1.0000
230	Spectrogram 1	1	57762.862343750	57762.870468750	1400.000	4000.000	1.0000
231	Waveform 1	1	57773.629593750	57773.642593750	1400.000	4000.000	1.0000
231	Spectrogram 1	1	57773.629593750	57773.642593750	1400.000	4000.000	1.0000
232	Waveform 1	1	57780.539093750	57780.555343750	1400.000	4000.000	1.0000
232	Spectrogram 1	1	57780.539093750	57780.555343750	1400.000	4000.000	1.0000
233	Waveform 1	1	57781.232968750	57781.245968750	1400.000	4000.000	1.0000
233	Spectrogram 1	1	57781.232968750	57781.245968750	1400.000	4000.000	1.0000
234	Waveform 1	1	57782.076343750	57782.087718750	1400.000	4000.000	1.0000
234	Spectrogram 1	1	57782.076343750	57782.087718750	1400.000	4000.000	1.0000
235	Waveform 1	1	57946.890343750	57946.898468750	1400.000	4000.000	1.0000
235	Spectrogram 1	1	57946.890343750	57946.898468750	1400.000	4000.000	1.0000
236	Waveform 1	1	57953.312343750	57953.320468750	1400.000	4000.000	1.0000
236	Spectrogram 1	1	57953.312343750	57953.320468750	1400.000	4000.000	1.0000
237	Waveform 1	1	58000.843593750	58000.856593750	1400.000	4000.000	1.0000
237	Spectrogram 1	1	58000.843593750	58000.856593750	1400.000	4000.000	1.0000
238	Waveform 1	1	58000.967093750	58000.980093750	1400.000	4000.000	1.0000
238	Spectrogram 1	1	58000.967093750	58000.980093750	1400.000	4000.000	1.0000
239	Waveform 1	1	58011.432093750	58011.440218750	1400.000	4000.000	1.0000
239	Spectrogram 1	1	58011.432093750	58011.440218750	1400.000	4000.000	1.0000
240	Waveform 1	1	58025.147093750	58025.156843750	1400.000	4000.000	1.0000
240	Spectrogram 1	1	58025.147093750	58025.156843750	1400.000	4000.000	1.0000
241	Waveform 1	1	58058.090718750	58058.102093750	1400.000	4000.000	1.0000
241	Spectrogram 1	1	58058.090718750	58058.102093750	1400.000	4000.000	1.0000
242	Waveform 1	1	58101.642343750	58101.658593750	1400.000	4000.000	1.0000
242	Spectrogram 1	1	58101.642343750	58101.658593750	1400.000	4000.000	1.0000
243	Waveform 1	1	58101.999843750	58102.014468750	1400.000	4000.000	1.0000
243	Spectrogram 1	1	58101.999843750	58102.014468750	1400.000	4000.000	1.0000
244	Waveform 1	1	58102.300468750	58102.319968750	1400.000	4000.000	1.0000
244	Spectrogram 1	1	58102.300468750	58102.319968750	1400.000	4000.000	1.0000
245	Waveform 1	1	58106.120843750	58106.128968750	1400.000	4000.000	1.0000
245	Spectrogram 1	1	58106.120843750	58106.128968750	1400.000	4000.000	1.0000
246	Waveform 1	1	58106.782218750	58106.791968750	1400.000	4000.000	1.0000
246	Spectrogram 1	1	58106.782218750	58106.791968750	1400.000	4000.000	1.0000
247	Waveform 1	1	58108.969468750	58108.980843750	1400.000	4000.000	1.0000
247	Spectrogram 1	1	58108.969468750	58108.980843750	1400.000	4000.000	1.0000
248	Waveform 1	1	58174.983468750	58175.001343750	1400.000	4000.000	1.0000
248	Spectrogram 1	1	58174.983468750	58175.001343750	1400.000	4000.000	1.0000
249	Waveform 1	1	58194.182843750	58194.194218750	1400.000	4000.000	1.0000
249	Spectrogram 1	1	58194.182843750	58194.194218750	1400.000	4000.000	1.0000
250	Waveform 1	1	58778.263093750	58778.287468750	1400.000	4000.000	1.0000
250	Spectrogram 1	1	58778.263093750	58778.287468750	1400.000	4000.000	1.0000
251	Waveform 1	1	59015.214093750	59015.228718750	1400.000	4000.000	1.0000
251	Spectrogram 1	1	59015.214093750	59015.228718750	1400.000	4000.000	1.0000
252	Waveform 1	1	59130.216968750	59130.228343750	1400.000	4000.000	1.0000
252	Spectrogram 1	1	59130.216968750	59130.228343750	1400.000	4000.000	1.0000
253	Waveform 1	1	60403.698593750	60403.713218750	1400.000	4000.000	1.0000
253	Spectrogram 1	1	60403.698593750	60403.713218750	1400.000	4000.000	1.0000
254	Waveform 1	1	63134.642718750	63134.650843750	1400.000	4000.000	1.0000
254	Spectrogram 1	1	63134.642718750	63134.650843750	1400.000	4000.000	1.0000
255	Waveform 1	1	64666.759343750	64666.780468750	1400.000	4000.000	1.0000
255	Spectrogram 1	1	64666.759343750	64666.780468750	1400.000	4000.000	1.0000
256	Waveform 1	1	64666.845468750	64666.861718750	1400.000	4000.000	1.0000
256	Spectrogram 1	1	64666.845468750	64666.861718750	1400.000	4000.000	1.0000
257	Waveform 1	1	67821.415718750	67821.423843750	1400.000	4000.000	1.0000
257	Spectrogram 1	1	67821.415718750	67821.423843750	1400.000	4000.000	1.0000
258	Waveform 1	1	69248.596343750	69248.606093750	1400.000	4000.000	1.0000
258	Spectrogram 1	1	69248.596343750	69248.606093750	1400.000	4000.000	1.0000
259	Waveform 1	1	69355.703343750	69355.713093750	1400.000	4000.000	1.0000
259	Spectrogram 1	1	69355.703343750	69355.713093750	1400.000	4000.000	1.0000
260	Waveform 1	1	70143.766593750	70143.774718750	1400.000	4000.000	1.0000
260	Spectrogram 1	1	70143.766593750	70143.774718750	1400.000	4000.000	1.0000
261	Waveform 1	1	73317.970093750	73317.981468750	1400.000	4000.000	1.0000
261	Spectrogram 1	1	73317.970093750	73317.981468750	1400.000	4000.000	1.0000
262	Waveform 1	1	73376.356343750	73376.380718750	1400.000	4000.000	0.9333
262	Spectrogram 1	1	73376.356343750	73376.380718750	1400.000	4000.000	0.9333
263	Waveform 1	1	73377.147718750	73377.163968750	1400.000	4000.000	1.0000
263	Spectrogram 1	1	73377.147718750	73377.163968750	1400.000	4000.000	1.0000
264	Waveform 1	1	73378.964468750	73378.985593750	1400.000	4000.000	0.8462
264	Spectrogram 1	1	73378.964468750	73378.985593750	1400.000	4000.000	0.8462
265	Waveform 1	1	73379.872843750	73379.885843750	1400.000	4000.000	1.0000
265	Spectrogram 1	1	73379.872843750	73379.885843750	1400.000	4000.000	1.0000
266	Waveform 1	1	73415.994968750	73416.004718750	1400.000	4000.000	1.0000
266	Spectrogram 1	1	73415.994968750	73416.004718750	1400.000	4000.000	1.0000
267	Waveform 1	1	73425.432968750	73425.445968750	1400.000	4000.000	1.0000
267	Spectrogram 1	1	73425.432968750	73425.445968750	1400.000	4000.000	1.0000
268	Waveform 1	1	73432.787718750	73432.803968750	1400.000	4000.000	1.0000
268	Spectrogram 1	1	73432.787718750	73432.803968750	1400.000	4000.000	1.0000
269	Waveform 1	1	73436.486218750	73436.502468750	1400.000	4000.000	1.0000
269	Spectrogram 1	1	73436.486218750	73436.502468750	1400.000	4000.000	1.0000
270	Waveform 1	1	73442.368718750	73442.388218750	1400.000	4000.000	1.0000
270	Spectrogram 1	1	73442.368718750	73442.388218750	1400.000	4000.000	1.0000
271	Waveform 1	1	73480.518843750	73480.535093750	1400.000	4000.000	1.0000
271	Spectrogram 1	1	73480.518843750	73480.535093750	1400.000	4000.000	1.0000
272	Waveform 1	1	73480.762593750	73480.780468750	1400.000	4000.000	1.0000
272	Spectrogram 1	1	73480.762593750	73480.780468750	1400.000	4000.000	1.0000
273	Waveform 1	1	73506.115843750	73506.130468750	1400.000	4000.000	1.0000
273	Spectrogram 1	1	73506.115843750	73506.130468750	1400.000	4000.000	1.0000
274	Waveform 1	1	73507.976468750	73507.991093750	1400.000	4000.000	1.0000
274	Spectrogram 1	1	73507.976468750	73507.991093750	1400.000	4000.000	1.0000
275	Waveform 1	1	73512.110468750	73512.123468750	1400.000	4000.000	1.0000
275	Spectrogram 1	1	73512.110468750	73512.123468750	1400.000	4000.000	1.0000
276	Waveform 1	1	73515.847968750	73515.864218750	1400.000	4000.000	1.0000
276	Spectrogram 1	1	73515.847968750	73515.864218750	1400.000	4000.000	1.0000
277	Waveform 1	1	73517.656593750	73517.664718750	1400.000	4000.000	1.0000
277	Spectrogram 1	1	73517.656593750	73517.664718750	1400.000	4000.000	1.0000
278	Waveform 1	1	73529.988718750	73530.004968750	1400.000	4000.000	1.0000
278	Spectrogram 1	1	73529.988718750	73530.004968750	1400.000	4000.000	1.0000
279	Waveform 1	1	73563.605093750	73563.619718750	1400.000	4000.000	1.0000
279	Spectrogram 1	1	73563.605093750	73563.619718750	1400.000	4000.000	1.0000
280	Waveform 1	1	73640.763343750	73640.779593750	1400.000	4000.000	1.0000
280	Spectrogram 1	1	73640.763343750	73640.779593750	1400.000	4000.000	1.0000
281	Waveform 1	1	73767.958593750	73767.966718750	1400.000	4000.000	1.0000
281	Spectrogram 1	1	73767.958593750	73767.966718750	1400.000	4000.000	1.0000
282	Waveform 1	1	73799.291843750	73799.304843750	1400.000	4000.000	1.0000
282	Spectrogram 1	1	73799.291843750	73799.304843750	1400.000	4000.000	1.0000
283	Waveform 1	1	73838.907718750	73838.922343750	1400.000	4000.000	1.0000
283	Spectrogram 1	1	73838.907718750	73838.922343750	1400.000	4000.000	1.0000
284	Waveform 1	1	73843.183093750	73843.200968750	1400.000	4000.000	1.0000
284	Spectrogram 1	1	73843.183093750	73843.200968750	1400.000	4000.000	1.0000
285	Waveform 1	1	73845.165593750	73845.181843750	1400.000	4000.000	1.0000
285	Spectrogram 1	1	73845.165593750	73845.181843750	1400.000	4000.000	1.0000
286	Waveform 1	1	73846.649218750	73846.668718750	1400.000	4000.000	1.0000
286	Spectrogram 1	1	73846.649218750	73846.668718750	1400.000	4000.000	1.0000
287	Waveform 1	1	73847.950843750	73847.971968750	1400.000	4000.000	1.0000
287	Spectrogram 1	1	73847.950843750	73847.971968750	1400.000	4000.000	1.0000
288	Waveform 1	1	73849.687968750	73849.702593750	1400.000	4000.000	1.0000
288	Spectrogram 1	1	73849.687968750	73849.702593750	1400.000	4000.000	1.0000
289	Waveform 1	1	73850.529718750	73850.544343750	1400.000	4000.000	1.0000
289	Spectrogram 1	1	73850.529718750	73850.544343750	1400.000	4000.000	1.0000
290	Waveform 1	1	73851.452718750	73851.467343750	1400.000	4000.000	1.0000
290	Spectrogram 1	1	73851.452718750	73851.467343750	1400.000	4000.000	1.0000
291	Waveform 1	1	73852.482968750	73852.504093750	1400.000	4000.000	1.0000
291	Spectrogram 1	1	73852.482968750	73852.504093750	1400.000	4000.000	1.0000
292	Waveform 1	1	73854.229843750	73854.254218750	1400.000	4000.000	1.0000
292	Spectrogram 1	1	73854.229843750	73854.254218750	1400.000	4000.000	1.0000
293	Waveform 1	1	73855.510343750	73855.524968750	1400.000	4000.000	1.0000
293	Spectrogram 1	1	73855.510343750	73855.524968750	1400.000	4000.000	1.0000
294	Waveform 1	1	73857.379093750	73857.393718750	1400.000	4000.000	1.0000
294	Spectrogram 1	1	73857.379093750	73857.393718750	1400.000	4000.000	1.0000
295	Waveform 1	1	73858.201343750	73858.209468750	1400.000	4000.000	1.0000
295	Spectrogram 1	1	73858.201343750	73858.209468750	1400.000	4000.000	1.0000
296	Waveform 1	1	73860.577093750	73860.591718750	1400.000	4000.000	1.0000
296	Spectrogram 1	1	73860.577093750	73860.591718750	1400.000	4000.000	1.0000
297	Waveform 1	1	73861.332718750	73861.342468750	1400.000	4000.000	1.0000
297	Spectrogram 1	1	73861.332718750	73861.342468750	1400.000	4000.000	1.0000
298	Waveform 1	1	73862.189093750	73862.205343750	1400.000	4000.000	1.0000
298	Spectrogram 1	1	73862.189093750	73862.205343750	1400.000	4000.000	1.0000
299	Waveform 1	1	73863.558968750	73863.571968750	1400.000	4000.000	1.0000
299	Spectrogram 1	1	73863.558968750	73863.571968750	1400.000	4000.000	1.0000
300	Waveform 1	1	73863.846593750	73863.859593750	1400.000	4000.000	1.0000
300	Spectrogram 1	1	73863.846593750	73863.859593750	1400.000	4000.000	1.0000
301	Waveform 1	1	73865.809593750	73865.819343750	1400.000	4000.000	1.0000
301	Spectrogram 1	1	73865.809593750	73865.819343750	1400.000	4000.000	1.0000
302	Waveform 1	1	73867.858718750	73867.876593750	1400.000	4000.000	1.0000
302	Spectrogram 1	1	73867.858718750	73867.876593750	1400.000	4000.000	1.0000
303	Waveform 1	1	73870.502593750	73870.522093750	1400.000	4000.000	1.0000
303	Spectrogram 1	1	73870.502593750	73870.522093750	1400.000	4000.000	1.0000
304	Waveform 1	1	73875.590468750	73875.609968750	1400.000	4000.000	1.0000
304	Spectrogram 1	1	73875.590468750	73875.609968750	1400.000	4000.000	1.0000
305	Waveform 1	1	73877.384468750	73877.397468750	1400.000	4000.000	1.0000
305	Spectrogram 1	1	73877.384468750	73877.397468750	1400.000	4000.000	1.0000
306	Waveform 1	1	73877.696468750	73877.722468750	1400.000	4000.000	1.0000
306	Spectrogram 1	1	73877.696468750	73877.722468750	1400.000	4000.000	1.0000
307	Waveform 1	1	73888.221593750	73888.236218750	1400.000	4000.000	1.0000
307	Spectrogram 1	1	73888.221593750	73888.236218750	1400.000	4000.000	1.0000
308	Waveform 1	1	73925.333343750	73925.347968750	1400.000	4000.000	1.0000
308	Spectrogram 1	1	73925.333343750	73925.347968750	1400.000	4000.000	1.0000
309	Waveform 1	1	73936.687218750	73936.700218750	1400.000	4000.000	1.0000
309	Spectrogram 1	1	73936.687218750	73936.700218750	1400.000	4000.000	1.0000
310	Waveform 1	1	73971.428093750	73971.445968750	1400.000	4000.000	1.0000
310	Spectrogram 1	1	73971.428093750	73971.445968750	1400.000	4000.000	1.0000
311	Waveform 1	1	74019.531343750	74019.547593750	1400.000	4000.000	1.0000
311	Spectrogram 1	1	74019.531343750	74019.547593750	1400.000	4000.000	1.0000
312	Waveform 1	1	74028.894593750	74028.905968750	1400.000	4000.000	1.0000
312	Spectrogram 1	1	74028.894593750	74028.905968750	1400.000	4000.000	1.0000
313	Waveform 1	1	74105.893593750	74105.903343750	1400.000	4000.000	1.0000
313	Spectrogram 1	1	74105.893593750	74105.903343750	1400.000	4000.000	1.0000
314	Waveform 1	1	74112.549593750	74112.572343750	1400.000	4000.000	1.0000
314	Spectrogram 1	1	74112.549593750	74112.572343750	1400.000	4000.000	1.0000
315	Waveform 1	1	74188.880718750	74188.895343750	1400.000	4000.000	1.0000
315	Spectrogram 1	1	74188.880718750	74188.895343750	1400.000	4000.000	1.0000
316	Waveform 1	1	74393.588468750	74393.603093750	1400.000	4000.000	1.0000
316	Spectrogram 1	1	74393.588468750	74393.603093750	1400.000	4000.000	1.0000
317	Waveform 1	1	74399.891843750	74399.909718750	1400.000	4000.000	1.0000
317	Spectrogram 1	1	74399.891843750	74399.909718750	1400.000	4000.000	1.0000
318	Waveform 1	1	75047.030218750	75047.046468750	1400.000	4000.000	1.0000
318	Spectrogram 1	1	75047.030218750	75047.046468750	1400.000	4000.000	1.0000
319	Waveform 1	1	75428.212968750	75428.225968750	1400.000	4000.000	1.0000
319	Spectrogram 1	1	75428.212968750	75428.225968750	1400.000	4000.000	1.0000
320	Waveform 1	1	75439.986093750	75440.005593750	1400.000	4000.000	1.0000
320	Spectrogram 1	1	75439.986093750	75440.005593750	1400.000	4000.000	1.0000
321	Waveform 1	1	75476.663968750	75476.680218750	1400.000	4000.000	1.0000
321	Spectrogram 1	1	75476.663968750	75476.680218750	1400.000	4000.000	1.0000
322	Waveform 1	1	75509.521468750	75509.545843750	1400.000	4000.000	1.0000
322	Spectrogram 1	1	75509.521468750	75509.545843750	1400.000	4000.000	1.0000
323	Waveform 1	1	75549.283593750	75549.312843750	1400.000	4000.000	1.0000
323	Spectrogram 1	1	75549.283593750	75549.312843750	1400.000	4000.000	1.0000
324	Waveform 1	1	75674.738468750	75674.748218750	1400.000	4000.000	1.0000
324	Spectrogram 1	1	75674.738468750	75674.748218750	1400.000	4000.000	1.0000
325	Waveform 1	1	75746.768218750	75746.789343750	1400.000	4000.000	1.0000
325	Spectrogram 1	1	75746.768218750	75746.789343750	1400.000	4000.000	1.0000
326	Waveform 1	1	75788.863843750	75788.894718750	1400.000	4000.000	0.7368
326	Spectrogram 1	1	75788.863843750	75788.894718750	1400.000	4000.000	0.7368
327	Waveform 1	1	75801.041593750	75801.051343750	1400.000	4000.000	1.0000
327	Spectrogram 1	1	75801.041593750	75801.051343750	1400.000	4000.000	1.0000
328	Waveform 1	1	75818.362468750	75818.372218750	1400.000	4000.000	1.0000
328	Spectrogram 1	1	75818.362468750	75818.372218750	1400.000	4000.000	1.0000
329	Waveform 1	1	75842.961718750	75842.969843750	1400.000	4000.000	1.0000
329	Spectrogram 1	1	75842.961718750	75842.969843750	1400.000	4000.000	1.0000
330	Waveform 1	1	75865.118593750	75865.138093750	1400.000	4000.000	1.0000
330	Spectrogram 1	1	75865.118593750	75865.138093750	1400.000	4000.000	1.0000
331	Waveform 1	1	75923.605593750	75923.621843750	1400.000	4000.000	1.0000
331	Spectrogram 1	1	75923.605593750	75923.621843750	1400.000	4000.000	1.0000
332	Waveform 1	1	76021.472843750	76021.484218750	1400.000	4000.000	1.0000
332	Spectrogram 1	1	76021.472843750	76021.484218750	1400.000	4000.000	1.0000
333	Waveform 1	1	76027.813593750	76027.831468750	1400.000	4000.000	1.0000
333	Spectrogram 1	1	76027.813593750	76027.831468750	1400.000	4000.000	1.0000
334	Waveform 1	1	76171.045968750	76171.057343750	1400.000	4000.000	1.0000
334	Spectrogram 1	1	76171.045968750	76171.057343750	1400.000	4000.000	1.0000
335	Waveform 1	1	76228.436093750	76228.452343750	1400.000	4000.000	1.0000
335	Spectrogram 1	1	76228.436093750	76228.452343750	1400.000	4000.000	1.0000
336	Waveform 1	1	76232.817093750	76232.834968750	1400.000	4000.000	1.0000
336	Spectrogram 1	1	76232.817093750	76232.834968750	1400.000	4000.000	1.0000
337	Waveform 1	1	76295.806968750	76295.816718750	1400.000	4000.000	1.0000
337	Spectrogram 1	1	76295.806968750	76295.816718750	1400.000	4000.000	1.0000
338	Waveform 1	1	76457.546468750	76457.562718750	1400.000	4000.000	1.0000
338	Spectrogram 1	1	76457.546468750	76457.562718750	1400.000	4000.000	1.0000
339	Waveform 1	1	76676.765468750	76676.791468750	1400.000	4000.000	1.0000
339	Spectrogram 1	1	76676.765468750	76676.791468750	1400.000	4000.000	1.0000
340	Waveform 1	1	76823.987218750	76824.006718750	1400.000	4000.000	1.0000
340	Spectrogram 1	1	76823.987218750	76824.006718750	1400.000	4000.000	1.0000
341	Waveform 1	1	76824.765593750	76824.776968750	1400.000	4000.000	1.0000
341	Spectrogram 1	1	76824.765593750	76824.776968750	1400.000	4000.000	1.0000
342	Waveform 1	1	76825.464343750	76825.477343750	1400.000	4000.000	1.0000
342	Spectrogram 1	1	76825.464343750	76825.477343750	1400.000	4000.000	1.0000
343	Waveform 1	1	76950.425218750	76950.441468750	1400.000	4000.000	1.0000
343	Spectrogram 1	1	76950.425218750	76950.441468750	1400.000	4000.000	1.0000
344	Waveform 1	1	77023.241468750	77023.252843750	1400.000	4000.000	1.0000
344	Spectrogram 1	1	77023.241468750	77023.252843750	1400.000	4000.000	1.0000
345	Waveform 1	1	77064.430343750	77064.453093750	1400.000	4000.000	1.0000
345	Spectrogram 1	1	77064.430343750	77064.453093750	1400.000	4000.000	1.0000
346	Waveform 1	1	77064.508343750	77064.540843750	1400.000	4000.000	1.0000
346	Spectrogram 1	1	77064.508343750	77064.540843750	1400.000	4000.000	1.0000
347	Waveform 1	1	77155.896718750	77155.912968750	1400.000	4000.000	1.0000
347	Spectrogram 1	1	77155.896718750	77155.912968750	1400.000	4000.000	1.0000
348	Waveform 1	1	77259.839843750	77259.851218750	1400.000	4000.000	1.0000
348	Spectrogram 1	1	77259.839843750	77259.851218750	1400.000	4000.000	1.0000
349	Waveform 1	1	77604.032718750	77604.053843750	1400.000	4000.000	1.0000
349	Spectrogram 1	1	77604.032718750	77604.053843750	1400.000	4000.000	1.0000
350	Waveform 1	1	78772.992718750	78773.013843750	1400.000	4000.000	1.0000
350	Spectrogram 1	1	78772.992718750	78773.013843750	1400.000	4000.000	1.0000
351	Waveform 1	1	79214.290718750	79214.313468750	1400.000	4000.000	1.0000
351	Spectrogram 1	1	79214.290718750	79214.313468750	1400.000	4000.000	1.0000
352	Waveform 1	1	83473.872343750	83473.882093750	1400.000	4000.000	1.0000
352	Spectrogram 1	1	83473.872343750	83473.882093750	1400.000	4000.000	1.0000
353	Waveform 1	1	84810.338968750	84810.363343750	1400.000	4000.000	1.0000
353	Spectrogram 1	1	84810.338968750	84810.363343750	1400.000	4000.000	1.0000
