Selection	View	Channel	Begin Time (s)	End Time (s)	Low Freq (Hz)	High Freq (Hz)	Occupancy
1	Waveform 1	1	249.797968750	249.812593750	1400.000	4000.000	1.0000
1	Spectrogram 1	1	249.797968750	249.812593750	1400.000	4000.000	1.0000
2	Waveform 1	1	337.799843750	337.814468750	1400.000	4000.000	1.0000
2	Spectrogram 1	1	337.799843750	337.814468750	1400.000	4000.000	1.0000
3	Waveform 1	1	356.740843750	356.748968750	1400.000	4000.000	1.0000
3	Spectrogram 1	1	356.740843750	356.748968750	1400.000	4000.000	1.0000
4	Waveform 1	1	504.849843750	504.869343750	1400.000	4000.000	1.0000
4	Spectrogram 1	1	504.849843750	504.869343750	1400.000	4000.000	1.0000
5	Waveform 1	1	1418.016968750	1418.029968750	1400.000	4000.000	1.0000
5	Spectrogram 1	1	1418.016968750	1418.029968750	1400.000	4000.000	1.0000
6	Waveform 1	1	3197.780343750	3197.790093750	1400.000	4000.000	1.0000
6	Spectrogram 1	1	3197.780343750	3197.790093750	1400.000	4000.000	1.0000
7	Waveform 1	1	3494.901843750	3494.918093750	1400.000	4000.000	1.0000
7	Spectrogram 1	1	3494.901843750	3494.918093750	1400.000	4000.000	1.0000
8	Waveform 1	1	4007.909468750	4007.917593750	1400.000	4000.000	1.0000
8	Spectrogram 1	1	4007.909468750	4007.917593750	1400.000	4000.000	1.0000
9	Waveform 1	1	6187.648718750	6187.668218750	1400.000	4000.000	1.0000
9	Spectrogram 1	1	6187.648718750	6187.668218750	1400.000	4000.000	1.0000
10	Waveform 1	1	8393.620343750	8393.636593750	1400.000	4000.000	1.0000
10	Spectrogram 1	1	8393.620343750	8393.636593750	1400.000	4000.000	1.0000
11	Waveform 1	1	8792.791843750	8792.799968750	1400.000	4000.000	1.0000
11	Spectrogram 1	1	8792.791843750	8792.799968750	1400.000	4000.000	1.0000
12	Waveform 1	1	8818.998218750	8819.007968750	1400.000	4000.000	1.0000
12	Spectrogram 1	1	8818.998218750	8819.007968750	1400.000	4000.000	1.0000
13	Waveform 1	1	8919.941593750	8919.949718750	1400.000	4000.000	1.0000
13	Spectrogram 1	1	8919.941593750	8919.949718750	1400.000	4000.000	1.0000
14	Waveform 1	1	8967.519968750	8967.532968750	1400.000	4000.000	1.0000
14	Spectrogram 1	1	8967.519968750	8967.532968750	1400.000	4000.000	1.0000
15	Waveform 1	1	9609.819093750	9609.828843750	1400.000	4000.000	1.0000
15	Spectrogram 1	1	9609.819093750	9609.828843750	1400.000	4000.000	1.0000
16	Waveform 1	1	9856.804468750	9856.817468750	1400.000	4000.000	1.0000
16	Spectrogram 1	1	9856.804468750	9856.817468750	1400.000	4000.000	1.0000
17	Waveform 1	1	10011.536968750	10011.548343750	1400.000	4000.000	1.0000
17	Spectrogram 1	1	10011.536968750	10011.548343750	1400.000	4000.000	1.0000
18	Waveform 1	1	10015.417468750	10015.427218750	1400.000	4000.000	1.0000
18	Spectrogram 1	1	10015.417468750	10015.427218750	1400.000	4000.000	1.0000
19	Waveform 1	1	10119.773343750	10119.787968750	1400.000	4000.000	1.0000
19	Spectrogram 1	1	10119.773343750	10119.787968750	1400.000	4000.000	1.0000
20	Waveform 1	1	10140.917843750	10140.925968750	1400.000	4000.000	1.0000
20	Spectrogram 1	1	10140.917843750	10140.925968750	1400.000	4000.000	1.0000
21	Waveform 1	1	10226.137718750	10226.150718750	1400.000	4000.000	1.0000
21	Spectrogram 1	1	10226.137718750	10226.150718750	1400.000	4000.000	1.0000
22	Waveform 1	1	10457.193218750	10457.206218750	1400.000	4000.000	1.0000
22	Spectrogram 1	1	10457.193218750	10457.206218750	1400.000	4000.000	1.0000
23	Waveform 1	1	11085.335343750	11085.353218750	1400.000	4000.000	1.0000
23	Spectrogram 1	1	11085.335343750	11085.353218750	1400.000	4000.000	1.0000
24	Waveform 1	1	15632.483468750	15632.494843750	1400.000	4000.000	1.0000
24	Spectrogram 1	1	15632.483468750	15632.494843750	1400.000	4000.000	1.0000
25	Waveform 1	1	16165.602093750	16165.624843750	1400.000	4000.000	1.0000
25	Spectrogram 1	1	16165.602093750	16165.624843750	1400.000	4000.000	1.0000
26	Waveform 1	1	18191.769093750	18191.783718750	1400.000	4000.000	1.0000
26	Spectrogram 1	1	18191.769093750	18191.783718750	1400.000	4000.000	1.0000
27	Waveform 1	1	18392.407843750	18392.419218750	1400.000	4000.000	1.0000
27	Spectrogram 1	1	18392.407843750	18392.419218750	1400.000	4000.000	1.0000
28	Waveform 1	1	18548.974968750	18548.987968750	1400.000	4000.000	1.0000
28	Spectrogram 1	1	18548.974968750	18548.987968750	1400.000	4000.000	1.0000
29	Waveform 1	1	18705.207343750	18705.230093750	1400.000	4000.000	1.0000
29	Spectrogram 1	1	18705.207343750	18705.230093750	1400.000	4000.000	1.0000
30	Waveform 1	1	18998.311843750	18998.323218750	1400.000	4000.000	1.0000
30	Spectrogram 1	1	18998.311843750	18998.323218750	1400.000	4000.000	1.0000
31	Waveform 1	1	19099.294218750	19099.321843750	1400.000	4000.000	1.0000
31	Spectrogram 1	1	19099.294218750	19099.321843750	1400.000	4000.000	1.0000
32	Waveform 1	1	19100.353718750	19100.382968750	1400.000	4000.000	1.0000
32	Spectrogram 1	1	19100.353718750	19100.382968750	1400.000	4000.000	1.0000
33	Waveform 1	1	19103.507843750	19103.530593750	1400.000	4000.000	1.0000
33	Spectrogram 1	1	19103.507843750	19103.530593750	1400.000	4000.000	1.0000
34	Waveform 1	1	19104.213093750	19104.221218750	1400.000	4000.000	1.0000
34	Spectrogram 1	1	19104.213093750	19104.221218750	1400.000	4000.000	1.0000
35	Waveform 1	1	19107.882343750	19107.893718750	1400.000	4000.000	1.0000
35	Spectrogram 1	1	19107.882343750	19107.893718750	1400.000	4000.000	1.0000
36	Waveform 1	1	19109.460218750	19109.482968750	1400.000	4000.000	1.0000
36	Spectrogram 1	1	19109.460218750	19109.482968750	1400.000	4000.000	1.0000
37	Waveform 1	1	19118.711343750	19118.719468750	1400.000	4000.000	1.0000
37	Spectrogram 1	1	19118.711343750	19118.719468750	1400.000	4000.000	1.0000
38	Waveform 1	1	19142.135718750	19142.145468750	1400.000	4000.000	1.0000
38	Spectrogram 1	1	19142.135718750	19142.145468750	1400.000	4000.000	1.0000
39	Waveform 1	1	19142.369718750	19142.379468750	1400.000	4000.000	1.0000
39	Spectrogram 1	1	19142.369718750	19142.379468750	1400.000	4000.000	1.0000
40	Waveform 1	1	19142.933593750	19142.956343750	1400.000	4000.000	1.0000
40	Spectrogram 1	1	19142.933593750	19142.956343750	1400.000	4000.000	1.0000
41	Waveform 1	1	19143.248843750	19143.279718750	1400.000	4000.000	1.0000
41	Spectrogram 1	1	19143.248843750	19143.279718750	1400.000	4000.000	1.0000
42	Waveform 1	1	19145.975593750	19145.983718750	1400.000	4000.000	1.0000
42	Spectrogram 1	1	19145.975593750	19145.983718750	1400.000	4000.000	1.0000
43	Waveform 1	1	19146.142968750	19146.151093750	1400.000	4000.000	1.0000
43	Spectrogram 1	1	19146.142968750	19146.151093750	1400.000	4000.000	1.0000
44	Waveform 1	1	19146.575218750	19146.606093750	1400.000	4000.000	1.0000
44	Spectrogram 1	1	19146.575218750	19146.606093750	1400.000	4000.000	1.0000
45	Waveform 1	1	19159.428968750	19159.450093750	1400.000	4000.000	1.0000
45	Spectrogram 1	1	19159.428968750	19159.450093750	1400.000	4000.000	1.0000
46	Waveform 1	1	19170.542343750	19170.555343750	1400.000	4000.000	1.0000
46	Spectrogram 1	1	19170.542343750	19170.555343750	1400.000	4000.000	1.0000
47	Waveform 1	1	19216.892218750	19216.911718750	1400.000	4000.000	1.0000
47	Spectrogram 1	1	19216.892218750	19216.911718750	1400.000	4000.000	1.0000
48	Waveform 1	1	19219.487343750	19219.514968750	1400.000	4000.000	0.8235
48	Spectrogram 1	1	19219.487343750	19219.514968750	1400.000	4000.000	0.8235
49	Waveform 1	1	19225.641218750	19225.655843750	1400.000	4000.000	1.0000
49	Spectrogram 1	1	19225.641218750	19225.655843750	1400.000	4000.000	1.0000
50	Waveform 1	1	19239.422843750	19239.445593750	1400.000	4000.000	1.0000
50	Spectrogram 1	1	19239.422843750	19239.445593750	1400.000	4000.000	1.0000
51	Waveform 1	1	19240.178468750	19240.199593750	1400.000	4000.000	1.0000
51	Spectrogram 1	1	19240.178468750	19240.199593750	1400.000	4000.000	1.0000
52	Waveform 1	1	19240.379968750	19240.396218750	1400.000	4000.000	1.0000
52	Spectrogram 1	1	19240.379968750	19240.396218750	1400.000	4000.000	1.0000
53	Waveform 1	1	19242.308843750	19242.325093750	1400.000	4000.000	1.0000
53	Spectrogram 1	1	19242.308843750	19242.325093750	1400.000	4000.000	1.0000
54	Waveform 1	1	19280.486593750	19280.512593750	1400.000	4000.000	1.0000
54	Spectrogram 1	1	19280.486593750	19280.512593750	1400.000	4000.000	1.0000
55	Waveform 1	1	19282.092093750	19282.111593750	1400.000	4000.000	1.0000
55	Spectrogram 1	1	19282.092093750	19282.111593750	1400.000	4000.000	1.0000
56	Waveform 1	1	19307.407968750	19307.420968750	1400.000	4000.000	1.0000
56	Spectrogram 1	1	19307.407968750	19307.420968750	1400.000	4000.000	1.0000
57	Waveform 1	1	19309.842218750	19309.850343750	1400.000	4000.000	1.0000
57	Spectrogram 1	1	19309.842218750	19309.850343750	1400.000	4000.000	1.0000
58	Waveform 1	1	19627.443593750	19627.453343750	1400.000	4000.000	1.0000
58	Spectrogram 1	1	19627.443593750	19627.453343750	1400.000	4000.000	1.0000
59	Waveform 1	1	19893.256218750	19893.270843750	1400.000	4000.000	1.0000
59	Spectrogram 1	1	19893.256218750	19893.270843750	1400.000	4000.000	1.0000
60	Waveform 1	1	27031.195468750	27031.210093750	1400.000	4000.000	1.0000
60	Spectrogram 1	1	27031.195468750	27031.210093750	1400.000	4000.000	1.0000
61	Waveform 1	1	27462.847468750	27462.860468750	1400.000	4000.000	1.0000
61	Spectrogram 1	1	27462.847468750	27462.860468750	1400.000	4000.000	1.0000
62	Waveform 1	1	29350.192343750	29350.203718750	1400.000	4000.000	1.0000
62	Spectrogram 1	1	29350.192343750	29350.203718750	1400.000	4000.000	1.0000
63	Waveform 1	1	30726.203343750	30726.222843750	1400.000	4000.000	1.0000
63	Spectrogram 1	1	30726.203343750	30726.222843750	1400.000	4000.000	1.0000
64	Waveform 1	1	30733.070593750	30733.081968750	1400.000	4000.000	1.0000
64	Spectrogram 1	1	30733.070593750	30733.081968750	1400.000	4000.000	1.0000
65	Waveform 1	1	32372.643593750	32372.658218750	1400.000	4000.000	1.0000
65	Spectrogram 1	1	32372.643593750	32372.658218750	1400.000	4000.000	1.0000
66	Waveform 1	1	36009.058843750	36009.075093750	1400.000	4000.000	1.0000
66	Spectrogram 1	1	36009.058843750	36009.075093750	1400.000	4000.000	1.0000
67	Waveform 1	1	37181.221718750	37181.241218750	1400.000	4000.000	1.0000
67	Spectrogram 1	1	37181.221718750	37181.241218750	1400.000	4000.000	1.0000
68	Waveform 1	1	37281.445218750	37281.458218750	1400.000	4000.000	1.0000
68	Spectrogram 1	1	37281.445218750	37281.458218750	1400.000	4000.000	1.0000
69	Waveform 1	1	37808.460343750	37808.470093750	1400.000	4000.000	1.0000
69	Spectrogram 1	1	37808.460343750	37808.470093750	1400.000	4000.000	1.0000
70	Waveform 1	1	37957.630468750	37957.645093750	1400.000	4000.000	1.0000
70	Spectrogram 1	1	37957.630468750	37957.645093750	1400.000	4000.000	1.0000
71	Waveform 1	1	38328.968968750	38328.983593750	1400.000	4000.000	1.0000
71	Spectrogram 1	1	38328.968968750	38328.983593750	1400.000	4000.000	1.0000
72	Waveform 1	1	38332.506593750	38332.516343750	1400.000	4000.000	1.0000
72	Spectrogram 1	1	38332.506593750	38332.516343750	1400.000	4000.000	1.0000
73	Waveform 1	1	38569.919093750	38569.935343750	1400.000	4000.000	1.0000
73	Spectrogram 1	1	38569.919093750	38569.935343750	1400.000	4000.000	1.0000
74	Waveform 1	1	38647.298343750	38647.329218750	1400.000	4000.000	1.0000
74	Spectrogram 1	1	38647.298343750	38647.329218750	1400.000	4000.000	1.0000
75	Waveform 1	1	38660.800468750	38660.813468750	1400.000	4000.000	1.0000
75	Spectrogram 1	1	38660.800468750	38660.813468750	1400.000	4000.000	1.0000
76	Waveform 1	1	38696.347343750	38696.368468750	1400.000	4000.000	1.0000
76	Spectrogram 1	1	38696.347343750	38696.368468750	1400.000	4000.000	1.0000
77	Waveform 1	1	38700.027968750	38700.037718750	1400.000	4000.000	1.0000
77	Spectrogram 1	1	38700.027968750	38700.037718750	1400.000	4000.000	1.0000
78	Waveform 1	1	38942.910218750	38942.918343750	1400.000	4000.000	1.0000
78	Spectrogram 1	1	38942.910218750	38942.918343750	1400.000	4000.000	1.0000
79	Waveform 1	1	39033.911843750	39033.934593750	1400.000	4000.000	1.0000
79	Spectrogram 1	1	39033.911843750	39033.934593750	1400.000	4000.000	1.0000
80	Waveform 1	1	41770.138843750	41770.146968750	1400.000	4000.000	1.0000
80	Spectrogram 1	1	41770.138843750	41770.146968750	1400.000	4000.000	1.0000
81	Waveform 1	1	42120.041968750	42120.056593750	1400.000	4000.000	1.0000
81	Spectrogram 1	1	42120.041968750	42120.056593750	1400.000	4000.000	1.0000
82	Waveform 1	1	45760.285718750	45760.295468750	1400.000	4000.000	1.0000
82	Spectrogram 1	1	45760.285718750	45760.295468750	1400.000	4000.000	1.0000
83	Waveform 1	1	45811.541468750	45811.562593750	1400.000	4000.000	1.0000
83	Spectrogram 1	1	45811.541468750	45811.562593750	1400.000	4000.000	1.0000
84	Waveform 1	1	45811.708843750	45811.729968750	1400.000	4000.000	1.0000
84	Spectrogram 1	1	45811.708843750	45811.729968750	1400.000	4000.000	1.0000
85	Waveform 1	1	48336.188593750	48336.198343750	1400.000	4000.000	1.0000
85	Spectrogram 1	1	48336.188593750	48336.198343750	1400.000	4000.000	1.0000
86	Waveform 1	1	54229.579343750	54229.592343750	1400.000	4000.000	1.0000
86	Spectrogram 1	1	54229.579343750	54229.592343750	1400.000	4000.000	1.0000
87	Waveform 1	1	54492.579093750	54492.598593750	1400.000	4000.000	1.0000
87	Spectrogram 1	1	54492.579093750	54492.598593750	1400.000	4000.000	1.0000
88	Waveform 1	1	54608.873843750	54608.890093750	1400.000	4000.000	1.0000
88	Spectrogram 1	1	54608.873843750	54608.890093750	1400.000	4000.000	1.0000
89	Waveform 1	1	54652.251593750	54652.271093750	1400.000	4000.000	1.0000
89	Spectrogram 1	1	54652.251593750	54652.271093750	1400.000	4000.000	1.0000
90	Waveform 1	1	54687.921968750	54687.936593750	1400.000	4000.000	1.0000
90	Spectrogram 1	1	54687.921968750	54687.936593750	1400.000	4000.000	1.0000
91	Waveform 1	1	54724.424343750	54724.451968750	1400.000	4000.000	0.9412
91	Spectrogram 1	1	54724.424343750	54724.451968750	1400.000	4000.000	0.9412
92	Waveform 1	1	54806.863843750	54806.876843750	1400.000	4000.000	1.0000
92	Spectrogram 1	1	54806.863843750	54806.876843750	1400.000	4000.000	1.0000
93	Waveform 1	1	54825.717093750	54825.725218750	1400.000	4000.000	1.0000
93	Spectrogram 1	1	54825.717093750	54825.725218750	1400.000	4000.000	1.0000
94	Waveform 1	1	54840.210468750	54840.228343750	1400.000	4000.000	1.0000
94	Spectrogram 1	1	54840.210468750	54840.228343750	1400.000	4000.000	1.0000
95	Waveform 1	1	54952.730343750	54952.743343750	1400.000	4000.000	1.0000
95	Spectrogram 1	1	54952.730343750	54952.743343750	1400.000	4000.000	1.0000
96	Waveform 1	1	55025.983718750	55026.006468750	1400.000	4000.000	1.0000
96	Spectrogram 1	1	55025.983718750	55026.006468750	1400.000	4000.000	1.0000
97	Waveform 1	1	55026.565468750	55026.573593750	1400.000	4000.000	1.0000
97	Spectrogram 1	1	55026.565468750	55026.573593750	1400.000	4000.000	1.0000
98	Waveform 1	1	55220.863468750	55220.881343750	1400.000	4000.000	1.0000
98	Spectrogram 1	1	55220.863468750	55220.881343750	1400.000	4000.000	1.0000
99	Waveform 1	1	55243.589093750	55243.598843750	1400.000	4000.000	1.0000
99	Spectrogram 1	1	55243.589093750	55243.598843750	1400.000	4000.000	1.0000
100	Waveform 1	1	55259.853718750	55259.865093750	1400.000	4000.000	1.0000
100	Spectrogram 1	1	55259.853718750	55259.865093750	1400.000	4000.000	1.0000
101	Waveform 1	1	55461.131093750	55461.142468750	1400.000	4000.000	1.0000
101	Spectrogram 1	1	55461.131093750	55461.142468750	1400.000	4000.000	1.0000
102	Waveform 1	1	55479.173468750	55479.188093750	1400.000	4000.000	1.0000
102	Spectrogram 1	1	55479.173468750	55479.188093750	1400.000	4000.000	1.0000
103	Waveform 1	1	55885.165093750	55885.192718750	1400.000	4000.000	1.0000
103	Spectrogram 1	1	55885.165093750	55885.192718750	1400.000	4000.000	1.0000
104	Waveform 1	1	56031.957843750	56031.974093750	1400.000	4000.000	1.0000
104	Spectrogram 1	1	56031.957843750	56031.974093750	1400.000	4000.000	1.0000
105	Waveform 1	1	56032.606218750	56032.617593750	1400.000	4000.000	1.0000
105	Spectrogram 1	1	56032.606218750	56032.617593750	1400.000	4000.000	1.0000
106	Waveform 1	1	56069.808968750	56069.826843750	1400.000	4000.000	1.0000
106	Spectrogram 1	1	56069.808968750	56069.826843750	1400.000	4000.000	1.0000
107	Waveform 1	1	56089.349593750	56089.369093750	1400.000	4000.000	1.0000
107	Spectrogram 1	1	56089.349593750	56089.369093750	1400.000	4000.000	1.0000
108	Waveform 1	1	56610.201093750	56610.217343750	1400.000	4000.000	1.0000
108	Spectrogram 1	1	56610.201093750	56610.217343750	1400.000	4000.000	1.0000
109	Waveform 1	1	56611.614843750	56611.627843750	1400.000	4000.000	1.0000
109	Spectrogram 1	1	56611.614843750	56611.627843750	1400.000	4000.000	1.0000
110	Waveform 1	1	56614.143343750	56614.167718750	1400.000	4000.000	1.0000
110	Spectrogram 1	1	56614.143343750	56614.167718750	1400.000	4000.000	1.0000
111	Waveform 1	1	56617.167468750	56617.175593750	1400.000	4000.000	1.0000
111	Spectrogram 1	1	56617.167468750	56617.175593750	1400.000	4000.000	1.0000
112	Waveform 1	1	56770.253843750	56770.281468750	1400.000	4000.000	1.0000
112	Spectrogram 1	1	56770.253843750	56770.281468750	1400.000	4000.000	1.0000
113	Waveform 1	1	56770.590218750	56770.609718750	1400.000	4000.000	1.0000
113	Spectrogram 1	1	56770.590218750	56770.609718750	1400.000	4000.000	1.0000
114	Waveform 1	1	56793.829343750	56793.842343750	1400.000	4000.000	1.0000
114	Spectrogram 1	1	56793.829343750	56793.842343750	1400.000	4000.000	1.0000
115	Waveform 1	1	56845.663593750	56845.671718750	1400.000	4000.000	1.0000
115	Spectrogram 1	1	56845.663593750	56845.671718750	1400.000	4000.000	1.0000
116	Waveform 1	1	56870.626843750	56870.636593750	1400.000	4000.000	1.0000
116	Spectrogram 1	1	56870.626843750	56870.636593750	1400.000	4000.000	1.0000
117	Waveform 1	1	56878.001093750	56878.018968750	1400.000	4000.000	1.0000
117	Spectrogram 1	1	56878.001093750	56878.018968750	1400.000	4000.000	1.0000
118	Waveform 1	1	56881.845843750	56881.875093750	1400.000	4000.000	1.0000
118	Spectrogram 1	1	56881.845843750	56881.875093750	1400.000	4000.000	1.0000
119	Waveform 1	1	56882.867968750	56882.876093750	1400.000	4000.000	1.0000
119	Spectrogram 1	1	56882.867968750	56882.876093750	1400.000	4000.000	1.0000
120	Waveform 1	1	56883.855968750	56883.865718750	1400.000	4000.000	1.0000
120	Spectrogram 1	1	56883.855968750	56883.865718750	1400.000	4000.000	1.0000
121	Waveform 1	1	56884.575843750	56884.590468750	1400.000	4000.000	1.0000
121	Spectrogram 1	1	56884.575843750	56884.590468750	1400.000	4000.000	1.0000
122	Waveform 1	1	56887.112468750	56887.138468750	1400.000	4000.000	0.7500
122	Spectrogram 1	1	56887.112468750	56887.138468750	1400.000	4000.000	0.7500
123	Waveform 1	1	56887.955843750	56887.970468750	1400.000	4000.000	1.0000
123	Spectrogram 1	1	56887.955843750	56887.970468750	1400.000	4000.000	1.0000
124	Waveform 1	1	56889.870093750	56889.884718750	1400.000	4000.000	1.0000
124	Spectrogram 1	1	56889.870093750	56889.884718750	1400.000	4000.000	1.0000
125	Waveform 1	1	56920.571218750	56920.584218750	1400.000	4000.000	1.0000
125	Spectrogram 1	1	56920.571218750	56920.584218750	1400.000	4000.000	1.0000
126	Waveform 1	1	56922.995718750	56923.007093750	1400.000	4000.000	1.0000
126	Spectrogram 1	1	56922.995718750	56923.007093750	1400.000	4000.000	1.0000
127	Waveform 1	1	56936.993468750	56937.008093750	1400.000	4000.000	1.0000
127	Spectrogram 1	1	56936.993468750	56937.008093750	1400.000	4000.000	1.0000
128	Waveform 1	1	56938.689968750	56938.715968750	1400.000	4000.000	1.0000
128	Spectrogram 1	1	56938.689968750	56938.715968750	1400.000	4000.000	1.0000
129	Waveform 1	1	56945.610843750	56945.627093750	1400.000	4000.000	1.0000
129	Spectrogram 1	1	56945.610843750	56945.627093750	1400.000	4000.000	1.0000
130	Waveform 1	1	56977.605468750	56977.613593750	1400.000	4000.000	1.0000
130	Spectrogram 1	1	56977.605468750	56977.613593750	1400.000	4000.000	1.0000
131	Waveform 1	1	56977.907718750	56977.917468750	1400.000	4000.000	1.0000
131	Spectrogram 1	1	56977.907718750	56977.917468750	1400.000	4000.000	1.0000
132	Waveform 1	1	56978.148218750	56978.157968750	1400.000	4000.000	1.0000
132	Spectrogram 1	1	56978.148218750	56978.157968750	1400.000	4000.000	1.0000
133	Waveform 1	1	56980.002343750	56980.016968750	1400.000	4000.000	1.0000
133	Spectrogram 1	1	56980.002343750	56980.016968750	1400.000	4000.000	1.0000
134	Waveform 1	1	56980.704343750	56980.712468750	1400.000	4000.000	1.0000
134	Spectrogram 1	1	56980.704343750	56980.712468750	1400.000	4000.000	1.0000
135	Waveform 1	1	56980.753093750	56980.772593750	1400.000	4000.000	1.0000
135	Spectrogram 1	1	56980.753093750	56980.772593750	1400.000	4000.000	1.0000
136	Waveform 1	1	56982.350468750	56982.371593750	1400.000	4000.000	1.0000
136	Spectrogram 1	1	56982.350468750	56982.371593750	1400.000	4000.000	1.0000
137	Waveform 1	1	56986.256968750	56986.289468750	1400.000	4000.000	1.0000
137	Spectrogram 1	1	56986.256968750	56986.289468750	1400.000	4000.000	1.0000
138	Waveform 1	1	56986.386968750	56986.408093750	1400.000	4000.000	1.0000
138	Spectrogram 1	1	56986.386968750	56986.408093750	1400.000	4000.000	1.0000
139	Waveform 1	1	56987.795843750	56987.821843750	1400.000	4000.000	1.0000
139	Spectrogram 1	1	56987.795843750	56987.821843750	1400.000	4000.000	1.0000
140	Waveform 1	1	56988.834218750	56988.850468750	1400.000	4000.000	1.0000
140	Spectrogram 1	1	56988.834218750	56988.850468750	1400.000	4000.000	1.0000
141	Waveform 1	1	56994.708593750	56994.721593750	1400.000	4000.000	1.0000
141	Spectrogram 1	1	56994.708593750	56994.721593750	1400.000	4000.000	1.0000
142	Waveform 1	1	56996.850343750	56996.860093750	1400.000	4000.000	1.0000
142	Spectrogram 1	1	56996.850343750	56996.860093750	1400.000	4000.000	1.0000
143	Waveform 1	1	56998.579343750	56998.590718750	1400.000	4000.000	1.0000
143	Spectrogram 1	1	56998.579343750	56998.590718750	1400.000	4000.000	1.0000
144	Waveform 1	1	56998.642718750	56998.657343750	1400.000	4000.000	1.0000
144	Spectrogram 1	1	56998.642718750	56998.657343750	1400.000	4000.000	1.0000
145	Waveform 1	1	57047.753468750	57047.779468750	1400.000	4000.000	0.9375
145	Spectrogram 1	1	57047.753468750	57047.779468750	1400.000	4000.000	0.9375
146	Waveform 1	1	57103.476343750	57103.486093750	1400.000	4000.000	1.0000
146	Spectrogram 1	1	57103.476343750	57103.486093750	1400.000	4000.000	1.0000
147	Waveform 1	1	57153.363843750	57153.380093750	1400.000	4000.000	1.0000
147	Spectrogram 1	1	57153.363843750	57153.380093750	1400.000	4000.000	1.0000
148	Waveform 1	1	57153.513343750	57153.529593750	1400.000	4000.000	1.0000
148	Spectrogram 1	1	57153.513343750	57153.529593750	1400.000	4000.000	1.0000
149	Waveform 1	1	57153.934218750	57153.958593750	1400.000	4000.000	1.0000
149	Spectrogram 1	1	57153.934218750	57153.958593750	1400.000	4000.000	1.0000
150	Waveform 1	1	57200.990968750	57201.008843750	1400.000	4000.000	1.0000
150	Spectrogram 1	1	57200.990968750	57201.008843750	1400.000	4000.000	1.0000
151	Waveform 1	1	57204.257218750	57204.275093750	1400.000	4000.000	1.0000
151	Spectrogram 1	1	57204.257218750	57204.275093750	1400.000	4000.000	1.0000
152	Waveform 1	1	57662.497468750	57662.507218750	1400.000	4000.000	1.0000
152	Spectrogram 1	1	57662.497468750	57662.507218750	1400.000	4000.000	1.0000
153	Waveform 1	1	57665.040593750	57665.056843750	1400.000	4000.000	1.0000
153	Spectrogram 1	1	57665.040593750	57665.056843750	1400.000	4000.000	1.0000
154	Waveform 1	1	57766.944343750	57766.958968750	1400.000	4000.000	1.0000
154	Spectrogram 1	1	57766.944343750	57766.958968750	1400.000	4000.000	1.0000
155	Waveform 1	1	57785.687093750	57785.695218750	1400.000	4000.000	1.0000
155	Spectrogram 1	1	57785.687093750	57785.695218750	1400.000	4000.000	1.0000
156	Waveform 1	1	57808.077968750	57808.092593750	1400.000	4000.000	1.0000
156	Spectrogram 1	1	57808.077968750	57808.092593750	1400.000	4000.000	1.0000
157	Waveform 1	1	57923.506593750	57923.521218750	1400.000	4000.000	1.0000
157	Spectrogram 1	1	57923.506593750	57923.521218750	1400.000	4000.000	1.0000
158	Waveform 1	1	58013.304093750	58013.320343750	1400.000	4000.000	1.0000
158	Spectrogram 1	1	58013.304093750	58013.320343750	1400.000	4000.000	1.0000
159	Waveform 1	1	58016.084468750	58016.102343750	1400.000	4000.000	1.0000
159	Spectrogram 1	1	58016.084468750	58016.102343750	1400.000	4000.000	1.0000
160	Waveform 1	1	58110.888593750	58110.917843750	1400.000	4000.000	1.0000
160	Spectrogram 1	1	58110.888593750	58110.917843750	1400.000	4000.000	1.0000
161	Waveform 1	1	58316.516093750	58316.545343750	1400.000	4000.000	1.0000
161	Spectrogram 1	1	58316.516093750	58316.545343750	1400.000	4000.000	1.0000
162	Waveform 1	1	58419.167343750	58419.180343750	1400.000	4000.000	1.0000
162	Spectrogram 1	1	58419.167343750	58419.180343750	1400.000	4000.000	1.0000
163	Waveform 1	1	59081.463718750	59081.494593750	1400.000	4000.000	1.0000
163	Spectrogram 1	1	59081.463718750	59081.494593750	1400.000	4000.000	1.0000
164	Waveform 1	1	59111.102093750	59111.115093750	1400.000	4000.000	1.0000
164	Spectrogram 1	1	59111.102093750	59111.115093750	1400.000	4000.000	1.0000
165	Waveform 1	1	60104.087593750	60104.102218750	1400.000	4000.000	1.0000
165	Spectrogram 1	1	60104.087593750	60104.102218750	1400.000	4000.000	1.0000
166	Waveform 1	1	60486.362343750	60486.372093750	1400.000	4000.000	1.0000
166	Spectrogram 1	1	60486.362343750	60486.372093750	1400.000	4000.000	1.0000
167	Waveform 1	1	61249.615093750	61249.624843750	1400.000	4000.000	1.0000
167	Spectrogram 1	1	61249.615093750	61249.624843750	1400.000	4000.000	1.0000
168	Waveform 1	1	61262.260843750	61262.275468750	1400.000	4000.000	1.0000
168	Spectrogram 1	1	61262.260843750	61262.275468750	1400.000	4000.000	1.0000
169	Waveform 1	1	61262.364843750	61262.381093750	1400.000	4000.000	1.0000
169	Spectrogram 1	1	61262.364843750	61262.381093750	1400.000	4000.000	1.0000
170	Waveform 1	1	61278.289843750	61278.307718750	1400.000	4000.000	1.0000
170	Spectrogram 1	1	61278.289843750	61278.307718750	1400.000	4000.000	1.0000
171	Waveform 1	1	61281.300968750	61281.309093750	1400.000	4000.000	1.0000
171	Spectrogram 1	1	61281.300968750	61281.309093750	1400.000	4000.000	1.0000
172	Waveform 1	1	61283.995218750	61284.013093750	1400.000	4000.000	1.0000
172	Spectrogram 1	1	61283.995218750	61284.013093750	1400.000	4000.000	1.0000
173	Waveform 1	1	61295.820343750	61295.836593750	1400.000	4000.000	1.0000
173	Spectrogram 1	1	61295.820343750	61295.836593750	1400.000	4000.000	1.0000
174	Waveform 1	1	61327.691468750	61327.717468750	1400.000	4000.000	1.0000
174	Spectrogram 1	1	61327.691468750	61327.717468750	1400.000	4000.000	1.0000
175	Waveform 1	1	61332.114718750	61332.135843750	1400.000	4000.000	1.0000
175	Spectrogram 1	1	61332.114718750	61332.135843750	1400.000	4000.000	1.0000
176	Waveform 1	1	61334.906468750	61334.925968750	1400.000	4000.000	1.0000
176	Spectrogram 1	1	61334.906468750	61334.925968750	1400.000	4000.000	1.0000
177	Waveform 1	1	61337.404093750	61337.423593750	1400.000	4000.000	1.0000
177	Spectrogram 1	1	61337.404093750	61337.423593750	1400.000	4000.000	1.0000
178	Waveform 1	1	61340.228343750	61340.249468750	1400.000	4000.000	1.0000
178	Spectrogram 1	1	61340.228343750	61340.249468750	1400.000	4000.000	1.0000
179	Waveform 1	1	61344.396468750	61344.409468750	1400.000	4000.000	1.0000
179	Spectrogram 1	1	61344.396468750	61344.409468750	1400.000	4000.000	1.0000
180	Waveform 1	1	61354.923218750	61354.952468750	1400.000	4000.000	1.0000
180	Spectrogram 1	1	61354.923218750	61354.952468750	1400.000	4000.000	1.0000
181	Waveform 1	1	61358.490093750	61358.507968750	1400.000	4000.000	1.0000
181	Spectrogram 1	1	61358.490093750	61358.507968750	1400.000	4000.000	1.0000
182	Waveform 1	1	62030.898843750	62030.916718750	1400.000	4000.000	1.0000
182	Spectrogram 1	1	62030.898843750	62030.916718750	1400.000	4000.000	1.0000
183	Waveform 1	1	62045.743218750	62045.751343750	1400.000	4000.000	1.0000
183	Spectrogram 1	1	62045.743218750	62045.751343750	1400.000	4000.000	1.0000
184	Waveform 1	1	62072.836843750	62072.857968750	1400.000	4000.000	1.0000
184	Spectrogram 1	1	62072.836843750	62072.857968750	1400.000	4000.000	1.0000
185	Waveform 1	1	62759.270968750	62759.295343750	1400.000	4000.000	1.0000
185	Spectrogram 1	1	62759.270968750	62759.295343750	1400.000	4000.000	1.0000
186	Waveform 1	1	62760.086718750	62760.101343750	1400.000	4000.000	1.0000
186	Spectrogram 1	1	62760.086718750	62760.101343750	1400.000	4000.000	1.0000
187	Waveform 1	1	63313.745343750	63313.755093750	1400.000	4000.000	1.0000
187	Spectrogram 1	1	63313.745343750	63313.755093750	1400.000	4000.000	1.0000
188	Waveform 1	1	63324.252593750	63324.262343750	1400.000	4000.000	1.0000
188	Spectrogram 1	1	63324.252593750	63324.262343750	1400.000	4000.000	1.0000
189	Waveform 1	1	63350.533718750	63350.551593750	1400.000	4000.000	1.0000
189	Spectrogram 1	1	63350.533718750	63350.551593750	1400.000	4000.000	1.0000
190	Waveform 1	1	63382.812718750	63382.824093750	1400.000	4000.000	1.0000
190	Spectrogram 1	1	63382.812718750	63382.824093750	1400.000	4000.000	1.0000
191	Waveform 1	1	68018.017968750	68018.032593750	1400.000	4000.000	1.0000
191	Spectrogram 1	1	68018.017968750	68018.032593750	1400.000	4000.000	1.0000
192	Waveform 1	1	70869.376218750	70869.389218750	1400.000	4000.000	1.0000
192	Spectrogram 1	1	70869.376218750	70869.389218750	1400.000	4000.000	1.0000
193	Waveform 1	1	74967.150093750	74967.171218750	1400.000	4000.000	1.0000
193	Spectrogram 1	1	74967.150093750	74967.171218750	1400.000	4000.000	1.0000
194	Waveform 1	1	74967.232968750	74967.245968750	1400.000	4000.000	1.0000
194	Spectrogram 1	1	74967.232968750	74967.245968750	1400.000	4000.000	1.0000
195	Waveform 1	1	77903.464968750	77903.481218750	1400.000	4000.000	1.0000
195	Spectrogram 1	1	77903.464968750	77903.481218750	1400.000	4000.000	1.0000
196	Waveform 1	1	79244.523843750	79244.538468750	1400.000	4000.000	1.0000
196	Spectrogram 1	1	79244.523843750	79244.538468750	1400.000	4000.000	1.0000
197	Waveform 1	1	79256.789343750	79256.812093750	1400.000	4000.000	1.0000
197	Spectrogram 1	1	79256.789343750	79256.812093750	1400.000	4000.000	1.0000
198	Waveform 1	1	81444.144968750	81444.162843750	1400.000	4000.000	1.0000
198	Spectrogram 1	1	81444.144968750	81444.162843750	1400.000	4000.000	1.0000
199	Waveform 1	1	83407.346468750	83407.359468750	1400.000	4000.000	1.0000
199	Spectrogram 1	1	83407.346468750	83407.359468750	1400.000	4000.000	1.0000
200	Waveform 1	1	84560.782843750	84560.805593750	1400.000	4000.000	1.0000
200	Spectrogram 1	1	84560.782843750	84560.805593750	1400.000	4000.000	1.0000
201	Waveform 1	1	84575.277843750	84575.290843750	1400.000	4000.000	1.0000
201	Spectrogram 1	1	84575.277843750	84575.290843750	1400.000	4000.000	1.0000
202	Waveform 1	1	85538.490093750	85538.506343750	1400.000	4000.000	1.0000
202	Spectrogram 1	1	85538.490093750	85538.506343750	1400.000	4000.000	1.0000
203	Waveform 1	1	85538.620093750	85538.636343750	1400.000	4000.000	1.0000
203	Spectrogram 1	1	85538.620093750	85538.636343750	1400.000	4000.000	1.0000
204	Waveform 1	1	85538.828093750	85538.847593750	1400.000	4000.000	1.0000
204	Spectrogram 1	1	85538.828093750	85538.847593750	1400.000	4000.000	1.0000
205	Waveform 1	1	85539.624343750	85539.634093750	1400.000	4000.000	1.0000
205	Spectrogram 1	1	85539.624343750	85539.634093750	1400.000	4000.000	1.0000
206	Waveform 1	1	85552.868093750	85552.881093750	1400.000	4000.000	1.0000
206	Spectrogram 1	1	85552.868093750	85552.881093750	1400.000	4000.000	1.0000
207	Waveform 1	1	85556.093718750	85556.103468750	1400.000	4000.000	1.0000
207	Spectrogram 1	1	85556.093718750	85556.103468750	1400.000	4000.000	1.0000
208	Waveform 1	1	85556.384593750	85556.399218750	1400.000	4000.000	1.0000
208	Spectrogram 1	1	85556.384593750	85556.399218750	1400.000	4000.000	1.0000
209	Waveform 1	1	85557.981968750	85558.003093750	1400.000	4000.000	1.0000
209	Spectrogram 1	1	85557.981968750	85558.003093750	1400.000	4000.000	1.0000
210	Waveform 1	1	85558.211093750	85558.222468750	1400.000	4000.000	1.0000
210	Spectrogram 1	1	85558.211093750	85558.222468750	1400.000	4000.000	1.0000
211	Waveform 1	1	85560.464968750	85560.477968750	1400.000	4000.000	1.0000
211	Spectrogram 1	1	85560.464968750	85560.477968750	1400.000	4000.000	1.0000
212	Waveform 1	1	85560.850093750	85560.858218750	1400.000	4000.000	1.0000
212	Spectrogram 1	1	85560.850093750	85560.858218750	1400.000	4000.000	1.0000
213	Waveform 1	1	85561.357093750	85561.365218750	1400.000	4000.000	1.0000
213	Spectrogram 1	1	85561.357093750	85561.365218750	1400.000	4000.000	1.0000
214	Waveform 1	1	85564.733843750	85564.746843750	1400.000	4000.000	1.0000
214	Spectrogram 1	1	85564.733843750	85564.746843750	1400.000	4000.000	1.0000
