Selection	View	Channel	Begin Time (s)	End Time (s)	Low Freq (Hz)	High Freq (Hz)	Occupancy
1	Waveform 1	1	11.673718750	11.706218750	1400.000	4000.000	1.0000
1	Spectrogram 1	1	11.673718750	11.706218750	1400.000	4000.000	1.0000
2	Waveform 1	1	32.202343750	32.212093750	1400.000	4000.000	1.0000
2	Spectrogram 1	1	32.202343750	32.212093750	1400.000	4000.000	1.0000
3	Waveform 1	1	35.286593750	35.309343750	1400.000	4000.000	1.0000
3	Spectrogram 1	1	35.286593750	35.309343750	1400.000	4000.000	1.0000
4	Waveform 1	1	39.925968750	39.947093750	1400.000	4000.000	1.0000
4	Spectrogram 1	1	39.925968750	39.947093750	1400.000	4000.000	1.0000
5	Waveform 1	1	45.335593750	45.361593750	1400.000	4000.000	1.0000
5	Spectrogram 1	1	45.335593750	45.361593750	1400.000	4000.000	1.0000
6	Waveform 1	1	59.715218750	59.729843750	1400.000	4000.000	1.0000
6	Spectrogram 1	1	59.715218750	59.729843750	1400.000	4000.000	1.0000
7	Waveform 1	1	68.898093750	68.920843750	1400.000	4000.000	1.0000
7	Spectrogram 1	1	68.898093750	68.920843750	1400.000	4000.000	1.0000
8	Waveform 1	1	72.695718750	72.721718750	1400.000	4000.000	1.0000
8	Spectrogram 1	1	72.695718750	72.721718750	1400.000	4000.000	1.0000
9	Waveform 1	1	82.453843750	82.483093750	1400.000	4000.000	1.0000
9	Spectrogram 1	1	82.453843750	82.483093750	1400.000	4000.000	1.0000
10	Waveform 1	1	110.762968750	110.777593750	1400.000	4000.000	1.0000
10	Spectrogram 1	1	110.762968750	110.777593750	1400.000	4000.000	1.0000
11	Waveform 1	1	115.189468750	115.215468750	1400.000	4000.000	1.0000
11	Spectrogram 1	1	115.189468750	115.215468750	1400.000	4000.000	1.0000
12	Waveform 1	1	126.575843750	126.585593750	1400.000	4000.000	1.0000
12	Spectrogram 1	1	126.575843750	126.585593750	1400.000	4000.000	1.0000
13	Waveform 1	1	128.511218750	128.532343750	1400.000	4000.000	1.0000
13	Spectrogram 1	1	128.511218750	128.532343750	1400.000	4000.000	1.0000
14	Waveform 1	1	133.134343750	133.145718750	1400.000	4000.000	1.0000
14	Spectrogram 1	1	133.134343750	133.145718750	1400.000	4000.000	1.0000
15	Waveform 1	1	157.184343750	157.200593750	1400.000	4000.000	1.0000
15	Spectrogram 1	1	157.184343750	157.200593750	1400.000	4000.000	1.0000
16	Waveform 1	1	161.056718750	161.068093750	1400.000	4000.000	1.0000
16	Spectrogram 1	1	161.056718750	161.068093750	1400.000	4000.000	1.0000
17	Waveform 1	1	175.270593750	175.294968750	1400.000	4000.000	1.0000
17	Spectrogram 1	1	175.270593750	175.294968750	1400.000	4000.000	1.0000
18	Waveform 1	1	178.271968750	178.288218750	1400.000	4000.000	1.0000
18	Spectrogram 1	1	178.271968750	178.288218750	1400.000	4000.000	1.0000
19	Waveform 1	1	182.823593750	182.856093750	1400.000	4000.000	1.0000
19	Spectrogram 1	1	182.823593750	182.856093750	1400.000	4000.000	1.0000
20	Waveform 1	1	196.473593750	196.494718750	1400.000	4000.000	1.0000
20	Spectrogram 1	1	196.473593750	196.494718750	1400.000	4000.000	1.0000
21	Waveform 1	1	200.128218750	200.154218750	1400.000	4000.000	1.0000
21	Spectrogram 1	1	200.128218750	200.154218750	1400.000	4000.000	1.0000
22	Waveform 1	1	203.639843750	203.667468750	1400.000	4000.000	1.0000
22	Spectrogram 1	1	203.639843750	203.667468750	1400.000	4000.000	1.0000
23	Waveform 1	1	206.556718750	206.577843750	1400.000	4000.000	1.0000
23	Spectrogram 1	1	206.556718750	206.577843750	1400.000	4000.000	1.0000
24	Waveform 1	1	211.417093750	211.436593750	1400.000	4000.000	1.0000
24	Spectrogram 1	1	211.417093750	211.436593750	1400.000	4000.000	1.0000
25	Waveform 1	1	283.324968750	283.344468750	1400.000	4000.000	1.0000
25	Spectrogram 1	1	283.324968750	283.344468750	1400.000	4000.000	1.0000
26	Waveform 1	1	321.427968750	321.447468750	1400.000	4000.000	1.0000
26	Spectrogram 1	1	321.427968750	321.447468750	1400.000	4000.000	1.0000
27	Waveform 1	1	329.970593750	329.999843750	1400.000	4000.000	1.0000
27	Spectrogram 1	1	329.970593750	329.999843750	1400.000	4000.000	1.0000
28	Waveform 1	1	399.081843750	399.101343750	1400.000	4000.000	1.0000
28	Spectrogram 1	1	399.081843750	399.101343750	1400.000	4000.000	1.0000
29	Waveform 1	1	431.112218750	431.130093750	1400.000	4000.000	1.0000
29	Spectrogram 1	1	431.112218750	431.130093750	1400.000	4000.000	1.0000
30	Waveform 1	1	448.309593750	448.335593750	1400.000	4000.000	1.0000
30	Spectrogram 1	1	448.309593750	448.335593750	1400.000	4000.000	1.0000
31	Waveform 1	1	459.538343750	459.552968750	1400.000	4000.000	1.0000
31	Spectrogram 1	1	459.538343750	459.552968750	1400.000	4000.000	1.0000
32	Waveform 1	1	469.688093750	469.718968750	1400.000	4000.000	1.0000
32	Spectrogram 1	1	469.688093750	469.718968750	1400.000	4000.000	1.0000
33	Waveform 1	1	478.511843750	478.532968750	1400.000	4000.000	1.0000
33	Spectrogram 1	1	478.511843750	478.532968750	1400.000	4000.000	1.0000
34	Waveform 1	1	483.635468750	483.646843750	1400.000	4000.000	1.0000
34	Spectrogram 1	1	483.635468750	483.646843750	1400.000	4000.000	1.0000
35	Waveform 1	1	495.067343750	495.094968750	1400.000	4000.000	1.0000
35	Spectrogram 1	1	495.067343750	495.094968750	1400.000	4000.000	1.0000
36	Waveform 1	1	499.033968750	499.056718750	1400.000	4000.000	1.0000
36	Spectrogram 1	1	499.033968750	499.056718750	1400.000	4000.000	1.0000
37	Waveform 1	1	506.570718750	506.586968750	1400.000	4000.000	1.0000
37	Spectrogram 1	1	506.570718750	506.586968750	1400.000	4000.000	1.0000
38	Waveform 1	1	526.424968750	526.442843750	1400.000	4000.000	1.0000
38	Spectrogram 1	1	526.424968750	526.442843750	1400.000	4000.000	1.0000
39	Waveform 1	1	640.776218750	640.798968750	1400.000	4000.000	1.0000
39	Spectrogram 1	1	640.776218750	640.798968750	1400.000	4000.000	1.0000
40	Waveform 1	1	647.901843750	647.926218750	1400.000	4000.000	1.0000
40	Spectrogram 1	1	647.901843750	647.926218750	1400.000	4000.000	1.0000
41	Waveform 1	1	654.526968750	654.544843750	1400.000	4000.000	1.0000
41	Spectrogram 1	1	654.526968750	654.544843750	1400.000	4000.000	1.0000
42	Waveform 1	1	658.995718750	659.021718750	1400.000	4000.000	1.0000
42	Spectrogram 1	1	658.995718750	659.021718750	1400.000	4000.000	1.0000
43	Waveform 1	1	666.267593750	666.291968750	1400.000	4000.000	1.0000
43	Spectrogram 1	1	666.267593750	666.291968750	1400.000	4000.000	1.0000
44	Waveform 1	1	688.193718750	688.219718750	1400.000	4000.000	1.0000
44	Spectrogram 1	1	688.193718750	688.219718750	1400.000	4000.000	1.0000
45	Waveform 1	1	692.837968750	692.867218750	1400.000	4000.000	1.0000
45	Spectrogram 1	1	692.837968750	692.867218750	1400.000	4000.000	1.0000
46	Waveform 1	1	697.374968750	697.404218750	1400.000	4000.000	1.0000
46	Spectrogram 1	1	697.374968750	697.404218750	1400.000	4000.000	1.0000
47	Waveform 1	1	701.473218750	701.489468750	1400.000	4000.000	1.0000
47	Spectrogram 1	1	701.473218750	701.489468750	1400.000	4000.000	1.0000
48	Waveform 1	1	707.440218750	707.461343750	1400.000	4000.000	1.0000
48	Spectrogram 1	1	707.440218750	707.461343750	1400.000	4000.000	1.0000
49	Waveform 1	1	786.036593750	786.049593750	1400.000	4000.000	1.0000
49	Spectrogram 1	1	786.036593750	786.049593750	1400.000	4000.000	1.0000
50	Waveform 1	1	808.775218750	808.791468750	1400.000	4000.000	1.0000
50	Spectrogram 1	1	808.775218750	808.791468750	1400.000	4000.000	1.0000
51	Waveform 1	1	835.451218750	835.473968750	1400.000	4000.000	1.0000
51	Spectrogram 1	1	835.451218750	835.473968750	1400.000	4000.000	1.0000
52	Waveform 1	1	851.563093750	851.587468750	1400.000	4000.000	1.0000
52	Spectrogram 1	1	851.563093750	851.587468750	1400.000	4000.000	1.0000
53	Waveform 1	1	875.071968750	875.101218750	1400.000	4000.000	1.0000
53	Spectrogram 1	1	875.071968750	875.101218750	1400.000	4000.000	1.0000
54	Waveform 1	1	910.441718750	910.461218750	1400.000	4000.000	1.0000
54	Spectrogram 1	1	910.441718750	910.461218750	1400.000	4000.000	1.0000
55	Waveform 1	1	920.477718750	920.485843750	1400.000	4000.000	1.0000
55	Spectrogram 1	1	920.477718750	920.485843750	1400.000	4000.000	1.0000
56	Waveform 1	1	1002.239593750	1002.265593750	1400.000	4000.000	1.0000
56	Spectrogram 1	1	1002.239593750	1002.265593750	1400.000	4000.000	1.0000
57	Waveform 1	1	1049.044468750	1049.059093750	1400.000	4000.000	1.0000
57	Spectrogram 1	1	1049.044468750	1049.059093750	1400.000	4000.000	1.0000
58	Waveform 1	1	1052.825843750	1052.848593750	1400.000	4000.000	1.0000
58	Spectrogram 1	1	1052.825843750	1052.848593750	1400.000	4000.000	1.0000
59	Waveform 1	1	1061.979468750	1062.000593750	1400.000	4000.000	1.0000
59	Spectrogram 1	1	1061.979468750	1062.000593750	1400.000	4000.000	1.0000
60	Waveform 1	1	1073.146468750	1073.156218750	1400.000	4000.000	1.0000
60	Spectrogram 1	1	1073.146468750	1073.156218750	1400.000	4000.000	1.0000
61	Waveform 1	1	1085.389218750	1085.418468750	1400.000	4000.000	1.0000
61	Spectrogram 1	1	1085.389218750	1085.418468750	1400.000	4000.000	1.0000
62	Waveform 1	1	1095.041718750	1095.051468750	1400.000	4000.000	1.0000
62	Spectrogram 1	1	1095.041718750	1095.051468750	1400.000	4000.000	1.0000
63	Waveform 1	1	1114.600218750	1114.619718750	1400.000	4000.000	1.0000
63	Spectrogram 1	1	1114.600218750	1114.619718750	1400.000	4000.000	1.0000
64	Waveform 1	1	1121.953343750	1121.976093750	1400.000	4000.000	1.0000
64	Spectrogram 1	1	1121.953343750	1121.976093750	1400.000	4000.000	1.0000
65	Waveform 1	1	1126.152343750	1126.168593750	1400.000	4000.000	1.0000
65	Spectrogram 1	1	1126.152343750	1126.168593750	1400.000	4000.000	1.0000
66	Waveform 1	1	1130.302593750	1130.335093750	1400.000	4000.000	1.0000
66	Spectrogram 1	1	1130.302593750	1130.335093750	1400.000	4000.000	1.0000
67	Waveform 1	1	1140.689593750	1140.715593750	1400.000	4000.000	1.0000
67	Spectrogram 1	1	1140.689593750	1140.715593750	1400.000	4000.000	1.0000
68	Waveform 1	1	1144.532718750	1144.548968750	1400.000	4000.000	1.0000
68	Spectrogram 1	1	1144.532718750	1144.548968750	1400.000	4000.000	1.0000
69	Waveform 1	1	1151.833843750	1151.851718750	1400.000	4000.000	1.0000
69	Spectrogram 1	1	1151.833843750	1151.851718750	1400.000	4000.000	1.0000
70	Waveform 1	1	1157.830093750	1157.843093750	1400.000	4000.000	1.0000
70	Spectrogram 1	1	1157.830093750	1157.843093750	1400.000	4000.000	1.0000
71	Waveform 1	1	1167.874218750	1167.890468750	1400.000	4000.000	1.0000
71	Spectrogram 1	1	1167.874218750	1167.890468750	1400.000	4000.000	1.0000
72	Waveform 1	1	1238.543843750	1238.569843750	1400.000	4000.000	1.0000
72	Spectrogram 1	1	1238.543843750	1238.569843750	1400.000	4000.000	1.0000
73	Waveform 1	1	1286.890843750	1286.913593750	1400.000	4000.000	1.0000
73	Spectrogram 1	1	1286.890843750	1286.913593750	1400.000	4000.000	1.0000
74	Waveform 1	1	1296.657093750	1296.673343750	1400.000	4000.000	1.0000
74	Spectrogram 1	1	1296.657093750	1296.673343750	1400.000	4000.000	1.0000
75	Waveform 1	1	1338.489468750	1338.504093750	1400.000	4000.000	1.0000
75	Spectrogram 1	1	1338.489468750	1338.504093750	1400.000	4000.000	1.0000
76	Waveform 1	1	1383.565343750	1383.591343750	1400.000	4000.000	1.0000
76	Spectrogram 1	1	1383.565343750	1383.591343750	1400.000	4000.000	1.0000
77	Waveform 1	1	1384.605343750	1384.613468750	1400.000	4000.000	1.0000
77	Spectrogram 1	1	1384.605343750	1384.613468750	1400.000	4000.000	1.0000
78	Waveform 1	1	1388.469593750	1388.502093750	1400.000	4000.000	1.0000
78	Spectrogram 1	1	1388.469593750	1388.502093750	1400.000	4000.000	1.0000
79	Waveform 1	1	1389.516093750	1389.532343750	1400.000	4000.000	1.0000
79	Spectrogram 1	1	1389.516093750	1389.532343750	1400.000	4000.000	1.0000
80	Waveform 1	1	1395.214968750	1395.224718750	1400.000	4000.000	1.0000
80	Spectrogram 1	1	1395.214968750	1395.224718750	1400.000	4000.000	1.0000
81	Waveform 1	1	1401.550843750	1401.576843750	1400.000	4000.000	1.0000
81	Spectrogram 1	1	1401.550843750	1401.576843750	1400.000	4000.000	1.0000
82	Waveform 1	1	1407.025468750	1407.049843750	1400.000	4000.000	1.0000
82	Spectrogram 1	1	1407.025468750	1407.049843750	1400.000	4000.000	1.0000
83	Waveform 1	1	1415.036718750	1415.057843750	1400.000	4000.000	1.0000
83	Spectrogram 1	1	1415.036718750	1415.057843750	1400.000	4000.000	1.0000
84	Waveform 1	1	1535.835968750	1535.861968750	1400.000	4000.000	1.0000
84	Spectrogram 1	1	1535.835968750	1535.861968750	1400.000	4000.000	1.0000
85	Waveform 1	1	1567.245593750	1567.266718750	1400.000	4000.000	1.0000
85	Spectrogram 1	1	1567.245593750	1567.266718750	1400.000	4000.000	1.0000
86	Waveform 1	1	1588.780093750	1588.802843750	1400.000	4000.000	1.0000
86	Spectrogram 1	1	1588.780093750	1588.802843750	1400.000	4000.000	1.0000
87	Waveform 1	1	1602.800593750	1602.824968750	1400.000	4000.000	1.0000
87	Spectrogram 1	1	1602.800593750	1602.824968750	1400.000	4000.000	1.0000
88	Waveform 1	1	1619.388593750	1619.398343750	1400.000	4000.000	1.0000
88	Spectrogram 1	1	1619.388593750	1619.398343750	1400.000	4000.000	1.0000
89	Waveform 1	1	1624.367593750	1624.390343750	1400.000	4000.000	1.0000
89	Spectrogram 1	1	1624.367593750	1624.390343750	1400.000	4000.000	1.0000
90	Waveform 1	1	1630.032343750	1630.048593750	1400.000	4000.000	1.0000
90	Spectrogram 1	1	1630.032343750	1630.048593750	1400.000	4000.000	1.0000
91	Waveform 1	1	1636.243093750	1636.256093750	1400.000	4000.000	1.0000
91	Spectrogram 1	1	1636.243093750	1636.256093750	1400.000	4000.000	1.0000
92	Waveform 1	1	1639.207093750	1639.223343750	1400.000	4000.000	1.0000
92	Spectrogram 1	1	1639.207093750	1639.223343750	1400.000	4000.000	1.0000
93	Waveform 1	1	1662.425093750	1662.438093750	1400.000	4000.000	1.0000
93	Spectrogram 1	1	1662.425093750	1662.438093750	1400.000	4000.000	1.0000
94	Waveform 1	1	1668.642343750	1668.661843750	1400.000	4000.000	1.0000
94	Spectrogram 1	1	1668.642343750	1668.661843750	1400.000	4000.000	1.0000
95	Waveform 1	1	1721.396343750	1721.407718750	1400.000	4000.000	1.0000
95	Spectrogram 1	1	1721.396343750	1721.407718750	1400.000	4000.000	1.0000
96	Waveform 1	1	1742.407593750	1742.427093750	1400.000	4000.000	1.0000
96	Spectrogram 1	1	1742.407593750	1742.427093750	1400.000	4000.000	1.0000
97	Waveform 1	1	1749.401593750	1749.417843750	1400.000	4000.000	1.0000
97	Spectrogram 1	1	1749.401593750	1749.417843750	1400.000	4000.000	1.0000
98	Waveform 1	1	1797.579593750	1797.600718750	1400.000	4000.000	1.0000
98	Spectrogram 1	1	1797.579593750	1797.600718750	1400.000	4000.000	1.0000
99	Waveform 1	1	1834.491468750	1834.509343750	1400.000	4000.000	1.0000
99	Spectrogram 1	1	1834.491468750	1834.509343750	1400.000	4000.000	1.0000
100	Waveform 1	1	1850.764218750	1850.782093750	1400.000	4000.000	1.0000
100	Spectrogram 1	1	1850.764218750	1850.782093750	1400.000	4000.000	1.0000
101	Waveform 1	1	1865.155218750	1865.173093750	1400.000	4000.000	1.0000
101	Spectrogram 1	1	1865.155218750	1865.173093750	1400.000	4000.000	1.0000
102	Waveform 1	1	2000.704593750	2000.719218750	1400.000	4000.000	1.0000
102	Spectrogram 1	1	2000.704593750	2000.719218750	1400.000	4000.000	1.0000
103	Waveform 1	1	2071.073593750	2071.088218750	1400.000	4000.000	1.0000
103	Spectrogram 1	1	2071.073593750	2071.088218750	1400.000	4000.000	1.0000
104	Waveform 1	1	2127.738968750	2127.750343750	1400.000	4000.000	1.0000
104	Spectrogram 1	1	2127.738968750	2127.750343750	1400.000	4000.000	1.0000
105	Waveform 1	1	2163.880593750	2163.888718750	1400.000	4000.000	1.0000
105	Spectrogram 1	1	2163.880593750	2163.888718750	1400.000	4000.000	1.0000
106	Waveform 1	1	2250.499593750	2250.520718750	1400.000	4000.000	1.0000
106	Spectrogram 1	1	2250.499593750	2250.520718750	1400.000	4000.000	1.0000
107	Waveform 1	1	2437.696343750	2437.717468750	1400.000	4000.000	1.0000
107	Spectrogram 1	1	2437.696343750	2437.717468750	1400.000	4000.000	1.0000
108	Waveform 1	1	2578.279968750	2578.289718750	1400.000	4000.000	1.0000
108	Spectrogram 1	1	2578.279968750	2578.289718750	1400.000	4000.000	1.0000
109	Waveform 1	1	2627.025093750	2627.052718750	1400.000	4000.000	1.0000
109	Spectrogram 1	1	2627.025093750	2627.052718750	1400.000	4000.000	1.0000
110	Waveform 1	1	2676.438093750	2676.454343750	1400.000	4000.000	1.0000
110	Spectrogram 1	1	2676.438093750	2676.454343750	1400.000	4000.000	1.0000
111	Waveform 1	1	2680.295843750	2680.315343750	1400.000	4000.000	1.0000
111	Spectrogram 1	1	2680.295843750	2680.315343750	1400.000	4000.000	1.0000
112	Waveform 1	1	2753.154343750	2753.180343750	1400.000	4000.000	1.0000
112	Spectrogram 1	1	2753.154343750	2753.180343750	1400.000	4000.000	1.0000
113	Waveform 1	1	2775.002468750	2775.023593750	1400.000	4000.000	1.0000
113	Spectrogram 1	1	2775.002468750	2775.023593750	1400.000	4000.000	1.0000
114	Waveform 1	1	2803.578093750	2803.587843750	1400.000	4000.000	1.0000
114	Spectrogram 1	1	2803.578093750	2803.587843750	1400.000	4000.000	1.0000
115	Waveform 1	1	2828.882593750	2828.892343750	1400.000	4000.000	1.0000
115	Spectrogram 1	1	2828.882593750	2828.892343750	1400.000	4000.000	1.0000
116	Waveform 1	1	2831.640218750	2831.662968750	1400.000	4000.000	1.0000
116	Spectrogram 1	1	2831.640218750	2831.662968750	1400.000	4000.000	1.0000
117	Waveform 1	1	2832.519343750	2832.527468750	1400.000	4000.000	1.0000
117	Spectrogram 1	1	2832.519343750	2832.527468750	1400.000	4000.000	1.0000
118	Waveform 1	1	2858.160218750	2858.186218750	1400.000	4000.000	1.0000
118	Spectrogram 1	1	2858.160218750	2858.186218750	1400.000	4000.000	1.0000
119	Waveform 1	1	2858.254468750	2858.267468750	1400.000	4000.000	1.0000
119	Spectrogram 1	1	2858.254468750	2858.267468750	1400.000	4000.000	1.0000
120	Waveform 1	1	3187.992968750	3188.001093750	1400.000	4000.000	1.0000
120	Spectrogram 1	1	3187.992968750	3188.001093750	1400.000	4000.000	1.0000
121	Waveform 1	1	3188.236718750	3188.252968750	1400.000	4000.000	1.0000
121	Spectrogram 1	1	3188.236718750	3188.252968750	1400.000	4000.000	1.0000
122	Waveform 1	1	3214.914343750	3214.924093750	1400.000	4000.000	1.0000
122	Spectrogram 1	1	3214.914343750	3214.924093750	1400.000	4000.000	1.0000
123	Waveform 1	1	3241.717093750	3241.725218750	1400.000	4000.000	1.0000
123	Spectrogram 1	1	3241.717093750	3241.725218750	1400.000	4000.000	1.0000
124	Waveform 1	1	3265.464843750	3265.484343750	1400.000	4000.000	1.0000
124	Spectrogram 1	1	3265.464843750	3265.484343750	1400.000	4000.000	1.0000
125	Waveform 1	1	3444.352968750	3444.372468750	1400.000	4000.000	1.0000
125	Spectrogram 1	1	3444.352968750	3444.372468750	1400.000	4000.000	1.0000
126	Waveform 1	1	3464.840968750	3464.853968750	1400.000	4000.000	1.0000
126	Spectrogram 1	1	3464.840968750	3464.853968750	1400.000	4000.000	1.0000
127	Waveform 1	1	3577.307218750	3577.318593750	1400.000	4000.000	1.0000
127	Spectrogram 1	1	3577.307218750	3577.318593750	1400.000	4000.000	1.0000
128	Waveform 1	1	4126.859468750	4126.875718750	1400.000	4000.000	1.0000
128	Spectrogram 1	1	4126.859468750	4126.875718750	1400.000	4000.000	1.0000
129	Waveform 1	1	4462.085593750	4462.095343750	1400.000	4000.000	1.0000
129	Spectrogram 1	1	4462.085593750	4462.095343750	1400.000	4000.000	1.0000
130	Waveform 1	1	4617.009843750	4617.032593750	1400.000	4000.000	1.0000
130	Spectrogram 1	1	4617.009843750	4617.032593750	1400.000	4000.000	1.0000
131	Waveform 1	1	4707.432968750	4707.457343750	1400.000	4000.000	1.0000
131	Spectrogram 1	1	4707.432968750	4707.457343750	1400.000	4000.000	1.0000
132	Waveform 1	1	4707.523968750	4707.548343750	1400.000	4000.000	1.0000
132	Spectrogram 1	1	4707.523968750	4707.548343750	1400.000	4000.000	1.0000
133	Waveform 1	1	5061.749593750	5061.764218750	1400.000	4000.000	1.0000
133	Spectrogram 1	1	5061.749593750	5061.764218750	1400.000	4000.000	1.0000
134	Waveform 1	1	5099.373218750	5099.387843750	1400.000	4000.000	1.0000
134	Spectrogram 1	1	5099.373218750	5099.387843750	1400.000	4000.000	1.0000
135	Waveform 1	1	5369.877218750	5369.890218750	1400.000	4000.000	1.0000
135	Spectrogram 1	1	5369.877218750	5369.890218750	1400.000	4000.000	1.0000
136	Waveform 1	1	5858.563468750	5858.574843750	1400.000	4000.000	1.0000
136	Spectrogram 1	1	5858.563468750	5858.574843750	1400.000	4000.000	1.0000
137	Waveform 1	1	5964.302218750	5964.315218750	1400.000	4000.000	1.0000
137	Spectrogram 1	1	5964.302218750	5964.315218750	1400.000	4000.000	1.0000
138	Waveform 1	1	6872.589468750	6872.604093750	1400.000	4000.000	1.0000
138	Spectrogram 1	1	6872.589468750	6872.604093750	1400.000	4000.000	1.0000
139	Waveform 1	1	7009.167468750	7009.183718750	1400.000	4000.000	1.0000
139	Spectrogram 1	1	7009.167468750	7009.183718750	1400.000	4000.000	1.0000
140	Waveform 1	1	7053.097718750	7053.120468750	1400.000	4000.000	1.0000
140	Spectrogram 1	1	7053.097718750	7053.120468750	1400.000	4000.000	1.0000
141	Waveform 1	1	7273.429843750	7273.442843750	1400.000	4000.000	1.0000
141	Spectrogram 1	1	7273.429843750	7273.442843750	1400.000	4000.000	1.0000
142	Waveform 1	1	7273.572843750	7273.584218750	1400.000	4000.000	1.0000
142	Spectrogram 1	1	7273.572843750	7273.584218750	1400.000	4000.000	1.0000
143	Waveform 1	1	7280.800843750	7280.813843750	1400.000	4000.000	1.0000
143	Spectrogram 1	1	7280.800843750	7280.813843750	1400.000	4000.000	1.0000
144	Waveform 1	1	7291.798843750	7291.831343750	1400.000	4000.000	1.0000
144	Spectrogram 1	1	7291.798843750	7291.831343750	1400.000	4000.000	1.0000
145	Waveform 1	1	9733.462093750	9733.475093750	1400.000	4000.000	1.0000
145	Spectrogram 1	1	9733.462093750	9733.475093750	1400.000	4000.000	1.0000
146	Waveform 1	1	10342.968718750	10342.978468750	1400.000	4000.000	1.0000
146	Spectrogram 1	1	10342.968718750	10342.978468750	1400.000	4000.000	1.0000
147	Waveform 1	1	10670.571968750	10670.581718750	1400.000	4000.000	1.0000
147	Spectrogram 1	1	10670.571968750	10670.581718750	1400.000	4000.000	1.0000
148	Waveform 1	1	11156.087843750	11156.100843750	1400.000	4000.000	1.0000
148	Spectrogram 1	1	11156.087843750	11156.100843750	1400.000	4000.000	1.0000
149	Waveform 1	1	11580.944093750	11580.960343750	1400.000	4000.000	1.0000
149	Spectrogram 1	1	11580.944093750	11580.960343750	1400.000	4000.000	1.0000
150	Waveform 1	1	11994.800718750	11994.813718750	1400.000	4000.000	1.0000
150	Spectrogram 1	1	11994.800718750	11994.813718750	1400.000	4000.000	1.0000
151	Waveform 1	1	12034.530343750	12034.541718750	1400.000	4000.000	1.0000
151	Spectrogram 1	1	12034.530343750	12034.541718750	1400.000	4000.000	1.0000
152	Waveform 1	1	12046.366843750	12046.391218750	1400.000	4000.000	1.0000
152	Spectrogram 1	1	12046.366843750	12046.391218750	1400.000	4000.000	1.0000
153	Waveform 1	1	12050.270093750	12050.287968750	1400.000	4000.000	1.0000
153	Spectrogram 1	1	12050.270093750	12050.287968750	1400.000	4000.000	1.0000
154	Waveform 1	1	12063.448843750	12063.463468750	1400.000	4000.000	1.0000
154	Spectrogram 1	1	12063.448843750	12063.463468750	1400.000	4000.000	1.0000
155	Waveform 1	1	12070.143843750	12070.160093750	1400.000	4000.000	1.0000
155	Spectrogram 1	1	12070.143843750	12070.160093750	1400.000	4000.000	1.0000
156	Waveform 1	1	12081.328718750	12081.338468750	1400.000	4000.000	1.0000
156	Spectrogram 1	1	12081.328718750	12081.338468750	1400.000	4000.000	1.0000
157	Waveform 1	1	14682.199718750	14682.211093750	1400.000	4000.000	1.0000
157	Spectrogram 1	1	14682.199718750	14682.211093750	1400.000	4000.000	1.0000
158	Waveform 1	1	15075.597593750	15075.610593750	1400.000	4000.000	1.0000
158	Spectrogram 1	1	15075.597593750	15075.610593750	1400.000	4000.000	1.0000
159	Waveform 1	1	15075.659343750	15075.667468750	1400.000	4000.000	1.0000
159	Spectrogram 1	1	15075.659343750	15075.667468750	1400.000	4000.000	1.0000
160	Waveform 1	1	15088.290468750	15088.301843750	1400.000	4000.000	1.0000
160	Spectrogram 1	1	15088.290468750	15088.301843750	1400.000	4000.000	1.0000
161	Waveform 1	1	16357.995593750	16358.003718750	1400.000	4000.000	1.0000
161	Spectrogram 1	1	16357.995593750	16358.003718750	1400.000	4000.000	1.0000
162	Waveform 1	1	16376.335343750	16376.351593750	1400.000	4000.000	1.0000
162	Spectrogram 1	1	16376.335343750	16376.351593750	1400.000	4000.000	1.0000
163	Waveform 1	1	16800.874718750	16800.895843750	1400.000	4000.000	1.0000
163	Spectrogram 1	1	16800.874718750	16800.895843750	1400.000	4000.000	1.0000
164	Waveform 1	1	16800.936468750	16800.957593750	1400.000	4000.000	1.0000
164	Spectrogram 1	1	16800.936468750	16800.957593750	1400.000	4000.000	1.0000
165	Waveform 1	1	16968.716093750	16968.735593750	1400.000	4000.000	1.0000
165	Spectrogram 1	1	16968.716093750	16968.735593750	1400.000	4000.000	1.0000
166	Waveform 1	1	16968.779468750	16968.792468750	1400.000	4000.000	1.0000
166	Spectrogram 1	1	16968.779468750	16968.792468750	1400.000	4000.000	1.0000
167	Waveform 1	1	18034.594218750	18034.608843750	1400.000	4000.000	1.0000
167	Spectrogram 1	1	18034.594218750	18034.608843750	1400.000	4000.000	1.0000
168	Waveform 1	1	18067.063343750	18067.079593750	1400.000	4000.000	1.0000
168	Spectrogram 1	1	18067.063343750	18067.079593750	1400.000	4000.000	1.0000
169	Waveform 1	1	18167.948218750	18167.964468750	1400.000	4000.000	1.0000
169	Spectrogram 1	1	18167.948218750	18167.964468750	1400.000	4000.000	1.0000
170	Waveform 1	1	18234.469218750	18234.490343750	1400.000	4000.000	1.0000
170	Spectrogram 1	1	18234.469218750	18234.490343750	1400.000	4000.000	1.0000
171	Waveform 1	1	18234.530968750	18234.542343750	1400.000	4000.000	1.0000
171	Spectrogram 1	1	18234.530968750	18234.542343750	1400.000	4000.000	1.0000
172	Waveform 1	1	18339.431218750	18339.453968750	1400.000	4000.000	1.0000
172	Spectrogram 1	1	18339.431218750	18339.453968750	1400.000	4000.000	1.0000
173	Waveform 1	1	18339.492968750	18339.505968750	1400.000	4000.000	1.0000
173	Spectrogram 1	1	18339.492968750	18339.505968750	1400.000	4000.000	1.0000
174	Waveform 1	1	19333.537968750	19333.560718750	1400.000	4000.000	1.0000
174	Spectrogram 1	1	19333.537968750	19333.560718750	1400.000	4000.000	1.0000
175	Waveform 1	1	19333.601343750	19333.617593750	1400.000	4000.000	1.0000
175	Spectrogram 1	1	19333.601343750	19333.617593750	1400.000	4000.000	1.0000
176	Waveform 1	1	19537.896343750	19537.906093750	1400.000	4000.000	1.0000
176	Spectrogram 1	1	19537.896343750	19537.906093750	1400.000	4000.000	1.0000
177	Waveform 1	1	19642.377343750	19642.403343750	1400.000	4000.000	1.0000
177	Spectrogram 1	1	19642.377343750	19642.403343750	1400.000	4000.000	1.0000
178	Waveform 1	1	19642.440718750	19642.458593750	1400.000	4000.000	1.0000
178	Spectrogram 1	1	19642.440718750	19642.458593750	1400.000	4000.000	1.0000
179	Waveform 1	1	19649.914093750	19649.935218750	1400.000	4000.000	1.0000
179	Spectrogram 1	1	19649.914093750	19649.935218750	1400.000	4000.000	1.0000
180	Waveform 1	1	19649.972593750	19649.990468750	1400.000	4000.000	1.0000
180	Spectrogram 1	1	19649.972593750	19649.990468750	1400.000	4000.000	1.0000
181	Waveform 1	1	19895.401218750	19895.409343750	1400.000	4000.000	1.0000
181	Spectrogram 1	1	19895.401218750	19895.409343750	1400.000	4000.000	1.0000
182	Waveform 1	1	19899.551468750	19899.564468750	1400.000	4000.000	1.0000
182	Spectrogram 1	1	19899.551468750	19899.564468750	1400.000	4000.000	1.0000
183	Waveform 1	1	19899.886218750	19899.894343750	1400.000	4000.000	1.0000
183	Spectrogram 1	1	19899.886218750	19899.894343750	1400.000	4000.000	1.0000
184	Waveform 1	1	20022.052093750	20022.060218750	1400.000	4000.000	1.0000
184	Spectrogram 1	1	20022.052093750	20022.060218750	1400.000	4000.000	1.0000
185	Waveform 1	1	20180.915343750	20180.923468750	1400.000	4000.000	1.0000
185	Spectrogram 1	1	20180.915343750	20180.923468750	1400.000	4000.000	1.0000
186	Waveform 1	1	20184.857593750	20184.867343750	1400.000	4000.000	1.0000
186	Spectrogram 1	1	20184.857593750	20184.867343750	1400.000	4000.000	1.0000
187	Waveform 1	1	20196.687593750	20196.700593750	1400.000	4000.000	1.0000
187	Spectrogram 1	1	20196.687593750	20196.700593750	1400.000	4000.000	1.0000
188	Waveform 1	1	20208.528968750	20208.541968750	1400.000	4000.000	1.0000
188	Spectrogram 1	1	20208.528968750	20208.541968750	1400.000	4000.000	1.0000
189	Waveform 1	1	20289.494593750	20289.502718750	1400.000	4000.000	1.0000
189	Spectrogram 1	1	20289.494593750	20289.502718750	1400.000	4000.000	1.0000
190	Waveform 1	1	20570.816218750	20570.837343750	1400.000	4000.000	1.0000
190	Spectrogram 1	1	20570.816218750	20570.837343750	1400.000	4000.000	1.0000
191	Waveform 1	1	20584.394718750	20584.419093750	1400.000	4000.000	1.0000
191	Spectrogram 1	1	20584.394718750	20584.419093750	1400.000	4000.000	1.0000
192	Waveform 1	1	20584.453218750	20584.467843750	1400.000	4000.000	1.0000
192	Spectrogram 1	1	20584.453218750	20584.467843750	1400.000	4000.000	1.0000
193	Waveform 1	1	20598.654093750	20598.676843750	1400.000	4000.000	1.0000
193	Spectrogram 1	1	20598.654093750	20598.676843750	1400.000	4000.000	1.0000
194	Waveform 1	1	20611.650843750	20611.673593750	1400.000	4000.000	1.0000
194	Spectrogram 1	1	20611.650843750	20611.673593750	1400.000	4000.000	1.0000
195	Waveform 1	1	20614.874843750	20614.899218750	1400.000	4000.000	1.0000
195	Spectrogram 1	1	20614.874843750	20614.899218750	1400.000	4000.000	1.0000
196	Waveform 1	1	20614.936593750	20614.954468750	1400.000	4000.000	1.0000
196	Spectrogram 1	1	20614.936593750	20614.954468750	1400.000	4000.000	1.0000
197	Waveform 1	1	20630.445593750	20630.471593750	1400.000	4000.000	1.0000
197	Spectrogram 1	1	20630.445593750	20630.471593750	1400.000	4000.000	1.0000
198	Waveform 1	1	20630.507343750	20630.528468750	1400.000	4000.000	1.0000
198	Spectrogram 1	1	20630.507343750	20630.528468750	1400.000	4000.000	1.0000
199	Waveform 1	1	20646.326718750	20646.349468750	1400.000	4000.000	1.0000
199	Spectrogram 1	1	20646.326718750	20646.349468750	1400.000	4000.000	1.0000
200	Waveform 1	1	20646.388468750	20646.401468750	1400.000	4000.000	1.0000
200	Spectrogram 1	1	20646.388468750	20646.401468750	1400.000	4000.000	1.0000
201	Waveform 1	1	20648.622843750	20648.637468750	1400.000	4000.000	1.0000
201	Spectrogram 1	1	20648.622843750	20648.637468750	1400.000	4000.000	1.0000
202	Waveform 1	1	20648.674843750	20648.686218750	1400.000	4000.000	1.0000
202	Spectrogram 1	1	20648.674843750	20648.686218750	1400.000	4000.000	1.0000
203	Waveform 1	1	20651.629093750	20651.648593750	1400.000	4000.000	1.0000
203	Spectrogram 1	1	20651.629093750	20651.648593750	1400.000	4000.000	1.0000
204	Waveform 1	1	20745.399718750	20745.425718750	1400.000	4000.000	1.0000
204	Spectrogram 1	1	20745.399718750	20745.425718750	1400.000	4000.000	1.0000
205	Waveform 1	1	20745.459843750	20745.479343750	1400.000	4000.000	1.0000
205	Spectrogram 1	1	20745.459843750	20745.479343750	1400.000	4000.000	1.0000
206	Waveform 1	1	20760.634093750	20760.656843750	1400.000	4000.000	1.0000
206	Spectrogram 1	1	20760.634093750	20760.656843750	1400.000	4000.000	1.0000
207	Waveform 1	1	20760.695843750	20760.705593750	1400.000	4000.000	1.0000
207	Spectrogram 1	1	20760.695843750	20760.705593750	1400.000	4000.000	1.0000
208	Waveform 1	1	20780.333968750	20780.355093750	1400.000	4000.000	1.0000
208	Spectrogram 1	1	20780.333968750	20780.355093750	1400.000	4000.000	1.0000
209	Waveform 1	1	20780.395718750	20780.408718750	1400.000	4000.000	1.0000
209	Spectrogram 1	1	20780.395718750	20780.408718750	1400.000	4000.000	1.0000
210	Waveform 1	1	20785.423468750	20785.451093750	1400.000	4000.000	1.0000
210	Spectrogram 1	1	20785.423468750	20785.451093750	1400.000	4000.000	1.0000
211	Waveform 1	1	20785.486843750	20785.499843750	1400.000	4000.000	1.0000
211	Spectrogram 1	1	20785.486843750	20785.499843750	1400.000	4000.000	1.0000
212	Waveform 1	1	20799.954218750	20799.978593750	1400.000	4000.000	1.0000
212	Spectrogram 1	1	20799.954218750	20799.978593750	1400.000	4000.000	1.0000
213	Waveform 1	1	20800.017593750	20800.027343750	1400.000	4000.000	1.0000
213	Spectrogram 1	1	20800.017593750	20800.027343750	1400.000	4000.000	1.0000
214	Waveform 1	1	20820.892343750	20820.916718750	1400.000	4000.000	1.0000
214	Spectrogram 1	1	20820.892343750	20820.916718750	1400.000	4000.000	1.0000
215	Waveform 1	1	20820.952468750	20820.975218750	1400.000	4000.000	1.0000
215	Spectrogram 1	1	20820.952468750	20820.975218750	1400.000	4000.000	1.0000
216	Waveform 1	1	20824.779343750	20824.802093750	1400.000	4000.000	1.0000
216	Spectrogram 1	1	20824.779343750	20824.802093750	1400.000	4000.000	1.0000
217	Waveform 1	1	20824.837843750	20824.854093750	1400.000	4000.000	1.0000
217	Spectrogram 1	1	20824.837843750	20824.854093750	1400.000	4000.000	1.0000
218	Waveform 1	1	20828.048843750	20828.071593750	1400.000	4000.000	1.0000
218	Spectrogram 1	1	20828.048843750	20828.071593750	1400.000	4000.000	1.0000
219	Waveform 1	1	20828.108968750	20828.123593750	1400.000	4000.000	1.0000
219	Spectrogram 1	1	20828.108968750	20828.123593750	1400.000	4000.000	1.0000
220	Waveform 1	1	20876.732218750	20876.754968750	1400.000	4000.000	1.0000
220	Spectrogram 1	1	20876.732218750	20876.754968750	1400.000	4000.000	1.0000
221	Waveform 1	1	20876.792343750	20876.806968750	1400.000	4000.000	1.0000
221	Spectrogram 1	1	20876.792343750	20876.806968750	1400.000	4000.000	1.0000
222	Waveform 1	1	20921.461968750	20921.486343750	1400.000	4000.000	1.0000
222	Spectrogram 1	1	20921.461968750	20921.486343750	1400.000	4000.000	1.0000
223	Waveform 1	1	20921.520468750	20921.538343750	1400.000	4000.000	1.0000
223	Spectrogram 1	1	20921.520468750	20921.538343750	1400.000	4000.000	1.0000
224	Waveform 1	1	20929.702343750	20929.723468750	1400.000	4000.000	1.0000
224	Spectrogram 1	1	20929.702343750	20929.723468750	1400.000	4000.000	1.0000
225	Waveform 1	1	20942.396843750	20942.421218750	1400.000	4000.000	1.0000
225	Spectrogram 1	1	20942.396843750	20942.421218750	1400.000	4000.000	1.0000
226	Waveform 1	1	20942.455343750	20942.474843750	1400.000	4000.000	1.0000
226	Spectrogram 1	1	20942.455343750	20942.474843750	1400.000	4000.000	1.0000
227	Waveform 1	1	20968.105968750	20968.135218750	1400.000	4000.000	1.0000
227	Spectrogram 1	1	20968.105968750	20968.135218750	1400.000	4000.000	1.0000
228	Waveform 1	1	20968.169343750	20968.193718750	1400.000	4000.000	1.0000
228	Spectrogram 1	1	20968.169343750	20968.193718750	1400.000	4000.000	1.0000
229	Waveform 1	1	20976.055468750	20976.086343750	1400.000	4000.000	1.0000
229	Spectrogram 1	1	20976.055468750	20976.086343750	1400.000	4000.000	1.0000
230	Waveform 1	1	20976.118843750	20976.139968750	1400.000	4000.000	1.0000
230	Spectrogram 1	1	20976.118843750	20976.139968750	1400.000	4000.000	1.0000
231	Waveform 1	1	21005.905093750	21005.929468750	1400.000	4000.000	1.0000
231	Spectrogram 1	1	21005.905093750	21005.929468750	1400.000	4000.000	1.0000
232	Waveform 1	1	21005.966843750	21005.983093750	1400.000	4000.000	1.0000
232	Spectrogram 1	1	21005.966843750	21005.983093750	1400.000	4000.000	1.0000
233	Waveform 1	1	21012.746343750	21012.770718750	1400.000	4000.000	1.0000
233	Spectrogram 1	1	21012.746343750	21012.770718750	1400.000	4000.000	1.0000
234	Waveform 1	1	21012.808093750	21012.827593750	1400.000	4000.000	1.0000
234	Spectrogram 1	1	21012.808093750	21012.827593750	1400.000	4000.000	1.0000
235	Waveform 1	1	21038.312468750	21038.341718750	1400.000	4000.000	0.8889
235	Spectrogram 1	1	21038.312468750	21038.341718750	1400.000	4000.000	0.8889
236	Waveform 1	1	21086.765093750	21086.786218750	1400.000	4000.000	1.0000
236	Spectrogram 1	1	21086.765093750	21086.786218750	1400.000	4000.000	1.0000
237	Waveform 1	1	21086.826843750	21086.839843750	1400.000	4000.000	1.0000
237	Spectrogram 1	1	21086.826843750	21086.839843750	1400.000	4000.000	1.0000
238	Waveform 1	1	21319.842093750	21319.851843750	1400.000	4000.000	1.0000
238	Spectrogram 1	1	21319.842093750	21319.851843750	1400.000	4000.000	1.0000
239	Waveform 1	1	21648.007593750	21648.017343750	1400.000	4000.000	1.0000
239	Spectrogram 1	1	21648.007593750	21648.017343750	1400.000	4000.000	1.0000
240	Waveform 1	1	21649.988468750	21649.996593750	1400.000	4000.000	1.0000
240	Spectrogram 1	1	21649.988468750	21649.996593750	1400.000	4000.000	1.0000
241	Waveform 1	1	21794.722343750	21794.748343750	1400.000	4000.000	1.0000
241	Spectrogram 1	1	21794.722343750	21794.748343750	1400.000	4000.000	1.0000
242	Waveform 1	1	22197.299843750	22197.307968750	1400.000	4000.000	1.0000
242	Spectrogram 1	1	22197.299843750	22197.307968750	1400.000	4000.000	1.0000
243	Waveform 1	1	22572.042718750	22572.057343750	1400.000	4000.000	1.0000
243	Spectrogram 1	1	22572.042718750	22572.057343750	1400.000	4000.000	1.0000
244	Waveform 1	1	22577.822843750	22577.835843750	1400.000	4000.000	1.0000
244	Spectrogram 1	1	22577.822843750	22577.835843750	1400.000	4000.000	1.0000
245	Waveform 1	1	22578.500468750	22578.508593750	1400.000	4000.000	1.0000
245	Spectrogram 1	1	22578.500468750	22578.508593750	1400.000	4000.000	1.0000
246	Waveform 1	1	22589.847843750	22589.859218750	1400.000	4000.000	1.0000
246	Spectrogram 1	1	22589.847843750	22589.859218750	1400.000	4000.000	1.0000
247	Waveform 1	1	23309.594468750	23309.609093750	1400.000	4000.000	0.8889
247	Spectrogram 1	1	23309.594468750	23309.609093750	1400.000	4000.000	0.8889
248	Waveform 1	1	23461.323968750	23461.348343750	1400.000	4000.000	1.0000
248	Spectrogram 1	1	23461.323968750	23461.348343750	1400.000	4000.000	1.0000
249	Waveform 1	1	23461.384093750	23461.395468750	1400.000	4000.000	1.0000
249	Spectrogram 1	1	23461.384093750	23461.395468750	1400.000	4000.000	1.0000
250	Waveform 1	1	23466.278593750	23466.301343750	1400.000	4000.000	1.0000
250	Spectrogram 1	1	23466.278593750	23466.301343750	1400.000	4000.000	1.0000
251	Waveform 1	1	23466.335468750	23466.356593750	1400.000	4000.000	1.0000
251	Spectrogram 1	1	23466.335468750	23466.356593750	1400.000	4000.000	1.0000
252	Waveform 1	1	23512.077593750	23512.100343750	1400.000	4000.000	1.0000
252	Spectrogram 1	1	23512.077593750	23512.100343750	1400.000	4000.000	1.0000
253	Waveform 1	1	23512.136093750	23512.153968750	1400.000	4000.000	1.0000
253	Spectrogram 1	1	23512.136093750	23512.153968750	1400.000	4000.000	1.0000
254	Waveform 1	1	23527.958718750	23527.981468750	1400.000	4000.000	1.0000
254	Spectrogram 1	1	23527.958718750	23527.981468750	1400.000	4000.000	1.0000
255	Waveform 1	1	23528.017218750	23528.035093750	1400.000	4000.000	1.0000
255	Spectrogram 1	1	23528.017218750	23528.035093750	1400.000	4000.000	1.0000
256	Waveform 1	1	24479.308468750	24479.329593750	1400.000	4000.000	1.0000
256	Spectrogram 1	1	24479.308468750	24479.329593750	1400.000	4000.000	1.0000
257	Waveform 1	1	24479.373468750	24479.381593750	1400.000	4000.000	1.0000
257	Spectrogram 1	1	24479.373468750	24479.381593750	1400.000	4000.000	1.0000
258	Waveform 1	1	24493.631218750	24493.652343750	1400.000	4000.000	1.0000
258	Spectrogram 1	1	24493.631218750	24493.652343750	1400.000	4000.000	1.0000
259	Waveform 1	1	24493.689718750	24493.709218750	1400.000	4000.000	1.0000
259	Spectrogram 1	1	24493.689718750	24493.709218750	1400.000	4000.000	1.0000
260	Waveform 1	1	24554.308718750	24554.329843750	1400.000	4000.000	1.0000
260	Spectrogram 1	1	24554.308718750	24554.329843750	1400.000	4000.000	1.0000
261	Waveform 1	1	24554.368843750	24554.381843750	1400.000	4000.000	1.0000
261	Spectrogram 1	1	24554.368843750	24554.381843750	1400.000	4000.000	1.0000
262	Waveform 1	1	25511.404468750	25511.417468750	1400.000	4000.000	1.0000
262	Spectrogram 1	1	25511.404468750	25511.417468750	1400.000	4000.000	1.0000
263	Waveform 1	1	25511.466218750	25511.475968750	1400.000	4000.000	1.0000
263	Spectrogram 1	1	25511.466218750	25511.475968750	1400.000	4000.000	1.0000
264	Waveform 1	1	30568.085968750	30568.095718750	1400.000	4000.000	1.0000
264	Spectrogram 1	1	30568.085968750	30568.095718750	1400.000	4000.000	1.0000
265	Waveform 1	1	30568.937468750	30568.947218750	1400.000	4000.000	1.0000
265	Spectrogram 1	1	30568.937468750	30568.947218750	1400.000	4000.000	1.0000
266	Waveform 1	1	30606.119093750	30606.136968750	1400.000	4000.000	1.0000
266	Spectrogram 1	1	30606.119093750	30606.136968750	1400.000	4000.000	1.0000
267	Waveform 1	1	30606.179218750	30606.193843750	1400.000	4000.000	1.0000
267	Spectrogram 1	1	30606.179218750	30606.193843750	1400.000	4000.000	1.0000
268	Waveform 1	1	30606.403468750	30606.429468750	1400.000	4000.000	1.0000
268	Spectrogram 1	1	30606.403468750	30606.429468750	1400.000	4000.000	1.0000
269	Waveform 1	1	30606.525343750	30606.539968750	1400.000	4000.000	1.0000
269	Spectrogram 1	1	30606.525343750	30606.539968750	1400.000	4000.000	1.0000
270	Waveform 1	1	30606.585468750	30606.593593750	1400.000	4000.000	1.0000
270	Spectrogram 1	1	30606.585468750	30606.593593750	1400.000	4000.000	1.0000
271	Waveform 1	1	30607.277718750	30607.289093750	1400.000	4000.000	1.0000
271	Spectrogram 1	1	30607.277718750	30607.289093750	1400.000	4000.000	1.0000
272	Waveform 1	1	31073.525968750	31073.548718750	1400.000	4000.000	1.0000
272	Spectrogram 1	1	31073.525968750	31073.548718750	1400.000	4000.000	1.0000
273	Waveform 1	1	31073.586093750	31073.602343750	1400.000	4000.000	1.0000
273	Spectrogram 1	1	31073.586093750	31073.602343750	1400.000	4000.000	1.0000
274	Waveform 1	1	31093.866093750	31093.887218750	1400.000	4000.000	1.0000
274	Spectrogram 1	1	31093.866093750	31093.887218750	1400.000	4000.000	1.0000
275	Waveform 1	1	31093.927843750	31093.942468750	1400.000	4000.000	1.0000
275	Spectrogram 1	1	31093.927843750	31093.942468750	1400.000	4000.000	1.0000
276	Waveform 1	1	31219.260843750	31219.283593750	1400.000	4000.000	1.0000
276	Spectrogram 1	1	31219.260843750	31219.283593750	1400.000	4000.000	1.0000
277	Waveform 1	1	31219.322593750	31219.330718750	1400.000	4000.000	1.0000
277	Spectrogram 1	1	31219.322593750	31219.330718750	1400.000	4000.000	1.0000
278	Waveform 1	1	31645.558468750	31645.576343750	1400.000	4000.000	1.0000
278	Spectrogram 1	1	31645.558468750	31645.576343750	1400.000	4000.000	1.0000
279	Waveform 1	1	31674.814968750	31674.827968750	1400.000	4000.000	1.0000
279	Spectrogram 1	1	31674.814968750	31674.827968750	1400.000	4000.000	1.0000
280	Waveform 1	1	31674.876718750	31674.884843750	1400.000	4000.000	1.0000
280	Spectrogram 1	1	31674.876718750	31674.884843750	1400.000	4000.000	1.0000
281	Waveform 1	1	31698.006968750	31698.023218750	1400.000	4000.000	1.0000
281	Spectrogram 1	1	31698.006968750	31698.023218750	1400.000	4000.000	1.0000
282	Waveform 1	1	31698.067093750	31698.080093750	1400.000	4000.000	1.0000
282	Spectrogram 1	1	31698.067093750	31698.080093750	1400.000	4000.000	1.0000
283	Waveform 1	1	32078.824093750	32078.840343750	1400.000	4000.000	1.0000
283	Spectrogram 1	1	32078.824093750	32078.840343750	1400.000	4000.000	1.0000
284	Waveform 1	1	32255.856468750	32255.869468750	1400.000	4000.000	1.0000
284	Spectrogram 1	1	32255.856468750	32255.869468750	1400.000	4000.000	1.0000
285	Waveform 1	1	32270.266968750	32270.281593750	1400.000	4000.000	1.0000
285	Spectrogram 1	1	32270.266968750	32270.281593750	1400.000	4000.000	1.0000
286	Waveform 1	1	32270.330343750	32270.340093750	1400.000	4000.000	1.0000
286	Spectrogram 1	1	32270.330343750	32270.340093750	1400.000	4000.000	1.0000
287	Waveform 1	1	32339.402593750	32339.412343750	1400.000	4000.000	1.0000
287	Spectrogram 1	1	32339.402593750	32339.412343750	1400.000	4000.000	1.0000
288	Waveform 1	1	32956.944843750	32956.967593750	1400.000	4000.000	1.0000
288	Spectrogram 1	1	32956.944843750	32956.967593750	1400.000	4000.000	1.0000
289	Waveform 1	1	32981.496968750	32981.518093750	1400.000	4000.000	1.0000
289	Spectrogram 1	1	32981.496968750	32981.518093750	1400.000	4000.000	1.0000
290	Waveform 1	1	34074.237968750	34074.252593750	1400.000	4000.000	1.0000
290	Spectrogram 1	1	34074.237968750	34074.252593750	1400.000	4000.000	1.0000
291	Waveform 1	1	34171.170843750	34171.196843750	1400.000	4000.000	1.0000
291	Spectrogram 1	1	34171.170843750	34171.196843750	1400.000	4000.000	1.0000
292	Waveform 1	1	34513.889843750	34513.910968750	1400.000	4000.000	1.0000
292	Spectrogram 1	1	34513.889843750	34513.910968750	1400.000	4000.000	1.0000
293	Waveform 1	1	34513.946718750	34513.961343750	1400.000	4000.000	1.0000
293	Spectrogram 1	1	34513.946718750	34513.961343750	1400.000	4000.000	1.0000
294	Waveform 1	1	35480.794093750	35480.818468750	1400.000	4000.000	1.0000
294	Spectrogram 1	1	35480.794093750	35480.818468750	1400.000	4000.000	1.0000
295	Waveform 1	1	35480.854218750	35480.872093750	1400.000	4000.000	1.0000
295	Spectrogram 1	1	35480.854218750	35480.872093750	1400.000	4000.000	1.0000
296	Waveform 1	1	36880.879468750	36880.889218750	1400.000	4000.000	1.0000
296	Spectrogram 1	1	36880.879468750	36880.889218750	1400.000	4000.000	1.0000
297	Waveform 1	1	37250.329718750	37250.342718750	1400.000	4000.000	1.0000
297	Spectrogram 1	1	37250.329718750	37250.342718750	1400.000	4000.000	1.0000
298	Waveform 1	1	37895.314968750	37895.331218750	1400.000	4000.000	1.0000
298	Spectrogram 1	1	37895.314968750	37895.331218750	1400.000	4000.000	1.0000
299	Waveform 1	1	37898.267593750	37898.283843750	1400.000	4000.000	1.0000
299	Spectrogram 1	1	37898.267593750	37898.283843750	1400.000	4000.000	1.0000
300	Waveform 1	1	37993.869593750	37993.879343750	1400.000	4000.000	1.0000
300	Spectrogram 1	1	37993.869593750	37993.879343750	1400.000	4000.000	1.0000
301	Waveform 1	1	38065.226593750	38065.244468750	1400.000	4000.000	1.0000
301	Spectrogram 1	1	38065.226593750	38065.244468750	1400.000	4000.000	1.0000
302	Waveform 1	1	38182.800218750	38182.811593750	1400.000	4000.000	1.0000
302	Spectrogram 1	1	38182.800218750	38182.811593750	1400.000	4000.000	1.0000
303	Waveform 1	1	38301.304968750	38301.313093750	1400.000	4000.000	1.0000
303	Spectrogram 1	1	38301.304968750	38301.313093750	1400.000	4000.000	1.0000
304	Waveform 1	1	38305.214718750	38305.224468750	1400.000	4000.000	1.0000
304	Spectrogram 1	1	38305.214718750	38305.224468750	1400.000	4000.000	1.0000
305	Waveform 1	1	38309.494968750	38309.507968750	1400.000	4000.000	1.0000
305	Spectrogram 1	1	38309.494968750	38309.507968750	1400.000	4000.000	1.0000
306	Waveform 1	1	38410.371718750	38410.386343750	1400.000	4000.000	1.0000
306	Spectrogram 1	1	38410.371718750	38410.386343750	1400.000	4000.000	1.0000
307	Waveform 1	1	38410.872218750	38410.898218750	1400.000	4000.000	1.0000
307	Spectrogram 1	1	38410.872218750	38410.898218750	1400.000	4000.000	1.0000
308	Waveform 1	1	39224.566593750	39224.576343750	1400.000	4000.000	1.0000
308	Spectrogram 1	1	39224.566593750	39224.576343750	1400.000	4000.000	1.0000
309	Waveform 1	1	39358.034343750	39358.047343750	1400.000	4000.000	1.0000
309	Spectrogram 1	1	39358.034343750	39358.047343750	1400.000	4000.000	1.0000
310	Waveform 1	1	40402.542093750	40402.558343750	1400.000	4000.000	1.0000
310	Spectrogram 1	1	40402.542093750	40402.558343750	1400.000	4000.000	1.0000
311	Waveform 1	1	40402.798843750	40402.826468750	1400.000	4000.000	1.0000
311	Spectrogram 1	1	40402.798843750	40402.826468750	1400.000	4000.000	1.0000
312	Waveform 1	1	41731.008843750	41731.025093750	1400.000	4000.000	1.0000
312	Spectrogram 1	1	41731.008843750	41731.025093750	1400.000	4000.000	1.0000
313	Waveform 1	1	43080.958093750	43080.972718750	1400.000	4000.000	1.0000
313	Spectrogram 1	1	43080.958093750	43080.972718750	1400.000	4000.000	1.0000
314	Waveform 1	1	45260.809468750	45260.830593750	1400.000	4000.000	1.0000
314	Spectrogram 1	1	45260.809468750	45260.830593750	1400.000	4000.000	1.0000
315	Waveform 1	1	45260.871218750	45260.884218750	1400.000	4000.000	1.0000
315	Spectrogram 1	1	45260.871218750	45260.884218750	1400.000	4000.000	1.0000
316	Waveform 1	1	45484.458218750	45484.482593750	1400.000	4000.000	1.0000
316	Spectrogram 1	1	45484.458218750	45484.482593750	1400.000	4000.000	1.0000
317	Waveform 1	1	47295.861968750	47295.870093750	1400.000	4000.000	1.0000
317	Spectrogram 1	1	47295.861968750	47295.870093750	1400.000	4000.000	1.0000
318	Waveform 1	1	47475.502468750	47475.510593750	1400.000	4000.000	1.0000
318	Spectrogram 1	1	47475.502468750	47475.510593750	1400.000	4000.000	1.0000
319	Waveform 1	1	47905.344218750	47905.353968750	1400.000	4000.000	1.0000
319	Spectrogram 1	1	47905.344218750	47905.353968750	1400.000	4000.000	1.0000
320	Waveform 1	1	47931.180093750	47931.189843750	1400.000	4000.000	1.0000
320	Spectrogram 1	1	47931.180093750	47931.189843750	1400.000	4000.000	1.0000
321	Waveform 1	1	48293.636343750	48293.647718750	1400.000	4000.000	1.0000
321	Spectrogram 1	1	48293.636343750	48293.647718750	1400.000	4000.000	1.0000
322	Waveform 1	1	49153.587968750	49153.599343750	1400.000	4000.000	1.0000
322	Spectrogram 1	1	49153.587968750	49153.599343750	1400.000	4000.000	1.0000
323	Waveform 1	1	49169.449593750	49169.462593750	1400.000	4000.000	1.0000
323	Spectrogram 1	1	49169.449593750	49169.462593750	1400.000	4000.000	1.0000
324	Waveform 1	1	49169.717718750	49169.730718750	1400.000	4000.000	1.0000
324	Spectrogram 1	1	49169.717718750	49169.730718750	1400.000	4000.000	1.0000
325	Waveform 1	1	49177.998718750	49178.011718750	1400.000	4000.000	1.0000
325	Spectrogram 1	1	49177.998718750	49178.011718750	1400.000	4000.000	1.0000
326	Waveform 1	1	49556.750468750	49556.761843750	1400.000	4000.000	1.0000
326	Spectrogram 1	1	49556.750468750	49556.761843750	1400.000	4000.000	1.0000
327	Waveform 1	1	50153.174218750	50153.182343750	1400.000	4000.000	1.0000
327	Spectrogram 1	1	50153.174218750	50153.182343750	1400.000	4000.000	1.0000
328	Waveform 1	1	50313.889968750	50313.907843750	1400.000	4000.000	1.0000
328	Spectrogram 1	1	50313.889968750	50313.907843750	1400.000	4000.000	1.0000
329	Waveform 1	1	50314.084968750	50314.101218750	1400.000	4000.000	1.0000
329	Spectrogram 1	1	50314.084968750	50314.101218750	1400.000	4000.000	1.0000
330	Waveform 1	1	50978.131468750	50978.142843750	1400.000	4000.000	1.0000
330	Spectrogram 1	1	50978.131468750	50978.142843750	1400.000	4000.000	1.0000
331	Waveform 1	1	51657.199468750	51657.214093750	1400.000	4000.000	1.0000
331	Spectrogram 1	1	51657.199468750	51657.214093750	1400.000	4000.000	1.0000
332	Waveform 1	1	51845.133968750	51845.153468750	1400.000	4000.000	1.0000
332	Spectrogram 1	1	51845.133968750	51845.153468750	1400.000	4000.000	1.0000
333	Waveform 1	1	51864.050593750	51864.071718750	1400.000	4000.000	1.0000
333	Spectrogram 1	1	51864.050593750	51864.071718750	1400.000	4000.000	1.0000
334	Waveform 1	1	51864.110718750	51864.133468750	1400.000	4000.000	1.0000
334	Spectrogram 1	1	51864.110718750	51864.133468750	1400.000	4000.000	1.0000
335	Waveform 1	1	52974.118968750	52974.143343750	1400.000	4000.000	1.0000
335	Spectrogram 1	1	52974.118968750	52974.143343750	1400.000	4000.000	1.0000
336	Waveform 1	1	52974.606468750	52974.635718750	1400.000	4000.000	1.0000
336	Spectrogram 1	1	52974.606468750	52974.635718750	1400.000	4000.000	1.0000
337	Waveform 1	1	53212.756718750	53212.766468750	1400.000	4000.000	1.0000
337	Spectrogram 1	1	53212.756718750	53212.766468750	1400.000	4000.000	1.0000
338	Waveform 1	1	54451.373968750	54451.385343750	1400.000	4000.000	1.0000
338	Spectrogram 1	1	54451.373968750	54451.385343750	1400.000	4000.000	1.0000
339	Waveform 1	1	55234.640218750	55234.648343750	1400.000	4000.000	1.0000
339	Spectrogram 1	1	55234.640218750	55234.648343750	1400.000	4000.000	1.0000
340	Waveform 1	1	55234.763718750	55234.781593750	1400.000	4000.000	1.0000
340	Spectrogram 1	1	55234.763718750	55234.781593750	1400.000	4000.000	1.0000
341	Waveform 1	1	57421.544093750	57421.566843750	1400.000	4000.000	1.0000
341	Spectrogram 1	1	57421.544093750	57421.566843750	1400.000	4000.000	1.0000
342	Waveform 1	1	57563.026343750	57563.036093750	1400.000	4000.000	1.0000
342	Spectrogram 1	1	57563.026343750	57563.036093750	1400.000	4000.000	1.0000
343	Waveform 1	1	59562.195593750	59562.224843750	1400.000	4000.000	1.0000
343	Spectrogram 1	1	59562.195593750	59562.224843750	1400.000	4000.000	1.0000
344	Waveform 1	1	59562.671718750	59562.699343750	1400.000	4000.000	1.0000
344	Spectrogram 1	1	59562.671718750	59562.699343750	1400.000	4000.000	1.0000
345	Waveform 1	1	60061.018593750	60061.029968750	1400.000	4000.000	1.0000
345	Spectrogram 1	1	60061.018593750	60061.029968750	1400.000	4000.000	1.0000
346	Waveform 1	1	60061.096593750	60061.109593750	1400.000	4000.000	1.0000
346	Spectrogram 1	1	60061.096593750	60061.109593750	1400.000	4000.000	1.0000
347	Waveform 1	1	60085.442343750	60085.453718750	1400.000	4000.000	1.0000
347	Spectrogram 1	1	60085.442343750	60085.453718750	1400.000	4000.000	1.0000
348	Waveform 1	1	60108.080218750	60108.112718750	1400.000	4000.000	1.0000
348	Spectrogram 1	1	60108.080218750	60108.112718750	1400.000	4000.000	1.0000
349	Waveform 1	1	60109.113718750	60109.128343750	1400.000	4000.000	1.0000
349	Spectrogram 1	1	60109.113718750	60109.128343750	1400.000	4000.000	1.0000
350	Waveform 1	1	60121.065593750	60121.091593750	1400.000	4000.000	1.0000
350	Spectrogram 1	1	60121.065593750	60121.091593750	1400.000	4000.000	1.0000
351	Waveform 1	1	60214.678593750	60214.691593750	1400.000	4000.000	1.0000
351	Spectrogram 1	1	60214.678593750	60214.691593750	1400.000	4000.000	1.0000
352	Waveform 1	1	60219.342343750	60219.355343750	1400.000	4000.000	1.0000
352	Spectrogram 1	1	60219.342343750	60219.355343750	1400.000	4000.000	1.0000
353	Waveform 1	1	60222.330718750	60222.346968750	1400.000	4000.000	1.0000
353	Spectrogram 1	1	60222.330718750	60222.346968750	1400.000	4000.000	1.0000
354	Waveform 1	1	60225.614843750	60225.629468750	1400.000	4000.000	1.0000
354	Spectrogram 1	1	60225.614843750	60225.629468750	1400.000	4000.000	1.0000
355	Waveform 1	1	60240.026968750	60240.041593750	1400.000	4000.000	1.0000
355	Spectrogram 1	1	60240.026968750	60240.041593750	1400.000	4000.000	1.0000
356	Waveform 1	1	60254.840468750	60254.858343750	1400.000	4000.000	1.0000
356	Spectrogram 1	1	60254.840468750	60254.858343750	1400.000	4000.000	1.0000
357	Waveform 1	1	60254.900593750	60254.920093750	1400.000	4000.000	1.0000
357	Spectrogram 1	1	60254.900593750	60254.920093750	1400.000	4000.000	1.0000
358	Waveform 1	1	60259.003718750	60259.024843750	1400.000	4000.000	1.0000
358	Spectrogram 1	1	60259.003718750	60259.024843750	1400.000	4000.000	1.0000
359	Waveform 1	1	60259.063843750	60259.078468750	1400.000	4000.000	1.0000
359	Spectrogram 1	1	60259.063843750	60259.078468750	1400.000	4000.000	1.0000
360	Waveform 1	1	60266.478718750	60266.498218750	1400.000	4000.000	1.0000
360	Spectrogram 1	1	60266.478718750	60266.498218750	1400.000	4000.000	1.0000
361	Waveform 1	1	60266.535593750	60266.551843750	1400.000	4000.000	1.0000
361	Spectrogram 1	1	60266.535593750	60266.551843750	1400.000	4000.000	1.0000
362	Waveform 1	1	60274.982343750	60274.996968750	1400.000	4000.000	1.0000
362	Spectrogram 1	1	60274.982343750	60274.996968750	1400.000	4000.000	1.0000
363	Waveform 1	1	60275.039218750	60275.050593750	1400.000	4000.000	1.0000
363	Spectrogram 1	1	60275.039218750	60275.050593750	1400.000	4000.000	1.0000
364	Waveform 1	1	60302.886843750	60302.901468750	1400.000	4000.000	1.0000
364	Spectrogram 1	1	60302.886843750	60302.901468750	1400.000	4000.000	1.0000
365	Waveform 1	1	60326.993718750	60327.008343750	1400.000	4000.000	1.0000
365	Spectrogram 1	1	60326.993718750	60327.008343750	1400.000	4000.000	1.0000
366	Waveform 1	1	60428.746343750	60428.764218750	1400.000	4000.000	1.0000
366	Spectrogram 1	1	60428.746343750	60428.764218750	1400.000	4000.000	1.0000
367	Waveform 1	1	60441.965718750	60441.983593750	1400.000	4000.000	1.0000
367	Spectrogram 1	1	60441.965718750	60441.983593750	1400.000	4000.000	1.0000
368	Waveform 1	1	60447.207968750	60447.230718750	1400.000	4000.000	1.0000
368	Spectrogram 1	1	60447.207968750	60447.230718750	1400.000	4000.000	1.0000
369	Waveform 1	1	60470.546218750	60470.562468750	1400.000	4000.000	1.0000
369	Spectrogram 1	1	60470.546218750	60470.562468750	1400.000	4000.000	1.0000
370	Waveform 1	1	61588.954093750	61588.963843750	1400.000	4000.000	1.0000
370	Spectrogram 1	1	61588.954093750	61588.963843750	1400.000	4000.000	1.0000
371	Waveform 1	1	61895.846718750	61895.861343750	1400.000	4000.000	1.0000
371	Spectrogram 1	1	61895.846718750	61895.861343750	1400.000	4000.000	1.0000
372	Waveform 1	1	61896.205843750	61896.225343750	1400.000	4000.000	1.0000
372	Spectrogram 1	1	61896.205843750	61896.225343750	1400.000	4000.000	1.0000
373	Waveform 1	1	61931.114093750	61931.130343750	1400.000	4000.000	1.0000
373	Spectrogram 1	1	61931.114093750	61931.130343750	1400.000	4000.000	1.0000
374	Waveform 1	1	61931.466718750	61931.489468750	1400.000	4000.000	1.0000
374	Spectrogram 1	1	61931.466718750	61931.489468750	1400.000	4000.000	1.0000
375	Waveform 1	1	62007.068218750	62007.079593750	1400.000	4000.000	1.0000
375	Spectrogram 1	1	62007.068218750	62007.079593750	1400.000	4000.000	1.0000
376	Waveform 1	1	62829.670843750	62829.683843750	1400.000	4000.000	1.0000
376	Spectrogram 1	1	62829.670843750	62829.683843750	1400.000	4000.000	1.0000
377	Waveform 1	1	65158.757343750	65158.767093750	1400.000	4000.000	1.0000
377	Spectrogram 1	1	65158.757343750	65158.767093750	1400.000	4000.000	1.0000
378	Waveform 1	1	65277.973843750	65277.990093750	1400.000	4000.000	1.0000
378	Spectrogram 1	1	65277.973843750	65277.990093750	1400.000	4000.000	1.0000
379	Waveform 1	1	65345.372343750	65345.385343750	1400.000	4000.000	1.0000
379	Spectrogram 1	1	65345.372343750	65345.385343750	1400.000	4000.000	1.0000
380	Waveform 1	1	65380.696593750	65380.707968750	1400.000	4000.000	1.0000
380	Spectrogram 1	1	65380.696593750	65380.707968750	1400.000	4000.000	1.0000
381	Waveform 1	1	65445.828218750	65445.839593750	1400.000	4000.000	1.0000
381	Spectrogram 1	1	65445.828218750	65445.839593750	1400.000	4000.000	1.0000
382	Waveform 1	1	65925.874343750	65925.892218750	1400.000	4000.000	1.0000
382	Spectrogram 1	1	65925.874343750	65925.892218750	1400.000	4000.000	1.0000
383	Waveform 1	1	65926.205843750	65926.217218750	1400.000	4000.000	1.0000
383	Spectrogram 1	1	65926.205843750	65926.217218750	1400.000	4000.000	1.0000
384	Waveform 1	1	66070.253968750	66070.266968750	1400.000	4000.000	1.0000
384	Spectrogram 1	1	66070.253968750	66070.266968750	1400.000	4000.000	1.0000
385	Waveform 1	1	68261.113093750	68261.135843750	1400.000	4000.000	1.0000
385	Spectrogram 1	1	68261.113093750	68261.135843750	1400.000	4000.000	1.0000
386	Waveform 1	1	68261.441343750	68261.452718750	1400.000	4000.000	1.0000
386	Spectrogram 1	1	68261.441343750	68261.452718750	1400.000	4000.000	1.0000
387	Waveform 1	1	68261.802093750	68261.813468750	1400.000	4000.000	1.0000
387	Spectrogram 1	1	68261.802093750	68261.813468750	1400.000	4000.000	1.0000
388	Waveform 1	1	73242.925968750	73242.940593750	1400.000	4000.000	1.0000
388	Spectrogram 1	1	73242.925968750	73242.940593750	1400.000	4000.000	1.0000
389	Waveform 1	1	73393.399343750	73393.426968750	1400.000	4000.000	1.0000
389	Spectrogram 1	1	73393.399343750	73393.426968750	1400.000	4000.000	1.0000
390	Waveform 1	1	73421.807593750	73421.818968750	1400.000	4000.000	1.0000
390	Spectrogram 1	1	73421.807593750	73421.818968750	1400.000	4000.000	1.0000
391	Waveform 1	1	73421.948968750	73421.971718750	1400.000	4000.000	1.0000
391	Spectrogram 1	1	73421.948968750	73421.971718750	1400.000	4000.000	1.0000
392	Waveform 1	1	75875.398343750	75875.411343750	1400.000	4000.000	1.0000
392	Spectrogram 1	1	75875.398343750	75875.411343750	1400.000	4000.000	1.0000
393	Waveform 1	1	75883.745968750	75883.776843750	1400.000	4000.000	1.0000
393	Spectrogram 1	1	75883.745968750	75883.776843750	1400.000	4000.000	1.0000
394	Waveform 1	1	75898.249093750	75898.265343750	1400.000	4000.000	1.0000
394	Spectrogram 1	1	75898.249093750	75898.265343750	1400.000	4000.000	1.0000
395	Waveform 1	1	75920.680593750	75920.706593750	1400.000	4000.000	1.0000
395	Spectrogram 1	1	75920.680593750	75920.706593750	1400.000	4000.000	1.0000
396	Waveform 1	1	75984.148218750	75984.166093750	1400.000	4000.000	1.0000
396	Spectrogram 1	1	75984.148218750	75984.166093750	1400.000	4000.000	1.0000
397	Waveform 1	1	75998.358843750	75998.375093750	1400.000	4000.000	1.0000
397	Spectrogram 1	1	75998.358843750	75998.375093750	1400.000	4000.000	1.0000
398	Waveform 1	1	81196.750093750	81196.766343750	1400.000	4000.000	1.0000
398	Spectrogram 1	1	81196.750093750	81196.766343750	1400.000	4000.000	1.0000
399	Waveform 1	1	81979.184343750	81979.208718750	1400.000	4000.000	1.0000
399	Spectrogram 1	1	81979.184343750	81979.208718750	1400.000	4000.000	1.0000
400	Waveform 1	1	81979.930218750	81979.948093750	1400.000	4000.000	1.0000
400	Spectrogram 1	1	81979.930218750	81979.948093750	1400.000	4000.000	1.0000
401	Waveform 1	1	82012.339218750	82012.358718750	1400.000	4000.000	1.0000
401	Spectrogram 1	1	82012.339218750	82012.358718750	1400.000	4000.000	1.0000
402	Waveform 1	1	83745.819343750	83745.830718750	1400.000	4000.000	1.0000
402	Spectrogram 1	1	83745.819343750	83745.830718750	1400.000	4000.000	1.0000
403	Waveform 1	1	83976.047718750	83976.055843750	1400.000	4000.000	1.0000
403	Spectrogram 1	1	83976.047718750	83976.055843750	1400.000	4000.000	1.0000
404	Waveform 1	1	84078.760718750	84078.772093750	1400.000	4000.000	1.0000
404	Spectrogram 1	1	84078.760718750	84078.772093750	1400.000	4000.000	1.0000
405	Waveform 1	1	84259.883218750	84259.902718750	1400.000	4000.000	1.0000
405	Spectrogram 1	1	84259.883218750	84259.902718750	1400.000	4000.000	1.0000
406	Waveform 1	1	84267.197343750	84267.211968750	1400.000	4000.000	1.0000
406	Spectrogram 1	1	84267.197343750	84267.211968750	1400.000	4000.000	1.0000
407	Waveform 1	1	84275.284968750	84275.304468750	1400.000	4000.000	1.0000
407	Spectrogram 1	1	84275.284968750	84275.304468750	1400.000	4000.000	1.0000
408	Waveform 1	1	84275.362968750	84275.371093750	1400.000	4000.000	1.0000
408	Spectrogram 1	1	84275.362968750	84275.371093750	1400.000	4000.000	1.0000
409	Waveform 1	1	84290.465718750	84290.485218750	1400.000	4000.000	1.0000
409	Spectrogram 1	1	84290.465718750	84290.485218750	1400.000	4000.000	1.0000
410	Waveform 1	1	84290.568093750	84290.589218750	1400.000	4000.000	1.0000
410	Spectrogram 1	1	84290.568093750	84290.589218750	1400.000	4000.000	1.0000
411	Waveform 1	1	84290.624968750	84290.644468750	1400.000	4000.000	1.0000
411	Spectrogram 1	1	84290.624968750	84290.644468750	1400.000	4000.000	1.0000
412	Waveform 1	1	84298.320968750	84298.333968750	1400.000	4000.000	1.0000
412	Spectrogram 1	1	84298.320968750	84298.333968750	1400.000	4000.000	1.0000
413	Waveform 1	1	84298.408718750	84298.416843750	1400.000	4000.000	1.0000
413	Spectrogram 1	1	84298.408718750	84298.416843750	1400.000	4000.000	1.0000
414	Waveform 1	1	84305.202843750	84305.212593750	1400.000	4000.000	1.0000
414	Spectrogram 1	1	84305.202843750	84305.212593750	1400.000	4000.000	1.0000
415	Waveform 1	1	84305.379968750	84305.396218750	1400.000	4000.000	1.0000
415	Spectrogram 1	1	84305.379968750	84305.396218750	1400.000	4000.000	1.0000
416	Waveform 1	1	84306.021843750	84306.036468750	1400.000	4000.000	1.0000
416	Spectrogram 1	1	84306.021843750	84306.036468750	1400.000	4000.000	1.0000
417	Waveform 1	1	85016.187468750	85016.195593750	1400.000	4000.000	1.0000
417	Spectrogram 1	1	85016.187468750	85016.195593750	1400.000	4000.000	1.0000
418	Waveform 1	1	85147.989593750	85148.012343750	1400.000	4000.000	1.0000
418	Spectrogram 1	1	85147.989593750	85148.012343750	1400.000	4000.000	1.0000
419	Waveform 1	1	85443.708718750	85443.736343750	1400.000	4000.000	1.0000
419	Spectrogram 1	1	85443.708718750	85443.736343750	1400.000	4000.000	1.0000
420	Waveform 1	1	85453.829218750	85453.861718750	1400.000	4000.000	1.0000
420	Spectrogram 1	1	85453.829218750	85453.861718750	1400.000	4000.000	1.0000
421	Waveform 1	1	85460.571343750	85460.594093750	1400.000	4000.000	1.0000
421	Spectrogram 1	1	85460.571343750	85460.594093750	1400.000	4000.000	1.0000
422	Waveform 1	1	85482.967093750	85482.984968750	1400.000	4000.000	1.0000
422	Spectrogram 1	1	85482.967093750	85482.984968750	1400.000	4000.000	1.0000
423	Waveform 1	1	85494.637843750	85494.645968750	1400.000	4000.000	1.0000
423	Spectrogram 1	1	85494.637843750	85494.645968750	1400.000	4000.000	1.0000
424	Waveform 1	1	85496.725968750	85496.748718750	1400.000	4000.000	1.0000
424	Spectrogram 1	1	85496.725968750	85496.748718750	1400.000	4000.000	1.0000
425	Waveform 1	1	85500.816093750	85500.825843750	1400.000	4000.000	1.0000
425	Spectrogram 1	1	85500.816093750	85500.825843750	1400.000	4000.000	1.0000
426	Waveform 1	1	85501.493718750	85501.518093750	1400.000	4000.000	1.0000
426	Spectrogram 1	1	85501.493718750	85501.518093750	1400.000	4000.000	1.0000
427	Waveform 1	1	85501.597718750	85501.622093750	1400.000	4000.000	1.0000
427	Spectrogram 1	1	85501.597718750	85501.622093750	1400.000	4000.000	1.0000
428	Waveform 1	1	85543.275718750	85543.287093750	1400.000	4000.000	1.0000
428	Spectrogram 1	1	85543.275718750	85543.287093750	1400.000	4000.000	1.0000
429	Waveform 1	1	85546.400593750	85546.431468750	1400.000	4000.000	1.0000
429	Spectrogram 1	1	85546.400593750	85546.431468750	1400.000	4000.000	1.0000
430	Waveform 1	1	85554.484968750	85554.497968750	1400.000	4000.000	1.0000
430	Spectrogram 1	1	85554.484968750	85554.497968750	1400.000	4000.000	1.0000
431	Waveform 1	1	85554.637718750	85554.665343750	1400.000	4000.000	0.7059
431	Spectrogram 1	1	85554.637718750	85554.665343750	1400.000	4000.000	0.7059
432	Waveform 1	1	85554.697843750	85554.720593750	1400.000	4000.000	1.0000
432	Spectrogram 1	1	85554.697843750	85554.720593750	1400.000	4000.000	1.0000
433	Waveform 1	1	85569.330968750	85569.350468750	1400.000	4000.000	1.0000
433	Spectrogram 1	1	85569.330968750	85569.350468750	1400.000	4000.000	1.0000
434	Waveform 1	1	85569.805468750	85569.821718750	1400.000	4000.000	1.0000
434	Spectrogram 1	1	85569.805468750	85569.821718750	1400.000	4000.000	1.0000
435	Waveform 1	1	85576.989593750	85577.004218750	1400.000	4000.000	1.0000
435	Spectrogram 1	1	85576.989593750	85577.004218750	1400.000	4000.000	1.0000
436	Waveform 1	1	85577.467343750	85577.485218750	1400.000	4000.000	1.0000
436	Spectrogram 1	1	85577.467343750	85577.485218750	1400.000	4000.000	1.0000
437	Waveform 1	1	85582.670593750	85582.681968750	1400.000	4000.000	1.0000
437	Spectrogram 1	1	85582.670593750	85582.681968750	1400.000	4000.000	1.0000
438	Waveform 1	1	85611.914093750	85611.925468750	1400.000	4000.000	1.0000
438	Spectrogram 1	1	85611.914093750	85611.925468750	1400.000	4000.000	1.0000
439	Waveform 1	1	85619.327343750	85619.354968750	1400.000	4000.000	1.0000
439	Spectrogram 1	1	85619.327343750	85619.354968750	1400.000	4000.000	1.0000
440	Waveform 1	1	85619.988718750	85620.000093750	1400.000	4000.000	1.0000
440	Spectrogram 1	1	85619.988718750	85620.000093750	1400.000	4000.000	1.0000
441	Waveform 1	1	85620.035843750	85620.058593750	1400.000	4000.000	0.7143
441	Spectrogram 1	1	85620.035843750	85620.058593750	1400.000	4000.000	0.7143
442	Waveform 1	1	85626.638218750	85626.669093750	1400.000	4000.000	1.0000
442	Spectrogram 1	1	85626.638218750	85626.669093750	1400.000	4000.000	1.0000
443	Waveform 1	1	85651.227718750	85651.242343750	1400.000	4000.000	1.0000
443	Spectrogram 1	1	85651.227718750	85651.242343750	1400.000	4000.000	1.0000
444	Waveform 1	1	85651.289468750	85651.297593750	1400.000	4000.000	1.0000
444	Spectrogram 1	1	85651.289468750	85651.297593750	1400.000	4000.000	1.0000
445	Waveform 1	1	85673.574718750	85673.582843750	1400.000	4000.000	1.0000
445	Spectrogram 1	1	85673.574718750	85673.582843750	1400.000	4000.000	1.0000
446	Waveform 1	1	85682.021468750	85682.047468750	1400.000	4000.000	1.0000
446	Spectrogram 1	1	85682.021468750	85682.047468750	1400.000	4000.000	1.0000
447	Waveform 1	1	85688.068093750	85688.079468750	1400.000	4000.000	1.0000
447	Spectrogram 1	1	85688.068093750	85688.079468750	1400.000	4000.000	1.0000
