Selection	View	Channel	Begin Time (s)	End Time (s)	Low Freq (Hz)	High Freq (Hz)	Occupancy
1	Waveform 1	1	5385.623468750	5385.636468750	1400.000	4000.000	1.0000
1	Spectrogram 1	1	5385.623468750	5385.636468750	1400.000	4000.000	1.0000
2	Waveform 1	1	5420.057218750	5420.073468750	1400.000	4000.000	1.0000
2	Spectrogram 1	1	5420.057218750	5420.073468750	1400.000	4000.000	1.0000
3	Waveform 1	1	5420.525218750	5420.534968750	1400.000	4000.000	1.0000
3	Spectrogram 1	1	5420.525218750	5420.534968750	1400.000	4000.000	1.0000
4	Waveform 1	1	15443.928218750	15443.942843750	1400.000	4000.000	1.0000
4	Spectrogram 1	1	15443.928218750	15443.942843750	1400.000	4000.000	1.0000
5	Waveform 1	1	15463.140593750	15463.150343750	1400.000	4000.000	1.0000
5	Spectrogram 1	1	15463.140593750	15463.150343750	1400.000	4000.000	1.0000
6	Waveform 1	1	15463.394093750	15463.420093750	1400.000	4000.000	1.0000
6	Spectrogram 1	1	15463.394093750	15463.420093750	1400.000	4000.000	1.0000
7	Waveform 1	1	15468.436468750	15468.467343750	1400.000	4000.000	1.0000
7	Spectrogram 1	1	15468.436468750	15468.467343750	1400.000	4000.000	1.0000
8	Waveform 1	1	15472.679343750	15472.708593750	1400.000	4000.000	1.0000
8	Spectrogram 1	1	15472.679343750	15472.708593750	1400.000	4000.000	1.0000
9	Waveform 1	1	15488.516593750	15488.539343750	1400.000	4000.000	1.0000
9	Spectrogram 1	1	15488.516593750	15488.539343750	1400.000	4000.000	1.0000
10	Waveform 1	1	15503.385343750	15503.409718750	1400.000	4000.000	1.0000
10	Spectrogram 1	1	15503.385343750	15503.409718750	1400.000	4000.000	1.0000
11	Waveform 1	1	15505.104593750	15505.128968750	1400.000	4000.000	1.0000
11	Spectrogram 1	1	15505.104593750	15505.128968750	1400.000	4000.000	1.0000
12	Waveform 1	1	15518.405218750	15518.436093750	1400.000	4000.000	0.8421
12	Spectrogram 1	1	15518.405218750	15518.436093750	1400.000	4000.000	0.8421
13	Waveform 1	1	15518.554718750	15518.564468750	1400.000	4000.000	1.0000
13	Spectrogram 1	1	15518.554718750	15518.564468750	1400.000	4000.000	1.0000
14	Waveform 1	1	15520.556718750	15520.569718750	1400.000	4000.000	1.0000
14	Spectrogram 1	1	15520.556718750	15520.569718750	1400.000	4000.000	1.0000
15	Waveform 1	1	15525.625093750	15525.633218750	1400.000	4000.000	1.0000
15	Spectrogram 1	1	15525.625093750	15525.633218750	1400.000	4000.000	1.0000
16	Waveform 1	1	15534.892468750	15534.905468750	1400.000	4000.000	1.0000
16	Spectrogram 1	1	15534.892468750	15534.905468750	1400.000	4000.000	1.0000
17	Waveform 1	1	15534.981843750	15534.993218750	1400.000	4000.000	1.0000
17	Spectrogram 1	1	15534.981843750	15534.993218750	1400.000	4000.000	1.0000
18	Waveform 1	1	15538.826593750	15538.837968750	1400.000	4000.000	1.0000
18	Spectrogram 1	1	15538.826593750	15538.837968750	1400.000	4000.000	1.0000
19	Waveform 1	1	15538.888343750	15538.906218750	1400.000	4000.000	1.0000
19	Spectrogram 1	1	15538.888343750	15538.906218750	1400.000	4000.000	1.0000
20	Waveform 1	1	15548.969843750	15548.981218750	1400.000	4000.000	1.0000
20	Spectrogram 1	1	15548.969843750	15548.981218750	1400.000	4000.000	1.0000
21	Waveform 1	1	15575.753093750	15575.769343750	1400.000	4000.000	1.0000
21	Spectrogram 1	1	15575.753093750	15575.769343750	1400.000	4000.000	1.0000
22	Waveform 1	1	20046.833343750	20046.844718750	1400.000	4000.000	1.0000
22	Spectrogram 1	1	20046.833343750	20046.844718750	1400.000	4000.000	1.0000
23	Waveform 1	1	20055.145218750	20055.169593750	1400.000	4000.000	1.0000
23	Spectrogram 1	1	20055.145218750	20055.169593750	1400.000	4000.000	1.0000
24	Waveform 1	1	20066.684343750	20066.697343750	1400.000	4000.000	1.0000
24	Spectrogram 1	1	20066.684343750	20066.697343750	1400.000	4000.000	1.0000
25	Waveform 1	1	20080.233593750	20080.251468750	1400.000	4000.000	1.0000
25	Spectrogram 1	1	20080.233593750	20080.251468750	1400.000	4000.000	1.0000
26	Waveform 1	1	20091.686593750	20091.707718750	1400.000	4000.000	1.0000
26	Spectrogram 1	1	20091.686593750	20091.707718750	1400.000	4000.000	1.0000
27	Waveform 1	1	20132.959968750	20132.969718750	1400.000	4000.000	1.0000
27	Spectrogram 1	1	20132.959968750	20132.969718750	1400.000	4000.000	1.0000
28	Waveform 1	1	21561.386968750	21561.399968750	1400.000	4000.000	1.0000
28	Spectrogram 1	1	21561.386968750	21561.399968750	1400.000	4000.000	1.0000
29	Waveform 1	1	21576.585593750	21576.595343750	1400.000	4000.000	1.0000
29	Spectrogram 1	1	21576.585593750	21576.595343750	1400.000	4000.000	1.0000
30	Waveform 1	1	21584.900718750	21584.908843750	1400.000	4000.000	1.0000
30	Spectrogram 1	1	21584.900718750	21584.908843750	1400.000	4000.000	1.0000
31	Waveform 1	1	21591.161843750	21591.169968750	1400.000	4000.000	1.0000
31	Spectrogram 1	1	21591.161843750	21591.169968750	1400.000	4000.000	1.0000
32	Waveform 1	1	21618.471593750	21618.479718750	1400.000	4000.000	1.0000
32	Spectrogram 1	1	21618.471593750	21618.479718750	1400.000	4000.000	1.0000
33	Waveform 1	1	21623.476593750	21623.507468750	1400.000	4000.000	1.0000
33	Spectrogram 1	1	21623.476593750	21623.507468750	1400.000	4000.000	1.0000
34	Waveform 1	1	21681.905093750	21681.918093750	1400.000	4000.000	1.0000
34	Spectrogram 1	1	21681.905093750	21681.918093750	1400.000	4000.000	1.0000
35	Waveform 1	1	21707.924593750	21707.945718750	1400.000	4000.000	1.0000
35	Spectrogram 1	1	21707.924593750	21707.945718750	1400.000	4000.000	1.0000
36	Waveform 1	1	21708.026968750	21708.038343750	1400.000	4000.000	1.0000
36	Spectrogram 1	1	21708.026968750	21708.038343750	1400.000	4000.000	1.0000
37	Waveform 1	1	21728.219218750	21728.233843750	1400.000	4000.000	1.0000
37	Spectrogram 1	1	21728.219218750	21728.233843750	1400.000	4000.000	1.0000
38	Waveform 1	1	21736.144343750	21736.152468750	1400.000	4000.000	1.0000
38	Spectrogram 1	1	21736.144343750	21736.152468750	1400.000	4000.000	1.0000
39	Waveform 1	1	21898.970968750	21898.983968750	1400.000	4000.000	1.0000
39	Spectrogram 1	1	21898.970968750	21898.983968750	1400.000	4000.000	1.0000
40	Waveform 1	1	21946.316968750	21946.346218750	1400.000	4000.000	1.0000
40	Spectrogram 1	1	21946.316968750	21946.346218750	1400.000	4000.000	1.0000
41	Waveform 1	1	21948.617968750	21948.626093750	1400.000	4000.000	1.0000
41	Spectrogram 1	1	21948.617968750	21948.626093750	1400.000	4000.000	1.0000
42	Waveform 1	1	22411.024718750	22411.037718750	1400.000	4000.000	1.0000
42	Spectrogram 1	1	22411.024718750	22411.037718750	1400.000	4000.000	1.0000
43	Waveform 1	1	23226.539093750	23226.547218750	1400.000	4000.000	1.0000
43	Spectrogram 1	1	23226.539093750	23226.547218750	1400.000	4000.000	1.0000
44	Waveform 1	1	24642.549468750	24642.568968750	1400.000	4000.000	1.0000
44	Spectrogram 1	1	24642.549468750	24642.568968750	1400.000	4000.000	1.0000
45	Waveform 1	1	27891.145468750	27891.171468750	1400.000	4000.000	1.0000
45	Spectrogram 1	1	27891.145468750	27891.171468750	1400.000	4000.000	1.0000
46	Waveform 1	1	33659.065093750	33659.076468750	1400.000	4000.000	1.0000
46	Spectrogram 1	1	33659.065093750	33659.076468750	1400.000	4000.000	1.0000
47	Waveform 1	1	33659.807718750	33659.827218750	1400.000	4000.000	1.0000
47	Spectrogram 1	1	33659.807718750	33659.827218750	1400.000	4000.000	1.0000
48	Waveform 1	1	37376.839218750	37376.858718750	1400.000	4000.000	1.0000
48	Spectrogram 1	1	37376.839218750	37376.858718750	1400.000	4000.000	1.0000
49	Waveform 1	1	38831.846343750	38831.867468750	1400.000	4000.000	1.0000
49	Spectrogram 1	1	38831.846343750	38831.867468750	1400.000	4000.000	1.0000
50	Waveform 1	1	38834.766468750	38834.781093750	1400.000	4000.000	1.0000
50	Spectrogram 1	1	38834.766468750	38834.781093750	1400.000	4000.000	1.0000
51	Waveform 1	1	38834.922468750	38834.940343750	1400.000	4000.000	1.0000
51	Spectrogram 1	1	38834.922468750	38834.940343750	1400.000	4000.000	1.0000
52	Waveform 1	1	38835.552968750	38835.570843750	1400.000	4000.000	1.0000
52	Spectrogram 1	1	38835.552968750	38835.570843750	1400.000	4000.000	1.0000
53	Waveform 1	1	38843.338343750	38843.352968750	1400.000	4000.000	1.0000
53	Spectrogram 1	1	38843.338343750	38843.352968750	1400.000	4000.000	1.0000
54	Waveform 1	1	38900.198718750	38900.211718750	1400.000	4000.000	1.0000
54	Spectrogram 1	1	38900.198718750	38900.211718750	1400.000	4000.000	1.0000
55	Waveform 1	1	39002.325093750	39002.351093750	1400.000	4000.000	1.0000
55	Spectrogram 1	1	39002.325093750	39002.351093750	1400.000	4000.000	1.0000
56	Waveform 1	1	39356.056718750	39356.072968750	1400.000	4000.000	1.0000
56	Spectrogram 1	1	39356.056718750	39356.072968750	1400.000	4000.000	1.0000
57	Waveform 1	1	39356.121718750	39356.129843750	1400.000	4000.000	1.0000
57	Spectrogram 1	1	39356.121718750	39356.129843750	1400.000	4000.000	1.0000
58	Waveform 1	1	39507.482343750	39507.508343750	1400.000	4000.000	1.0000
58	Spectrogram 1	1	39507.482343750	39507.508343750	1400.000	4000.000	1.0000
59	Waveform 1	1	39507.544093750	39507.555468750	1400.000	4000.000	1.0000
59	Spectrogram 1	1	39507.544093750	39507.555468750	1400.000	4000.000	1.0000
60	Waveform 1	1	39693.769093750	39693.782093750	1400.000	4000.000	1.0000
60	Spectrogram 1	1	39693.769093750	39693.782093750	1400.000	4000.000	1.0000
61	Waveform 1	1	39814.381468750	39814.389593750	1400.000	4000.000	1.0000
61	Spectrogram 1	1	39814.381468750	39814.389593750	1400.000	4000.000	1.0000
62	Waveform 1	1	40171.067343750	40171.083593750	1400.000	4000.000	1.0000
62	Spectrogram 1	1	40171.067343750	40171.083593750	1400.000	4000.000	1.0000
63	Waveform 1	1	40171.389093750	40171.398843750	1400.000	4000.000	1.0000
63	Spectrogram 1	1	40171.389093750	40171.398843750	1400.000	4000.000	1.0000
64	Waveform 1	1	40175.703468750	40175.716468750	1400.000	4000.000	1.0000
64	Spectrogram 1	1	40175.703468750	40175.716468750	1400.000	4000.000	1.0000
65	Waveform 1	1	40339.782968750	40339.795968750	1400.000	4000.000	1.0000
65	Spectrogram 1	1	40339.782968750	40339.795968750	1400.000	4000.000	1.0000
66	Waveform 1	1	40413.574218750	40413.606718750	1400.000	4000.000	1.0000
66	Spectrogram 1	1	40413.574218750	40413.606718750	1400.000	4000.000	1.0000
67	Waveform 1	1	40547.238593750	40547.246718750	1400.000	4000.000	1.0000
67	Spectrogram 1	1	40547.238593750	40547.246718750	1400.000	4000.000	1.0000
68	Waveform 1	1	41552.115843750	41552.148343750	1400.000	4000.000	1.0000
68	Spectrogram 1	1	41552.115843750	41552.148343750	1400.000	4000.000	1.0000
69	Waveform 1	1	41554.907593750	41554.917343750	1400.000	4000.000	1.0000
69	Spectrogram 1	1	41554.907593750	41554.917343750	1400.000	4000.000	1.0000
70	Waveform 1	1	41601.311093750	41601.324093750	1400.000	4000.000	1.0000
70	Spectrogram 1	1	41601.311093750	41601.324093750	1400.000	4000.000	1.0000
71	Waveform 1	1	41603.070968750	41603.088843750	1400.000	4000.000	1.0000
71	Spectrogram 1	1	41603.070968750	41603.088843750	1400.000	4000.000	1.0000
72	Waveform 1	1	41699.474093750	41699.488718750	1400.000	4000.000	1.0000
72	Spectrogram 1	1	41699.474093750	41699.488718750	1400.000	4000.000	1.0000
73	Waveform 1	1	41699.589468750	41699.597593750	1400.000	4000.000	1.0000
73	Spectrogram 1	1	41699.589468750	41699.597593750	1400.000	4000.000	1.0000
74	Waveform 1	1	41702.428343750	41702.436468750	1400.000	4000.000	1.0000
74	Spectrogram 1	1	41702.428343750	41702.436468750	1400.000	4000.000	1.0000
75	Waveform 1	1	42300.126093750	42300.147218750	1400.000	4000.000	1.0000
75	Spectrogram 1	1	42300.126093750	42300.147218750	1400.000	4000.000	1.0000
76	Waveform 1	1	42766.127343750	42766.135468750	1400.000	4000.000	1.0000
76	Spectrogram 1	1	42766.127343750	42766.135468750	1400.000	4000.000	1.0000
77	Waveform 1	1	43074.864343750	43074.878968750	1400.000	4000.000	1.0000
77	Spectrogram 1	1	43074.864343750	43074.878968750	1400.000	4000.000	1.0000
78	Waveform 1	1	43104.163093750	43104.180968750	1400.000	4000.000	1.0000
78	Spectrogram 1	1	43104.163093750	43104.180968750	1400.000	4000.000	1.0000
79	Waveform 1	1	43116.435093750	43116.444843750	1400.000	4000.000	1.0000
79	Spectrogram 1	1	43116.435093750	43116.444843750	1400.000	4000.000	1.0000
80	Waveform 1	1	43410.184718750	43410.200968750	1400.000	4000.000	1.0000
80	Spectrogram 1	1	43410.184718750	43410.200968750	1400.000	4000.000	1.0000
81	Waveform 1	1	43477.722968750	43477.755468750	1400.000	4000.000	1.0000
81	Spectrogram 1	1	43477.722968750	43477.755468750	1400.000	4000.000	1.0000
82	Waveform 1	1	43485.622093750	43485.644843750	1400.000	4000.000	1.0000
82	Spectrogram 1	1	43485.622093750	43485.644843750	1400.000	4000.000	1.0000
83	Waveform 1	1	43485.995843750	43486.005593750	1400.000	4000.000	1.0000
83	Spectrogram 1	1	43485.995843750	43486.005593750	1400.000	4000.000	1.0000
84	Waveform 1	1	43513.308843750	43513.329968750	1400.000	4000.000	1.0000
84	Spectrogram 1	1	43513.308843750	43513.329968750	1400.000	4000.000	1.0000
85	Waveform 1	1	43515.174343750	43515.184093750	1400.000	4000.000	1.0000
85	Spectrogram 1	1	43515.174343750	43515.184093750	1400.000	4000.000	1.0000
86	Waveform 1	1	43525.029968750	43525.052718750	1400.000	4000.000	1.0000
86	Spectrogram 1	1	43525.029968750	43525.052718750	1400.000	4000.000	1.0000
87	Waveform 1	1	43525.359843750	43525.374468750	1400.000	4000.000	1.0000
87	Spectrogram 1	1	43525.359843750	43525.374468750	1400.000	4000.000	1.0000
88	Waveform 1	1	43535.636343750	43535.650968750	1400.000	4000.000	1.0000
88	Spectrogram 1	1	43535.636343750	43535.650968750	1400.000	4000.000	1.0000
89	Waveform 1	1	43535.881718750	43535.909343750	1400.000	4000.000	1.0000
89	Spectrogram 1	1	43535.881718750	43535.909343750	1400.000	4000.000	1.0000
90	Waveform 1	1	43546.296343750	43546.309343750	1400.000	4000.000	1.0000
90	Spectrogram 1	1	43546.296343750	43546.309343750	1400.000	4000.000	1.0000
91	Waveform 1	1	43560.838468750	43560.848218750	1400.000	4000.000	1.0000
91	Spectrogram 1	1	43560.838468750	43560.848218750	1400.000	4000.000	1.0000
92	Waveform 1	1	43639.938593750	43639.956468750	1400.000	4000.000	1.0000
92	Spectrogram 1	1	43639.938593750	43639.956468750	1400.000	4000.000	1.0000
93	Waveform 1	1	43640.018218750	43640.040968750	1400.000	4000.000	1.0000
93	Spectrogram 1	1	43640.018218750	43640.040968750	1400.000	4000.000	1.0000
94	Waveform 1	1	43664.055218750	43664.074718750	1400.000	4000.000	1.0000
94	Spectrogram 1	1	43664.055218750	43664.074718750	1400.000	4000.000	1.0000
95	Waveform 1	1	43668.467093750	43668.484968750	1400.000	4000.000	1.0000
95	Spectrogram 1	1	43668.467093750	43668.484968750	1400.000	4000.000	1.0000
96	Waveform 1	1	43870.103593750	43870.113343750	1400.000	4000.000	1.0000
96	Spectrogram 1	1	43870.103593750	43870.113343750	1400.000	4000.000	1.0000
97	Waveform 1	1	44066.520593750	44066.544968750	1400.000	4000.000	1.0000
97	Spectrogram 1	1	44066.520593750	44066.544968750	1400.000	4000.000	1.0000
98	Waveform 1	1	44964.675968750	44964.700343750	1400.000	4000.000	1.0000
98	Spectrogram 1	1	44964.675968750	44964.700343750	1400.000	4000.000	1.0000
99	Waveform 1	1	45631.475218750	45631.488218750	1400.000	4000.000	1.0000
99	Spectrogram 1	1	45631.475218750	45631.488218750	1400.000	4000.000	1.0000
100	Waveform 1	1	46484.886218750	46484.912218750	1400.000	4000.000	1.0000
100	Spectrogram 1	1	46484.886218750	46484.912218750	1400.000	4000.000	1.0000
101	Waveform 1	1	46485.596343750	46485.627218750	1400.000	4000.000	1.0000
101	Spectrogram 1	1	46485.596343750	46485.627218750	1400.000	4000.000	1.0000
102	Waveform 1	1	47115.404093750	47115.421968750	1400.000	4000.000	1.0000
102	Spectrogram 1	1	47115.404093750	47115.421968750	1400.000	4000.000	1.0000
103	Waveform 1	1	47117.989468750	47117.999218750	1400.000	4000.000	1.0000
103	Spectrogram 1	1	47117.989468750	47117.999218750	1400.000	4000.000	1.0000
104	Waveform 1	1	47120.849468750	47120.867343750	1400.000	4000.000	1.0000
104	Spectrogram 1	1	47120.849468750	47120.867343750	1400.000	4000.000	1.0000
105	Waveform 1	1	47121.624593750	47121.639218750	1400.000	4000.000	1.0000
105	Spectrogram 1	1	47121.624593750	47121.639218750	1400.000	4000.000	1.0000
106	Waveform 1	1	47123.685093750	47123.696468750	1400.000	4000.000	1.0000
106	Spectrogram 1	1	47123.685093750	47123.696468750	1400.000	4000.000	1.0000
107	Waveform 1	1	47127.988093750	47128.014093750	1400.000	4000.000	1.0000
107	Spectrogram 1	1	47127.988093750	47128.014093750	1400.000	4000.000	1.0000
108	Waveform 1	1	47128.771343750	47128.790843750	1400.000	4000.000	1.0000
108	Spectrogram 1	1	47128.771343750	47128.790843750	1400.000	4000.000	1.0000
109	Waveform 1	1	47259.327093750	47259.336843750	1400.000	4000.000	1.0000
109	Spectrogram 1	1	47259.327093750	47259.336843750	1400.000	4000.000	1.0000
110	Waveform 1	1	47335.316968750	47335.325093750	1400.000	4000.000	1.0000
110	Spectrogram 1	1	47335.316968750	47335.325093750	1400.000	4000.000	1.0000
111	Waveform 1	1	47370.891468750	47370.901218750	1400.000	4000.000	1.0000
111	Spectrogram 1	1	47370.891468750	47370.901218750	1400.000	4000.000	1.0000
112	Waveform 1	1	47471.444843750	47471.452968750	1400.000	4000.000	1.0000
112	Spectrogram 1	1	47471.444843750	47471.452968750	1400.000	4000.000	1.0000
113	Waveform 1	1	47530.799593750	47530.807718750	1400.000	4000.000	1.0000
113	Spectrogram 1	1	47530.799593750	47530.807718750	1400.000	4000.000	1.0000
114	Waveform 1	1	47578.421843750	47578.429968750	1400.000	4000.000	1.0000
114	Spectrogram 1	1	47578.421843750	47578.429968750	1400.000	4000.000	1.0000
115	Waveform 1	1	47587.809468750	47587.819218750	1400.000	4000.000	1.0000
115	Spectrogram 1	1	47587.809468750	47587.819218750	1400.000	4000.000	1.0000
116	Waveform 1	1	47604.455968750	47604.465718750	1400.000	4000.000	1.0000
116	Spectrogram 1	1	47604.455968750	47604.465718750	1400.000	4000.000	1.0000
117	Waveform 1	1	47692.898218750	47692.912843750	1400.000	4000.000	0.8889
117	Spectrogram 1	1	47692.898218750	47692.912843750	1400.000	4000.000	0.8889
118	Waveform 1	1	47715.802593750	47715.815593750	1400.000	4000.000	1.0000
118	Spectrogram 1	1	47715.802593750	47715.815593750	1400.000	4000.000	1.0000
119	Waveform 1	1	47791.904593750	47791.915968750	1400.000	4000.000	1.0000
119	Spectrogram 1	1	47791.904593750	47791.915968750	1400.000	4000.000	1.0000
120	Waveform 1	1	47994.582718750	47994.594093750	1400.000	4000.000	1.0000
120	Spectrogram 1	1	47994.582718750	47994.594093750	1400.000	4000.000	1.0000
121	Waveform 1	1	47997.203843750	47997.223343750	1400.000	4000.000	1.0000
121	Spectrogram 1	1	47997.203843750	47997.223343750	1400.000	4000.000	1.0000
122	Waveform 1	1	47997.933468750	47997.944843750	1400.000	4000.000	1.0000
122	Spectrogram 1	1	47997.933468750	47997.944843750	1400.000	4000.000	1.0000
123	Waveform 1	1	47999.066093750	47999.075843750	1400.000	4000.000	1.0000
123	Spectrogram 1	1	47999.066093750	47999.075843750	1400.000	4000.000	1.0000
124	Waveform 1	1	48001.393093750	48001.410968750	1400.000	4000.000	1.0000
124	Spectrogram 1	1	48001.393093750	48001.410968750	1400.000	4000.000	1.0000
125	Waveform 1	1	48003.607968750	48003.622593750	1400.000	4000.000	1.0000
125	Spectrogram 1	1	48003.607968750	48003.622593750	1400.000	4000.000	1.0000
126	Waveform 1	1	48005.845593750	48005.863468750	1400.000	4000.000	1.0000
126	Spectrogram 1	1	48005.845593750	48005.863468750	1400.000	4000.000	1.0000
127	Waveform 1	1	48008.447218750	48008.465093750	1400.000	4000.000	1.0000
127	Spectrogram 1	1	48008.447218750	48008.465093750	1400.000	4000.000	1.0000
128	Waveform 1	1	48013.522093750	48013.535093750	1400.000	4000.000	1.0000
128	Spectrogram 1	1	48013.522093750	48013.535093750	1400.000	4000.000	1.0000
129	Waveform 1	1	48099.341593750	48099.352968750	1400.000	4000.000	1.0000
129	Spectrogram 1	1	48099.341593750	48099.352968750	1400.000	4000.000	1.0000
130	Waveform 1	1	48150.883343750	48150.894718750	1400.000	4000.000	1.0000
130	Spectrogram 1	1	48150.883343750	48150.894718750	1400.000	4000.000	1.0000
131	Waveform 1	1	48158.707718750	48158.720718750	1400.000	4000.000	1.0000
131	Spectrogram 1	1	48158.707718750	48158.720718750	1400.000	4000.000	1.0000
132	Waveform 1	1	48312.757718750	48312.783718750	1400.000	4000.000	1.0000
132	Spectrogram 1	1	48312.757718750	48312.783718750	1400.000	4000.000	1.0000
133	Waveform 1	1	48313.219218750	48313.227343750	1400.000	4000.000	1.0000
133	Spectrogram 1	1	48313.219218750	48313.227343750	1400.000	4000.000	1.0000
134	Waveform 1	1	48313.329718750	48313.342718750	1400.000	4000.000	1.0000
134	Spectrogram 1	1	48313.329718750	48313.342718750	1400.000	4000.000	1.0000
135	Waveform 1	1	48313.417468750	48313.425593750	1400.000	4000.000	1.0000
135	Spectrogram 1	1	48313.417468750	48313.425593750	1400.000	4000.000	1.0000
136	Waveform 1	1	48313.475968750	48313.495468750	1400.000	4000.000	1.0000
136	Spectrogram 1	1	48313.475968750	48313.495468750	1400.000	4000.000	1.0000
137	Waveform 1	1	48315.385343750	48315.401593750	1400.000	4000.000	1.0000
137	Spectrogram 1	1	48315.385343750	48315.401593750	1400.000	4000.000	1.0000
138	Waveform 1	1	48315.435718750	48315.458468750	1400.000	4000.000	1.0000
138	Spectrogram 1	1	48315.435718750	48315.458468750	1400.000	4000.000	1.0000
139	Waveform 1	1	48315.502343750	48315.525093750	1400.000	4000.000	1.0000
139	Spectrogram 1	1	48315.502343750	48315.525093750	1400.000	4000.000	1.0000
140	Waveform 1	1	48315.562468750	48315.586843750	1400.000	4000.000	1.0000
140	Spectrogram 1	1	48315.562468750	48315.586843750	1400.000	4000.000	1.0000
141	Waveform 1	1	48315.622593750	48315.640468750	1400.000	4000.000	1.0000
141	Spectrogram 1	1	48315.622593750	48315.640468750	1400.000	4000.000	1.0000
142	Waveform 1	1	48315.681093750	48315.695718750	1400.000	4000.000	1.0000
142	Spectrogram 1	1	48315.681093750	48315.695718750	1400.000	4000.000	1.0000
143	Waveform 1	1	48315.736343750	48315.752593750	1400.000	4000.000	1.0000
143	Spectrogram 1	1	48315.736343750	48315.752593750	1400.000	4000.000	1.0000
144	Waveform 1	1	48315.796468750	48315.814343750	1400.000	4000.000	1.0000
144	Spectrogram 1	1	48315.796468750	48315.814343750	1400.000	4000.000	1.0000
145	Waveform 1	1	48315.944343750	48315.952468750	1400.000	4000.000	1.0000
145	Spectrogram 1	1	48315.944343750	48315.952468750	1400.000	4000.000	1.0000
146	Waveform 1	1	48319.168343750	48319.178093750	1400.000	4000.000	1.0000
146	Spectrogram 1	1	48319.168343750	48319.178093750	1400.000	4000.000	1.0000
147	Waveform 1	1	48319.220343750	48319.233343750	1400.000	4000.000	1.0000
147	Spectrogram 1	1	48319.220343750	48319.233343750	1400.000	4000.000	1.0000
148	Waveform 1	1	48319.269093750	48319.283718750	1400.000	4000.000	1.0000
148	Spectrogram 1	1	48319.269093750	48319.283718750	1400.000	4000.000	1.0000
149	Waveform 1	1	48319.805343750	48319.815093750	1400.000	4000.000	1.0000
149	Spectrogram 1	1	48319.805343750	48319.815093750	1400.000	4000.000	1.0000
150	Waveform 1	1	48321.050093750	48321.063093750	1400.000	4000.000	1.0000
150	Spectrogram 1	1	48321.050093750	48321.063093750	1400.000	4000.000	1.0000
151	Waveform 1	1	48321.262968750	48321.277593750	1400.000	4000.000	1.0000
151	Spectrogram 1	1	48321.262968750	48321.277593750	1400.000	4000.000	1.0000
152	Waveform 1	1	48330.050968750	48330.060718750	1400.000	4000.000	1.0000
152	Spectrogram 1	1	48330.050968750	48330.060718750	1400.000	4000.000	1.0000
153	Waveform 1	1	48334.600968750	48334.623718750	1400.000	4000.000	1.0000
153	Spectrogram 1	1	48334.600968750	48334.623718750	1400.000	4000.000	1.0000
154	Waveform 1	1	48345.542093750	48345.550218750	1400.000	4000.000	1.0000
154	Spectrogram 1	1	48345.542093750	48345.550218750	1400.000	4000.000	1.0000
155	Waveform 1	1	48345.589218750	48345.602218750	1400.000	4000.000	1.0000
155	Spectrogram 1	1	48345.589218750	48345.602218750	1400.000	4000.000	1.0000
156	Waveform 1	1	48445.375593750	48445.393468750	1400.000	4000.000	1.0000
156	Spectrogram 1	1	48445.375593750	48445.393468750	1400.000	4000.000	1.0000
157	Waveform 1	1	48445.906968750	48445.915093750	1400.000	4000.000	1.0000
157	Spectrogram 1	1	48445.906968750	48445.915093750	1400.000	4000.000	1.0000
158	Waveform 1	1	48448.445218750	48448.476093750	1400.000	4000.000	1.0000
158	Spectrogram 1	1	48448.445218750	48448.476093750	1400.000	4000.000	1.0000
159	Waveform 1	1	48458.096093750	48458.110718750	1400.000	4000.000	1.0000
159	Spectrogram 1	1	48458.096093750	48458.110718750	1400.000	4000.000	1.0000
160	Waveform 1	1	48458.144843750	48458.159468750	1400.000	4000.000	1.0000
160	Spectrogram 1	1	48458.144843750	48458.159468750	1400.000	4000.000	1.0000
161	Waveform 1	1	48463.518718750	48463.526843750	1400.000	4000.000	1.0000
161	Spectrogram 1	1	48463.518718750	48463.526843750	1400.000	4000.000	1.0000
162	Waveform 1	1	48467.025468750	48467.046593750	1400.000	4000.000	1.0000
162	Spectrogram 1	1	48467.025468750	48467.046593750	1400.000	4000.000	1.0000
163	Waveform 1	1	48468.713843750	48468.728468750	1400.000	4000.000	1.0000
163	Spectrogram 1	1	48468.713843750	48468.728468750	1400.000	4000.000	1.0000
164	Waveform 1	1	48469.095718750	48469.103843750	1400.000	4000.000	1.0000
164	Spectrogram 1	1	48469.095718750	48469.103843750	1400.000	4000.000	1.0000
165	Waveform 1	1	48469.170468750	48469.181843750	1400.000	4000.000	1.0000
165	Spectrogram 1	1	48469.170468750	48469.181843750	1400.000	4000.000	1.0000
166	Waveform 1	1	48476.863218750	48476.874593750	1400.000	4000.000	1.0000
166	Spectrogram 1	1	48476.863218750	48476.874593750	1400.000	4000.000	1.0000
167	Waveform 1	1	48476.908718750	48476.921718750	1400.000	4000.000	1.0000
167	Spectrogram 1	1	48476.908718750	48476.921718750	1400.000	4000.000	1.0000
168	Waveform 1	1	48645.770593750	48645.778718750	1400.000	4000.000	1.0000
168	Spectrogram 1	1	48645.770593750	48645.778718750	1400.000	4000.000	1.0000
169	Waveform 1	1	48648.502218750	48648.513593750	1400.000	4000.000	1.0000
169	Spectrogram 1	1	48648.502218750	48648.513593750	1400.000	4000.000	1.0000
170	Waveform 1	1	48818.187968750	48818.205843750	1400.000	4000.000	1.0000
170	Spectrogram 1	1	48818.187968750	48818.205843750	1400.000	4000.000	1.0000
171	Waveform 1	1	48897.301093750	48897.318968750	1400.000	4000.000	1.0000
171	Spectrogram 1	1	48897.301093750	48897.318968750	1400.000	4000.000	1.0000
172	Waveform 1	1	49573.806468750	49573.830843750	1400.000	4000.000	1.0000
172	Spectrogram 1	1	49573.806468750	49573.830843750	1400.000	4000.000	1.0000
173	Waveform 1	1	49882.364718750	49882.390718750	1400.000	4000.000	1.0000
173	Spectrogram 1	1	49882.364718750	49882.390718750	1400.000	4000.000	1.0000
174	Waveform 1	1	50898.855843750	50898.875343750	1400.000	4000.000	1.0000
174	Spectrogram 1	1	50898.855843750	50898.875343750	1400.000	4000.000	1.0000
175	Waveform 1	1	52397.477968750	52397.490968750	1400.000	4000.000	1.0000
175	Spectrogram 1	1	52397.477968750	52397.490968750	1400.000	4000.000	1.0000
176	Waveform 1	1	52407.234468750	52407.244218750	1400.000	4000.000	1.0000
176	Spectrogram 1	1	52407.234468750	52407.244218750	1400.000	4000.000	1.0000
177	Waveform 1	1	52602.174343750	52602.185718750	1400.000	4000.000	1.0000
177	Spectrogram 1	1	52602.174343750	52602.185718750	1400.000	4000.000	1.0000
178	Waveform 1	1	52886.009843750	52886.026093750	1400.000	4000.000	1.0000
178	Spectrogram 1	1	52886.009843750	52886.026093750	1400.000	4000.000	1.0000
179	Waveform 1	1	52987.447218750	52987.456968750	1400.000	4000.000	1.0000
179	Spectrogram 1	1	52987.447218750	52987.456968750	1400.000	4000.000	1.0000
180	Waveform 1	1	53136.870843750	53136.883843750	1400.000	4000.000	1.0000
180	Spectrogram 1	1	53136.870843750	53136.883843750	1400.000	4000.000	1.0000
181	Waveform 1	1	53136.956968750	53136.969968750	1400.000	4000.000	1.0000
181	Spectrogram 1	1	53136.956968750	53136.969968750	1400.000	4000.000	1.0000
182	Waveform 1	1	53293.811718750	53293.823093750	1400.000	4000.000	1.0000
182	Spectrogram 1	1	53293.811718750	53293.823093750	1400.000	4000.000	1.0000
183	Waveform 1	1	53297.685718750	53297.693843750	1400.000	4000.000	1.0000
183	Spectrogram 1	1	53297.685718750	53297.693843750	1400.000	4000.000	1.0000
184	Waveform 1	1	53329.854218750	53329.862343750	1400.000	4000.000	1.0000
184	Spectrogram 1	1	53329.854218750	53329.862343750	1400.000	4000.000	1.0000
185	Waveform 1	1	53330.604968750	53330.621218750	1400.000	4000.000	1.0000
185	Spectrogram 1	1	53330.604968750	53330.621218750	1400.000	4000.000	1.0000
186	Waveform 1	1	53332.697968750	53332.710968750	1400.000	4000.000	1.0000
186	Spectrogram 1	1	53332.697968750	53332.710968750	1400.000	4000.000	1.0000
187	Waveform 1	1	53332.800343750	53332.813343750	1400.000	4000.000	1.0000
187	Spectrogram 1	1	53332.800343750	53332.813343750	1400.000	4000.000	1.0000
188	Waveform 1	1	53334.118218750	53334.126343750	1400.000	4000.000	1.0000
188	Spectrogram 1	1	53334.118218750	53334.126343750	1400.000	4000.000	1.0000
189	Waveform 1	1	53339.779718750	53339.792718750	1400.000	4000.000	1.0000
189	Spectrogram 1	1	53339.779718750	53339.792718750	1400.000	4000.000	1.0000
190	Waveform 1	1	53350.702968750	53350.725718750	1400.000	4000.000	1.0000
190	Spectrogram 1	1	53350.702968750	53350.725718750	1400.000	4000.000	1.0000
191	Waveform 1	1	53353.367968750	53353.400468750	1400.000	4000.000	0.8500
191	Spectrogram 1	1	53353.367968750	53353.400468750	1400.000	4000.000	0.8500
192	Waveform 1	1	53494.866468750	53494.874593750	1400.000	4000.000	1.0000
192	Spectrogram 1	1	53494.866468750	53494.874593750	1400.000	4000.000	1.0000
193	Waveform 1	1	53494.908718750	53494.933093750	1400.000	4000.000	1.0000
193	Spectrogram 1	1	53494.908718750	53494.933093750	1400.000	4000.000	1.0000
194	Waveform 1	1	53883.464093750	53883.478718750	1400.000	4000.000	1.0000
194	Spectrogram 1	1	53883.464093750	53883.478718750	1400.000	4000.000	1.0000
195	Waveform 1	1	53940.600718750	53940.628343750	1400.000	4000.000	1.0000
195	Spectrogram 1	1	53940.600718750	53940.628343750	1400.000	4000.000	1.0000
196	Waveform 1	1	54004.550968750	54004.559093750	1400.000	4000.000	1.0000
196	Spectrogram 1	1	54004.550968750	54004.559093750	1400.000	4000.000	1.0000
197	Waveform 1	1	54043.547718750	54043.570468750	1400.000	4000.000	1.0000
197	Spectrogram 1	1	54043.547718750	54043.570468750	1400.000	4000.000	1.0000
198	Waveform 1	1	54111.241968750	54111.250093750	1400.000	4000.000	1.0000
198	Spectrogram 1	1	54111.241968750	54111.250093750	1400.000	4000.000	1.0000
199	Waveform 1	1	54135.581218750	54135.594218750	1400.000	4000.000	1.0000
199	Spectrogram 1	1	54135.581218750	54135.594218750	1400.000	4000.000	1.0000
200	Waveform 1	1	54149.535093750	54149.562718750	1400.000	4000.000	1.0000
200	Spectrogram 1	1	54149.535093750	54149.562718750	1400.000	4000.000	1.0000
201	Waveform 1	1	54166.085718750	54166.116593750	1400.000	4000.000	1.0000
201	Spectrogram 1	1	54166.085718750	54166.116593750	1400.000	4000.000	1.0000
202	Waveform 1	1	54367.985468750	54367.993593750	1400.000	4000.000	1.0000
202	Spectrogram 1	1	54367.985468750	54367.993593750	1400.000	4000.000	1.0000
203	Waveform 1	1	54648.814718750	54648.847218750	1400.000	4000.000	1.0000
203	Spectrogram 1	1	54648.814718750	54648.847218750	1400.000	4000.000	1.0000
204	Waveform 1	1	54796.467093750	54796.481718750	1400.000	4000.000	1.0000
204	Spectrogram 1	1	54796.467093750	54796.481718750	1400.000	4000.000	1.0000
205	Waveform 1	1	55132.879468750	55132.889218750	1400.000	4000.000	1.0000
205	Spectrogram 1	1	55132.879468750	55132.889218750	1400.000	4000.000	1.0000
206	Waveform 1	1	55420.098218750	55420.122593750	1400.000	4000.000	1.0000
206	Spectrogram 1	1	55420.098218750	55420.122593750	1400.000	4000.000	1.0000
207	Waveform 1	1	55420.907468750	55420.928593750	1400.000	4000.000	1.0000
207	Spectrogram 1	1	55420.907468750	55420.928593750	1400.000	4000.000	1.0000
208	Waveform 1	1	56076.213093750	56076.230968750	1400.000	4000.000	1.0000
208	Spectrogram 1	1	56076.213093750	56076.230968750	1400.000	4000.000	1.0000
209	Waveform 1	1	56080.564843750	56080.584343750	1400.000	4000.000	1.0000
209	Spectrogram 1	1	56080.564843750	56080.584343750	1400.000	4000.000	1.0000
210	Waveform 1	1	56090.175093750	56090.183218750	1400.000	4000.000	1.0000
210	Spectrogram 1	1	56090.175093750	56090.183218750	1400.000	4000.000	1.0000
211	Waveform 1	1	56327.455968750	56327.465718750	1400.000	4000.000	1.0000
211	Spectrogram 1	1	56327.455968750	56327.465718750	1400.000	4000.000	1.0000
212	Waveform 1	1	57929.002343750	57929.012093750	1400.000	4000.000	1.0000
212	Spectrogram 1	1	57929.002343750	57929.012093750	1400.000	4000.000	1.0000
213	Waveform 1	1	57929.057593750	57929.081968750	1400.000	4000.000	1.0000
213	Spectrogram 1	1	57929.057593750	57929.081968750	1400.000	4000.000	1.0000
214	Waveform 1	1	63003.877343750	63003.887093750	1400.000	4000.000	1.0000
214	Spectrogram 1	1	63003.877343750	63003.887093750	1400.000	4000.000	1.0000
215	Waveform 1	1	63004.459093750	63004.468843750	1400.000	4000.000	1.0000
215	Spectrogram 1	1	63004.459093750	63004.468843750	1400.000	4000.000	1.0000
216	Waveform 1	1	63120.298843750	63120.306968750	1400.000	4000.000	1.0000
216	Spectrogram 1	1	63120.298843750	63120.306968750	1400.000	4000.000	1.0000
217	Waveform 1	1	63190.339593750	63190.349343750	1400.000	4000.000	1.0000
217	Spectrogram 1	1	63190.339593750	63190.349343750	1400.000	4000.000	1.0000
218	Waveform 1	1	63212.902718750	63212.910843750	1400.000	4000.000	1.0000
218	Spectrogram 1	1	63212.902718750	63212.910843750	1400.000	4000.000	1.0000
219	Waveform 1	1	63213.689218750	63213.708718750	1400.000	4000.000	1.0000
219	Spectrogram 1	1	63213.689218750	63213.708718750	1400.000	4000.000	1.0000
220	Waveform 1	1	63221.588343750	63221.598093750	1400.000	4000.000	1.0000
220	Spectrogram 1	1	63221.588343750	63221.598093750	1400.000	4000.000	1.0000
221	Waveform 1	1	63241.219968750	63241.229718750	1400.000	4000.000	1.0000
221	Spectrogram 1	1	63241.219968750	63241.229718750	1400.000	4000.000	1.0000
222	Waveform 1	1	63249.234468750	63249.242593750	1400.000	4000.000	1.0000
222	Spectrogram 1	1	63249.234468750	63249.242593750	1400.000	4000.000	1.0000
223	Waveform 1	1	63313.894843750	63313.907843750	1400.000	4000.000	1.0000
223	Spectrogram 1	1	63313.894843750	63313.907843750	1400.000	4000.000	1.0000
224	Waveform 1	1	63314.034593750	63314.042718750	1400.000	4000.000	1.0000
224	Spectrogram 1	1	63314.034593750	63314.042718750	1400.000	4000.000	1.0000
225	Waveform 1	1	63380.181843750	63380.191593750	1400.000	4000.000	1.0000
225	Spectrogram 1	1	63380.181843750	63380.191593750	1400.000	4000.000	1.0000
226	Waveform 1	1	63398.511843750	63398.528093750	1400.000	4000.000	1.0000
226	Spectrogram 1	1	63398.511843750	63398.528093750	1400.000	4000.000	1.0000
227	Waveform 1	1	63424.820593750	63424.830343750	1400.000	4000.000	1.0000
227	Spectrogram 1	1	63424.820593750	63424.830343750	1400.000	4000.000	1.0000
228	Waveform 1	1	63425.022093750	63425.038343750	1400.000	4000.000	1.0000
228	Spectrogram 1	1	63425.022093750	63425.038343750	1400.000	4000.000	1.0000
229	Waveform 1	1	63458.240343750	63458.250093750	1400.000	4000.000	1.0000
229	Spectrogram 1	1	63458.240343750	63458.250093750	1400.000	4000.000	1.0000
230	Waveform 1	1	63461.491968750	63461.501718750	1400.000	4000.000	1.0000
230	Spectrogram 1	1	63461.491968750	63461.501718750	1400.000	4000.000	1.0000
231	Waveform 1	1	63461.864093750	63461.873843750	1400.000	4000.000	1.0000
231	Spectrogram 1	1	63461.864093750	63461.873843750	1400.000	4000.000	1.0000
232	Waveform 1	1	63464.031843750	63464.046468750	1400.000	4000.000	1.0000
232	Spectrogram 1	1	63464.031843750	63464.046468750	1400.000	4000.000	1.0000
233	Waveform 1	1	63464.098468750	63464.111468750	1400.000	4000.000	1.0000
233	Spectrogram 1	1	63464.098468750	63464.111468750	1400.000	4000.000	1.0000
234	Waveform 1	1	63474.950218750	63474.958343750	1400.000	4000.000	1.0000
234	Spectrogram 1	1	63474.950218750	63474.958343750	1400.000	4000.000	1.0000
235	Waveform 1	1	63480.021843750	63480.034843750	1400.000	4000.000	1.0000
235	Spectrogram 1	1	63480.021843750	63480.034843750	1400.000	4000.000	1.0000
236	Waveform 1	1	63527.323968750	63527.332093750	1400.000	4000.000	1.0000
236	Spectrogram 1	1	63527.323968750	63527.332093750	1400.000	4000.000	1.0000
237	Waveform 1	1	63549.305343750	63549.313468750	1400.000	4000.000	1.0000
237	Spectrogram 1	1	63549.305343750	63549.313468750	1400.000	4000.000	1.0000
238	Waveform 1	1	63553.778968750	63553.791968750	1400.000	4000.000	1.0000
238	Spectrogram 1	1	63553.778968750	63553.791968750	1400.000	4000.000	1.0000
239	Waveform 1	1	63561.242593750	63561.250718750	1400.000	4000.000	1.0000
239	Spectrogram 1	1	63561.242593750	63561.250718750	1400.000	4000.000	1.0000
240	Waveform 1	1	63583.004593750	63583.019218750	1400.000	4000.000	1.0000
240	Spectrogram 1	1	63583.004593750	63583.019218750	1400.000	4000.000	1.0000
241	Waveform 1	1	63584.070593750	63584.078718750	1400.000	4000.000	1.0000
241	Spectrogram 1	1	63584.070593750	63584.078718750	1400.000	4000.000	1.0000
242	Waveform 1	1	63617.998968750	63618.007093750	1400.000	4000.000	1.0000
242	Spectrogram 1	1	63617.998968750	63618.007093750	1400.000	4000.000	1.0000
243	Waveform 1	1	63639.296218750	63639.309218750	1400.000	4000.000	1.0000
243	Spectrogram 1	1	63639.296218750	63639.309218750	1400.000	4000.000	1.0000
244	Waveform 1	1	63709.671718750	63709.681468750	1400.000	4000.000	1.0000
244	Spectrogram 1	1	63709.671718750	63709.681468750	1400.000	4000.000	1.0000
245	Waveform 1	1	63796.035593750	63796.046968750	1400.000	4000.000	1.0000
245	Spectrogram 1	1	63796.035593750	63796.046968750	1400.000	4000.000	1.0000
246	Waveform 1	1	63823.415218750	63823.424968750	1400.000	4000.000	1.0000
246	Spectrogram 1	1	63823.415218750	63823.424968750	1400.000	4000.000	1.0000
247	Waveform 1	1	63845.900343750	63845.908468750	1400.000	4000.000	1.0000
247	Spectrogram 1	1	63845.900343750	63845.908468750	1400.000	4000.000	1.0000
248	Waveform 1	1	63876.165968750	63876.174093750	1400.000	4000.000	1.0000
248	Spectrogram 1	1	63876.165968750	63876.174093750	1400.000	4000.000	1.0000
249	Waveform 1	1	63895.966593750	63895.974718750	1400.000	4000.000	1.0000
249	Spectrogram 1	1	63895.966593750	63895.974718750	1400.000	4000.000	1.0000
250	Waveform 1	1	63904.697718750	63904.710718750	1400.000	4000.000	1.0000
250	Spectrogram 1	1	63904.697718750	63904.710718750	1400.000	4000.000	1.0000
251	Waveform 1	1	63965.235468750	63965.243593750	1400.000	4000.000	1.0000
251	Spectrogram 1	1	63965.235468750	63965.243593750	1400.000	4000.000	1.0000
252	Waveform 1	1	64031.379468750	64031.395718750	1400.000	4000.000	1.0000
252	Spectrogram 1	1	64031.379468750	64031.395718750	1400.000	4000.000	1.0000
253	Waveform 1	1	64067.491843750	64067.503218750	1400.000	4000.000	1.0000
253	Spectrogram 1	1	64067.491843750	64067.503218750	1400.000	4000.000	1.0000
254	Waveform 1	1	64106.462593750	64106.475593750	1400.000	4000.000	1.0000
254	Spectrogram 1	1	64106.462593750	64106.475593750	1400.000	4000.000	1.0000
255	Waveform 1	1	64109.712593750	64109.723968750	1400.000	4000.000	1.0000
255	Spectrogram 1	1	64109.712593750	64109.723968750	1400.000	4000.000	1.0000
256	Waveform 1	1	64136.736343750	64136.744468750	1400.000	4000.000	1.0000
256	Spectrogram 1	1	64136.736343750	64136.744468750	1400.000	4000.000	1.0000
257	Waveform 1	1	64160.870843750	64160.882218750	1400.000	4000.000	1.0000
257	Spectrogram 1	1	64160.870843750	64160.882218750	1400.000	4000.000	1.0000
258	Waveform 1	1	64168.942218750	64168.955218750	1400.000	4000.000	1.0000
258	Spectrogram 1	1	64168.942218750	64168.955218750	1400.000	4000.000	1.0000
259	Waveform 1	1	64188.009968750	64188.022968750	1400.000	4000.000	1.0000
259	Spectrogram 1	1	64188.009968750	64188.022968750	1400.000	4000.000	1.0000
260	Waveform 1	1	64196.929593750	64196.937718750	1400.000	4000.000	1.0000
260	Spectrogram 1	1	64196.929593750	64196.937718750	1400.000	4000.000	1.0000
261	Waveform 1	1	64212.927718750	64212.935843750	1400.000	4000.000	1.0000
261	Spectrogram 1	1	64212.927718750	64212.935843750	1400.000	4000.000	1.0000
262	Waveform 1	1	64223.915968750	64223.925718750	1400.000	4000.000	1.0000
262	Spectrogram 1	1	64223.915968750	64223.925718750	1400.000	4000.000	1.0000
263	Waveform 1	1	64295.669468750	64295.679218750	1400.000	4000.000	1.0000
263	Spectrogram 1	1	64295.669468750	64295.679218750	1400.000	4000.000	1.0000
264	Waveform 1	1	64314.116468750	64314.127843750	1400.000	4000.000	1.0000
264	Spectrogram 1	1	64314.116468750	64314.127843750	1400.000	4000.000	1.0000
265	Waveform 1	1	64318.763968750	64318.773718750	1400.000	4000.000	1.0000
265	Spectrogram 1	1	64318.763968750	64318.773718750	1400.000	4000.000	1.0000
266	Waveform 1	1	64328.484718750	64328.494468750	1400.000	4000.000	1.0000
266	Spectrogram 1	1	64328.484718750	64328.494468750	1400.000	4000.000	1.0000
267	Waveform 1	1	64331.765593750	64331.773718750	1400.000	4000.000	1.0000
267	Spectrogram 1	1	64331.765593750	64331.773718750	1400.000	4000.000	1.0000
268	Waveform 1	1	64345.722718750	64345.730843750	1400.000	4000.000	1.0000
268	Spectrogram 1	1	64345.722718750	64345.730843750	1400.000	4000.000	1.0000
269	Waveform 1	1	64350.756968750	64350.769968750	1400.000	4000.000	1.0000
269	Spectrogram 1	1	64350.756968750	64350.769968750	1400.000	4000.000	1.0000
270	Waveform 1	1	64350.995843750	64351.007218750	1400.000	4000.000	1.0000
270	Spectrogram 1	1	64350.995843750	64351.007218750	1400.000	4000.000	1.0000
271	Waveform 1	1	64373.420843750	64373.435468750	1400.000	4000.000	1.0000
271	Spectrogram 1	1	64373.420843750	64373.435468750	1400.000	4000.000	1.0000
272	Waveform 1	1	64398.122468750	64398.130593750	1400.000	4000.000	1.0000
272	Spectrogram 1	1	64398.122468750	64398.130593750	1400.000	4000.000	1.0000
273	Waveform 1	1	64530.163468750	64530.171593750	1400.000	4000.000	1.0000
273	Spectrogram 1	1	64530.163468750	64530.171593750	1400.000	4000.000	1.0000
274	Waveform 1	1	64537.666093750	64537.680718750	1400.000	4000.000	1.0000
274	Spectrogram 1	1	64537.666093750	64537.680718750	1400.000	4000.000	1.0000
275	Waveform 1	1	64537.713218750	64537.726218750	1400.000	4000.000	1.0000
275	Spectrogram 1	1	64537.713218750	64537.726218750	1400.000	4000.000	1.0000
276	Waveform 1	1	64537.906593750	64537.924468750	1400.000	4000.000	1.0000
276	Spectrogram 1	1	64537.906593750	64537.924468750	1400.000	4000.000	1.0000
277	Waveform 1	1	64537.956968750	64537.969968750	1400.000	4000.000	1.0000
277	Spectrogram 1	1	64537.956968750	64537.969968750	1400.000	4000.000	1.0000
278	Waveform 1	1	64538.130843750	64538.147093750	1400.000	4000.000	1.0000
278	Spectrogram 1	1	64538.130843750	64538.147093750	1400.000	4000.000	1.0000
279	Waveform 1	1	64538.387593750	64538.395718750	1400.000	4000.000	1.0000
279	Spectrogram 1	1	64538.387593750	64538.395718750	1400.000	4000.000	1.0000
280	Waveform 1	1	64634.564843750	64634.577843750	1400.000	4000.000	1.0000
280	Spectrogram 1	1	64634.564843750	64634.577843750	1400.000	4000.000	1.0000
281	Waveform 1	1	64634.998718750	64635.010093750	1400.000	4000.000	1.0000
281	Spectrogram 1	1	64634.998718750	64635.010093750	1400.000	4000.000	1.0000
282	Waveform 1	1	64641.347593750	64641.360593750	1400.000	4000.000	1.0000
282	Spectrogram 1	1	64641.347593750	64641.360593750	1400.000	4000.000	1.0000
283	Waveform 1	1	64676.595468750	64676.605218750	1400.000	4000.000	1.0000
283	Spectrogram 1	1	64676.595468750	64676.605218750	1400.000	4000.000	1.0000
284	Waveform 1	1	64736.281718750	64736.296343750	1400.000	4000.000	1.0000
284	Spectrogram 1	1	64736.281718750	64736.296343750	1400.000	4000.000	1.0000
285	Waveform 1	1	64736.411718750	64736.426343750	1400.000	4000.000	1.0000
285	Spectrogram 1	1	64736.411718750	64736.426343750	1400.000	4000.000	1.0000
286	Waveform 1	1	64836.410968750	64836.422343750	1400.000	4000.000	1.0000
286	Spectrogram 1	1	64836.410968750	64836.422343750	1400.000	4000.000	1.0000
287	Waveform 1	1	70695.065718750	70695.075468750	1400.000	4000.000	1.0000
287	Spectrogram 1	1	70695.065718750	70695.075468750	1400.000	4000.000	1.0000
288	Waveform 1	1	70961.172468750	70961.180593750	1400.000	4000.000	1.0000
288	Spectrogram 1	1	70961.172468750	70961.180593750	1400.000	4000.000	1.0000
289	Waveform 1	1	71778.550718750	71778.560468750	1400.000	4000.000	1.0000
289	Spectrogram 1	1	71778.550718750	71778.560468750	1400.000	4000.000	1.0000
290	Waveform 1	1	71820.795843750	71820.803968750	1400.000	4000.000	1.0000
290	Spectrogram 1	1	71820.795843750	71820.803968750	1400.000	4000.000	1.0000
291	Waveform 1	1	71849.764718750	71849.772843750	1400.000	4000.000	1.0000
291	Spectrogram 1	1	71849.764718750	71849.772843750	1400.000	4000.000	1.0000
292	Waveform 1	1	71877.011093750	71877.020843750	1400.000	4000.000	1.0000
292	Spectrogram 1	1	71877.011093750	71877.020843750	1400.000	4000.000	1.0000
293	Waveform 1	1	72010.685218750	72010.693343750	1400.000	4000.000	1.0000
293	Spectrogram 1	1	72010.685218750	72010.693343750	1400.000	4000.000	1.0000
294	Waveform 1	1	72013.751593750	72013.762968750	1400.000	4000.000	1.0000
294	Spectrogram 1	1	72013.751593750	72013.762968750	1400.000	4000.000	1.0000
295	Waveform 1	1	72013.961218750	72013.972593750	1400.000	4000.000	1.0000
295	Spectrogram 1	1	72013.961218750	72013.972593750	1400.000	4000.000	1.0000
296	Waveform 1	1	72016.590468750	72016.605093750	1400.000	4000.000	1.0000
296	Spectrogram 1	1	72016.590468750	72016.605093750	1400.000	4000.000	1.0000
297	Waveform 1	1	72093.337593750	72093.355468750	1400.000	4000.000	1.0000
297	Spectrogram 1	1	72093.337593750	72093.355468750	1400.000	4000.000	1.0000
298	Waveform 1	1	72097.333468750	72097.341593750	1400.000	4000.000	1.0000
298	Spectrogram 1	1	72097.333468750	72097.341593750	1400.000	4000.000	1.0000
299	Waveform 1	1	72128.008593750	72128.016718750	1400.000	4000.000	1.0000
299	Spectrogram 1	1	72128.008593750	72128.016718750	1400.000	4000.000	1.0000
300	Waveform 1	1	72177.382593750	72177.395593750	1400.000	4000.000	1.0000
300	Spectrogram 1	1	72177.382593750	72177.395593750	1400.000	4000.000	1.0000
301	Waveform 1	1	72198.076968750	72198.085093750	1400.000	4000.000	1.0000
301	Spectrogram 1	1	72198.076968750	72198.085093750	1400.000	4000.000	1.0000
302	Waveform 1	1	72222.521843750	72222.529968750	1400.000	4000.000	1.0000
302	Spectrogram 1	1	72222.521843750	72222.529968750	1400.000	4000.000	1.0000
303	Waveform 1	1	72239.893093750	72239.901218750	1400.000	4000.000	1.0000
303	Spectrogram 1	1	72239.893093750	72239.901218750	1400.000	4000.000	1.0000
304	Waveform 1	1	72242.320843750	72242.328968750	1400.000	4000.000	1.0000
304	Spectrogram 1	1	72242.320843750	72242.328968750	1400.000	4000.000	1.0000
305	Waveform 1	1	72242.772593750	72242.782343750	1400.000	4000.000	1.0000
305	Spectrogram 1	1	72242.772593750	72242.782343750	1400.000	4000.000	1.0000
306	Waveform 1	1	72242.980593750	72243.006593750	1400.000	4000.000	1.0000
306	Spectrogram 1	1	72242.980593750	72243.006593750	1400.000	4000.000	1.0000
307	Waveform 1	1	72267.253218750	72267.272718750	1400.000	4000.000	1.0000
307	Spectrogram 1	1	72267.253218750	72267.272718750	1400.000	4000.000	1.0000
308	Waveform 1	1	72304.428343750	72304.441343750	1400.000	4000.000	1.0000
308	Spectrogram 1	1	72304.428343750	72304.441343750	1400.000	4000.000	1.0000
309	Waveform 1	1	72304.654218750	72304.663968750	1400.000	4000.000	1.0000
309	Spectrogram 1	1	72304.654218750	72304.663968750	1400.000	4000.000	1.0000
310	Waveform 1	1	72309.176593750	72309.186343750	1400.000	4000.000	1.0000
310	Spectrogram 1	1	72309.176593750	72309.186343750	1400.000	4000.000	1.0000
311	Waveform 1	1	72309.745343750	72309.755093750	1400.000	4000.000	1.0000
311	Spectrogram 1	1	72309.745343750	72309.755093750	1400.000	4000.000	1.0000
312	Waveform 1	1	72310.858468750	72310.873093750	1400.000	4000.000	1.0000
312	Spectrogram 1	1	72310.858468750	72310.873093750	1400.000	4000.000	1.0000
313	Waveform 1	1	72340.267718750	72340.275843750	1400.000	4000.000	1.0000
313	Spectrogram 1	1	72340.267718750	72340.275843750	1400.000	4000.000	1.0000
314	Waveform 1	1	72517.859093750	72517.867218750	1400.000	4000.000	1.0000
314	Spectrogram 1	1	72517.859093750	72517.867218750	1400.000	4000.000	1.0000
315	Waveform 1	1	72527.626968750	72527.638343750	1400.000	4000.000	1.0000
315	Spectrogram 1	1	72527.626968750	72527.638343750	1400.000	4000.000	1.0000
316	Waveform 1	1	72538.363343750	72538.371468750	1400.000	4000.000	1.0000
316	Spectrogram 1	1	72538.363343750	72538.371468750	1400.000	4000.000	1.0000
317	Waveform 1	1	72539.242468750	72539.253843750	1400.000	4000.000	1.0000
317	Spectrogram 1	1	72539.242468750	72539.253843750	1400.000	4000.000	1.0000
318	Waveform 1	1	72541.241218750	72541.250968750	1400.000	4000.000	1.0000
318	Spectrogram 1	1	72541.241218750	72541.250968750	1400.000	4000.000	1.0000
319	Waveform 1	1	72606.954593750	72606.965968750	1400.000	4000.000	1.0000
319	Spectrogram 1	1	72606.954593750	72606.965968750	1400.000	4000.000	1.0000
320	Waveform 1	1	72731.616468750	72731.626218750	1400.000	4000.000	1.0000
320	Spectrogram 1	1	72731.616468750	72731.626218750	1400.000	4000.000	1.0000
321	Waveform 1	1	72854.185343750	72854.193468750	1400.000	4000.000	1.0000
321	Spectrogram 1	1	72854.185343750	72854.193468750	1400.000	4000.000	1.0000
322	Waveform 1	1	72855.683593750	72855.696593750	1400.000	4000.000	1.0000
322	Spectrogram 1	1	72855.683593750	72855.696593750	1400.000	4000.000	1.0000
323	Waveform 1	1	72949.736968750	72949.746718750	1400.000	4000.000	1.0000
323	Spectrogram 1	1	72949.736968750	72949.746718750	1400.000	4000.000	1.0000
324	Waveform 1	1	72965.328843750	72965.336968750	1400.000	4000.000	1.0000
324	Spectrogram 1	1	72965.328843750	72965.336968750	1400.000	4000.000	1.0000
325	Waveform 1	1	72973.427843750	72973.435968750	1400.000	4000.000	1.0000
325	Spectrogram 1	1	72973.427843750	72973.435968750	1400.000	4000.000	1.0000
326	Waveform 1	1	73079.437968750	73079.449343750	1400.000	4000.000	1.0000
326	Spectrogram 1	1	73079.437968750	73079.449343750	1400.000	4000.000	1.0000
327	Waveform 1	1	73084.030218750	73084.039968750	1400.000	4000.000	1.0000
327	Spectrogram 1	1	73084.030218750	73084.039968750	1400.000	4000.000	1.0000
328	Waveform 1	1	73084.074093750	73084.085468750	1400.000	4000.000	1.0000
328	Spectrogram 1	1	73084.074093750	73084.085468750	1400.000	4000.000	1.0000
329	Waveform 1	1	73101.394968750	73101.404718750	1400.000	4000.000	1.0000
329	Spectrogram 1	1	73101.394968750	73101.404718750	1400.000	4000.000	1.0000
330	Waveform 1	1	73122.068218750	73122.079593750	1400.000	4000.000	1.0000
330	Spectrogram 1	1	73122.068218750	73122.079593750	1400.000	4000.000	1.0000
331	Waveform 1	1	73139.497968750	73139.506093750	1400.000	4000.000	1.0000
331	Spectrogram 1	1	73139.497968750	73139.506093750	1400.000	4000.000	1.0000
332	Waveform 1	1	73141.948468750	73141.961468750	1400.000	4000.000	1.0000
332	Spectrogram 1	1	73141.948468750	73141.961468750	1400.000	4000.000	1.0000
333	Waveform 1	1	73167.589343750	73167.597468750	1400.000	4000.000	1.0000
333	Spectrogram 1	1	73167.589343750	73167.597468750	1400.000	4000.000	1.0000
334	Waveform 1	1	73178.983843750	73179.001718750	1400.000	4000.000	1.0000
334	Spectrogram 1	1	73178.983843750	73179.001718750	1400.000	4000.000	1.0000
335	Waveform 1	1	73179.728093750	73179.736218750	1400.000	4000.000	1.0000
335	Spectrogram 1	1	73179.728093750	73179.736218750	1400.000	4000.000	1.0000
336	Waveform 1	1	73180.324468750	73180.334218750	1400.000	4000.000	1.0000
336	Spectrogram 1	1	73180.324468750	73180.334218750	1400.000	4000.000	1.0000
337	Waveform 1	1	73256.421593750	73256.429718750	1400.000	4000.000	1.0000
337	Spectrogram 1	1	73256.421593750	73256.429718750	1400.000	4000.000	1.0000
338	Waveform 1	1	73268.583093750	73268.592843750	1400.000	4000.000	1.0000
338	Spectrogram 1	1	73268.583093750	73268.592843750	1400.000	4000.000	1.0000
339	Waveform 1	1	73280.455343750	73280.465093750	1400.000	4000.000	1.0000
339	Spectrogram 1	1	73280.455343750	73280.465093750	1400.000	4000.000	1.0000
340	Waveform 1	1	73281.459593750	73281.467718750	1400.000	4000.000	1.0000
340	Spectrogram 1	1	73281.459593750	73281.467718750	1400.000	4000.000	1.0000
341	Waveform 1	1	73299.498718750	73299.513343750	1400.000	4000.000	1.0000
341	Spectrogram 1	1	73299.498718750	73299.513343750	1400.000	4000.000	1.0000
342	Waveform 1	1	73300.283593750	73300.291718750	1400.000	4000.000	1.0000
342	Spectrogram 1	1	73300.283593750	73300.291718750	1400.000	4000.000	1.0000
343	Waveform 1	1	73301.729843750	73301.742843750	1400.000	4000.000	1.0000
343	Spectrogram 1	1	73301.729843750	73301.742843750	1400.000	4000.000	1.0000
344	Waveform 1	1	73301.778593750	73301.786718750	1400.000	4000.000	1.0000
344	Spectrogram 1	1	73301.778593750	73301.786718750	1400.000	4000.000	1.0000
345	Waveform 1	1	73329.286593750	73329.296343750	1400.000	4000.000	1.0000
345	Spectrogram 1	1	73329.286593750	73329.296343750	1400.000	4000.000	1.0000
346	Waveform 1	1	73329.341843750	73329.349968750	1400.000	4000.000	1.0000
346	Spectrogram 1	1	73329.341843750	73329.349968750	1400.000	4000.000	1.0000
347	Waveform 1	1	73330.042218750	73330.051968750	1400.000	4000.000	1.0000
347	Spectrogram 1	1	73330.042218750	73330.051968750	1400.000	4000.000	1.0000
348	Waveform 1	1	73345.902218750	73345.921718750	1400.000	4000.000	1.0000
348	Spectrogram 1	1	73345.902218750	73345.921718750	1400.000	4000.000	1.0000
349	Waveform 1	1	73345.970468750	73345.981843750	1400.000	4000.000	1.0000
349	Spectrogram 1	1	73345.970468750	73345.981843750	1400.000	4000.000	1.0000
350	Waveform 1	1	73352.168218750	73352.181218750	1400.000	4000.000	1.0000
350	Spectrogram 1	1	73352.168218750	73352.181218750	1400.000	4000.000	1.0000
351	Waveform 1	1	73386.259093750	73386.270468750	1400.000	4000.000	1.0000
351	Spectrogram 1	1	73386.259093750	73386.270468750	1400.000	4000.000	1.0000
352	Waveform 1	1	73389.107718750	73389.120718750	1400.000	4000.000	1.0000
352	Spectrogram 1	1	73389.107718750	73389.120718750	1400.000	4000.000	1.0000
353	Waveform 1	1	73389.510718750	73389.522093750	1400.000	4000.000	1.0000
353	Spectrogram 1	1	73389.510718750	73389.522093750	1400.000	4000.000	1.0000
354	Waveform 1	1	73403.185093750	73403.198093750	1400.000	4000.000	1.0000
354	Spectrogram 1	1	73403.185093750	73403.198093750	1400.000	4000.000	1.0000
355	Waveform 1	1	73417.925468750	73417.935218750	1400.000	4000.000	1.0000
355	Spectrogram 1	1	73417.925468750	73417.935218750	1400.000	4000.000	1.0000
356	Waveform 1	1	73420.913843750	73420.923593750	1400.000	4000.000	1.0000
356	Spectrogram 1	1	73420.913843750	73420.923593750	1400.000	4000.000	1.0000
357	Waveform 1	1	73483.747718750	73483.757468750	1400.000	4000.000	1.0000
357	Spectrogram 1	1	73483.747718750	73483.757468750	1400.000	4000.000	1.0000
358	Waveform 1	1	73485.276843750	73485.286593750	1400.000	4000.000	1.0000
358	Spectrogram 1	1	73485.276843750	73485.286593750	1400.000	4000.000	1.0000
359	Waveform 1	1	73511.804968750	73511.816343750	1400.000	4000.000	1.0000
359	Spectrogram 1	1	73511.804968750	73511.816343750	1400.000	4000.000	1.0000
360	Waveform 1	1	73588.218968750	73588.233593750	1400.000	4000.000	1.0000
360	Spectrogram 1	1	73588.218968750	73588.233593750	1400.000	4000.000	1.0000
361	Waveform 1	1	73629.441968750	73629.456593750	1400.000	4000.000	1.0000
361	Spectrogram 1	1	73629.441968750	73629.456593750	1400.000	4000.000	1.0000
362	Waveform 1	1	73636.990093750	73637.001468750	1400.000	4000.000	1.0000
362	Spectrogram 1	1	73636.990093750	73637.001468750	1400.000	4000.000	1.0000
363	Waveform 1	1	73678.364218750	73678.377218750	1400.000	4000.000	1.0000
363	Spectrogram 1	1	73678.364218750	73678.377218750	1400.000	4000.000	1.0000
364	Waveform 1	1	73760.650968750	73760.659093750	1400.000	4000.000	1.0000
364	Spectrogram 1	1	73760.650968750	73760.659093750	1400.000	4000.000	1.0000
365	Waveform 1	1	73760.899593750	73760.909343750	1400.000	4000.000	1.0000
365	Spectrogram 1	1	73760.899593750	73760.909343750	1400.000	4000.000	1.0000
366	Waveform 1	1	73760.984093750	73760.995468750	1400.000	4000.000	1.0000
366	Spectrogram 1	1	73760.984093750	73760.995468750	1400.000	4000.000	1.0000
367	Waveform 1	1	73762.173593750	73762.183343750	1400.000	4000.000	1.0000
367	Spectrogram 1	1	73762.173593750	73762.183343750	1400.000	4000.000	1.0000
368	Waveform 1	1	73874.387968750	73874.404218750	1400.000	4000.000	1.0000
368	Spectrogram 1	1	73874.387968750	73874.404218750	1400.000	4000.000	1.0000
369	Waveform 1	1	73893.312718750	73893.324093750	1400.000	4000.000	1.0000
369	Spectrogram 1	1	73893.312718750	73893.324093750	1400.000	4000.000	1.0000
370	Waveform 1	1	73929.748468750	73929.756593750	1400.000	4000.000	1.0000
370	Spectrogram 1	1	73929.748468750	73929.756593750	1400.000	4000.000	1.0000
371	Waveform 1	1	73969.266843750	73969.276593750	1400.000	4000.000	1.0000
371	Spectrogram 1	1	73969.266843750	73969.276593750	1400.000	4000.000	1.0000
372	Waveform 1	1	73987.385593750	73987.398593750	1400.000	4000.000	1.0000
372	Spectrogram 1	1	73987.385593750	73987.398593750	1400.000	4000.000	1.0000
373	Waveform 1	1	73990.502343750	73990.513718750	1400.000	4000.000	1.0000
373	Spectrogram 1	1	73990.502343750	73990.513718750	1400.000	4000.000	1.0000
374	Waveform 1	1	74007.017218750	74007.025343750	1400.000	4000.000	1.0000
374	Spectrogram 1	1	74007.017218750	74007.025343750	1400.000	4000.000	1.0000
375	Waveform 1	1	74027.487343750	74027.497093750	1400.000	4000.000	1.0000
375	Spectrogram 1	1	74027.487343750	74027.497093750	1400.000	4000.000	1.0000
376	Waveform 1	1	74197.891343750	74197.901093750	1400.000	4000.000	1.0000
376	Spectrogram 1	1	74197.891343750	74197.901093750	1400.000	4000.000	1.0000
377	Waveform 1	1	74198.260218750	74198.269968750	1400.000	4000.000	1.0000
377	Spectrogram 1	1	74198.260218750	74198.269968750	1400.000	4000.000	1.0000
378	Waveform 1	1	74216.585343750	74216.606468750	1400.000	4000.000	1.0000
378	Spectrogram 1	1	74216.585343750	74216.606468750	1400.000	4000.000	1.0000
379	Waveform 1	1	74257.886343750	74257.899343750	1400.000	4000.000	1.0000
379	Spectrogram 1	1	74257.886343750	74257.899343750	1400.000	4000.000	1.0000
380	Waveform 1	1	74257.935093750	74257.944843750	1400.000	4000.000	1.0000
380	Spectrogram 1	1	74257.935093750	74257.944843750	1400.000	4000.000	1.0000
381	Waveform 1	1	74257.978968750	74257.991968750	1400.000	4000.000	1.0000
381	Spectrogram 1	1	74257.978968750	74257.991968750	1400.000	4000.000	1.0000
382	Waveform 1	1	74261.367093750	74261.380093750	1400.000	4000.000	1.0000
382	Spectrogram 1	1	74261.367093750	74261.380093750	1400.000	4000.000	1.0000
383	Waveform 1	1	74279.732843750	74279.740968750	1400.000	4000.000	1.0000
383	Spectrogram 1	1	74279.732843750	74279.740968750	1400.000	4000.000	1.0000
384	Waveform 1	1	74289.390218750	74289.409718750	1400.000	4000.000	1.0000
384	Spectrogram 1	1	74289.390218750	74289.409718750	1400.000	4000.000	1.0000
385	Waveform 1	1	74289.442218750	74289.451968750	1400.000	4000.000	1.0000
385	Spectrogram 1	1	74289.442218750	74289.451968750	1400.000	4000.000	1.0000
386	Waveform 1	1	74599.605968750	74599.617343750	1400.000	4000.000	1.0000
386	Spectrogram 1	1	74599.605968750	74599.617343750	1400.000	4000.000	1.0000
387	Waveform 1	1	79561.502843750	79561.533718750	1400.000	4000.000	1.0000
387	Spectrogram 1	1	79561.502843750	79561.533718750	1400.000	4000.000	1.0000
388	Waveform 1	1	82935.867343750	82935.875468750	1400.000	4000.000	1.0000
388	Spectrogram 1	1	82935.867343750	82935.875468750	1400.000	4000.000	1.0000
389	Waveform 1	1	83887.724093750	83887.738718750	1400.000	4000.000	1.0000
389	Spectrogram 1	1	83887.724093750	83887.738718750	1400.000	4000.000	1.0000
390	Waveform 1	1	84364.958968750	84364.983343750	1400.000	4000.000	1.0000
390	Spectrogram 1	1	84364.958968750	84364.983343750	1400.000	4000.000	1.0000
391	Waveform 1	1	84417.568343750	84417.576468750	1400.000	4000.000	1.0000
391	Spectrogram 1	1	84417.568343750	84417.576468750	1400.000	4000.000	1.0000
392	Waveform 1	1	84437.723218750	84437.747593750	1400.000	4000.000	1.0000
392	Spectrogram 1	1	84437.723218750	84437.747593750	1400.000	4000.000	1.0000
393	Waveform 1	1	84487.682218750	84487.698468750	1400.000	4000.000	1.0000
393	Spectrogram 1	1	84487.682218750	84487.698468750	1400.000	4000.000	1.0000
394	Waveform 1	1	84535.632718750	84535.648968750	1400.000	4000.000	1.0000
394	Spectrogram 1	1	84535.632718750	84535.648968750	1400.000	4000.000	1.0000
395	Waveform 1	1	84538.452093750	84538.466718750	1400.000	4000.000	1.0000
395	Spectrogram 1	1	84538.452093750	84538.466718750	1400.000	4000.000	1.0000
396	Waveform 1	1	84607.636468750	84607.644593750	1400.000	4000.000	1.0000
396	Spectrogram 1	1	84607.636468750	84607.644593750	1400.000	4000.000	1.0000
397	Waveform 1	1	84644.577593750	84644.585718750	1400.000	4000.000	1.0000
397	Spectrogram 1	1	84644.577593750	84644.585718750	1400.000	4000.000	1.0000
398	Waveform 1	1	84648.038843750	84648.051843750	1400.000	4000.000	1.0000
398	Spectrogram 1	1	84648.038843750	84648.051843750	1400.000	4000.000	1.0000
399	Waveform 1	1	84804.727843750	84804.747343750	1400.000	4000.000	1.0000
399	Spectrogram 1	1	84804.727843750	84804.747343750	1400.000	4000.000	1.0000
400	Waveform 1	1	85202.251593750	85202.266218750	1400.000	4000.000	1.0000
400	Spectrogram 1	1	85202.251593750	85202.266218750	1400.000	4000.000	1.0000
