Selection	View	Channel	Begin Time (s)	End Time (s)	Low Freq (Hz)	High Freq (Hz)	Occupancy
1	Waveform 1	1	1039.419593750	1039.430968750	1400.000	4000.000	1.0000
1	Spectrogram 1	1	1039.419593750	1039.430968750	1400.000	4000.000	1.0000
2	Waveform 1	1	1191.194593750	1191.212468750	1400.000	4000.000	1.0000
2	Spectrogram 1	1	1191.194593750	1191.212468750	1400.000	4000.000	1.0000
3	Waveform 1	1	1222.453093750	1222.462843750	1400.000	4000.000	1.0000
3	Spectrogram 1	1	1222.453093750	1222.462843750	1400.000	4000.000	1.0000
4	Waveform 1	1	1244.164718750	1244.177718750	1400.000	4000.000	1.0000
4	Spectrogram 1	1	1244.164718750	1244.177718750	1400.000	4000.000	1.0000
5	Waveform 1	1	2165.196843750	2165.206593750	1400.000	4000.000	1.0000
5	Spectrogram 1	1	2165.196843750	2165.206593750	1400.000	4000.000	1.0000
6	Waveform 1	1	2364.953218750	2364.964593750	1400.000	4000.000	1.0000
6	Spectrogram 1	1	2364.953218750	2364.964593750	1400.000	4000.000	1.0000
7	Waveform 1	1	2365.026343750	2365.042593750	1400.000	4000.000	1.0000
7	Spectrogram 1	1	2365.026343750	2365.042593750	1400.000	4000.000	1.0000
8	Waveform 1	1	2453.512468750	2453.522218750	1400.000	4000.000	1.0000
8	Spectrogram 1	1	2453.512468750	2453.522218750	1400.000	4000.000	1.0000
9	Waveform 1	1	3061.164968750	3061.179593750	1400.000	4000.000	1.0000
9	Spectrogram 1	1	3061.164968750	3061.179593750	1400.000	4000.000	1.0000
10	Waveform 1	1	3820.673718750	3820.688343750	1400.000	4000.000	1.0000
10	Spectrogram 1	1	3820.673718750	3820.688343750	1400.000	4000.000	1.0000
11	Waveform 1	1	4003.814468750	4003.824218750	1400.000	4000.000	1.0000
11	Spectrogram 1	1	4003.814468750	4003.824218750	1400.000	4000.000	1.0000
12	Waveform 1	1	4008.778843750	4008.796718750	1400.000	4000.000	1.0000
12	Spectrogram 1	1	4008.778843750	4008.796718750	1400.000	4000.000	1.0000
13	Waveform 1	1	4012.410718750	4012.425343750	1400.000	4000.000	1.0000
13	Spectrogram 1	1	4012.410718750	4012.425343750	1400.000	4000.000	1.0000
14	Waveform 1	1	4014.942468750	4014.965218750	1400.000	4000.000	1.0000
14	Spectrogram 1	1	4014.942468750	4014.965218750	1400.000	4000.000	1.0000
15	Waveform 1	1	4019.726468750	4019.742718750	1400.000	4000.000	1.0000
15	Spectrogram 1	1	4019.726468750	4019.742718750	1400.000	4000.000	1.0000
16	Waveform 1	1	4022.638468750	4022.653093750	1400.000	4000.000	1.0000
16	Spectrogram 1	1	4022.638468750	4022.653093750	1400.000	4000.000	1.0000
17	Waveform 1	1	4334.147718750	4334.162343750	1400.000	4000.000	1.0000
17	Spectrogram 1	1	4334.147718750	4334.162343750	1400.000	4000.000	1.0000
18	Waveform 1	1	4459.310093750	4459.319843750	1400.000	4000.000	1.0000
18	Spectrogram 1	1	4459.310093750	4459.319843750	1400.000	4000.000	1.0000
19	Waveform 1	1	4461.333218750	4461.342968750	1400.000	4000.000	1.0000
19	Spectrogram 1	1	4461.333218750	4461.342968750	1400.000	4000.000	1.0000
20	Waveform 1	1	4470.623343750	4470.642843750	1400.000	4000.000	1.0000
20	Spectrogram 1	1	4470.623343750	4470.642843750	1400.000	4000.000	1.0000
21	Waveform 1	1	4475.917593750	4475.925718750	1400.000	4000.000	1.0000
21	Spectrogram 1	1	4475.917593750	4475.925718750	1400.000	4000.000	1.0000
22	Waveform 1	1	4488.280593750	4488.301718750	1400.000	4000.000	1.0000
22	Spectrogram 1	1	4488.280593750	4488.301718750	1400.000	4000.000	1.0000
23	Waveform 1	1	4495.164093750	4495.173843750	1400.000	4000.000	1.0000
23	Spectrogram 1	1	4495.164093750	4495.173843750	1400.000	4000.000	1.0000
24	Waveform 1	1	4500.289343750	4500.297468750	1400.000	4000.000	1.0000
24	Spectrogram 1	1	4500.289343750	4500.297468750	1400.000	4000.000	1.0000
25	Waveform 1	1	4512.597093750	4512.621468750	1400.000	4000.000	1.0000
25	Spectrogram 1	1	4512.597093750	4512.621468750	1400.000	4000.000	1.0000
26	Waveform 1	1	4602.119968750	4602.129718750	1400.000	4000.000	1.0000
26	Spectrogram 1	1	4602.119968750	4602.129718750	1400.000	4000.000	1.0000
27	Waveform 1	1	4651.649968750	4651.659718750	1400.000	4000.000	1.0000
27	Spectrogram 1	1	4651.649968750	4651.659718750	1400.000	4000.000	1.0000
28	Waveform 1	1	4683.703093750	4683.719343750	1400.000	4000.000	1.0000
28	Spectrogram 1	1	4683.703093750	4683.719343750	1400.000	4000.000	1.0000
29	Waveform 1	1	4728.822843750	4728.840718750	1400.000	4000.000	1.0000
29	Spectrogram 1	1	4728.822843750	4728.840718750	1400.000	4000.000	1.0000
30	Waveform 1	1	4755.125093750	4755.134843750	1400.000	4000.000	1.0000
30	Spectrogram 1	1	4755.125093750	4755.134843750	1400.000	4000.000	1.0000
31	Waveform 1	1	4803.585843750	4803.610218750	1400.000	4000.000	1.0000
31	Spectrogram 1	1	4803.585843750	4803.610218750	1400.000	4000.000	1.0000
32	Waveform 1	1	5010.729468750	5010.740843750	1400.000	4000.000	1.0000
32	Spectrogram 1	1	5010.729468750	5010.740843750	1400.000	4000.000	1.0000
33	Waveform 1	1	5064.097718750	5064.110718750	1400.000	4000.000	1.0000
33	Spectrogram 1	1	5064.097718750	5064.110718750	1400.000	4000.000	1.0000
34	Waveform 1	1	5168.944343750	5168.957343750	1400.000	4000.000	1.0000
34	Spectrogram 1	1	5168.944343750	5168.957343750	1400.000	4000.000	1.0000
35	Waveform 1	1	5184.880718750	5184.893718750	1400.000	4000.000	1.0000
35	Spectrogram 1	1	5184.880718750	5184.893718750	1400.000	4000.000	1.0000
36	Waveform 1	1	5211.301593750	5211.332468750	1400.000	4000.000	1.0000
36	Spectrogram 1	1	5211.301593750	5211.332468750	1400.000	4000.000	1.0000
37	Waveform 1	1	5385.469093750	5385.480468750	1400.000	4000.000	1.0000
37	Spectrogram 1	1	5385.469093750	5385.480468750	1400.000	4000.000	1.0000
38	Waveform 1	1	5479.273843750	5479.285218750	1400.000	4000.000	1.0000
38	Spectrogram 1	1	5479.273843750	5479.285218750	1400.000	4000.000	1.0000
39	Waveform 1	1	5483.632093750	5483.651593750	1400.000	4000.000	1.0000
39	Spectrogram 1	1	5483.632093750	5483.651593750	1400.000	4000.000	1.0000
40	Waveform 1	1	5483.723093750	5483.734468750	1400.000	4000.000	1.0000
40	Spectrogram 1	1	5483.723093750	5483.734468750	1400.000	4000.000	1.0000
41	Waveform 1	1	5652.159218750	5652.178718750	1400.000	4000.000	1.0000
41	Spectrogram 1	1	5652.159218750	5652.178718750	1400.000	4000.000	1.0000
42	Waveform 1	1	5755.486468750	5755.497843750	1400.000	4000.000	1.0000
42	Spectrogram 1	1	5755.486468750	5755.497843750	1400.000	4000.000	1.0000
43	Waveform 1	1	5794.520593750	5794.533593750	1400.000	4000.000	1.0000
43	Spectrogram 1	1	5794.520593750	5794.533593750	1400.000	4000.000	1.0000
44	Waveform 1	1	5841.409968750	5841.418093750	1400.000	4000.000	1.0000
44	Spectrogram 1	1	5841.409968750	5841.418093750	1400.000	4000.000	1.0000
45	Waveform 1	1	5942.610093750	5942.623093750	1400.000	4000.000	1.0000
45	Spectrogram 1	1	5942.610093750	5942.623093750	1400.000	4000.000	1.0000
46	Waveform 1	1	5950.530343750	5950.544968750	1400.000	4000.000	1.0000
46	Spectrogram 1	1	5950.530343750	5950.544968750	1400.000	4000.000	1.0000
47	Waveform 1	1	5979.426093750	5979.439093750	1400.000	4000.000	1.0000
47	Spectrogram 1	1	5979.426093750	5979.439093750	1400.000	4000.000	1.0000
48	Waveform 1	1	5987.518593750	5987.533218750	1400.000	4000.000	1.0000
48	Spectrogram 1	1	5987.518593750	5987.533218750	1400.000	4000.000	1.0000
49	Waveform 1	1	6101.083343750	6101.099593750	1400.000	4000.000	1.0000
49	Spectrogram 1	1	6101.083343750	6101.099593750	1400.000	4000.000	1.0000
50	Waveform 1	1	6595.466843750	6595.474968750	1400.000	4000.000	1.0000
50	Spectrogram 1	1	6595.466843750	6595.474968750	1400.000	4000.000	1.0000
51	Waveform 1	1	7284.037843750	7284.045968750	1400.000	4000.000	1.0000
51	Spectrogram 1	1	7284.037843750	7284.045968750	1400.000	4000.000	1.0000
52	Waveform 1	1	7313.388593750	7313.396718750	1400.000	4000.000	1.0000
52	Spectrogram 1	1	7313.388593750	7313.396718750	1400.000	4000.000	1.0000
53	Waveform 1	1	7380.320718750	7380.332093750	1400.000	4000.000	1.0000
53	Spectrogram 1	1	7380.320718750	7380.332093750	1400.000	4000.000	1.0000
54	Waveform 1	1	7385.970843750	7385.985468750	1400.000	4000.000	1.0000
54	Spectrogram 1	1	7385.970843750	7385.985468750	1400.000	4000.000	1.0000
55	Waveform 1	1	7463.689718750	7463.702718750	1400.000	4000.000	1.0000
55	Spectrogram 1	1	7463.689718750	7463.702718750	1400.000	4000.000	1.0000
56	Waveform 1	1	7482.814343750	7482.833843750	1400.000	4000.000	1.0000
56	Spectrogram 1	1	7482.814343750	7482.833843750	1400.000	4000.000	1.0000
57	Waveform 1	1	7483.334343750	7483.352218750	1400.000	4000.000	1.0000
57	Spectrogram 1	1	7483.334343750	7483.352218750	1400.000	4000.000	1.0000
58	Waveform 1	1	7536.107843750	7536.130593750	1400.000	4000.000	1.0000
58	Spectrogram 1	1	7536.107843750	7536.130593750	1400.000	4000.000	1.0000
59	Waveform 1	1	7612.380468750	7612.395093750	1400.000	4000.000	1.0000
59	Spectrogram 1	1	7612.380468750	7612.395093750	1400.000	4000.000	1.0000
60	Waveform 1	1	7652.906343750	7652.916093750	1400.000	4000.000	1.0000
60	Spectrogram 1	1	7652.906343750	7652.916093750	1400.000	4000.000	1.0000
61	Waveform 1	1	7692.882968750	7692.894343750	1400.000	4000.000	1.0000
61	Spectrogram 1	1	7692.882968750	7692.894343750	1400.000	4000.000	1.0000
62	Waveform 1	1	7698.887343750	7698.895468750	1400.000	4000.000	1.0000
62	Spectrogram 1	1	7698.887343750	7698.895468750	1400.000	4000.000	1.0000
63	Waveform 1	1	7812.526843750	7812.559343750	1400.000	4000.000	1.0000
63	Spectrogram 1	1	7812.526843750	7812.559343750	1400.000	4000.000	1.0000
64	Waveform 1	1	7813.103718750	7813.118343750	1400.000	4000.000	1.0000
64	Spectrogram 1	1	7813.103718750	7813.118343750	1400.000	4000.000	1.0000
65	Waveform 1	1	7840.743343750	7840.761218750	1400.000	4000.000	1.0000
65	Spectrogram 1	1	7840.743343750	7840.761218750	1400.000	4000.000	1.0000
66	Waveform 1	1	7866.218468750	7866.246093750	1400.000	4000.000	1.0000
66	Spectrogram 1	1	7866.218468750	7866.246093750	1400.000	4000.000	1.0000
67	Waveform 1	1	7893.113843750	7893.121968750	1400.000	4000.000	1.0000
67	Spectrogram 1	1	7893.113843750	7893.121968750	1400.000	4000.000	1.0000
68	Waveform 1	1	7909.212718750	7909.230593750	1400.000	4000.000	1.0000
68	Spectrogram 1	1	7909.212718750	7909.230593750	1400.000	4000.000	1.0000
69	Waveform 1	1	7926.696093750	7926.712343750	1400.000	4000.000	1.0000
69	Spectrogram 1	1	7926.696093750	7926.712343750	1400.000	4000.000	1.0000
70	Waveform 1	1	8199.614843750	8199.632718750	1400.000	4000.000	1.0000
70	Spectrogram 1	1	8199.614843750	8199.632718750	1400.000	4000.000	1.0000
71	Waveform 1	1	8199.700968750	8199.713968750	1400.000	4000.000	1.0000
71	Spectrogram 1	1	8199.700968750	8199.713968750	1400.000	4000.000	1.0000
72	Waveform 1	1	8200.030843750	8200.060093750	1400.000	4000.000	1.0000
72	Spectrogram 1	1	8200.030843750	8200.060093750	1400.000	4000.000	1.0000
73	Waveform 1	1	8277.249218750	8277.273593750	1400.000	4000.000	1.0000
73	Spectrogram 1	1	8277.249218750	8277.273593750	1400.000	4000.000	1.0000
74	Waveform 1	1	8299.867593750	8299.883843750	1400.000	4000.000	1.0000
74	Spectrogram 1	1	8299.867593750	8299.883843750	1400.000	4000.000	1.0000
75	Waveform 1	1	8347.046218750	8347.067343750	1400.000	4000.000	1.0000
75	Spectrogram 1	1	8347.046218750	8347.067343750	1400.000	4000.000	1.0000
76	Waveform 1	1	8497.240093750	8497.249843750	1400.000	4000.000	1.0000
76	Spectrogram 1	1	8497.240093750	8497.249843750	1400.000	4000.000	1.0000
77	Waveform 1	1	8504.276343750	8504.299093750	1400.000	4000.000	1.0000
77	Spectrogram 1	1	8504.276343750	8504.299093750	1400.000	4000.000	1.0000
78	Waveform 1	1	8504.867843750	8504.875968750	1400.000	4000.000	1.0000
78	Spectrogram 1	1	8504.867843750	8504.875968750	1400.000	4000.000	1.0000
79	Waveform 1	1	8577.515093750	8577.532968750	1400.000	4000.000	1.0000
79	Spectrogram 1	1	8577.515093750	8577.532968750	1400.000	4000.000	1.0000
80	Waveform 1	1	8675.120718750	8675.143468750	1400.000	4000.000	1.0000
80	Spectrogram 1	1	8675.120718750	8675.143468750	1400.000	4000.000	1.0000
81	Waveform 1	1	8837.419218750	8837.437093750	1400.000	4000.000	1.0000
81	Spectrogram 1	1	8837.419218750	8837.437093750	1400.000	4000.000	1.0000
82	Waveform 1	1	9059.467343750	9059.488468750	1400.000	4000.000	1.0000
82	Spectrogram 1	1	9059.467343750	9059.488468750	1400.000	4000.000	1.0000
83	Waveform 1	1	9255.567468750	9255.577218750	1400.000	4000.000	1.0000
83	Spectrogram 1	1	9255.567468750	9255.577218750	1400.000	4000.000	1.0000
84	Waveform 1	1	9356.965843750	9356.988593750	1400.000	4000.000	1.0000
84	Spectrogram 1	1	9356.965843750	9356.988593750	1400.000	4000.000	1.0000
85	Waveform 1	1	9561.481843750	9561.496468750	1400.000	4000.000	1.0000
85	Spectrogram 1	1	9561.481843750	9561.496468750	1400.000	4000.000	1.0000
86	Waveform 1	1	9718.256968750	9718.265093750	1400.000	4000.000	1.0000
86	Spectrogram 1	1	9718.256968750	9718.265093750	1400.000	4000.000	1.0000
87	Waveform 1	1	9930.992218750	9931.014968750	1400.000	4000.000	1.0000
87	Spectrogram 1	1	9930.992218750	9931.014968750	1400.000	4000.000	1.0000
88	Waveform 1	1	9931.780343750	9931.801468750	1400.000	4000.000	1.0000
88	Spectrogram 1	1	9931.780343750	9931.801468750	1400.000	4000.000	1.0000
89	Waveform 1	1	9971.275968750	9971.297093750	1400.000	4000.000	1.0000
89	Spectrogram 1	1	9971.275968750	9971.297093750	1400.000	4000.000	1.0000
90	Waveform 1	1	9971.466093750	9971.485593750	1400.000	4000.000	1.0000
90	Spectrogram 1	1	9971.466093750	9971.485593750	1400.000	4000.000	1.0000
91	Waveform 1	1	9972.072218750	9972.091718750	1400.000	4000.000	1.0000
91	Spectrogram 1	1	9972.072218750	9972.091718750	1400.000	4000.000	1.0000
92	Waveform 1	1	10021.533968750	10021.556718750	1400.000	4000.000	1.0000
92	Spectrogram 1	1	10021.533968750	10021.556718750	1400.000	4000.000	1.0000
93	Waveform 1	1	10021.712718750	10021.725718750	1400.000	4000.000	1.0000
93	Spectrogram 1	1	10021.712718750	10021.725718750	1400.000	4000.000	1.0000
94	Waveform 1	1	10050.510968750	10050.528843750	1400.000	4000.000	1.0000
94	Spectrogram 1	1	10050.510968750	10050.528843750	1400.000	4000.000	1.0000
95	Waveform 1	1	10124.752343750	10124.778343750	1400.000	4000.000	1.0000
95	Spectrogram 1	1	10124.752343750	10124.778343750	1400.000	4000.000	1.0000
96	Waveform 1	1	10168.567218750	10168.585093750	1400.000	4000.000	1.0000
96	Spectrogram 1	1	10168.567218750	10168.585093750	1400.000	4000.000	1.0000
97	Waveform 1	1	10168.914968750	10168.934468750	1400.000	4000.000	1.0000
97	Spectrogram 1	1	10168.914968750	10168.934468750	1400.000	4000.000	1.0000
98	Waveform 1	1	10199.100968750	10199.130218750	1400.000	4000.000	1.0000
98	Spectrogram 1	1	10199.100968750	10199.130218750	1400.000	4000.000	1.0000
99	Waveform 1	1	10199.252093750	10199.263468750	1400.000	4000.000	1.0000
99	Spectrogram 1	1	10199.252093750	10199.263468750	1400.000	4000.000	1.0000
100	Waveform 1	1	10199.963843750	10199.971968750	1400.000	4000.000	1.0000
100	Spectrogram 1	1	10199.963843750	10199.971968750	1400.000	4000.000	1.0000
101	Waveform 1	1	10221.776218750	10221.784343750	1400.000	4000.000	1.0000
101	Spectrogram 1	1	10221.776218750	10221.784343750	1400.000	4000.000	1.0000
102	Waveform 1	1	10297.135593750	10297.153468750	1400.000	4000.000	1.0000
102	Spectrogram 1	1	10297.135593750	10297.153468750	1400.000	4000.000	1.0000
103	Waveform 1	1	10399.375718750	10399.395218750	1400.000	4000.000	1.0000
103	Spectrogram 1	1	10399.375718750	10399.395218750	1400.000	4000.000	1.0000
104	Waveform 1	1	10436.250218750	10436.261593750	1400.000	4000.000	1.0000
104	Spectrogram 1	1	10436.250218750	10436.261593750	1400.000	4000.000	1.0000
105	Waveform 1	1	10461.052593750	10461.068843750	1400.000	4000.000	1.0000
105	Spectrogram 1	1	10461.052593750	10461.068843750	1400.000	4000.000	1.0000
106	Waveform 1	1	10468.862343750	10468.878593750	1400.000	4000.000	1.0000
106	Spectrogram 1	1	10468.862343750	10468.878593750	1400.000	4000.000	1.0000
107	Waveform 1	1	10479.987093750	10479.998468750	1400.000	4000.000	1.0000
107	Spectrogram 1	1	10479.987093750	10479.998468750	1400.000	4000.000	1.0000
108	Waveform 1	1	10650.737218750	10650.756718750	1400.000	4000.000	1.0000
108	Spectrogram 1	1	10650.737218750	10650.756718750	1400.000	4000.000	1.0000
109	Waveform 1	1	10650.789218750	10650.803843750	1400.000	4000.000	1.0000
109	Spectrogram 1	1	10650.789218750	10650.803843750	1400.000	4000.000	1.0000
110	Waveform 1	1	10705.314468750	10705.327468750	1400.000	4000.000	1.0000
110	Spectrogram 1	1	10705.314468750	10705.327468750	1400.000	4000.000	1.0000
111	Waveform 1	1	11104.396593750	11104.420968750	1400.000	4000.000	1.0000
111	Spectrogram 1	1	11104.396593750	11104.420968750	1400.000	4000.000	1.0000
112	Waveform 1	1	11526.730843750	11526.743843750	1400.000	4000.000	1.0000
112	Spectrogram 1	1	11526.730843750	11526.743843750	1400.000	4000.000	1.0000
113	Waveform 1	1	15640.307843750	15640.317593750	1400.000	4000.000	1.0000
113	Spectrogram 1	1	15640.307843750	15640.317593750	1400.000	4000.000	1.0000
114	Waveform 1	1	17606.541593750	17606.557843750	1400.000	4000.000	1.0000
114	Spectrogram 1	1	17606.541593750	17606.557843750	1400.000	4000.000	1.0000
115	Waveform 1	1	17609.499093750	17609.529968750	1400.000	4000.000	1.0000
115	Spectrogram 1	1	17609.499093750	17609.529968750	1400.000	4000.000	1.0000
116	Waveform 1	1	17611.925218750	17611.939843750	1400.000	4000.000	1.0000
116	Spectrogram 1	1	17611.925218750	17611.939843750	1400.000	4000.000	1.0000
117	Waveform 1	1	20501.514843750	20501.526218750	1400.000	4000.000	1.0000
117	Spectrogram 1	1	20501.514843750	20501.526218750	1400.000	4000.000	1.0000
118	Waveform 1	1	25290.446718750	25290.461343750	1400.000	4000.000	1.0000
118	Spectrogram 1	1	25290.446718750	25290.461343750	1400.000	4000.000	1.0000
119	Waveform 1	1	25322.829718750	25322.837843750	1400.000	4000.000	1.0000
119	Spectrogram 1	1	25322.829718750	25322.837843750	1400.000	4000.000	1.0000
120	Waveform 1	1	25323.723468750	25323.739718750	1400.000	4000.000	1.0000
120	Spectrogram 1	1	25323.723468750	25323.739718750	1400.000	4000.000	1.0000
121	Waveform 1	1	25516.957093750	25516.979843750	1400.000	4000.000	1.0000
121	Spectrogram 1	1	25516.957093750	25516.979843750	1400.000	4000.000	1.0000
122	Waveform 1	1	25517.132593750	25517.156968750	1400.000	4000.000	1.0000
122	Spectrogram 1	1	25517.132593750	25517.156968750	1400.000	4000.000	1.0000
123	Waveform 1	1	26047.747093750	26047.768218750	1400.000	4000.000	1.0000
123	Spectrogram 1	1	26047.747093750	26047.768218750	1400.000	4000.000	1.0000
124	Waveform 1	1	26347.172843750	26347.182593750	1400.000	4000.000	1.0000
124	Spectrogram 1	1	26347.172843750	26347.182593750	1400.000	4000.000	1.0000
125	Waveform 1	1	26777.940843750	26777.966843750	1400.000	4000.000	1.0000
125	Spectrogram 1	1	26777.940843750	26777.966843750	1400.000	4000.000	1.0000
126	Waveform 1	1	26792.547968750	26792.562593750	1400.000	4000.000	1.0000
126	Spectrogram 1	1	26792.547968750	26792.562593750	1400.000	4000.000	1.0000
127	Waveform 1	1	26816.347718750	26816.363968750	1400.000	4000.000	1.0000
127	Spectrogram 1	1	26816.347718750	26816.363968750	1400.000	4000.000	1.0000
128	Waveform 1	1	27444.816468750	27444.831093750	1400.000	4000.000	1.0000
128	Spectrogram 1	1	27444.816468750	27444.831093750	1400.000	4000.000	1.0000
129	Waveform 1	1	38736.855343750	38736.869968750	1400.000	4000.000	1.0000
129	Spectrogram 1	1	38736.855343750	38736.869968750	1400.000	4000.000	1.0000
130	Waveform 1	1	45109.502468750	45109.521968750	1400.000	4000.000	1.0000
130	Spectrogram 1	1	45109.502468750	45109.521968750	1400.000	4000.000	1.0000
131	Waveform 1	1	48478.181093750	48478.190843750	1400.000	4000.000	1.0000
131	Spectrogram 1	1	48478.181093750	48478.190843750	1400.000	4000.000	1.0000
132	Waveform 1	1	52442.391343750	52442.407593750	1400.000	4000.000	1.0000
132	Spectrogram 1	1	52442.391343750	52442.407593750	1400.000	4000.000	1.0000
133	Waveform 1	1	52550.080093750	52550.091468750	1400.000	4000.000	1.0000
133	Spectrogram 1	1	52550.080093750	52550.091468750	1400.000	4000.000	1.0000
134	Waveform 1	1	52599.951343750	52599.961093750	1400.000	4000.000	1.0000
134	Spectrogram 1	1	52599.951343750	52599.961093750	1400.000	4000.000	1.0000
135	Waveform 1	1	52745.708968750	52745.718718750	1400.000	4000.000	1.0000
135	Spectrogram 1	1	52745.708968750	52745.718718750	1400.000	4000.000	1.0000
136	Waveform 1	1	52988.071218750	52988.080968750	1400.000	4000.000	1.0000
136	Spectrogram 1	1	52988.071218750	52988.080968750	1400.000	4000.000	1.0000
137	Waveform 1	1	53003.406343750	53003.419343750	1400.000	4000.000	1.0000
137	Spectrogram 1	1	53003.406343750	53003.419343750	1400.000	4000.000	1.0000
138	Waveform 1	1	53290.223718750	53290.243218750	1400.000	4000.000	1.0000
138	Spectrogram 1	1	53290.223718750	53290.243218750	1400.000	4000.000	1.0000
139	Waveform 1	1	57437.472343750	57437.490218750	1400.000	4000.000	1.0000
139	Spectrogram 1	1	57437.472343750	57437.490218750	1400.000	4000.000	1.0000
140	Waveform 1	1	58320.294218750	58320.310468750	1400.000	4000.000	1.0000
140	Spectrogram 1	1	58320.294218750	58320.310468750	1400.000	4000.000	1.0000
141	Waveform 1	1	58334.077468750	58334.090468750	1400.000	4000.000	1.0000
141	Spectrogram 1	1	58334.077468750	58334.090468750	1400.000	4000.000	1.0000
142	Waveform 1	1	58334.155468750	58334.173343750	1400.000	4000.000	1.0000
142	Spectrogram 1	1	58334.155468750	58334.173343750	1400.000	4000.000	1.0000
143	Waveform 1	1	58354.531343750	58354.555718750	1400.000	4000.000	1.0000
143	Spectrogram 1	1	58354.531343750	58354.555718750	1400.000	4000.000	1.0000
144	Waveform 1	1	58409.170343750	58409.191468750	1400.000	4000.000	1.0000
144	Spectrogram 1	1	58409.170343750	58409.191468750	1400.000	4000.000	1.0000
145	Waveform 1	1	58470.756218750	58470.775718750	1400.000	4000.000	1.0000
145	Spectrogram 1	1	58470.756218750	58470.775718750	1400.000	4000.000	1.0000
146	Waveform 1	1	58470.811468750	58470.840718750	1400.000	4000.000	1.0000
146	Spectrogram 1	1	58470.811468750	58470.840718750	1400.000	4000.000	1.0000
147	Waveform 1	1	58496.814718750	58496.829343750	1400.000	4000.000	1.0000
147	Spectrogram 1	1	58496.814718750	58496.829343750	1400.000	4000.000	1.0000
148	Waveform 1	1	58496.943093750	58496.964218750	1400.000	4000.000	1.0000
148	Spectrogram 1	1	58496.943093750	58496.964218750	1400.000	4000.000	1.0000
149	Waveform 1	1	58537.831343750	58537.845968750	1400.000	4000.000	1.0000
149	Spectrogram 1	1	58537.831343750	58537.845968750	1400.000	4000.000	1.0000
150	Waveform 1	1	58770.034093750	58770.047093750	1400.000	4000.000	1.0000
150	Spectrogram 1	1	58770.034093750	58770.047093750	1400.000	4000.000	1.0000
151	Waveform 1	1	58802.733968750	58802.755093750	1400.000	4000.000	1.0000
151	Spectrogram 1	1	58802.733968750	58802.755093750	1400.000	4000.000	1.0000
152	Waveform 1	1	59467.669343750	59467.683968750	1400.000	4000.000	1.0000
152	Spectrogram 1	1	59467.669343750	59467.683968750	1400.000	4000.000	1.0000
153	Waveform 1	1	59507.400593750	59507.421718750	1400.000	4000.000	1.0000
153	Spectrogram 1	1	59507.400593750	59507.421718750	1400.000	4000.000	1.0000
154	Waveform 1	1	61163.314593750	61163.324343750	1400.000	4000.000	1.0000
154	Spectrogram 1	1	61163.314593750	61163.324343750	1400.000	4000.000	1.0000
155	Waveform 1	1	64339.393343750	64339.401468750	1400.000	4000.000	1.0000
155	Spectrogram 1	1	64339.393343750	64339.401468750	1400.000	4000.000	1.0000
156	Waveform 1	1	64621.103343750	64621.126093750	1400.000	4000.000	1.0000
156	Spectrogram 1	1	64621.103343750	64621.126093750	1400.000	4000.000	1.0000
157	Waveform 1	1	64639.667343750	64639.693343750	1400.000	4000.000	1.0000
157	Spectrogram 1	1	64639.667343750	64639.693343750	1400.000	4000.000	1.0000
158	Waveform 1	1	64652.074218750	64652.101843750	1400.000	4000.000	1.0000
158	Spectrogram 1	1	64652.074218750	64652.101843750	1400.000	4000.000	1.0000
159	Waveform 1	1	64680.349218750	64680.358968750	1400.000	4000.000	1.0000
159	Spectrogram 1	1	64680.349218750	64680.358968750	1400.000	4000.000	1.0000
160	Waveform 1	1	64715.000718750	64715.025093750	1400.000	4000.000	1.0000
160	Spectrogram 1	1	64715.000718750	64715.025093750	1400.000	4000.000	1.0000
161	Waveform 1	1	64737.651593750	64737.684093750	1400.000	4000.000	1.0000
161	Spectrogram 1	1	64737.651593750	64737.684093750	1400.000	4000.000	1.0000
162	Waveform 1	1	64759.160093750	64759.168218750	1400.000	4000.000	1.0000
162	Spectrogram 1	1	64759.160093750	64759.168218750	1400.000	4000.000	1.0000
163	Waveform 1	1	64759.215343750	64759.228343750	1400.000	4000.000	1.0000
163	Spectrogram 1	1	64759.215343750	64759.228343750	1400.000	4000.000	1.0000
164	Waveform 1	1	64947.817718750	64947.837218750	1400.000	4000.000	1.0000
164	Spectrogram 1	1	64947.817718750	64947.837218750	1400.000	4000.000	1.0000
165	Waveform 1	1	64963.069968750	64963.079718750	1400.000	4000.000	1.0000
165	Spectrogram 1	1	64963.069968750	64963.079718750	1400.000	4000.000	1.0000
166	Waveform 1	1	64982.361968750	64982.379843750	1400.000	4000.000	1.0000
166	Spectrogram 1	1	64982.361968750	64982.379843750	1400.000	4000.000	1.0000
167	Waveform 1	1	65026.938968750	65026.963343750	1400.000	4000.000	1.0000
167	Spectrogram 1	1	65026.938968750	65026.963343750	1400.000	4000.000	1.0000
168	Waveform 1	1	65076.134218750	65076.145593750	1400.000	4000.000	1.0000
168	Spectrogram 1	1	65076.134218750	65076.145593750	1400.000	4000.000	1.0000
169	Waveform 1	1	65081.423593750	65081.439843750	1400.000	4000.000	1.0000
169	Spectrogram 1	1	65081.423593750	65081.439843750	1400.000	4000.000	1.0000
170	Waveform 1	1	65101.749093750	65101.760468750	1400.000	4000.000	1.0000
170	Spectrogram 1	1	65101.749093750	65101.760468750	1400.000	4000.000	1.0000
171	Waveform 1	1	65110.972593750	65110.985593750	1400.000	4000.000	1.0000
171	Spectrogram 1	1	65110.972593750	65110.985593750	1400.000	4000.000	1.0000
172	Waveform 1	1	65331.408718750	65331.434718750	1400.000	4000.000	1.0000
172	Spectrogram 1	1	65331.408718750	65331.434718750	1400.000	4000.000	1.0000
173	Waveform 1	1	65331.551718750	65331.564718750	1400.000	4000.000	1.0000
173	Spectrogram 1	1	65331.551718750	65331.564718750	1400.000	4000.000	1.0000
174	Waveform 1	1	65332.351218750	65332.362593750	1400.000	4000.000	1.0000
174	Spectrogram 1	1	65332.351218750	65332.362593750	1400.000	4000.000	1.0000
175	Waveform 1	1	65349.701343750	65349.715968750	1400.000	4000.000	1.0000
175	Spectrogram 1	1	65349.701343750	65349.715968750	1400.000	4000.000	1.0000
176	Waveform 1	1	65527.529968750	65527.546218750	1400.000	4000.000	1.0000
176	Spectrogram 1	1	65527.529968750	65527.546218750	1400.000	4000.000	1.0000
177	Waveform 1	1	65582.480968750	65582.492343750	1400.000	4000.000	1.0000
177	Spectrogram 1	1	65582.480968750	65582.492343750	1400.000	4000.000	1.0000
178	Waveform 1	1	65867.531968750	65867.543343750	1400.000	4000.000	1.0000
178	Spectrogram 1	1	65867.531968750	65867.543343750	1400.000	4000.000	1.0000
179	Waveform 1	1	66052.549593750	66052.569093750	1400.000	4000.000	1.0000
179	Spectrogram 1	1	66052.549593750	66052.569093750	1400.000	4000.000	1.0000
180	Waveform 1	1	66752.050343750	66752.058468750	1400.000	4000.000	1.0000
180	Spectrogram 1	1	66752.050343750	66752.058468750	1400.000	4000.000	1.0000
181	Waveform 1	1	66767.258718750	66767.271718750	1400.000	4000.000	1.0000
181	Spectrogram 1	1	66767.258718750	66767.271718750	1400.000	4000.000	1.0000
182	Waveform 1	1	66870.446218750	66870.459218750	1400.000	4000.000	1.0000
182	Spectrogram 1	1	66870.446218750	66870.459218750	1400.000	4000.000	1.0000
183	Waveform 1	1	66917.454218750	66917.463968750	1400.000	4000.000	1.0000
183	Spectrogram 1	1	66917.454218750	66917.463968750	1400.000	4000.000	1.0000
184	Waveform 1	1	66917.590718750	66917.602093750	1400.000	4000.000	1.0000
184	Spectrogram 1	1	66917.590718750	66917.602093750	1400.000	4000.000	1.0000
185	Waveform 1	1	66917.868593750	66917.876718750	1400.000	4000.000	1.0000
185	Spectrogram 1	1	66917.868593750	66917.876718750	1400.000	4000.000	1.0000
186	Waveform 1	1	66918.000218750	66918.016468750	1400.000	4000.000	1.0000
186	Spectrogram 1	1	66918.000218750	66918.016468750	1400.000	4000.000	1.0000
187	Waveform 1	1	66918.131843750	66918.149718750	1400.000	4000.000	1.0000
187	Spectrogram 1	1	66918.131843750	66918.149718750	1400.000	4000.000	1.0000
188	Waveform 1	1	66918.273218750	66918.282968750	1400.000	4000.000	1.0000
188	Spectrogram 1	1	66918.273218750	66918.282968750	1400.000	4000.000	1.0000
189	Waveform 1	1	66918.406468750	66918.425968750	1400.000	4000.000	1.0000
189	Spectrogram 1	1	66918.406468750	66918.425968750	1400.000	4000.000	1.0000
190	Waveform 1	1	66918.542968750	66918.564093750	1400.000	4000.000	1.0000
190	Spectrogram 1	1	66918.542968750	66918.564093750	1400.000	4000.000	1.0000
191	Waveform 1	1	66918.804593750	66918.820843750	1400.000	4000.000	1.0000
191	Spectrogram 1	1	66918.804593750	66918.820843750	1400.000	4000.000	1.0000
192	Waveform 1	1	66918.944343750	66918.965468750	1400.000	4000.000	1.0000
192	Spectrogram 1	1	66918.944343750	66918.965468750	1400.000	4000.000	1.0000
193	Waveform 1	1	66919.074343750	66919.097093750	1400.000	4000.000	1.0000
193	Spectrogram 1	1	66919.074343750	66919.097093750	1400.000	4000.000	1.0000
194	Waveform 1	1	66919.218968750	66919.249843750	1400.000	4000.000	1.0000
194	Spectrogram 1	1	66919.218968750	66919.249843750	1400.000	4000.000	1.0000
195	Waveform 1	1	66919.478968750	66919.503343750	1400.000	4000.000	1.0000
195	Spectrogram 1	1	66919.478968750	66919.503343750	1400.000	4000.000	1.0000
196	Waveform 1	1	66919.618718750	66919.639843750	1400.000	4000.000	1.0000
196	Spectrogram 1	1	66919.618718750	66919.639843750	1400.000	4000.000	1.0000
197	Waveform 1	1	66919.745468750	66919.769843750	1400.000	4000.000	1.0000
197	Spectrogram 1	1	66919.745468750	66919.769843750	1400.000	4000.000	1.0000
198	Waveform 1	1	66919.890093750	66919.907968750	1400.000	4000.000	1.0000
198	Spectrogram 1	1	66919.890093750	66919.907968750	1400.000	4000.000	1.0000
199	Waveform 1	1	66920.018468750	66920.042843750	1400.000	4000.000	1.0000
199	Spectrogram 1	1	66920.018468750	66920.042843750	1400.000	4000.000	1.0000
200	Waveform 1	1	66920.153343750	66920.174468750	1400.000	4000.000	1.0000
200	Spectrogram 1	1	66920.153343750	66920.174468750	1400.000	4000.000	1.0000
201	Waveform 1	1	66920.297968750	66920.309343750	1400.000	4000.000	1.0000
201	Spectrogram 1	1	66920.297968750	66920.309343750	1400.000	4000.000	1.0000
202	Waveform 1	1	66920.421468750	66920.449093750	1400.000	4000.000	1.0000
202	Spectrogram 1	1	66920.421468750	66920.449093750	1400.000	4000.000	1.0000
203	Waveform 1	1	66920.561218750	66920.585593750	1400.000	4000.000	1.0000
203	Spectrogram 1	1	66920.561218750	66920.585593750	1400.000	4000.000	1.0000
204	Waveform 1	1	66920.699343750	66920.718843750	1400.000	4000.000	1.0000
204	Spectrogram 1	1	66920.699343750	66920.718843750	1400.000	4000.000	1.0000
205	Waveform 1	1	66920.830968750	66920.848843750	1400.000	4000.000	1.0000
205	Spectrogram 1	1	66920.830968750	66920.848843750	1400.000	4000.000	1.0000
206	Waveform 1	1	66920.965843750	66920.993468750	1400.000	4000.000	1.0000
206	Spectrogram 1	1	66920.965843750	66920.993468750	1400.000	4000.000	1.0000
207	Waveform 1	1	66921.102343750	66921.121843750	1400.000	4000.000	1.0000
207	Spectrogram 1	1	66921.102343750	66921.121843750	1400.000	4000.000	1.0000
208	Waveform 1	1	66921.240468750	66921.259968750	1400.000	4000.000	1.0000
208	Spectrogram 1	1	66921.240468750	66921.259968750	1400.000	4000.000	1.0000
209	Waveform 1	1	66921.373718750	66921.396468750	1400.000	4000.000	1.0000
209	Spectrogram 1	1	66921.373718750	66921.396468750	1400.000	4000.000	1.0000
210	Waveform 1	1	66921.506968750	66921.529718750	1400.000	4000.000	1.0000
210	Spectrogram 1	1	66921.506968750	66921.529718750	1400.000	4000.000	1.0000
211	Waveform 1	1	66921.648343750	66921.664593750	1400.000	4000.000	1.0000
211	Spectrogram 1	1	66921.648343750	66921.664593750	1400.000	4000.000	1.0000
212	Waveform 1	1	66921.783218750	66921.805968750	1400.000	4000.000	1.0000
212	Spectrogram 1	1	66921.783218750	66921.805968750	1400.000	4000.000	1.0000
213	Waveform 1	1	66921.921343750	66921.942468750	1400.000	4000.000	1.0000
213	Spectrogram 1	1	66921.921343750	66921.942468750	1400.000	4000.000	1.0000
214	Waveform 1	1	67012.495593750	67012.506968750	1400.000	4000.000	1.0000
214	Spectrogram 1	1	67012.495593750	67012.506968750	1400.000	4000.000	1.0000
215	Waveform 1	1	67034.808468750	67034.816593750	1400.000	4000.000	1.0000
215	Spectrogram 1	1	67034.808468750	67034.816593750	1400.000	4000.000	1.0000
216	Waveform 1	1	67071.240968750	67071.250718750	1400.000	4000.000	1.0000
216	Spectrogram 1	1	67071.240968750	67071.250718750	1400.000	4000.000	1.0000
217	Waveform 1	1	67089.707468750	67089.720468750	1400.000	4000.000	1.0000
217	Spectrogram 1	1	67089.707468750	67089.720468750	1400.000	4000.000	1.0000
218	Waveform 1	1	67138.857218750	67138.868593750	1400.000	4000.000	1.0000
218	Spectrogram 1	1	67138.857218750	67138.868593750	1400.000	4000.000	1.0000
219	Waveform 1	1	67141.817968750	67141.827718750	1400.000	4000.000	1.0000
219	Spectrogram 1	1	67141.817968750	67141.827718750	1400.000	4000.000	1.0000
220	Waveform 1	1	67142.092593750	67142.100718750	1400.000	4000.000	1.0000
220	Spectrogram 1	1	67142.092593750	67142.100718750	1400.000	4000.000	1.0000
221	Waveform 1	1	67142.225843750	67142.237218750	1400.000	4000.000	1.0000
221	Spectrogram 1	1	67142.225843750	67142.237218750	1400.000	4000.000	1.0000
222	Waveform 1	1	67142.775093750	67142.784843750	1400.000	4000.000	1.0000
222	Spectrogram 1	1	67142.775093750	67142.784843750	1400.000	4000.000	1.0000
223	Waveform 1	1	67142.906718750	67142.922968750	1400.000	4000.000	1.0000
223	Spectrogram 1	1	67142.906718750	67142.922968750	1400.000	4000.000	1.0000
224	Waveform 1	1	67143.051343750	67143.062718750	1400.000	4000.000	1.0000
224	Spectrogram 1	1	67143.051343750	67143.062718750	1400.000	4000.000	1.0000
225	Waveform 1	1	67184.012718750	67184.025718750	1400.000	4000.000	1.0000
225	Spectrogram 1	1	67184.012718750	67184.025718750	1400.000	4000.000	1.0000
226	Waveform 1	1	67212.820718750	67212.828843750	1400.000	4000.000	1.0000
226	Spectrogram 1	1	67212.820718750	67212.828843750	1400.000	4000.000	1.0000
227	Waveform 1	1	67213.228593750	67213.248093750	1400.000	4000.000	1.0000
227	Spectrogram 1	1	67213.228593750	67213.248093750	1400.000	4000.000	1.0000
228	Waveform 1	1	67213.501593750	67213.511343750	1400.000	4000.000	1.0000
228	Spectrogram 1	1	67213.501593750	67213.511343750	1400.000	4000.000	1.0000
229	Waveform 1	1	67213.638093750	67213.651093750	1400.000	4000.000	1.0000
229	Spectrogram 1	1	67213.638093750	67213.651093750	1400.000	4000.000	1.0000
230	Waveform 1	1	67214.047593750	67214.070343750	1400.000	4000.000	1.0000
230	Spectrogram 1	1	67214.047593750	67214.070343750	1400.000	4000.000	1.0000
231	Waveform 1	1	67214.881218750	67214.890968750	1400.000	4000.000	1.0000
231	Spectrogram 1	1	67214.881218750	67214.890968750	1400.000	4000.000	1.0000
232	Waveform 1	1	67241.893593750	67241.903343750	1400.000	4000.000	1.0000
232	Spectrogram 1	1	67241.893593750	67241.903343750	1400.000	4000.000	1.0000
233	Waveform 1	1	67259.840093750	67259.851468750	1400.000	4000.000	1.0000
233	Spectrogram 1	1	67259.840093750	67259.851468750	1400.000	4000.000	1.0000
234	Waveform 1	1	67283.093843750	67283.121468750	1400.000	4000.000	1.0000
234	Spectrogram 1	1	67283.093843750	67283.121468750	1400.000	4000.000	1.0000
235	Waveform 1	1	67283.506593750	67283.526093750	1400.000	4000.000	1.0000
235	Spectrogram 1	1	67283.506593750	67283.526093750	1400.000	4000.000	1.0000
236	Waveform 1	1	67283.647968750	67283.657718750	1400.000	4000.000	1.0000
236	Spectrogram 1	1	67283.647968750	67283.657718750	1400.000	4000.000	1.0000
237	Waveform 1	1	67283.782843750	67283.792593750	1400.000	4000.000	1.0000
237	Spectrogram 1	1	67283.782843750	67283.792593750	1400.000	4000.000	1.0000
238	Waveform 1	1	67283.922593750	67283.933968750	1400.000	4000.000	1.0000
238	Spectrogram 1	1	67283.922593750	67283.933968750	1400.000	4000.000	1.0000
239	Waveform 1	1	67284.468593750	67284.484843750	1400.000	4000.000	1.0000
239	Spectrogram 1	1	67284.468593750	67284.484843750	1400.000	4000.000	1.0000
240	Waveform 1	1	67284.613218750	67284.622968750	1400.000	4000.000	1.0000
240	Spectrogram 1	1	67284.613218750	67284.622968750	1400.000	4000.000	1.0000
241	Waveform 1	1	67284.746468750	67284.762718750	1400.000	4000.000	1.0000
241	Spectrogram 1	1	67284.746468750	67284.762718750	1400.000	4000.000	1.0000
242	Waveform 1	1	67284.873218750	67284.889468750	1400.000	4000.000	1.0000
242	Spectrogram 1	1	67284.873218750	67284.889468750	1400.000	4000.000	1.0000
243	Waveform 1	1	67285.155968750	67285.164093750	1400.000	4000.000	1.0000
243	Spectrogram 1	1	67285.155968750	67285.164093750	1400.000	4000.000	1.0000
244	Waveform 1	1	67298.502093750	67298.511843750	1400.000	4000.000	1.0000
244	Spectrogram 1	1	67298.502093750	67298.511843750	1400.000	4000.000	1.0000
245	Waveform 1	1	67299.189468750	67299.205718750	1400.000	4000.000	1.0000
245	Spectrogram 1	1	67299.189468750	67299.205718750	1400.000	4000.000	1.0000
246	Waveform 1	1	67299.238218750	67299.252843750	1400.000	4000.000	1.0000
246	Spectrogram 1	1	67299.238218750	67299.252843750	1400.000	4000.000	1.0000
247	Waveform 1	1	67299.590843750	67299.608718750	1400.000	4000.000	1.0000
247	Spectrogram 1	1	67299.590843750	67299.608718750	1400.000	4000.000	1.0000
248	Waveform 1	1	67301.509968750	67301.519718750	1400.000	4000.000	1.0000
248	Spectrogram 1	1	67301.509968750	67301.519718750	1400.000	4000.000	1.0000
249	Waveform 1	1	67319.760343750	67319.778218750	1400.000	4000.000	1.0000
249	Spectrogram 1	1	67319.760343750	67319.778218750	1400.000	4000.000	1.0000
250	Waveform 1	1	67319.906593750	67319.916343750	1400.000	4000.000	1.0000
250	Spectrogram 1	1	67319.906593750	67319.916343750	1400.000	4000.000	1.0000
251	Waveform 1	1	67320.036593750	67320.049593750	1400.000	4000.000	1.0000
251	Spectrogram 1	1	67320.036593750	67320.049593750	1400.000	4000.000	1.0000
252	Waveform 1	1	67320.164968750	67320.184468750	1400.000	4000.000	1.0000
252	Spectrogram 1	1	67320.164968750	67320.184468750	1400.000	4000.000	1.0000
253	Waveform 1	1	67320.576093750	67320.603718750	1400.000	4000.000	1.0000
253	Spectrogram 1	1	67320.576093750	67320.603718750	1400.000	4000.000	1.0000
254	Waveform 1	1	67320.710968750	67320.733718750	1400.000	4000.000	1.0000
254	Spectrogram 1	1	67320.710968750	67320.733718750	1400.000	4000.000	1.0000
255	Waveform 1	1	67320.847468750	67320.865343750	1400.000	4000.000	1.0000
255	Spectrogram 1	1	67320.847468750	67320.865343750	1400.000	4000.000	1.0000
256	Waveform 1	1	67321.122093750	67321.144843750	1400.000	4000.000	1.0000
256	Spectrogram 1	1	67321.122093750	67321.144843750	1400.000	4000.000	1.0000
257	Waveform 1	1	67321.256968750	67321.276468750	1400.000	4000.000	1.0000
257	Spectrogram 1	1	67321.256968750	67321.276468750	1400.000	4000.000	1.0000
258	Waveform 1	1	67321.393468750	67321.424343750	1400.000	4000.000	1.0000
258	Spectrogram 1	1	67321.393468750	67321.424343750	1400.000	4000.000	1.0000
259	Waveform 1	1	67321.531593750	67321.551093750	1400.000	4000.000	1.0000
259	Spectrogram 1	1	67321.531593750	67321.551093750	1400.000	4000.000	1.0000
260	Waveform 1	1	67321.674593750	67321.694093750	1400.000	4000.000	1.0000
260	Spectrogram 1	1	67321.674593750	67321.694093750	1400.000	4000.000	1.0000
261	Waveform 1	1	67321.804593750	67321.830593750	1400.000	4000.000	1.0000
261	Spectrogram 1	1	67321.804593750	67321.830593750	1400.000	4000.000	1.0000
262	Waveform 1	1	67321.939468750	67321.970343750	1400.000	4000.000	1.0000
262	Spectrogram 1	1	67321.939468750	67321.970343750	1400.000	4000.000	1.0000
263	Waveform 1	1	67322.079218750	67322.101968750	1400.000	4000.000	1.0000
263	Spectrogram 1	1	67322.079218750	67322.101968750	1400.000	4000.000	1.0000
264	Waveform 1	1	67322.215718750	67322.240093750	1400.000	4000.000	1.0000
264	Spectrogram 1	1	67322.215718750	67322.240093750	1400.000	4000.000	1.0000
265	Waveform 1	1	67322.353843750	67322.383093750	1400.000	4000.000	1.0000
265	Spectrogram 1	1	67322.353843750	67322.383093750	1400.000	4000.000	1.0000
266	Waveform 1	1	67322.490343750	67322.521218750	1400.000	4000.000	1.0000
266	Spectrogram 1	1	67322.490343750	67322.521218750	1400.000	4000.000	1.0000
267	Waveform 1	1	67322.625218750	67322.649593750	1400.000	4000.000	1.0000
267	Spectrogram 1	1	67322.625218750	67322.649593750	1400.000	4000.000	1.0000
268	Waveform 1	1	67322.768218750	67322.786093750	1400.000	4000.000	1.0000
268	Spectrogram 1	1	67322.768218750	67322.786093750	1400.000	4000.000	1.0000
269	Waveform 1	1	67322.901468750	67322.929093750	1400.000	4000.000	1.0000
269	Spectrogram 1	1	67322.901468750	67322.929093750	1400.000	4000.000	1.0000
270	Waveform 1	1	67323.044468750	67323.065593750	1400.000	4000.000	1.0000
270	Spectrogram 1	1	67323.044468750	67323.065593750	1400.000	4000.000	1.0000
271	Waveform 1	1	67323.177718750	67323.198843750	1400.000	4000.000	1.0000
271	Spectrogram 1	1	67323.177718750	67323.198843750	1400.000	4000.000	1.0000
272	Waveform 1	1	67323.314218750	67323.341843750	1400.000	4000.000	1.0000
272	Spectrogram 1	1	67323.314218750	67323.341843750	1400.000	4000.000	1.0000
273	Waveform 1	1	67323.590468750	67323.609968750	1400.000	4000.000	1.0000
273	Spectrogram 1	1	67323.590468750	67323.609968750	1400.000	4000.000	1.0000
274	Waveform 1	1	67324.008093750	67324.016218750	1400.000	4000.000	1.0000
274	Spectrogram 1	1	67324.008093750	67324.016218750	1400.000	4000.000	1.0000
275	Waveform 1	1	67331.999843750	67332.009593750	1400.000	4000.000	1.0000
275	Spectrogram 1	1	67331.999843750	67332.009593750	1400.000	4000.000	1.0000
276	Waveform 1	1	67337.505343750	67337.523218750	1400.000	4000.000	1.0000
276	Spectrogram 1	1	67337.505343750	67337.523218750	1400.000	4000.000	1.0000
277	Waveform 1	1	67338.871968750	67338.881718750	1400.000	4000.000	1.0000
277	Spectrogram 1	1	67338.871968750	67338.881718750	1400.000	4000.000	1.0000
278	Waveform 1	1	67354.478468750	67354.497968750	1400.000	4000.000	1.0000
278	Spectrogram 1	1	67354.478468750	67354.497968750	1400.000	4000.000	1.0000
279	Waveform 1	1	67354.623093750	67354.636093750	1400.000	4000.000	1.0000
279	Spectrogram 1	1	67354.623093750	67354.636093750	1400.000	4000.000	1.0000
280	Waveform 1	1	67354.896093750	67354.904218750	1400.000	4000.000	1.0000
280	Spectrogram 1	1	67354.896093750	67354.904218750	1400.000	4000.000	1.0000
281	Waveform 1	1	67355.175593750	67355.185343750	1400.000	4000.000	1.0000
281	Spectrogram 1	1	67355.175593750	67355.185343750	1400.000	4000.000	1.0000
282	Waveform 1	1	67355.446968750	67355.468093750	1400.000	4000.000	1.0000
282	Spectrogram 1	1	67355.446968750	67355.468093750	1400.000	4000.000	1.0000
283	Waveform 1	1	67381.323468750	67381.336468750	1400.000	4000.000	1.0000
283	Spectrogram 1	1	67381.323468750	67381.336468750	1400.000	4000.000	1.0000
284	Waveform 1	1	67398.143843750	67398.151968750	1400.000	4000.000	1.0000
284	Spectrogram 1	1	67398.143843750	67398.151968750	1400.000	4000.000	1.0000
285	Waveform 1	1	67398.285218750	67398.296593750	1400.000	4000.000	1.0000
285	Spectrogram 1	1	67398.285218750	67398.296593750	1400.000	4000.000	1.0000
286	Waveform 1	1	67399.364218750	67399.386968750	1400.000	4000.000	1.0000
286	Spectrogram 1	1	67399.364218750	67399.386968750	1400.000	4000.000	1.0000
287	Waveform 1	1	67399.544593750	67399.564093750	1400.000	4000.000	1.0000
287	Spectrogram 1	1	67399.544593750	67399.564093750	1400.000	4000.000	1.0000
288	Waveform 1	1	67399.687593750	67399.698968750	1400.000	4000.000	1.0000
288	Spectrogram 1	1	67399.687593750	67399.698968750	1400.000	4000.000	1.0000
289	Waveform 1	1	67399.781843750	67399.796468750	1400.000	4000.000	1.0000
289	Spectrogram 1	1	67399.781843750	67399.796468750	1400.000	4000.000	1.0000
290	Waveform 1	1	67400.127968750	67400.140968750	1400.000	4000.000	1.0000
290	Spectrogram 1	1	67400.127968750	67400.140968750	1400.000	4000.000	1.0000
291	Waveform 1	1	67400.480593750	67400.495218750	1400.000	4000.000	1.0000
291	Spectrogram 1	1	67400.480593750	67400.495218750	1400.000	4000.000	1.0000
292	Waveform 1	1	67401.686343750	67401.713968750	1400.000	4000.000	1.0000
292	Spectrogram 1	1	67401.686343750	67401.713968750	1400.000	4000.000	1.0000
293	Waveform 1	1	67401.832593750	67401.850468750	1400.000	4000.000	1.0000
293	Spectrogram 1	1	67401.832593750	67401.850468750	1400.000	4000.000	1.0000
294	Waveform 1	1	67401.960968750	67401.973968750	1400.000	4000.000	1.0000
294	Spectrogram 1	1	67401.960968750	67401.973968750	1400.000	4000.000	1.0000
295	Waveform 1	1	67402.110468750	67402.123468750	1400.000	4000.000	1.0000
295	Spectrogram 1	1	67402.110468750	67402.123468750	1400.000	4000.000	1.0000
296	Waveform 1	1	67404.169343750	67404.180718750	1400.000	4000.000	1.0000
296	Spectrogram 1	1	67404.169343750	67404.180718750	1400.000	4000.000	1.0000
297	Waveform 1	1	67404.343218750	67404.354593750	1400.000	4000.000	1.0000
297	Spectrogram 1	1	67404.343218750	67404.354593750	1400.000	4000.000	1.0000
298	Waveform 1	1	67405.038718750	67405.054968750	1400.000	4000.000	1.0000
298	Spectrogram 1	1	67405.038718750	67405.054968750	1400.000	4000.000	1.0000
299	Waveform 1	1	67405.405968750	67405.414093750	1400.000	4000.000	1.0000
299	Spectrogram 1	1	67405.405968750	67405.414093750	1400.000	4000.000	1.0000
300	Waveform 1	1	67405.532718750	67405.555468750	1400.000	4000.000	1.0000
300	Spectrogram 1	1	67405.532718750	67405.555468750	1400.000	4000.000	1.0000
301	Waveform 1	1	67405.724468750	67405.740718750	1400.000	4000.000	1.0000
301	Spectrogram 1	1	67405.724468750	67405.740718750	1400.000	4000.000	1.0000
302	Waveform 1	1	67405.882093750	67405.890218750	1400.000	4000.000	1.0000
302	Spectrogram 1	1	67405.882093750	67405.890218750	1400.000	4000.000	1.0000
303	Waveform 1	1	67406.221718750	67406.241218750	1400.000	4000.000	1.0000
303	Spectrogram 1	1	67406.221718750	67406.241218750	1400.000	4000.000	1.0000
304	Waveform 1	1	67406.665343750	67406.684843750	1400.000	4000.000	1.0000
304	Spectrogram 1	1	67406.665343750	67406.684843750	1400.000	4000.000	1.0000
305	Waveform 1	1	67407.352718750	67407.362468750	1400.000	4000.000	1.0000
305	Spectrogram 1	1	67407.352718750	67407.362468750	1400.000	4000.000	1.0000
306	Waveform 1	1	67408.374843750	67408.384593750	1400.000	4000.000	1.0000
306	Spectrogram 1	1	67408.374843750	67408.384593750	1400.000	4000.000	1.0000
307	Waveform 1	1	67408.724218750	67408.748593750	1400.000	4000.000	1.0000
307	Spectrogram 1	1	67408.724218750	67408.748593750	1400.000	4000.000	1.0000
308	Waveform 1	1	67409.068718750	67409.081718750	1400.000	4000.000	1.0000
308	Spectrogram 1	1	67409.068718750	67409.081718750	1400.000	4000.000	1.0000
309	Waveform 1	1	67409.158093750	67409.169468750	1400.000	4000.000	1.0000
309	Spectrogram 1	1	67409.158093750	67409.169468750	1400.000	4000.000	1.0000
310	Waveform 1	1	67409.429468750	67409.448968750	1400.000	4000.000	1.0000
310	Spectrogram 1	1	67409.429468750	67409.448968750	1400.000	4000.000	1.0000
311	Waveform 1	1	67410.139593750	67410.155843750	1400.000	4000.000	1.0000
311	Spectrogram 1	1	67410.139593750	67410.155843750	1400.000	4000.000	1.0000
312	Waveform 1	1	67410.579968750	67410.602718750	1400.000	4000.000	1.0000
312	Spectrogram 1	1	67410.579968750	67410.602718750	1400.000	4000.000	1.0000
313	Waveform 1	1	67410.661218750	67410.674218750	1400.000	4000.000	1.0000
313	Spectrogram 1	1	67410.661218750	67410.674218750	1400.000	4000.000	1.0000
314	Waveform 1	1	67410.742468750	67410.753843750	1400.000	4000.000	1.0000
314	Spectrogram 1	1	67410.742468750	67410.753843750	1400.000	4000.000	1.0000
315	Waveform 1	1	67411.353468750	67411.364843750	1400.000	4000.000	1.0000
315	Spectrogram 1	1	67411.353468750	67411.364843750	1400.000	4000.000	1.0000
316	Waveform 1	1	67411.762968750	67411.771093750	1400.000	4000.000	1.0000
316	Spectrogram 1	1	67411.762968750	67411.771093750	1400.000	4000.000	1.0000
317	Waveform 1	1	67412.729843750	67412.746093750	1400.000	4000.000	1.0000
317	Spectrogram 1	1	67412.729843750	67412.746093750	1400.000	4000.000	1.0000
318	Waveform 1	1	67413.079218750	67413.087343750	1400.000	4000.000	1.0000
318	Spectrogram 1	1	67413.079218750	67413.087343750	1400.000	4000.000	1.0000
319	Waveform 1	1	67413.275843750	67413.287218750	1400.000	4000.000	1.0000
319	Spectrogram 1	1	67413.275843750	67413.287218750	1400.000	4000.000	1.0000
320	Waveform 1	1	67413.415593750	67413.428593750	1400.000	4000.000	1.0000
320	Spectrogram 1	1	67413.415593750	67413.428593750	1400.000	4000.000	1.0000
321	Waveform 1	1	67414.439343750	67414.453968750	1400.000	4000.000	1.0000
321	Spectrogram 1	1	67414.439343750	67414.453968750	1400.000	4000.000	1.0000
322	Waveform 1	1	67415.596343750	67415.612593750	1400.000	4000.000	1.0000
322	Spectrogram 1	1	67415.596343750	67415.612593750	1400.000	4000.000	1.0000
323	Waveform 1	1	67415.867718750	67415.887218750	1400.000	4000.000	1.0000
323	Spectrogram 1	1	67415.867718750	67415.887218750	1400.000	4000.000	1.0000
324	Waveform 1	1	67416.007468750	67416.023718750	1400.000	4000.000	1.0000
324	Spectrogram 1	1	67416.007468750	67416.023718750	1400.000	4000.000	1.0000
325	Waveform 1	1	67416.551843750	67416.559968750	1400.000	4000.000	1.0000
325	Spectrogram 1	1	67416.551843750	67416.559968750	1400.000	4000.000	1.0000
326	Waveform 1	1	67416.681843750	67416.704593750	1400.000	4000.000	1.0000
326	Spectrogram 1	1	67416.681843750	67416.704593750	1400.000	4000.000	1.0000
327	Waveform 1	1	67416.821593750	67416.837843750	1400.000	4000.000	1.0000
327	Spectrogram 1	1	67416.821593750	67416.837843750	1400.000	4000.000	1.0000
328	Waveform 1	1	67416.873593750	67416.884968750	1400.000	4000.000	1.0000
328	Spectrogram 1	1	67416.873593750	67416.884968750	1400.000	4000.000	1.0000
329	Waveform 1	1	67416.951593750	67416.975968750	1400.000	4000.000	1.0000
329	Spectrogram 1	1	67416.951593750	67416.975968750	1400.000	4000.000	1.0000
330	Waveform 1	1	67417.549593750	67417.569093750	1400.000	4000.000	1.0000
330	Spectrogram 1	1	67417.549593750	67417.569093750	1400.000	4000.000	1.0000
331	Waveform 1	1	67417.632468750	67417.651968750	1400.000	4000.000	1.0000
331	Spectrogram 1	1	67417.632468750	67417.651968750	1400.000	4000.000	1.0000
332	Waveform 1	1	67417.773843750	67417.801468750	1400.000	4000.000	1.0000
332	Spectrogram 1	1	67417.773843750	67417.801468750	1400.000	4000.000	1.0000
333	Waveform 1	1	67417.911968750	67417.934718750	1400.000	4000.000	1.0000
333	Spectrogram 1	1	67417.911968750	67417.934718750	1400.000	4000.000	1.0000
334	Waveform 1	1	67418.040343750	67418.071218750	1400.000	4000.000	1.0000
334	Spectrogram 1	1	67418.040343750	67418.071218750	1400.000	4000.000	1.0000
335	Waveform 1	1	67418.188218750	67418.215843750	1400.000	4000.000	1.0000
335	Spectrogram 1	1	67418.188218750	67418.215843750	1400.000	4000.000	1.0000
336	Waveform 1	1	67418.259718750	67418.272718750	1400.000	4000.000	1.0000
336	Spectrogram 1	1	67418.259718750	67418.272718750	1400.000	4000.000	1.0000
337	Waveform 1	1	67418.337718750	67418.353968750	1400.000	4000.000	1.0000
337	Spectrogram 1	1	67418.337718750	67418.353968750	1400.000	4000.000	1.0000
338	Waveform 1	1	67418.457968750	67418.474218750	1400.000	4000.000	1.0000
338	Spectrogram 1	1	67418.457968750	67418.474218750	1400.000	4000.000	1.0000
339	Waveform 1	1	67418.735843750	67418.760218750	1400.000	4000.000	1.0000
339	Spectrogram 1	1	67418.735843750	67418.760218750	1400.000	4000.000	1.0000
340	Waveform 1	1	67419.285093750	67419.293218750	1400.000	4000.000	1.0000
340	Spectrogram 1	1	67419.285093750	67419.293218750	1400.000	4000.000	1.0000
341	Waveform 1	1	67419.431343750	67419.445968750	1400.000	4000.000	1.0000
341	Spectrogram 1	1	67419.431343750	67419.445968750	1400.000	4000.000	1.0000
342	Waveform 1	1	67419.701093750	67419.709218750	1400.000	4000.000	1.0000
342	Spectrogram 1	1	67419.701093750	67419.709218750	1400.000	4000.000	1.0000
343	Waveform 1	1	67419.991968750	67420.006593750	1400.000	4000.000	1.0000
343	Spectrogram 1	1	67419.991968750	67420.006593750	1400.000	4000.000	1.0000
344	Waveform 1	1	67420.247093750	67420.269843750	1400.000	4000.000	1.0000
344	Spectrogram 1	1	67420.247093750	67420.269843750	1400.000	4000.000	1.0000
345	Waveform 1	1	67420.388468750	67420.411218750	1400.000	4000.000	1.0000
345	Spectrogram 1	1	67420.388468750	67420.411218750	1400.000	4000.000	1.0000
346	Waveform 1	1	67420.658218750	67420.679343750	1400.000	4000.000	1.0000
346	Spectrogram 1	1	67420.658218750	67420.679343750	1400.000	4000.000	1.0000
347	Waveform 1	1	67421.475593750	67421.498343750	1400.000	4000.000	1.0000
347	Spectrogram 1	1	67421.475593750	67421.498343750	1400.000	4000.000	1.0000
348	Waveform 1	1	67425.122093750	67425.131843750	1400.000	4000.000	1.0000
348	Spectrogram 1	1	67425.122093750	67425.131843750	1400.000	4000.000	1.0000
349	Waveform 1	1	67429.694843750	67429.717593750	1400.000	4000.000	1.0000
349	Spectrogram 1	1	67429.694843750	67429.717593750	1400.000	4000.000	1.0000
350	Waveform 1	1	67429.789093750	67429.806968750	1400.000	4000.000	1.0000
350	Spectrogram 1	1	67429.789093750	67429.806968750	1400.000	4000.000	1.0000
351	Waveform 1	1	67429.920718750	67429.945093750	1400.000	4000.000	1.0000
351	Spectrogram 1	1	67429.920718750	67429.945093750	1400.000	4000.000	1.0000
352	Waveform 1	1	67430.335093750	67430.343218750	1400.000	4000.000	1.0000
352	Spectrogram 1	1	67430.335093750	67430.343218750	1400.000	4000.000	1.0000
353	Waveform 1	1	67430.884343750	67430.900593750	1400.000	4000.000	1.0000
353	Spectrogram 1	1	67430.884343750	67430.900593750	1400.000	4000.000	1.0000
354	Waveform 1	1	67433.094343750	67433.104093750	1400.000	4000.000	1.0000
354	Spectrogram 1	1	67433.094343750	67433.104093750	1400.000	4000.000	1.0000
355	Waveform 1	1	67433.505468750	67433.520093750	1400.000	4000.000	1.0000
355	Spectrogram 1	1	67433.505468750	67433.520093750	1400.000	4000.000	1.0000
356	Waveform 1	1	67437.015468750	67437.044718750	1400.000	4000.000	1.0000
356	Spectrogram 1	1	67437.015468750	67437.044718750	1400.000	4000.000	1.0000
357	Waveform 1	1	67437.160093750	67437.168218750	1400.000	4000.000	1.0000
357	Spectrogram 1	1	67437.160093750	67437.168218750	1400.000	4000.000	1.0000
358	Waveform 1	1	67437.290093750	67437.306343750	1400.000	4000.000	1.0000
358	Spectrogram 1	1	67437.290093750	67437.306343750	1400.000	4000.000	1.0000
359	Waveform 1	1	67437.426593750	67437.439593750	1400.000	4000.000	1.0000
359	Spectrogram 1	1	67437.426593750	67437.439593750	1400.000	4000.000	1.0000
360	Waveform 1	1	67437.842593750	67437.850718750	1400.000	4000.000	1.0000
360	Spectrogram 1	1	67437.842593750	67437.850718750	1400.000	4000.000	1.0000
361	Waveform 1	1	67438.107468750	67438.120468750	1400.000	4000.000	1.0000
361	Spectrogram 1	1	67438.107468750	67438.120468750	1400.000	4000.000	1.0000
362	Waveform 1	1	67438.380468750	67438.398343750	1400.000	4000.000	1.0000
362	Spectrogram 1	1	67438.380468750	67438.398343750	1400.000	4000.000	1.0000
363	Waveform 1	1	67438.791593750	67438.806218750	1400.000	4000.000	1.0000
363	Spectrogram 1	1	67438.791593750	67438.806218750	1400.000	4000.000	1.0000
364	Waveform 1	1	67439.477343750	67439.493593750	1400.000	4000.000	1.0000
364	Spectrogram 1	1	67439.477343750	67439.493593750	1400.000	4000.000	1.0000
365	Waveform 1	1	67450.411968750	67450.424968750	1400.000	4000.000	1.0000
365	Spectrogram 1	1	67450.411968750	67450.424968750	1400.000	4000.000	1.0000
366	Waveform 1	1	67450.582593750	67450.592343750	1400.000	4000.000	1.0000
366	Spectrogram 1	1	67450.582593750	67450.592343750	1400.000	4000.000	1.0000
367	Waveform 1	1	67450.944968750	67450.969343750	1400.000	4000.000	1.0000
367	Spectrogram 1	1	67450.944968750	67450.969343750	1400.000	4000.000	1.0000
368	Waveform 1	1	67452.064593750	67452.080843750	1400.000	4000.000	1.0000
368	Spectrogram 1	1	67452.064593750	67452.080843750	1400.000	4000.000	1.0000
369	Waveform 1	1	67452.205968750	67452.217343750	1400.000	4000.000	1.0000
369	Spectrogram 1	1	67452.205968750	67452.217343750	1400.000	4000.000	1.0000
370	Waveform 1	1	67452.483843750	67452.495218750	1400.000	4000.000	1.0000
370	Spectrogram 1	1	67452.483843750	67452.495218750	1400.000	4000.000	1.0000
371	Waveform 1	1	67453.463718750	67453.471843750	1400.000	4000.000	1.0000
371	Spectrogram 1	1	67453.463718750	67453.471843750	1400.000	4000.000	1.0000
372	Waveform 1	1	67467.230718750	67467.245343750	1400.000	4000.000	1.0000
372	Spectrogram 1	1	67467.230718750	67467.245343750	1400.000	4000.000	1.0000
373	Waveform 1	1	67467.914843750	67467.926218750	1400.000	4000.000	1.0000
373	Spectrogram 1	1	67467.914843750	67467.926218750	1400.000	4000.000	1.0000
374	Waveform 1	1	67468.325968750	67468.342218750	1400.000	4000.000	1.0000
374	Spectrogram 1	1	67468.325968750	67468.342218750	1400.000	4000.000	1.0000
375	Waveform 1	1	67469.133593750	67469.141718750	1400.000	4000.000	1.0000
375	Spectrogram 1	1	67469.133593750	67469.141718750	1400.000	4000.000	1.0000
376	Waveform 1	1	67476.670343750	67476.681718750	1400.000	4000.000	1.0000
376	Spectrogram 1	1	67476.670343750	67476.681718750	1400.000	4000.000	1.0000
377	Waveform 1	1	67478.339218750	67478.352218750	1400.000	4000.000	1.0000
377	Spectrogram 1	1	67478.339218750	67478.352218750	1400.000	4000.000	1.0000
378	Waveform 1	1	67479.562843750	67479.574218750	1400.000	4000.000	1.0000
378	Spectrogram 1	1	67479.562843750	67479.574218750	1400.000	4000.000	1.0000
379	Waveform 1	1	67481.904468750	67481.922343750	1400.000	4000.000	1.0000
379	Spectrogram 1	1	67481.904468750	67481.922343750	1400.000	4000.000	1.0000
380	Waveform 1	1	67482.687718750	67482.699093750	1400.000	4000.000	1.0000
380	Spectrogram 1	1	67482.687718750	67482.699093750	1400.000	4000.000	1.0000
381	Waveform 1	1	67483.233718750	67483.246718750	1400.000	4000.000	1.0000
381	Spectrogram 1	1	67483.233718750	67483.246718750	1400.000	4000.000	1.0000
382	Waveform 1	1	67483.368593750	67483.383218750	1400.000	4000.000	1.0000
382	Spectrogram 1	1	67483.368593750	67483.383218750	1400.000	4000.000	1.0000
383	Waveform 1	1	67489.772718750	67489.795468750	1400.000	4000.000	1.0000
383	Spectrogram 1	1	67489.772718750	67489.795468750	1400.000	4000.000	1.0000
384	Waveform 1	1	67491.958343750	67491.966468750	1400.000	4000.000	1.0000
384	Spectrogram 1	1	67491.958343750	67491.966468750	1400.000	4000.000	1.0000
385	Waveform 1	1	67492.895968750	67492.912218750	1400.000	4000.000	1.0000
385	Spectrogram 1	1	67492.895968750	67492.912218750	1400.000	4000.000	1.0000
386	Waveform 1	1	67493.159218750	67493.173843750	1400.000	4000.000	1.0000
386	Spectrogram 1	1	67493.159218750	67493.173843750	1400.000	4000.000	1.0000
387	Waveform 1	1	67493.297343750	67493.307093750	1400.000	4000.000	1.0000
387	Spectrogram 1	1	67493.297343750	67493.307093750	1400.000	4000.000	1.0000
388	Waveform 1	1	67493.432218750	67493.446843750	1400.000	4000.000	1.0000
388	Spectrogram 1	1	67493.432218750	67493.446843750	1400.000	4000.000	1.0000
389	Waveform 1	1	67493.570343750	67493.586593750	1400.000	4000.000	1.0000
389	Spectrogram 1	1	67493.570343750	67493.586593750	1400.000	4000.000	1.0000
390	Waveform 1	1	67493.703593750	67493.723093750	1400.000	4000.000	1.0000
390	Spectrogram 1	1	67493.703593750	67493.723093750	1400.000	4000.000	1.0000
391	Waveform 1	1	67493.983093750	67494.000968750	1400.000	4000.000	1.0000
391	Spectrogram 1	1	67493.983093750	67494.000968750	1400.000	4000.000	1.0000
392	Waveform 1	1	67494.117968750	67494.145593750	1400.000	4000.000	1.0000
392	Spectrogram 1	1	67494.117968750	67494.145593750	1400.000	4000.000	1.0000
393	Waveform 1	1	67494.254468750	67494.282093750	1400.000	4000.000	1.0000
393	Spectrogram 1	1	67494.254468750	67494.282093750	1400.000	4000.000	1.0000
394	Waveform 1	1	67494.390968750	67494.416968750	1400.000	4000.000	1.0000
394	Spectrogram 1	1	67494.390968750	67494.416968750	1400.000	4000.000	1.0000
395	Waveform 1	1	67494.524218750	67494.546968750	1400.000	4000.000	1.0000
395	Spectrogram 1	1	67494.524218750	67494.546968750	1400.000	4000.000	1.0000
396	Waveform 1	1	67494.667218750	67494.683468750	1400.000	4000.000	1.0000
396	Spectrogram 1	1	67494.667218750	67494.683468750	1400.000	4000.000	1.0000
397	Waveform 1	1	67494.798843750	67494.828093750	1400.000	4000.000	1.0000
397	Spectrogram 1	1	67494.798843750	67494.828093750	1400.000	4000.000	1.0000
398	Waveform 1	1	67494.948343750	67494.961343750	1400.000	4000.000	1.0000
398	Spectrogram 1	1	67494.948343750	67494.961343750	1400.000	4000.000	1.0000
399	Waveform 1	1	67495.079968750	67495.101093750	1400.000	4000.000	1.0000
399	Spectrogram 1	1	67495.079968750	67495.101093750	1400.000	4000.000	1.0000
400	Waveform 1	1	67495.214843750	67495.235968750	1400.000	4000.000	1.0000
400	Spectrogram 1	1	67495.214843750	67495.235968750	1400.000	4000.000	1.0000
401	Waveform 1	1	67495.351343750	67495.374093750	1400.000	4000.000	1.0000
401	Spectrogram 1	1	67495.351343750	67495.374093750	1400.000	4000.000	1.0000
402	Waveform 1	1	67495.487843750	67495.515468750	1400.000	4000.000	1.0000
402	Spectrogram 1	1	67495.487843750	67495.515468750	1400.000	4000.000	1.0000
403	Waveform 1	1	67495.629218750	67495.653593750	1400.000	4000.000	1.0000
403	Spectrogram 1	1	67495.629218750	67495.653593750	1400.000	4000.000	1.0000
404	Waveform 1	1	67495.767343750	67495.785218750	1400.000	4000.000	1.0000
404	Spectrogram 1	1	67495.767343750	67495.785218750	1400.000	4000.000	1.0000
405	Waveform 1	1	67495.900593750	67495.923343750	1400.000	4000.000	1.0000
405	Spectrogram 1	1	67495.900593750	67495.923343750	1400.000	4000.000	1.0000
406	Waveform 1	1	67496.041968750	67496.056593750	1400.000	4000.000	1.0000
406	Spectrogram 1	1	67496.041968750	67496.056593750	1400.000	4000.000	1.0000
407	Waveform 1	1	67496.175218750	67496.197968750	1400.000	4000.000	1.0000
407	Spectrogram 1	1	67496.175218750	67496.197968750	1400.000	4000.000	1.0000
408	Waveform 1	1	67496.318218750	67496.336093750	1400.000	4000.000	1.0000
408	Spectrogram 1	1	67496.318218750	67496.336093750	1400.000	4000.000	1.0000
409	Waveform 1	1	67496.457968750	67496.472593750	1400.000	4000.000	1.0000
409	Spectrogram 1	1	67496.457968750	67496.472593750	1400.000	4000.000	1.0000
410	Waveform 1	1	67496.591218750	67496.609093750	1400.000	4000.000	1.0000
410	Spectrogram 1	1	67496.591218750	67496.609093750	1400.000	4000.000	1.0000
411	Waveform 1	1	67496.730968750	67496.747218750	1400.000	4000.000	1.0000
411	Spectrogram 1	1	67496.730968750	67496.747218750	1400.000	4000.000	1.0000
412	Waveform 1	1	67496.870718750	67496.890218750	1400.000	4000.000	1.0000
412	Spectrogram 1	1	67496.870718750	67496.890218750	1400.000	4000.000	1.0000
413	Waveform 1	1	67497.010468750	67497.028343750	1400.000	4000.000	1.0000
413	Spectrogram 1	1	67497.010468750	67497.028343750	1400.000	4000.000	1.0000
414	Waveform 1	1	67497.148593750	67497.166468750	1400.000	4000.000	1.0000
414	Spectrogram 1	1	67497.148593750	67497.166468750	1400.000	4000.000	1.0000
415	Waveform 1	1	67497.285093750	67497.304593750	1400.000	4000.000	1.0000
415	Spectrogram 1	1	67497.285093750	67497.304593750	1400.000	4000.000	1.0000
416	Waveform 1	1	67541.251093750	67541.264093750	1400.000	4000.000	1.0000
416	Spectrogram 1	1	67541.251093750	67541.264093750	1400.000	4000.000	1.0000
417	Waveform 1	1	67551.620218750	67551.638093750	1400.000	4000.000	1.0000
417	Spectrogram 1	1	67551.620218750	67551.638093750	1400.000	4000.000	1.0000
418	Waveform 1	1	67558.726343750	67558.736093750	1400.000	4000.000	1.0000
418	Spectrogram 1	1	67558.726343750	67558.736093750	1400.000	4000.000	1.0000
419	Waveform 1	1	67561.238593750	67561.249968750	1400.000	4000.000	1.0000
419	Spectrogram 1	1	67561.238593750	67561.249968750	1400.000	4000.000	1.0000
420	Waveform 1	1	67561.373468750	67561.396218750	1400.000	4000.000	1.0000
420	Spectrogram 1	1	67561.373468750	67561.396218750	1400.000	4000.000	1.0000
421	Waveform 1	1	67562.304593750	67562.314343750	1400.000	4000.000	1.0000
421	Spectrogram 1	1	67562.304593750	67562.314343750	1400.000	4000.000	1.0000
422	Waveform 1	1	67562.421593750	67562.437843750	1400.000	4000.000	1.0000
422	Spectrogram 1	1	67562.421593750	67562.437843750	1400.000	4000.000	1.0000
423	Waveform 1	1	67563.804468750	67563.817468750	1400.000	4000.000	1.0000
423	Spectrogram 1	1	67563.804468750	67563.817468750	1400.000	4000.000	1.0000
424	Waveform 1	1	67564.355343750	67564.371593750	1400.000	4000.000	1.0000
424	Spectrogram 1	1	67564.355343750	67564.371593750	1400.000	4000.000	1.0000
425	Waveform 1	1	67636.016218750	67636.027593750	1400.000	4000.000	1.0000
425	Spectrogram 1	1	67636.016218750	67636.027593750	1400.000	4000.000	1.0000
426	Waveform 1	1	67638.872968750	67638.887593750	1400.000	4000.000	1.0000
426	Spectrogram 1	1	67638.872968750	67638.887593750	1400.000	4000.000	1.0000
427	Waveform 1	1	67640.494718750	67640.507718750	1400.000	4000.000	1.0000
427	Spectrogram 1	1	67640.494718750	67640.507718750	1400.000	4000.000	1.0000
428	Waveform 1	1	67641.242218750	67641.250343750	1400.000	4000.000	1.0000
428	Spectrogram 1	1	67641.242218750	67641.250343750	1400.000	4000.000	1.0000
429	Waveform 1	1	67642.987468750	67642.998843750	1400.000	4000.000	1.0000
429	Spectrogram 1	1	67642.987468750	67642.998843750	1400.000	4000.000	1.0000
430	Waveform 1	1	67647.111718750	67647.119843750	1400.000	4000.000	1.0000
430	Spectrogram 1	1	67647.111718750	67647.119843750	1400.000	4000.000	1.0000
431	Waveform 1	1	67648.044468750	67648.054218750	1400.000	4000.000	1.0000
431	Spectrogram 1	1	67648.044468750	67648.054218750	1400.000	4000.000	1.0000
432	Waveform 1	1	67648.185843750	67648.200468750	1400.000	4000.000	1.0000
432	Spectrogram 1	1	67648.185843750	67648.200468750	1400.000	4000.000	1.0000
433	Waveform 1	1	67648.315843750	67648.325593750	1400.000	4000.000	1.0000
433	Spectrogram 1	1	67648.315843750	67648.325593750	1400.000	4000.000	1.0000
434	Waveform 1	1	67648.450718750	67648.462093750	1400.000	4000.000	1.0000
434	Spectrogram 1	1	67648.450718750	67648.462093750	1400.000	4000.000	1.0000
435	Waveform 1	1	67657.362218750	67657.370343750	1400.000	4000.000	1.0000
435	Spectrogram 1	1	67657.362218750	67657.370343750	1400.000	4000.000	1.0000
436	Waveform 1	1	67657.495468750	67657.503593750	1400.000	4000.000	1.0000
436	Spectrogram 1	1	67657.495468750	67657.503593750	1400.000	4000.000	1.0000
437	Waveform 1	1	67658.187718750	67658.207218750	1400.000	4000.000	1.0000
437	Spectrogram 1	1	67658.187718750	67658.207218750	1400.000	4000.000	1.0000
438	Waveform 1	1	67658.743468750	67658.751593750	1400.000	4000.000	1.0000
438	Spectrogram 1	1	67658.743468750	67658.751593750	1400.000	4000.000	1.0000
439	Waveform 1	1	67658.879968750	67658.899468750	1400.000	4000.000	1.0000
439	Spectrogram 1	1	67658.879968750	67658.899468750	1400.000	4000.000	1.0000
440	Waveform 1	1	67659.291093750	67659.299218750	1400.000	4000.000	1.0000
440	Spectrogram 1	1	67659.291093750	67659.299218750	1400.000	4000.000	1.0000
441	Waveform 1	1	67659.564093750	67659.577093750	1400.000	4000.000	1.0000
441	Spectrogram 1	1	67659.564093750	67659.577093750	1400.000	4000.000	1.0000
442	Waveform 1	1	67659.980093750	67659.991468750	1400.000	4000.000	1.0000
442	Spectrogram 1	1	67659.980093750	67659.991468750	1400.000	4000.000	1.0000
443	Waveform 1	1	67660.387968750	67660.404218750	1400.000	4000.000	1.0000
443	Spectrogram 1	1	67660.387968750	67660.404218750	1400.000	4000.000	1.0000
444	Waveform 1	1	67660.522843750	67660.532593750	1400.000	4000.000	1.0000
444	Spectrogram 1	1	67660.522843750	67660.532593750	1400.000	4000.000	1.0000
445	Waveform 1	1	67661.078593750	67661.106218750	1400.000	4000.000	1.0000
445	Spectrogram 1	1	67661.078593750	67661.106218750	1400.000	4000.000	1.0000
446	Waveform 1	1	67661.403593750	67661.431218750	1400.000	4000.000	0.8824
446	Spectrogram 1	1	67661.403593750	67661.431218750	1400.000	4000.000	0.8824
447	Waveform 1	1	67661.785468750	67661.798468750	1400.000	4000.000	1.0000
447	Spectrogram 1	1	67661.785468750	67661.798468750	1400.000	4000.000	1.0000
448	Waveform 1	1	67661.910593750	67661.928468750	1400.000	4000.000	1.0000
448	Spectrogram 1	1	67661.910593750	67661.928468750	1400.000	4000.000	1.0000
449	Waveform 1	1	67662.045468750	67662.060093750	1400.000	4000.000	1.0000
449	Spectrogram 1	1	67662.045468750	67662.060093750	1400.000	4000.000	1.0000
450	Waveform 1	1	67662.230718750	67662.245343750	1400.000	4000.000	1.0000
450	Spectrogram 1	1	67662.230718750	67662.245343750	1400.000	4000.000	1.0000
451	Waveform 1	1	67662.651593750	67662.664593750	1400.000	4000.000	1.0000
451	Spectrogram 1	1	67662.651593750	67662.664593750	1400.000	4000.000	1.0000
452	Waveform 1	1	67663.090343750	67663.098468750	1400.000	4000.000	1.0000
452	Spectrogram 1	1	67663.090343750	67663.098468750	1400.000	4000.000	1.0000
453	Waveform 1	1	67663.771218750	67663.780968750	1400.000	4000.000	1.0000
453	Spectrogram 1	1	67663.771218750	67663.780968750	1400.000	4000.000	1.0000
454	Waveform 1	1	67663.878468750	67663.891468750	1400.000	4000.000	1.0000
454	Spectrogram 1	1	67663.878468750	67663.891468750	1400.000	4000.000	1.0000
455	Waveform 1	1	67677.898968750	67677.913593750	1400.000	4000.000	1.0000
455	Spectrogram 1	1	67677.898968750	67677.913593750	1400.000	4000.000	1.0000
456	Waveform 1	1	67679.803468750	67679.824593750	1400.000	4000.000	1.0000
456	Spectrogram 1	1	67679.803468750	67679.824593750	1400.000	4000.000	1.0000
457	Waveform 1	1	67679.944843750	67679.965968750	1400.000	4000.000	1.0000
457	Spectrogram 1	1	67679.944843750	67679.965968750	1400.000	4000.000	1.0000
458	Waveform 1	1	67680.081343750	67680.099218750	1400.000	4000.000	1.0000
458	Spectrogram 1	1	67680.081343750	67680.099218750	1400.000	4000.000	1.0000
459	Waveform 1	1	67680.214593750	67680.237343750	1400.000	4000.000	1.0000
459	Spectrogram 1	1	67680.214593750	67680.237343750	1400.000	4000.000	1.0000
460	Waveform 1	1	67680.355968750	67680.381968750	1400.000	4000.000	1.0000
460	Spectrogram 1	1	67680.355968750	67680.381968750	1400.000	4000.000	1.0000
461	Waveform 1	1	67680.632218750	67680.656593750	1400.000	4000.000	1.0000
461	Spectrogram 1	1	67680.632218750	67680.656593750	1400.000	4000.000	1.0000
462	Waveform 1	1	67680.770343750	67680.789843750	1400.000	4000.000	1.0000
462	Spectrogram 1	1	67680.770343750	67680.789843750	1400.000	4000.000	1.0000
463	Waveform 1	1	67680.908468750	67680.932843750	1400.000	4000.000	1.0000
463	Spectrogram 1	1	67680.908468750	67680.932843750	1400.000	4000.000	1.0000
464	Waveform 1	1	67681.186343750	67681.209093750	1400.000	4000.000	1.0000
464	Spectrogram 1	1	67681.186343750	67681.209093750	1400.000	4000.000	1.0000
465	Waveform 1	1	67681.329343750	67681.348843750	1400.000	4000.000	1.0000
465	Spectrogram 1	1	67681.329343750	67681.348843750	1400.000	4000.000	1.0000
466	Waveform 1	1	67681.602343750	67681.634843750	1400.000	4000.000	1.0000
466	Spectrogram 1	1	67681.602343750	67681.634843750	1400.000	4000.000	1.0000
467	Waveform 1	1	67681.746968750	67681.759968750	1400.000	4000.000	1.0000
467	Spectrogram 1	1	67681.746968750	67681.759968750	1400.000	4000.000	1.0000
468	Waveform 1	1	67681.881843750	67681.901343750	1400.000	4000.000	1.0000
468	Spectrogram 1	1	67681.881843750	67681.901343750	1400.000	4000.000	1.0000
469	Waveform 1	1	67682.024843750	67682.045968750	1400.000	4000.000	1.0000
469	Spectrogram 1	1	67682.024843750	67682.045968750	1400.000	4000.000	1.0000
470	Waveform 1	1	67682.301093750	67682.317343750	1400.000	4000.000	1.0000
470	Spectrogram 1	1	67682.301093750	67682.317343750	1400.000	4000.000	1.0000
471	Waveform 1	1	67729.812843750	67729.820968750	1400.000	4000.000	1.0000
471	Spectrogram 1	1	67729.812843750	67729.820968750	1400.000	4000.000	1.0000
472	Waveform 1	1	67730.713093750	67730.726093750	1400.000	4000.000	1.0000
472	Spectrogram 1	1	67730.713093750	67730.726093750	1400.000	4000.000	1.0000
473	Waveform 1	1	67730.800843750	67730.818718750	1400.000	4000.000	1.0000
473	Spectrogram 1	1	67730.800843750	67730.818718750	1400.000	4000.000	1.0000
474	Waveform 1	1	67767.147218750	67767.156968750	1400.000	4000.000	1.0000
474	Spectrogram 1	1	67767.147218750	67767.156968750	1400.000	4000.000	1.0000
475	Waveform 1	1	67767.420218750	67767.431593750	1400.000	4000.000	1.0000
475	Spectrogram 1	1	67767.420218750	67767.431593750	1400.000	4000.000	1.0000
476	Waveform 1	1	67767.559968750	67767.568093750	1400.000	4000.000	1.0000
476	Spectrogram 1	1	67767.559968750	67767.568093750	1400.000	4000.000	1.0000
477	Waveform 1	1	67767.969468750	67767.979218750	1400.000	4000.000	1.0000
477	Spectrogram 1	1	67767.969468750	67767.979218750	1400.000	4000.000	1.0000
478	Waveform 1	1	67773.343343750	67773.356343750	1400.000	4000.000	1.0000
478	Spectrogram 1	1	67773.343343750	67773.356343750	1400.000	4000.000	1.0000
479	Waveform 1	1	67787.649843750	67787.659593750	1400.000	4000.000	1.0000
479	Spectrogram 1	1	67787.649843750	67787.659593750	1400.000	4000.000	1.0000
480	Waveform 1	1	67806.295093750	67806.306468750	1400.000	4000.000	1.0000
480	Spectrogram 1	1	67806.295093750	67806.306468750	1400.000	4000.000	1.0000
481	Waveform 1	1	67806.431593750	67806.442968750	1400.000	4000.000	1.0000
481	Spectrogram 1	1	67806.431593750	67806.442968750	1400.000	4000.000	1.0000
482	Waveform 1	1	67807.257093750	67807.266843750	1400.000	4000.000	1.0000
482	Spectrogram 1	1	67807.257093750	67807.266843750	1400.000	4000.000	1.0000
483	Waveform 1	1	67811.755093750	67811.768093750	1400.000	4000.000	1.0000
483	Spectrogram 1	1	67811.755093750	67811.768093750	1400.000	4000.000	1.0000
484	Waveform 1	1	67812.175968750	67812.190593750	1400.000	4000.000	1.0000
484	Spectrogram 1	1	67812.175968750	67812.190593750	1400.000	4000.000	1.0000
485	Waveform 1	1	67812.450593750	67812.471718750	1400.000	4000.000	1.0000
485	Spectrogram 1	1	67812.450593750	67812.471718750	1400.000	4000.000	1.0000
486	Waveform 1	1	67812.725218750	67812.743093750	1400.000	4000.000	1.0000
486	Spectrogram 1	1	67812.725218750	67812.743093750	1400.000	4000.000	1.0000
487	Waveform 1	1	67813.007968750	67813.020968750	1400.000	4000.000	1.0000
487	Spectrogram 1	1	67813.007968750	67813.020968750	1400.000	4000.000	1.0000
488	Waveform 1	1	67813.147718750	67813.155843750	1400.000	4000.000	1.0000
488	Spectrogram 1	1	67813.147718750	67813.155843750	1400.000	4000.000	1.0000
489	Waveform 1	1	67813.703468750	67813.713218750	1400.000	4000.000	1.0000
489	Spectrogram 1	1	67813.703468750	67813.713218750	1400.000	4000.000	1.0000
490	Waveform 1	1	67813.843218750	67813.851343750	1400.000	4000.000	1.0000
490	Spectrogram 1	1	67813.843218750	67813.851343750	1400.000	4000.000	1.0000
491	Waveform 1	1	67858.373093750	67858.386093750	1400.000	4000.000	1.0000
491	Spectrogram 1	1	67858.373093750	67858.386093750	1400.000	4000.000	1.0000
492	Waveform 1	1	67911.252218750	67911.260343750	1400.000	4000.000	1.0000
492	Spectrogram 1	1	67911.252218750	67911.260343750	1400.000	4000.000	1.0000
493	Waveform 1	1	67911.949343750	67911.957468750	1400.000	4000.000	1.0000
493	Spectrogram 1	1	67911.949343750	67911.957468750	1400.000	4000.000	1.0000
494	Waveform 1	1	67935.778343750	67935.788093750	1400.000	4000.000	1.0000
494	Spectrogram 1	1	67935.778343750	67935.788093750	1400.000	4000.000	1.0000
495	Waveform 1	1	67937.174218750	67937.183968750	1400.000	4000.000	1.0000
495	Spectrogram 1	1	67937.174218750	67937.183968750	1400.000	4000.000	1.0000
496	Waveform 1	1	67939.228218750	67939.241218750	1400.000	4000.000	1.0000
496	Spectrogram 1	1	67939.228218750	67939.241218750	1400.000	4000.000	1.0000
497	Waveform 1	1	67946.251468750	67946.259593750	1400.000	4000.000	1.0000
497	Spectrogram 1	1	67946.251468750	67946.259593750	1400.000	4000.000	1.0000
498	Waveform 1	1	67959.175093750	67959.188093750	1400.000	4000.000	1.0000
498	Spectrogram 1	1	67959.175093750	67959.188093750	1400.000	4000.000	1.0000
499	Waveform 1	1	67961.758843750	67961.771843750	1400.000	4000.000	1.0000
499	Spectrogram 1	1	67961.758843750	67961.771843750	1400.000	4000.000	1.0000
500	Waveform 1	1	67962.171593750	67962.191093750	1400.000	4000.000	1.0000
500	Spectrogram 1	1	67962.171593750	67962.191093750	1400.000	4000.000	1.0000
501	Waveform 1	1	67962.594093750	67962.605468750	1400.000	4000.000	1.0000
501	Spectrogram 1	1	67962.594093750	67962.605468750	1400.000	4000.000	1.0000
502	Waveform 1	1	67962.730593750	67962.741968750	1400.000	4000.000	1.0000
502	Spectrogram 1	1	67962.730593750	67962.741968750	1400.000	4000.000	1.0000
503	Waveform 1	1	67962.863843750	67962.883343750	1400.000	4000.000	1.0000
503	Spectrogram 1	1	67962.863843750	67962.883343750	1400.000	4000.000	1.0000
504	Waveform 1	1	67963.006843750	67963.026343750	1400.000	4000.000	1.0000
504	Spectrogram 1	1	67963.006843750	67963.026343750	1400.000	4000.000	1.0000
505	Waveform 1	1	67963.140093750	67963.156343750	1400.000	4000.000	1.0000
505	Spectrogram 1	1	67963.140093750	67963.156343750	1400.000	4000.000	1.0000
506	Waveform 1	1	67963.419593750	67963.435843750	1400.000	4000.000	1.0000
506	Spectrogram 1	1	67963.419593750	67963.435843750	1400.000	4000.000	1.0000
507	Waveform 1	1	67963.554468750	67963.573968750	1400.000	4000.000	1.0000
507	Spectrogram 1	1	67963.554468750	67963.573968750	1400.000	4000.000	1.0000
508	Waveform 1	1	67963.697468750	67963.710468750	1400.000	4000.000	1.0000
508	Spectrogram 1	1	67963.697468750	67963.710468750	1400.000	4000.000	1.0000
509	Waveform 1	1	67963.840468750	67963.853468750	1400.000	4000.000	1.0000
509	Spectrogram 1	1	67963.840468750	67963.853468750	1400.000	4000.000	1.0000
510	Waveform 1	1	67963.975343750	67963.988343750	1400.000	4000.000	1.0000
510	Spectrogram 1	1	67963.975343750	67963.988343750	1400.000	4000.000	1.0000
511	Waveform 1	1	67964.116718750	67964.128093750	1400.000	4000.000	1.0000
511	Spectrogram 1	1	67964.116718750	67964.128093750	1400.000	4000.000	1.0000
512	Waveform 1	1	67964.251593750	67964.271093750	1400.000	4000.000	1.0000
512	Spectrogram 1	1	67964.251593750	67964.271093750	1400.000	4000.000	1.0000
513	Waveform 1	1	67964.950343750	67964.958468750	1400.000	4000.000	1.0000
513	Spectrogram 1	1	67964.950343750	67964.958468750	1400.000	4000.000	1.0000
514	Waveform 1	1	68002.726718750	68002.734843750	1400.000	4000.000	1.0000
514	Spectrogram 1	1	68002.726718750	68002.734843750	1400.000	4000.000	1.0000
515	Waveform 1	1	68003.134593750	68003.144343750	1400.000	4000.000	1.0000
515	Spectrogram 1	1	68003.134593750	68003.144343750	1400.000	4000.000	1.0000
516	Waveform 1	1	68004.234718750	68004.250968750	1400.000	4000.000	1.0000
516	Spectrogram 1	1	68004.234718750	68004.250968750	1400.000	4000.000	1.0000
517	Waveform 1	1	68004.785593750	68004.805093750	1400.000	4000.000	1.0000
517	Spectrogram 1	1	68004.785593750	68004.805093750	1400.000	4000.000	1.0000
518	Waveform 1	1	68004.928593750	68004.939968750	1400.000	4000.000	1.0000
518	Spectrogram 1	1	68004.928593750	68004.939968750	1400.000	4000.000	1.0000
519	Waveform 1	1	68018.456718750	68018.466468750	1400.000	4000.000	1.0000
519	Spectrogram 1	1	68018.456718750	68018.466468750	1400.000	4000.000	1.0000
520	Waveform 1	1	68038.358093750	68038.372718750	1400.000	4000.000	1.0000
520	Spectrogram 1	1	68038.358093750	68038.372718750	1400.000	4000.000	1.0000
521	Waveform 1	1	68038.502718750	68038.514093750	1400.000	4000.000	1.0000
521	Spectrogram 1	1	68038.502718750	68038.514093750	1400.000	4000.000	1.0000
522	Waveform 1	1	68038.640843750	68038.653843750	1400.000	4000.000	1.0000
522	Spectrogram 1	1	68038.640843750	68038.653843750	1400.000	4000.000	1.0000
523	Waveform 1	1	68038.778968750	68038.787093750	1400.000	4000.000	1.0000
523	Spectrogram 1	1	68038.778968750	68038.787093750	1400.000	4000.000	1.0000
524	Waveform 1	1	68039.055218750	68039.074718750	1400.000	4000.000	1.0000
524	Spectrogram 1	1	68039.055218750	68039.074718750	1400.000	4000.000	1.0000
525	Waveform 1	1	68039.188468750	68039.201468750	1400.000	4000.000	1.0000
525	Spectrogram 1	1	68039.188468750	68039.201468750	1400.000	4000.000	1.0000
526	Waveform 1	1	68039.328218750	68039.347718750	1400.000	4000.000	1.0000
526	Spectrogram 1	1	68039.328218750	68039.347718750	1400.000	4000.000	1.0000
527	Waveform 1	1	68039.466343750	68039.485843750	1400.000	4000.000	1.0000
527	Spectrogram 1	1	68039.466343750	68039.485843750	1400.000	4000.000	1.0000
528	Waveform 1	1	68039.606093750	68039.627218750	1400.000	4000.000	1.0000
528	Spectrogram 1	1	68039.606093750	68039.627218750	1400.000	4000.000	1.0000
529	Waveform 1	1	68039.747468750	68039.757218750	1400.000	4000.000	1.0000
529	Spectrogram 1	1	68039.747468750	68039.757218750	1400.000	4000.000	1.0000
530	Waveform 1	1	68039.882343750	68039.903468750	1400.000	4000.000	1.0000
530	Spectrogram 1	1	68039.882343750	68039.903468750	1400.000	4000.000	1.0000
531	Waveform 1	1	68040.025343750	68040.041593750	1400.000	4000.000	1.0000
531	Spectrogram 1	1	68040.025343750	68040.041593750	1400.000	4000.000	1.0000
532	Waveform 1	1	68040.160218750	68040.178093750	1400.000	4000.000	1.0000
532	Spectrogram 1	1	68040.160218750	68040.178093750	1400.000	4000.000	1.0000
533	Waveform 1	1	68040.308093750	68040.321093750	1400.000	4000.000	1.0000
533	Spectrogram 1	1	68040.308093750	68040.321093750	1400.000	4000.000	1.0000
534	Waveform 1	1	68040.446218750	68040.459218750	1400.000	4000.000	1.0000
534	Spectrogram 1	1	68040.446218750	68040.459218750	1400.000	4000.000	1.0000
535	Waveform 1	1	68040.581093750	68040.603843750	1400.000	4000.000	1.0000
535	Spectrogram 1	1	68040.581093750	68040.603843750	1400.000	4000.000	1.0000
536	Waveform 1	1	68040.725718750	68040.738718750	1400.000	4000.000	1.0000
536	Spectrogram 1	1	68040.725718750	68040.738718750	1400.000	4000.000	1.0000
537	Waveform 1	1	68040.865468750	68040.876843750	1400.000	4000.000	1.0000
537	Spectrogram 1	1	68040.865468750	68040.876843750	1400.000	4000.000	1.0000
538	Waveform 1	1	68041.003593750	68041.024718750	1400.000	4000.000	1.0000
538	Spectrogram 1	1	68041.003593750	68041.024718750	1400.000	4000.000	1.0000
539	Waveform 1	1	68041.284718750	68041.294468750	1400.000	4000.000	1.0000
539	Spectrogram 1	1	68041.284718750	68041.294468750	1400.000	4000.000	1.0000
540	Waveform 1	1	68041.564218750	68041.575593750	1400.000	4000.000	1.0000
540	Spectrogram 1	1	68041.564218750	68041.575593750	1400.000	4000.000	1.0000
541	Waveform 1	1	68057.775218750	68057.783343750	1400.000	4000.000	1.0000
541	Spectrogram 1	1	68057.775218750	68057.783343750	1400.000	4000.000	1.0000
542	Waveform 1	1	68058.460968750	68058.472343750	1400.000	4000.000	1.0000
542	Spectrogram 1	1	68058.460968750	68058.472343750	1400.000	4000.000	1.0000
543	Waveform 1	1	68058.597468750	68058.612093750	1400.000	4000.000	1.0000
543	Spectrogram 1	1	68058.597468750	68058.612093750	1400.000	4000.000	1.0000
544	Waveform 1	1	68058.872093750	68058.891593750	1400.000	4000.000	1.0000
544	Spectrogram 1	1	68058.872093750	68058.891593750	1400.000	4000.000	1.0000
545	Waveform 1	1	68059.562718750	68059.578968750	1400.000	4000.000	1.0000
545	Spectrogram 1	1	68059.562718750	68059.578968750	1400.000	4000.000	1.0000
546	Waveform 1	1	68059.977093750	68059.994968750	1400.000	4000.000	1.0000
546	Spectrogram 1	1	68059.977093750	68059.994968750	1400.000	4000.000	1.0000
547	Waveform 1	1	68060.251718750	68060.267968750	1400.000	4000.000	1.0000
547	Spectrogram 1	1	68060.251718750	68060.267968750	1400.000	4000.000	1.0000
548	Waveform 1	1	68060.536093750	68060.549093750	1400.000	4000.000	1.0000
548	Spectrogram 1	1	68060.536093750	68060.549093750	1400.000	4000.000	1.0000
549	Waveform 1	1	68061.364843750	68061.377843750	1400.000	4000.000	1.0000
549	Spectrogram 1	1	68061.364843750	68061.377843750	1400.000	4000.000	1.0000
550	Waveform 1	1	68125.545843750	68125.558843750	1400.000	4000.000	1.0000
550	Spectrogram 1	1	68125.545843750	68125.558843750	1400.000	4000.000	1.0000
551	Waveform 1	1	68165.632968750	68165.641093750	1400.000	4000.000	1.0000
551	Spectrogram 1	1	68165.632968750	68165.641093750	1400.000	4000.000	1.0000
552	Waveform 1	1	68233.843968750	68233.852093750	1400.000	4000.000	1.0000
552	Spectrogram 1	1	68233.843968750	68233.852093750	1400.000	4000.000	1.0000
553	Waveform 1	1	68276.935718750	68276.953593750	1400.000	4000.000	1.0000
553	Spectrogram 1	1	68276.935718750	68276.953593750	1400.000	4000.000	1.0000
554	Waveform 1	1	68277.207093750	68277.223343750	1400.000	4000.000	1.0000
554	Spectrogram 1	1	68277.207093750	68277.223343750	1400.000	4000.000	1.0000
555	Waveform 1	1	68277.351718750	68277.359843750	1400.000	4000.000	1.0000
555	Spectrogram 1	1	68277.351718750	68277.359843750	1400.000	4000.000	1.0000
556	Waveform 1	1	68277.475218750	68277.504468750	1400.000	4000.000	1.0000
556	Spectrogram 1	1	68277.475218750	68277.504468750	1400.000	4000.000	1.0000
557	Waveform 1	1	68277.753093750	68277.772593750	1400.000	4000.000	1.0000
557	Spectrogram 1	1	68277.753093750	68277.772593750	1400.000	4000.000	1.0000
558	Waveform 1	1	68277.886343750	68277.905843750	1400.000	4000.000	1.0000
558	Spectrogram 1	1	68277.886343750	68277.905843750	1400.000	4000.000	1.0000
559	Waveform 1	1	68278.159343750	68278.188593750	1400.000	4000.000	1.0000
559	Spectrogram 1	1	68278.159343750	68278.188593750	1400.000	4000.000	1.0000
560	Waveform 1	1	68278.300718750	68278.321843750	1400.000	4000.000	1.0000
560	Spectrogram 1	1	68278.300718750	68278.321843750	1400.000	4000.000	1.0000
561	Waveform 1	1	68278.435593750	68278.450218750	1400.000	4000.000	1.0000
561	Spectrogram 1	1	68278.435593750	68278.450218750	1400.000	4000.000	1.0000
562	Waveform 1	1	68278.570468750	68278.594843750	1400.000	4000.000	1.0000
562	Spectrogram 1	1	68278.570468750	68278.594843750	1400.000	4000.000	1.0000
563	Waveform 1	1	68278.713468750	68278.729718750	1400.000	4000.000	1.0000
563	Spectrogram 1	1	68278.713468750	68278.729718750	1400.000	4000.000	1.0000
564	Waveform 1	1	68278.848343750	68278.864593750	1400.000	4000.000	1.0000
564	Spectrogram 1	1	68278.848343750	68278.864593750	1400.000	4000.000	1.0000
565	Waveform 1	1	68279.121343750	68279.142468750	1400.000	4000.000	1.0000
565	Spectrogram 1	1	68279.121343750	68279.142468750	1400.000	4000.000	1.0000
566	Waveform 1	1	68279.261093750	68279.275718750	1400.000	4000.000	1.0000
566	Spectrogram 1	1	68279.261093750	68279.275718750	1400.000	4000.000	1.0000
567	Waveform 1	1	68279.400843750	68279.418718750	1400.000	4000.000	1.0000
567	Spectrogram 1	1	68279.400843750	68279.418718750	1400.000	4000.000	1.0000
568	Waveform 1	1	68279.670593750	68279.691718750	1400.000	4000.000	1.0000
568	Spectrogram 1	1	68279.670593750	68279.691718750	1400.000	4000.000	1.0000
569	Waveform 1	1	68279.810343750	68279.824968750	1400.000	4000.000	1.0000
569	Spectrogram 1	1	68279.810343750	68279.824968750	1400.000	4000.000	1.0000
570	Waveform 1	1	68279.946843750	68279.958218750	1400.000	4000.000	1.0000
570	Spectrogram 1	1	68279.946843750	68279.958218750	1400.000	4000.000	1.0000
571	Waveform 1	1	68280.227968750	68280.244218750	1400.000	4000.000	1.0000
571	Spectrogram 1	1	68280.227968750	68280.244218750	1400.000	4000.000	1.0000
572	Waveform 1	1	68280.635843750	68280.658593750	1400.000	4000.000	1.0000
572	Spectrogram 1	1	68280.635843750	68280.658593750	1400.000	4000.000	1.0000
573	Waveform 1	1	68280.783718750	68280.798343750	1400.000	4000.000	1.0000
573	Spectrogram 1	1	68280.783718750	68280.798343750	1400.000	4000.000	1.0000
574	Waveform 1	1	68280.915343750	68280.936468750	1400.000	4000.000	1.0000
574	Spectrogram 1	1	68280.915343750	68280.936468750	1400.000	4000.000	1.0000
575	Waveform 1	1	68361.565718750	68361.577093750	1400.000	4000.000	1.0000
575	Spectrogram 1	1	68361.565718750	68361.577093750	1400.000	4000.000	1.0000
576	Waveform 1	1	68408.666343750	68408.674468750	1400.000	4000.000	1.0000
576	Spectrogram 1	1	68408.666343750	68408.674468750	1400.000	4000.000	1.0000
577	Waveform 1	1	68709.120718750	68709.141843750	1400.000	4000.000	1.0000
577	Spectrogram 1	1	68709.120718750	68709.141843750	1400.000	4000.000	1.0000
578	Waveform 1	1	68939.201218750	68939.210968750	1400.000	4000.000	1.0000
578	Spectrogram 1	1	68939.201218750	68939.210968750	1400.000	4000.000	1.0000
579	Waveform 1	1	69432.089718750	69432.102718750	1400.000	4000.000	1.0000
579	Spectrogram 1	1	69432.089718750	69432.102718750	1400.000	4000.000	1.0000
580	Waveform 1	1	69976.607718750	69976.615843750	1400.000	4000.000	1.0000
580	Spectrogram 1	1	69976.607718750	69976.615843750	1400.000	4000.000	1.0000
581	Waveform 1	1	71028.330468750	71028.341843750	1400.000	4000.000	1.0000
581	Spectrogram 1	1	71028.330468750	71028.341843750	1400.000	4000.000	1.0000
582	Waveform 1	1	71722.311093750	71722.319218750	1400.000	4000.000	1.0000
582	Spectrogram 1	1	71722.311093750	71722.319218750	1400.000	4000.000	1.0000
583	Waveform 1	1	71767.497468750	71767.513718750	1400.000	4000.000	1.0000
583	Spectrogram 1	1	71767.497468750	71767.513718750	1400.000	4000.000	1.0000
584	Waveform 1	1	72069.219343750	72069.232343750	1400.000	4000.000	1.0000
584	Spectrogram 1	1	72069.219343750	72069.232343750	1400.000	4000.000	1.0000
585	Waveform 1	1	72172.177718750	72172.187468750	1400.000	4000.000	1.0000
585	Spectrogram 1	1	72172.177718750	72172.187468750	1400.000	4000.000	1.0000
586	Waveform 1	1	72194.926093750	72194.940718750	1400.000	4000.000	1.0000
586	Spectrogram 1	1	72194.926093750	72194.940718750	1400.000	4000.000	1.0000
587	Waveform 1	1	72266.492718750	72266.505718750	1400.000	4000.000	1.0000
587	Spectrogram 1	1	72266.492718750	72266.505718750	1400.000	4000.000	1.0000
588	Waveform 1	1	72282.502218750	72282.516843750	1400.000	4000.000	1.0000
588	Spectrogram 1	1	72282.502218750	72282.516843750	1400.000	4000.000	1.0000
589	Waveform 1	1	72636.537718750	72636.550718750	1400.000	4000.000	1.0000
589	Spectrogram 1	1	72636.537718750	72636.550718750	1400.000	4000.000	1.0000
590	Waveform 1	1	72775.402093750	72775.410218750	1400.000	4000.000	1.0000
590	Spectrogram 1	1	72775.402093750	72775.410218750	1400.000	4000.000	1.0000
591	Waveform 1	1	73358.543093750	73358.565843750	1400.000	4000.000	1.0000
591	Spectrogram 1	1	73358.543093750	73358.565843750	1400.000	4000.000	1.0000
592	Waveform 1	1	77539.984968750	77539.999593750	1400.000	4000.000	1.0000
592	Spectrogram 1	1	77539.984968750	77539.999593750	1400.000	4000.000	1.0000
593	Waveform 1	1	80903.357968750	80903.377468750	1400.000	4000.000	1.0000
593	Spectrogram 1	1	80903.357968750	80903.377468750	1400.000	4000.000	1.0000
594	Waveform 1	1	84959.944593750	84959.952718750	1400.000	4000.000	1.0000
594	Spectrogram 1	1	84959.944593750	84959.952718750	1400.000	4000.000	1.0000
595	Waveform 1	1	85543.639718750	85543.647843750	1400.000	4000.000	1.0000
595	Spectrogram 1	1	85543.639718750	85543.647843750	1400.000	4000.000	1.0000
