Selection	View	Channel	Begin Time (s)	End Time (s)	Low Freq (Hz)	High Freq (Hz)	Occupancy
1	Waveform 1	1	502.643093750	502.656093750	1400.000	4000.000	1.0000
1	Spectrogram 1	1	502.643093750	502.656093750	1400.000	4000.000	1.0000
2	Waveform 1	1	1088.096468750	1088.112718750	1400.000	4000.000	1.0000
2	Spectrogram 1	1	1088.096468750	1088.112718750	1400.000	4000.000	1.0000
3	Waveform 1	1	1303.038468750	1303.051468750	1400.000	4000.000	1.0000
3	Spectrogram 1	1	1303.038468750	1303.051468750	1400.000	4000.000	1.0000
4	Waveform 1	1	1397.164968750	1397.176343750	1400.000	4000.000	1.0000
4	Spectrogram 1	1	1397.164968750	1397.176343750	1400.000	4000.000	1.0000
5	Waveform 1	1	1397.268968750	1397.278718750	1400.000	4000.000	1.0000
5	Spectrogram 1	1	1397.268968750	1397.278718750	1400.000	4000.000	1.0000
6	Waveform 1	1	2115.367843750	2115.377593750	1400.000	4000.000	1.0000
6	Spectrogram 1	1	2115.367843750	2115.377593750	1400.000	4000.000	1.0000
7	Waveform 1	1	3194.756218750	3194.782218750	1400.000	4000.000	1.0000
7	Spectrogram 1	1	3194.756218750	3194.782218750	1400.000	4000.000	1.0000
8	Waveform 1	1	3195.508593750	3195.526468750	1400.000	4000.000	1.0000
8	Spectrogram 1	1	3195.508593750	3195.526468750	1400.000	4000.000	1.0000
9	Waveform 1	1	3349.170218750	3349.179968750	1400.000	4000.000	1.0000
9	Spectrogram 1	1	3349.170218750	3349.179968750	1400.000	4000.000	1.0000
10	Waveform 1	1	6078.497468750	6078.515343750	1400.000	4000.000	1.0000
10	Spectrogram 1	1	6078.497468750	6078.515343750	1400.000	4000.000	1.0000
11	Waveform 1	1	6328.290843750	6328.305468750	1400.000	4000.000	1.0000
11	Spectrogram 1	1	6328.290843750	6328.305468750	1400.000	4000.000	1.0000
12	Waveform 1	1	6468.747718750	6468.759093750	1400.000	4000.000	1.0000
12	Spectrogram 1	1	6468.747718750	6468.759093750	1400.000	4000.000	1.0000
13	Waveform 1	1	6471.674343750	6471.682468750	1400.000	4000.000	1.0000
13	Spectrogram 1	1	6471.674343750	6471.682468750	1400.000	4000.000	1.0000
14	Waveform 1	1	6474.236968750	6474.246718750	1400.000	4000.000	1.0000
14	Spectrogram 1	1	6474.236968750	6474.246718750	1400.000	4000.000	1.0000
15	Waveform 1	1	6477.379718750	6477.389468750	1400.000	4000.000	1.0000
15	Spectrogram 1	1	6477.379718750	6477.389468750	1400.000	4000.000	1.0000
16	Waveform 1	1	6649.741843750	6649.753218750	1400.000	4000.000	1.0000
16	Spectrogram 1	1	6649.741843750	6649.753218750	1400.000	4000.000	1.0000
17	Waveform 1	1	6656.610718750	6656.618843750	1400.000	4000.000	1.0000
17	Spectrogram 1	1	6656.610718750	6656.618843750	1400.000	4000.000	1.0000
18	Waveform 1	1	8045.623343750	8045.634718750	1400.000	4000.000	1.0000
18	Spectrogram 1	1	8045.623343750	8045.634718750	1400.000	4000.000	1.0000
19	Waveform 1	1	8045.698093750	8045.717593750	1400.000	4000.000	1.0000
19	Spectrogram 1	1	8045.698093750	8045.717593750	1400.000	4000.000	1.0000
20	Waveform 1	1	8173.843968750	8173.855343750	1400.000	4000.000	1.0000
20	Spectrogram 1	1	8173.843968750	8173.855343750	1400.000	4000.000	1.0000
21	Waveform 1	1	8175.173218750	8175.182968750	1400.000	4000.000	1.0000
21	Spectrogram 1	1	8175.173218750	8175.182968750	1400.000	4000.000	1.0000
22	Waveform 1	1	8323.810343750	8323.823343750	1400.000	4000.000	1.0000
22	Spectrogram 1	1	8323.810343750	8323.823343750	1400.000	4000.000	1.0000
23	Waveform 1	1	8324.513968750	8324.525343750	1400.000	4000.000	1.0000
23	Spectrogram 1	1	8324.513968750	8324.525343750	1400.000	4000.000	1.0000
24	Waveform 1	1	8325.201343750	8325.209468750	1400.000	4000.000	1.0000
24	Spectrogram 1	1	8325.201343750	8325.209468750	1400.000	4000.000	1.0000
25	Waveform 1	1	9446.147468750	9446.160468750	1400.000	4000.000	1.0000
25	Spectrogram 1	1	9446.147468750	9446.160468750	1400.000	4000.000	1.0000
26	Waveform 1	1	9840.388718750	9840.398468750	1400.000	4000.000	1.0000
26	Spectrogram 1	1	9840.388718750	9840.398468750	1400.000	4000.000	1.0000
27	Waveform 1	1	9843.248718750	9843.258468750	1400.000	4000.000	1.0000
27	Spectrogram 1	1	9843.248718750	9843.258468750	1400.000	4000.000	1.0000
28	Waveform 1	1	10852.107218750	10852.115343750	1400.000	4000.000	1.0000
28	Spectrogram 1	1	10852.107218750	10852.115343750	1400.000	4000.000	1.0000
29	Waveform 1	1	10852.791343750	10852.802718750	1400.000	4000.000	1.0000
29	Spectrogram 1	1	10852.791343750	10852.802718750	1400.000	4000.000	1.0000
30	Waveform 1	1	10853.454343750	10853.465718750	1400.000	4000.000	1.0000
30	Spectrogram 1	1	10853.454343750	10853.465718750	1400.000	4000.000	1.0000
31	Waveform 1	1	10909.913343750	10909.921468750	1400.000	4000.000	1.0000
31	Spectrogram 1	1	10909.913343750	10909.921468750	1400.000	4000.000	1.0000
32	Waveform 1	1	11050.581468750	11050.592843750	1400.000	4000.000	1.0000
32	Spectrogram 1	1	11050.581468750	11050.592843750	1400.000	4000.000	1.0000
33	Waveform 1	1	11053.706343750	11053.719343750	1400.000	4000.000	1.0000
33	Spectrogram 1	1	11053.706343750	11053.719343750	1400.000	4000.000	1.0000
34	Waveform 1	1	11077.346843750	11077.354968750	1400.000	4000.000	1.0000
34	Spectrogram 1	1	11077.346843750	11077.354968750	1400.000	4000.000	1.0000
35	Waveform 1	1	12039.007218750	12039.018593750	1400.000	4000.000	1.0000
35	Spectrogram 1	1	12039.007218750	12039.018593750	1400.000	4000.000	1.0000
36	Waveform 1	1	13090.898968750	13090.911968750	1400.000	4000.000	1.0000
36	Spectrogram 1	1	13090.898968750	13090.911968750	1400.000	4000.000	1.0000
37	Waveform 1	1	13093.536343750	13093.567218750	1400.000	4000.000	1.0000
37	Spectrogram 1	1	13093.536343750	13093.567218750	1400.000	4000.000	1.0000
38	Waveform 1	1	13487.177968750	13487.187718750	1400.000	4000.000	1.0000
38	Spectrogram 1	1	13487.177968750	13487.187718750	1400.000	4000.000	1.0000
39	Waveform 1	1	13502.477343750	13502.490343750	1400.000	4000.000	1.0000
39	Spectrogram 1	1	13502.477343750	13502.490343750	1400.000	4000.000	1.0000
40	Waveform 1	1	13503.268718750	13503.281718750	1400.000	4000.000	1.0000
40	Spectrogram 1	1	13503.268718750	13503.281718750	1400.000	4000.000	1.0000
41	Waveform 1	1	13504.034093750	13504.045468750	1400.000	4000.000	1.0000
41	Spectrogram 1	1	13504.034093750	13504.045468750	1400.000	4000.000	1.0000
42	Waveform 1	1	13504.744218750	13504.757218750	1400.000	4000.000	1.0000
42	Spectrogram 1	1	13504.744218750	13504.757218750	1400.000	4000.000	1.0000
43	Waveform 1	1	13505.408843750	13505.420218750	1400.000	4000.000	1.0000
43	Spectrogram 1	1	13505.408843750	13505.420218750	1400.000	4000.000	1.0000
44	Waveform 1	1	13506.050718750	13506.060468750	1400.000	4000.000	1.0000
44	Spectrogram 1	1	13506.050718750	13506.060468750	1400.000	4000.000	1.0000
45	Waveform 1	1	13506.708843750	13506.716968750	1400.000	4000.000	1.0000
45	Spectrogram 1	1	13506.708843750	13506.716968750	1400.000	4000.000	1.0000
46	Waveform 1	1	13537.076843750	13537.086593750	1400.000	4000.000	1.0000
46	Spectrogram 1	1	13537.076843750	13537.086593750	1400.000	4000.000	1.0000
47	Waveform 1	1	13537.816218750	13537.829218750	1400.000	4000.000	1.0000
47	Spectrogram 1	1	13537.816218750	13537.829218750	1400.000	4000.000	1.0000
48	Waveform 1	1	13539.294968750	13539.307968750	1400.000	4000.000	1.0000
48	Spectrogram 1	1	13539.294968750	13539.307968750	1400.000	4000.000	1.0000
49	Waveform 1	1	13540.029468750	13540.039218750	1400.000	4000.000	1.0000
49	Spectrogram 1	1	13540.029468750	13540.039218750	1400.000	4000.000	1.0000
50	Waveform 1	1	13540.763968750	13540.775343750	1400.000	4000.000	1.0000
50	Spectrogram 1	1	13540.763968750	13540.775343750	1400.000	4000.000	1.0000
51	Waveform 1	1	13541.504968750	13541.519593750	1400.000	4000.000	1.0000
51	Spectrogram 1	1	13541.504968750	13541.519593750	1400.000	4000.000	1.0000
52	Waveform 1	1	13542.281718750	13542.293093750	1400.000	4000.000	1.0000
52	Spectrogram 1	1	13542.281718750	13542.293093750	1400.000	4000.000	1.0000
53	Waveform 1	1	13543.053593750	13543.061718750	1400.000	4000.000	1.0000
53	Spectrogram 1	1	13543.053593750	13543.061718750	1400.000	4000.000	1.0000
54	Waveform 1	1	13543.830343750	13543.840093750	1400.000	4000.000	1.0000
54	Spectrogram 1	1	13543.830343750	13543.840093750	1400.000	4000.000	1.0000
55	Waveform 1	1	13545.315593750	13545.325343750	1400.000	4000.000	1.0000
55	Spectrogram 1	1	13545.315593750	13545.325343750	1400.000	4000.000	1.0000
56	Waveform 1	1	13546.053343750	13546.063093750	1400.000	4000.000	1.0000
56	Spectrogram 1	1	13546.053343750	13546.063093750	1400.000	4000.000	1.0000
57	Waveform 1	1	13546.817093750	13546.826843750	1400.000	4000.000	1.0000
57	Spectrogram 1	1	13546.817093750	13546.826843750	1400.000	4000.000	1.0000
58	Waveform 1	1	13547.584093750	13547.600343750	1400.000	4000.000	1.0000
58	Spectrogram 1	1	13547.584093750	13547.600343750	1400.000	4000.000	1.0000
59	Waveform 1	1	13548.370593750	13548.386843750	1400.000	4000.000	1.0000
59	Spectrogram 1	1	13548.370593750	13548.386843750	1400.000	4000.000	1.0000
60	Waveform 1	1	13549.959843750	13549.967968750	1400.000	4000.000	1.0000
60	Spectrogram 1	1	13549.959843750	13549.967968750	1400.000	4000.000	1.0000
61	Waveform 1	1	13554.412343750	13554.420468750	1400.000	4000.000	1.0000
61	Spectrogram 1	1	13554.412343750	13554.420468750	1400.000	4000.000	1.0000
62	Waveform 1	1	13565.415218750	13565.423343750	1400.000	4000.000	1.0000
62	Spectrogram 1	1	13565.415218750	13565.423343750	1400.000	4000.000	1.0000
63	Waveform 1	1	13566.200093750	13566.208218750	1400.000	4000.000	1.0000
63	Spectrogram 1	1	13566.200093750	13566.208218750	1400.000	4000.000	1.0000
64	Waveform 1	1	13566.967093750	13566.980093750	1400.000	4000.000	1.0000
64	Spectrogram 1	1	13566.967093750	13566.980093750	1400.000	4000.000	1.0000
65	Waveform 1	1	13627.066093750	13627.074218750	1400.000	4000.000	1.0000
65	Spectrogram 1	1	13627.066093750	13627.074218750	1400.000	4000.000	1.0000
66	Waveform 1	1	13731.012468750	13731.023843750	1400.000	4000.000	1.0000
66	Spectrogram 1	1	13731.012468750	13731.023843750	1400.000	4000.000	1.0000
67	Waveform 1	1	14658.975218750	14658.991468750	1400.000	4000.000	1.0000
67	Spectrogram 1	1	14658.975218750	14658.991468750	1400.000	4000.000	1.0000
68	Waveform 1	1	14659.025593750	14659.038593750	1400.000	4000.000	1.0000
68	Spectrogram 1	1	14659.025593750	14659.038593750	1400.000	4000.000	1.0000
69	Waveform 1	1	14774.010593750	14774.025218750	1400.000	4000.000	1.0000
69	Spectrogram 1	1	14774.010593750	14774.025218750	1400.000	4000.000	1.0000
70	Waveform 1	1	14774.073968750	14774.083718750	1400.000	4000.000	1.0000
70	Spectrogram 1	1	14774.073968750	14774.083718750	1400.000	4000.000	1.0000
71	Waveform 1	1	14821.034843750	14821.046218750	1400.000	4000.000	1.0000
71	Spectrogram 1	1	14821.034843750	14821.046218750	1400.000	4000.000	1.0000
72	Waveform 1	1	14821.098218750	14821.116093750	1400.000	4000.000	1.0000
72	Spectrogram 1	1	14821.098218750	14821.116093750	1400.000	4000.000	1.0000
73	Waveform 1	1	14828.095468750	14828.106843750	1400.000	4000.000	1.0000
73	Spectrogram 1	1	14828.095468750	14828.106843750	1400.000	4000.000	1.0000
74	Waveform 1	1	14828.717843750	14828.727593750	1400.000	4000.000	1.0000
74	Spectrogram 1	1	14828.717843750	14828.727593750	1400.000	4000.000	1.0000
75	Waveform 1	1	14838.724593750	14838.744093750	1400.000	4000.000	1.0000
75	Spectrogram 1	1	14838.724593750	14838.744093750	1400.000	4000.000	1.0000
76	Waveform 1	1	14838.794468750	14838.813968750	1400.000	4000.000	1.0000
76	Spectrogram 1	1	14838.794468750	14838.813968750	1400.000	4000.000	1.0000
77	Waveform 1	1	14875.342343750	14875.353718750	1400.000	4000.000	1.0000
77	Spectrogram 1	1	14875.342343750	14875.353718750	1400.000	4000.000	1.0000
78	Waveform 1	1	14881.977218750	14881.985343750	1400.000	4000.000	1.0000
78	Spectrogram 1	1	14881.977218750	14881.985343750	1400.000	4000.000	1.0000
79	Waveform 1	1	14882.050343750	14882.061718750	1400.000	4000.000	1.0000
79	Spectrogram 1	1	14882.050343750	14882.061718750	1400.000	4000.000	1.0000
80	Waveform 1	1	15354.842468750	15354.850593750	1400.000	4000.000	1.0000
80	Spectrogram 1	1	15354.842468750	15354.850593750	1400.000	4000.000	1.0000
81	Waveform 1	1	15977.805718750	15977.813843750	1400.000	4000.000	1.0000
81	Spectrogram 1	1	15977.805718750	15977.813843750	1400.000	4000.000	1.0000
82	Waveform 1	1	16007.952718750	16007.960843750	1400.000	4000.000	1.0000
82	Spectrogram 1	1	16007.952718750	16007.960843750	1400.000	4000.000	1.0000
83	Waveform 1	1	16060.971593750	16060.992718750	1400.000	4000.000	1.0000
83	Spectrogram 1	1	16060.971593750	16060.992718750	1400.000	4000.000	1.0000
84	Waveform 1	1	16077.322343750	16077.346718750	1400.000	4000.000	1.0000
84	Spectrogram 1	1	16077.322343750	16077.346718750	1400.000	4000.000	1.0000
85	Waveform 1	1	16080.898968750	16080.911968750	1400.000	4000.000	1.0000
85	Spectrogram 1	1	16080.898968750	16080.911968750	1400.000	4000.000	1.0000
86	Waveform 1	1	16080.962343750	16080.991593750	1400.000	4000.000	1.0000
86	Spectrogram 1	1	16080.962343750	16080.991593750	1400.000	4000.000	1.0000
87	Waveform 1	1	16112.363843750	16112.388218750	1400.000	4000.000	0.8000
87	Spectrogram 1	1	16112.363843750	16112.388218750	1400.000	4000.000	0.8000
88	Waveform 1	1	16130.292468750	16130.300593750	1400.000	4000.000	1.0000
88	Spectrogram 1	1	16130.292468750	16130.300593750	1400.000	4000.000	1.0000
89	Waveform 1	1	16130.334718750	16130.362343750	1400.000	4000.000	1.0000
89	Spectrogram 1	1	16130.334718750	16130.362343750	1400.000	4000.000	1.0000
90	Waveform 1	1	16140.321968750	16140.330093750	1400.000	4000.000	1.0000
90	Spectrogram 1	1	16140.321968750	16140.330093750	1400.000	4000.000	1.0000
91	Waveform 1	1	16144.519343750	16144.529093750	1400.000	4000.000	1.0000
91	Spectrogram 1	1	16144.519343750	16144.529093750	1400.000	4000.000	1.0000
92	Waveform 1	1	16146.825218750	16146.838218750	1400.000	4000.000	1.0000
92	Spectrogram 1	1	16146.825218750	16146.838218750	1400.000	4000.000	1.0000
93	Waveform 1	1	16368.714093750	16368.722218750	1400.000	4000.000	1.0000
93	Spectrogram 1	1	16368.714093750	16368.722218750	1400.000	4000.000	1.0000
94	Waveform 1	1	16368.783968750	16368.811593750	1400.000	4000.000	1.0000
94	Spectrogram 1	1	16368.783968750	16368.811593750	1400.000	4000.000	1.0000
95	Waveform 1	1	17015.577843750	17015.589218750	1400.000	4000.000	1.0000
95	Spectrogram 1	1	17015.577843750	17015.589218750	1400.000	4000.000	1.0000
96	Waveform 1	1	17811.142093750	17811.153468750	1400.000	4000.000	1.0000
96	Spectrogram 1	1	17811.142093750	17811.153468750	1400.000	4000.000	1.0000
97	Waveform 1	1	17812.047218750	17812.058593750	1400.000	4000.000	1.0000
97	Spectrogram 1	1	17812.047218750	17812.058593750	1400.000	4000.000	1.0000
98	Waveform 1	1	17812.986468750	17812.994593750	1400.000	4000.000	1.0000
98	Spectrogram 1	1	17812.986468750	17812.994593750	1400.000	4000.000	1.0000
99	Waveform 1	1	17949.483218750	17949.492968750	1400.000	4000.000	1.0000
99	Spectrogram 1	1	17949.483218750	17949.492968750	1400.000	4000.000	1.0000
100	Waveform 1	1	18378.965843750	18378.975593750	1400.000	4000.000	1.0000
100	Spectrogram 1	1	18378.965843750	18378.975593750	1400.000	4000.000	1.0000
101	Waveform 1	1	18379.758843750	18379.766968750	1400.000	4000.000	1.0000
101	Spectrogram 1	1	18379.758843750	18379.766968750	1400.000	4000.000	1.0000
102	Waveform 1	1	18380.569718750	18380.577843750	1400.000	4000.000	1.0000
102	Spectrogram 1	1	18380.569718750	18380.577843750	1400.000	4000.000	1.0000
103	Waveform 1	1	18414.941718750	18414.949843750	1400.000	4000.000	1.0000
103	Spectrogram 1	1	18414.941718750	18414.949843750	1400.000	4000.000	1.0000
104	Waveform 1	1	18417.059093750	18417.072093750	1400.000	4000.000	1.0000
104	Spectrogram 1	1	18417.059093750	18417.072093750	1400.000	4000.000	1.0000
105	Waveform 1	1	18418.503718750	18418.515093750	1400.000	4000.000	1.0000
105	Spectrogram 1	1	18418.503718750	18418.515093750	1400.000	4000.000	1.0000
106	Waveform 1	1	18419.197593750	18419.207343750	1400.000	4000.000	1.0000
106	Spectrogram 1	1	18419.197593750	18419.207343750	1400.000	4000.000	1.0000
107	Waveform 1	1	18492.030093750	18492.038218750	1400.000	4000.000	1.0000
107	Spectrogram 1	1	18492.030093750	18492.038218750	1400.000	4000.000	1.0000
108	Waveform 1	1	18494.540718750	18494.552093750	1400.000	4000.000	1.0000
108	Spectrogram 1	1	18494.540718750	18494.552093750	1400.000	4000.000	1.0000
109	Waveform 1	1	18495.325593750	18495.336968750	1400.000	4000.000	1.0000
109	Spectrogram 1	1	18495.325593750	18495.336968750	1400.000	4000.000	1.0000
110	Waveform 1	1	18502.267593750	18502.278968750	1400.000	4000.000	1.0000
110	Spectrogram 1	1	18502.267593750	18502.278968750	1400.000	4000.000	1.0000
111	Waveform 1	1	18503.015093750	18503.026468750	1400.000	4000.000	1.0000
111	Spectrogram 1	1	18503.015093750	18503.026468750	1400.000	4000.000	1.0000
112	Waveform 1	1	18512.407593750	18512.415718750	1400.000	4000.000	1.0000
112	Spectrogram 1	1	18512.407593750	18512.415718750	1400.000	4000.000	1.0000
113	Waveform 1	1	18589.260343750	18589.268468750	1400.000	4000.000	1.0000
113	Spectrogram 1	1	18589.260343750	18589.268468750	1400.000	4000.000	1.0000
114	Waveform 1	1	19863.876218750	19863.890843750	1400.000	4000.000	1.0000
114	Spectrogram 1	1	19863.876218750	19863.890843750	1400.000	4000.000	1.0000
115	Waveform 1	1	19908.622218750	19908.630343750	1400.000	4000.000	1.0000
115	Spectrogram 1	1	19908.622218750	19908.630343750	1400.000	4000.000	1.0000
116	Waveform 1	1	19912.023343750	19912.034718750	1400.000	4000.000	1.0000
116	Spectrogram 1	1	19912.023343750	19912.034718750	1400.000	4000.000	1.0000
117	Waveform 1	1	23113.385468750	23113.396843750	1400.000	4000.000	1.0000
117	Spectrogram 1	1	23113.385468750	23113.396843750	1400.000	4000.000	1.0000
118	Waveform 1	1	24387.892468750	24387.900593750	1400.000	4000.000	1.0000
118	Spectrogram 1	1	24387.892468750	24387.900593750	1400.000	4000.000	1.0000
119	Waveform 1	1	25663.982218750	25663.996843750	1400.000	4000.000	1.0000
119	Spectrogram 1	1	25663.982218750	25663.996843750	1400.000	4000.000	1.0000
120	Waveform 1	1	25675.093968750	25675.105343750	1400.000	4000.000	1.0000
120	Spectrogram 1	1	25675.093968750	25675.105343750	1400.000	4000.000	1.0000
121	Waveform 1	1	25678.116468750	25678.124593750	1400.000	4000.000	1.0000
121	Spectrogram 1	1	25678.116468750	25678.124593750	1400.000	4000.000	1.0000
122	Waveform 1	1	25698.911593750	25698.931093750	1400.000	4000.000	1.0000
122	Spectrogram 1	1	25698.911593750	25698.931093750	1400.000	4000.000	1.0000
123	Waveform 1	1	25837.850718750	25837.858843750	1400.000	4000.000	1.0000
123	Spectrogram 1	1	25837.850718750	25837.858843750	1400.000	4000.000	1.0000
124	Waveform 1	1	25838.487718750	25838.499093750	1400.000	4000.000	1.0000
124	Spectrogram 1	1	25838.487718750	25838.499093750	1400.000	4000.000	1.0000
125	Waveform 1	1	25839.023968750	25839.041843750	1400.000	4000.000	1.0000
125	Spectrogram 1	1	25839.023968750	25839.041843750	1400.000	4000.000	1.0000
126	Waveform 1	1	26103.388718750	26103.400093750	1400.000	4000.000	1.0000
126	Spectrogram 1	1	26103.388718750	26103.400093750	1400.000	4000.000	1.0000
127	Waveform 1	1	26402.104343750	26402.120593750	1400.000	4000.000	1.0000
127	Spectrogram 1	1	26402.104343750	26402.120593750	1400.000	4000.000	1.0000
128	Waveform 1	1	26451.826093750	26451.835843750	1400.000	4000.000	1.0000
128	Spectrogram 1	1	26451.826093750	26451.835843750	1400.000	4000.000	1.0000
129	Waveform 1	1	26761.594968750	26761.617718750	1400.000	4000.000	1.0000
129	Spectrogram 1	1	26761.594968750	26761.617718750	1400.000	4000.000	1.0000
130	Waveform 1	1	26791.283718750	26791.291843750	1400.000	4000.000	1.0000
130	Spectrogram 1	1	26791.283718750	26791.291843750	1400.000	4000.000	1.0000
131	Waveform 1	1	26792.796593750	26792.807968750	1400.000	4000.000	1.0000
131	Spectrogram 1	1	26792.796593750	26792.807968750	1400.000	4000.000	1.0000
132	Waveform 1	1	26793.566843750	26793.578218750	1400.000	4000.000	1.0000
132	Spectrogram 1	1	26793.566843750	26793.578218750	1400.000	4000.000	1.0000
133	Waveform 1	1	27594.625218750	27594.636593750	1400.000	4000.000	1.0000
133	Spectrogram 1	1	27594.625218750	27594.636593750	1400.000	4000.000	1.0000
134	Waveform 1	1	27595.600218750	27595.608343750	1400.000	4000.000	1.0000
134	Spectrogram 1	1	27595.600218750	27595.608343750	1400.000	4000.000	1.0000
135	Waveform 1	1	27595.700968750	27595.717218750	1400.000	4000.000	1.0000
135	Spectrogram 1	1	27595.700968750	27595.717218750	1400.000	4000.000	1.0000
136	Waveform 1	1	27615.763218750	27615.772968750	1400.000	4000.000	1.0000
136	Spectrogram 1	1	27615.763218750	27615.772968750	1400.000	4000.000	1.0000
137	Waveform 1	1	27615.980968750	27615.995593750	1400.000	4000.000	1.0000
137	Spectrogram 1	1	27615.980968750	27615.995593750	1400.000	4000.000	1.0000
138	Waveform 1	1	27616.395343750	27616.416468750	1400.000	4000.000	1.0000
138	Spectrogram 1	1	27616.395343750	27616.416468750	1400.000	4000.000	1.0000
139	Waveform 1	1	27616.507468750	27616.520468750	1400.000	4000.000	1.0000
139	Spectrogram 1	1	27616.507468750	27616.520468750	1400.000	4000.000	1.0000
140	Waveform 1	1	27616.830843750	27616.845468750	1400.000	4000.000	1.0000
140	Spectrogram 1	1	27616.830843750	27616.845468750	1400.000	4000.000	1.0000
141	Waveform 1	1	27617.043718750	27617.061593750	1400.000	4000.000	1.0000
141	Spectrogram 1	1	27617.043718750	27617.061593750	1400.000	4000.000	1.0000
142	Waveform 1	1	27617.264718750	27617.287468750	1400.000	4000.000	1.0000
142	Spectrogram 1	1	27617.264718750	27617.287468750	1400.000	4000.000	1.0000
143	Waveform 1	1	27619.749343750	27619.760718750	1400.000	4000.000	1.0000
143	Spectrogram 1	1	27619.749343750	27619.760718750	1400.000	4000.000	1.0000
144	Waveform 1	1	27796.164218750	27796.173968750	1400.000	4000.000	1.0000
144	Spectrogram 1	1	27796.164218750	27796.173968750	1400.000	4000.000	1.0000
145	Waveform 1	1	27831.935343750	27831.948343750	1400.000	4000.000	1.0000
145	Spectrogram 1	1	27831.935343750	27831.948343750	1400.000	4000.000	1.0000
146	Waveform 1	1	27859.118343750	27859.129718750	1400.000	4000.000	1.0000
146	Spectrogram 1	1	27859.118343750	27859.129718750	1400.000	4000.000	1.0000
147	Waveform 1	1	27925.174593750	27925.185968750	1400.000	4000.000	1.0000
147	Spectrogram 1	1	27925.174593750	27925.185968750	1400.000	4000.000	1.0000
148	Waveform 1	1	27929.828593750	27929.839968750	1400.000	4000.000	1.0000
148	Spectrogram 1	1	27929.828593750	27929.839968750	1400.000	4000.000	1.0000
149	Waveform 1	1	27931.024593750	27931.034343750	1400.000	4000.000	1.0000
149	Spectrogram 1	1	27931.024593750	27931.034343750	1400.000	4000.000	1.0000
150	Waveform 1	1	28017.628968750	28017.641968750	1400.000	4000.000	1.0000
150	Spectrogram 1	1	28017.628968750	28017.641968750	1400.000	4000.000	1.0000
151	Waveform 1	1	28019.034593750	28019.044343750	1400.000	4000.000	1.0000
151	Spectrogram 1	1	28019.034593750	28019.044343750	1400.000	4000.000	1.0000
152	Waveform 1	1	28021.394093750	28021.408718750	1400.000	4000.000	1.0000
152	Spectrogram 1	1	28021.394093750	28021.408718750	1400.000	4000.000	1.0000
153	Waveform 1	1	28023.316468750	28023.324593750	1400.000	4000.000	1.0000
153	Spectrogram 1	1	28023.316468750	28023.324593750	1400.000	4000.000	1.0000
154	Waveform 1	1	28025.581718750	28025.589843750	1400.000	4000.000	1.0000
154	Spectrogram 1	1	28025.581718750	28025.589843750	1400.000	4000.000	1.0000
155	Waveform 1	1	28188.933218750	28188.941343750	1400.000	4000.000	1.0000
155	Spectrogram 1	1	28188.933218750	28188.941343750	1400.000	4000.000	1.0000
156	Waveform 1	1	28216.340468750	28216.353468750	1400.000	4000.000	1.0000
156	Spectrogram 1	1	28216.340468750	28216.353468750	1400.000	4000.000	1.0000
157	Waveform 1	1	28221.605468750	28221.623343750	1400.000	4000.000	1.0000
157	Spectrogram 1	1	28221.605468750	28221.623343750	1400.000	4000.000	1.0000
158	Waveform 1	1	28246.885593750	28246.916468750	1400.000	4000.000	1.0000
158	Spectrogram 1	1	28246.885593750	28246.916468750	1400.000	4000.000	1.0000
159	Waveform 1	1	28277.731343750	28277.754093750	1400.000	4000.000	1.0000
159	Spectrogram 1	1	28277.731343750	28277.754093750	1400.000	4000.000	1.0000
160	Waveform 1	1	28278.389468750	28278.417093750	1400.000	4000.000	1.0000
160	Spectrogram 1	1	28278.389468750	28278.417093750	1400.000	4000.000	1.0000
161	Waveform 1	1	28309.184843750	28309.192968750	1400.000	4000.000	1.0000
161	Spectrogram 1	1	28309.184843750	28309.192968750	1400.000	4000.000	1.0000
162	Waveform 1	1	28310.257343750	28310.265468750	1400.000	4000.000	1.0000
162	Spectrogram 1	1	28310.257343750	28310.265468750	1400.000	4000.000	1.0000
163	Waveform 1	1	28338.126093750	28338.134218750	1400.000	4000.000	1.0000
163	Spectrogram 1	1	28338.126093750	28338.134218750	1400.000	4000.000	1.0000
164	Waveform 1	1	28349.960968750	28349.980468750	1400.000	4000.000	1.0000
164	Spectrogram 1	1	28349.960968750	28349.980468750	1400.000	4000.000	1.0000
165	Waveform 1	1	28362.398718750	28362.416593750	1400.000	4000.000	1.0000
165	Spectrogram 1	1	28362.398718750	28362.416593750	1400.000	4000.000	1.0000
166	Waveform 1	1	28381.013093750	28381.024468750	1400.000	4000.000	1.0000
166	Spectrogram 1	1	28381.013093750	28381.024468750	1400.000	4000.000	1.0000
167	Waveform 1	1	28439.545593750	28439.555343750	1400.000	4000.000	1.0000
167	Spectrogram 1	1	28439.545593750	28439.555343750	1400.000	4000.000	1.0000
168	Waveform 1	1	28443.968843750	28443.978593750	1400.000	4000.000	1.0000
168	Spectrogram 1	1	28443.968843750	28443.978593750	1400.000	4000.000	1.0000
169	Waveform 1	1	28449.692093750	28449.703468750	1400.000	4000.000	1.0000
169	Spectrogram 1	1	28449.692093750	28449.703468750	1400.000	4000.000	1.0000
170	Waveform 1	1	28449.913093750	28449.922843750	1400.000	4000.000	1.0000
170	Spectrogram 1	1	28449.913093750	28449.922843750	1400.000	4000.000	1.0000
171	Waveform 1	1	28460.334218750	28460.343968750	1400.000	4000.000	1.0000
171	Spectrogram 1	1	28460.334218750	28460.343968750	1400.000	4000.000	1.0000
172	Waveform 1	1	28460.566593750	28460.576343750	1400.000	4000.000	1.0000
172	Spectrogram 1	1	28460.566593750	28460.576343750	1400.000	4000.000	1.0000
173	Waveform 1	1	28494.392593750	28494.400718750	1400.000	4000.000	1.0000
173	Spectrogram 1	1	28494.392593750	28494.400718750	1400.000	4000.000	1.0000
174	Waveform 1	1	28498.159343750	28498.177218750	1400.000	4000.000	1.0000
174	Spectrogram 1	1	28498.159343750	28498.177218750	1400.000	4000.000	1.0000
175	Waveform 1	1	28499.664093750	28499.683593750	1400.000	4000.000	1.0000
175	Spectrogram 1	1	28499.664093750	28499.683593750	1400.000	4000.000	1.0000
176	Waveform 1	1	28514.014468750	28514.037218750	1400.000	4000.000	1.0000
176	Spectrogram 1	1	28514.014468750	28514.037218750	1400.000	4000.000	1.0000
177	Waveform 1	1	28605.230593750	28605.246843750	1400.000	4000.000	1.0000
177	Spectrogram 1	1	28605.230593750	28605.246843750	1400.000	4000.000	1.0000
178	Waveform 1	1	28886.223968750	28886.235343750	1400.000	4000.000	1.0000
178	Spectrogram 1	1	28886.223968750	28886.235343750	1400.000	4000.000	1.0000
179	Waveform 1	1	30386.542593750	30386.555593750	1400.000	4000.000	1.0000
179	Spectrogram 1	1	30386.542593750	30386.555593750	1400.000	4000.000	1.0000
180	Waveform 1	1	31274.444218750	31274.473468750	1400.000	4000.000	1.0000
180	Spectrogram 1	1	31274.444218750	31274.473468750	1400.000	4000.000	1.0000
181	Waveform 1	1	31522.297343750	31522.308718750	1400.000	4000.000	1.0000
181	Spectrogram 1	1	31522.297343750	31522.308718750	1400.000	4000.000	1.0000
182	Waveform 1	1	31828.738218750	31828.746343750	1400.000	4000.000	1.0000
182	Spectrogram 1	1	31828.738218750	31828.746343750	1400.000	4000.000	1.0000
183	Waveform 1	1	32971.587718750	32971.607218750	1400.000	4000.000	1.0000
183	Spectrogram 1	1	32971.587718750	32971.607218750	1400.000	4000.000	1.0000
184	Waveform 1	1	33728.681718750	33728.694718750	1400.000	4000.000	1.0000
184	Spectrogram 1	1	33728.681718750	33728.694718750	1400.000	4000.000	1.0000
185	Waveform 1	1	35634.723843750	35634.748218750	1400.000	4000.000	1.0000
185	Spectrogram 1	1	35634.723843750	35634.748218750	1400.000	4000.000	1.0000
186	Waveform 1	1	37249.086593750	37249.094718750	1400.000	4000.000	1.0000
186	Spectrogram 1	1	37249.086593750	37249.094718750	1400.000	4000.000	1.0000
187	Waveform 1	1	38449.118218750	38449.136093750	1400.000	4000.000	1.0000
187	Spectrogram 1	1	38449.118218750	38449.136093750	1400.000	4000.000	1.0000
188	Waveform 1	1	38457.529218750	38457.545468750	1400.000	4000.000	1.0000
188	Spectrogram 1	1	38457.529218750	38457.545468750	1400.000	4000.000	1.0000
189	Waveform 1	1	38464.563843750	38464.583343750	1400.000	4000.000	1.0000
189	Spectrogram 1	1	38464.563843750	38464.583343750	1400.000	4000.000	1.0000
190	Waveform 1	1	38466.367593750	38466.377343750	1400.000	4000.000	1.0000
190	Spectrogram 1	1	38466.367593750	38466.377343750	1400.000	4000.000	1.0000
191	Waveform 1	1	38471.223093750	38471.240968750	1400.000	4000.000	1.0000
191	Spectrogram 1	1	38471.223093750	38471.240968750	1400.000	4000.000	1.0000
192	Waveform 1	1	38479.697468750	38479.716968750	1400.000	4000.000	0.7500
192	Spectrogram 1	1	38479.697468750	38479.716968750	1400.000	4000.000	0.7500
193	Waveform 1	1	38492.884343750	38492.907093750	1400.000	4000.000	1.0000
193	Spectrogram 1	1	38492.884343750	38492.907093750	1400.000	4000.000	1.0000
194	Waveform 1	1	38546.879843750	38546.905843750	1400.000	4000.000	1.0000
194	Spectrogram 1	1	38546.879843750	38546.905843750	1400.000	4000.000	1.0000
195	Waveform 1	1	38546.956218750	38546.964343750	1400.000	4000.000	1.0000
195	Spectrogram 1	1	38546.956218750	38546.964343750	1400.000	4000.000	1.0000
196	Waveform 1	1	38720.925468750	38720.933593750	1400.000	4000.000	1.0000
196	Spectrogram 1	1	38720.925468750	38720.933593750	1400.000	4000.000	1.0000
197	Waveform 1	1	39256.184218750	39256.202093750	1400.000	4000.000	1.0000
197	Spectrogram 1	1	39256.184218750	39256.202093750	1400.000	4000.000	1.0000
198	Waveform 1	1	41841.694093750	41841.705468750	1400.000	4000.000	1.0000
198	Spectrogram 1	1	41841.694093750	41841.705468750	1400.000	4000.000	1.0000
199	Waveform 1	1	41960.086718750	41960.099718750	1400.000	4000.000	1.0000
199	Spectrogram 1	1	41960.086718750	41960.099718750	1400.000	4000.000	1.0000
200	Waveform 1	1	42360.259218750	42360.275468750	1400.000	4000.000	1.0000
200	Spectrogram 1	1	42360.259218750	42360.275468750	1400.000	4000.000	1.0000
201	Waveform 1	1	42450.631968750	42450.651468750	1400.000	4000.000	1.0000
201	Spectrogram 1	1	42450.631968750	42450.651468750	1400.000	4000.000	1.0000
202	Waveform 1	1	43021.765843750	43021.777218750	1400.000	4000.000	1.0000
202	Spectrogram 1	1	43021.765843750	43021.777218750	1400.000	4000.000	1.0000
203	Waveform 1	1	44009.561093750	44009.575718750	1400.000	4000.000	1.0000
203	Spectrogram 1	1	44009.561093750	44009.575718750	1400.000	4000.000	1.0000
204	Waveform 1	1	47013.527968750	47013.544218750	1400.000	4000.000	1.0000
204	Spectrogram 1	1	47013.527968750	47013.544218750	1400.000	4000.000	1.0000
205	Waveform 1	1	52373.010343750	52373.031468750	1400.000	4000.000	1.0000
205	Spectrogram 1	1	52373.010343750	52373.031468750	1400.000	4000.000	1.0000
206	Waveform 1	1	52505.405593750	52505.413718750	1400.000	4000.000	1.0000
206	Spectrogram 1	1	52505.405593750	52505.413718750	1400.000	4000.000	1.0000
207	Waveform 1	1	53093.218468750	53093.226593750	1400.000	4000.000	1.0000
207	Spectrogram 1	1	53093.218468750	53093.226593750	1400.000	4000.000	1.0000
208	Waveform 1	1	53187.484718750	53187.494468750	1400.000	4000.000	1.0000
208	Spectrogram 1	1	53187.484718750	53187.494468750	1400.000	4000.000	1.0000
209	Waveform 1	1	53374.323968750	53374.332093750	1400.000	4000.000	1.0000
209	Spectrogram 1	1	53374.323968750	53374.332093750	1400.000	4000.000	1.0000
210	Waveform 1	1	53375.908343750	53375.918093750	1400.000	4000.000	1.0000
210	Spectrogram 1	1	53375.908343750	53375.918093750	1400.000	4000.000	1.0000
211	Waveform 1	1	53393.487593750	53393.498968750	1400.000	4000.000	1.0000
211	Spectrogram 1	1	53393.487593750	53393.498968750	1400.000	4000.000	1.0000
212	Waveform 1	1	54204.552718750	54204.565718750	1400.000	4000.000	1.0000
212	Spectrogram 1	1	54204.552718750	54204.565718750	1400.000	4000.000	1.0000
213	Waveform 1	1	55600.279843750	55600.287968750	1400.000	4000.000	1.0000
213	Spectrogram 1	1	55600.279843750	55600.287968750	1400.000	4000.000	1.0000
214	Waveform 1	1	59272.766843750	59272.787968750	1400.000	4000.000	1.0000
214	Spectrogram 1	1	59272.766843750	59272.787968750	1400.000	4000.000	1.0000
215	Waveform 1	1	59459.742593750	59459.752343750	1400.000	4000.000	1.0000
215	Spectrogram 1	1	59459.742593750	59459.752343750	1400.000	4000.000	1.0000
216	Waveform 1	1	60079.353468750	60079.366468750	1400.000	4000.000	1.0000
216	Spectrogram 1	1	60079.353468750	60079.366468750	1400.000	4000.000	1.0000
217	Waveform 1	1	61202.650968750	61202.660718750	1400.000	4000.000	1.0000
217	Spectrogram 1	1	61202.650968750	61202.660718750	1400.000	4000.000	1.0000
218	Waveform 1	1	61203.673093750	61203.705593750	1400.000	4000.000	1.0000
218	Spectrogram 1	1	61203.673093750	61203.705593750	1400.000	4000.000	1.0000
219	Waveform 1	1	61204.340968750	61204.350718750	1400.000	4000.000	1.0000
219	Spectrogram 1	1	61204.340968750	61204.350718750	1400.000	4000.000	1.0000
220	Waveform 1	1	61225.569968750	61225.581343750	1400.000	4000.000	1.0000
220	Spectrogram 1	1	61225.569968750	61225.581343750	1400.000	4000.000	1.0000
221	Waveform 1	1	61263.962218750	61263.983343750	1400.000	4000.000	1.0000
221	Spectrogram 1	1	61263.962218750	61263.983343750	1400.000	4000.000	1.0000
222	Waveform 1	1	61958.938968750	61958.950343750	1400.000	4000.000	1.0000
222	Spectrogram 1	1	61958.938968750	61958.950343750	1400.000	4000.000	1.0000
223	Waveform 1	1	62828.330218750	62828.338343750	1400.000	4000.000	1.0000
223	Spectrogram 1	1	62828.330218750	62828.338343750	1400.000	4000.000	1.0000
224	Waveform 1	1	66747.142843750	66747.165593750	1400.000	4000.000	1.0000
224	Spectrogram 1	1	66747.142843750	66747.165593750	1400.000	4000.000	1.0000
225	Waveform 1	1	67160.299093750	67160.312093750	1400.000	4000.000	1.0000
225	Spectrogram 1	1	67160.299093750	67160.312093750	1400.000	4000.000	1.0000
226	Waveform 1	1	68780.303843750	68780.315218750	1400.000	4000.000	1.0000
226	Spectrogram 1	1	68780.303843750	68780.315218750	1400.000	4000.000	1.0000
227	Waveform 1	1	69776.576718750	69776.584843750	1400.000	4000.000	1.0000
227	Spectrogram 1	1	69776.576718750	69776.584843750	1400.000	4000.000	1.0000
228	Waveform 1	1	71957.942593750	71957.957218750	1400.000	4000.000	1.0000
228	Spectrogram 1	1	71957.942593750	71957.957218750	1400.000	4000.000	1.0000
229	Waveform 1	1	72448.929843750	72448.950968750	1400.000	4000.000	1.0000
229	Spectrogram 1	1	72448.929843750	72448.950968750	1400.000	4000.000	1.0000
230	Waveform 1	1	73770.951843750	73770.969718750	1400.000	4000.000	1.0000
230	Spectrogram 1	1	73770.951843750	73770.969718750	1400.000	4000.000	1.0000
231	Waveform 1	1	73953.398718750	73953.411718750	1400.000	4000.000	1.0000
231	Spectrogram 1	1	73953.398718750	73953.411718750	1400.000	4000.000	1.0000
232	Waveform 1	1	74219.164218750	74219.175593750	1400.000	4000.000	1.0000
232	Spectrogram 1	1	74219.164218750	74219.175593750	1400.000	4000.000	1.0000
233	Waveform 1	1	75001.760968750	75001.770718750	1400.000	4000.000	1.0000
233	Spectrogram 1	1	75001.760968750	75001.770718750	1400.000	4000.000	1.0000
234	Waveform 1	1	75085.336343750	75085.355843750	1400.000	4000.000	1.0000
234	Spectrogram 1	1	75085.336343750	75085.355843750	1400.000	4000.000	1.0000
235	Waveform 1	1	75164.353593750	75164.363343750	1400.000	4000.000	1.0000
235	Spectrogram 1	1	75164.353593750	75164.363343750	1400.000	4000.000	1.0000
236	Waveform 1	1	75205.132968750	75205.144343750	1400.000	4000.000	1.0000
236	Spectrogram 1	1	75205.132968750	75205.144343750	1400.000	4000.000	1.0000
237	Waveform 1	1	75226.316468750	75226.327843750	1400.000	4000.000	1.0000
237	Spectrogram 1	1	75226.316468750	75226.327843750	1400.000	4000.000	1.0000
238	Waveform 1	1	75330.113343750	75330.124718750	1400.000	4000.000	1.0000
238	Spectrogram 1	1	75330.113343750	75330.124718750	1400.000	4000.000	1.0000
239	Waveform 1	1	75332.679218750	75332.692218750	1400.000	4000.000	1.0000
239	Spectrogram 1	1	75332.679218750	75332.692218750	1400.000	4000.000	1.0000
240	Waveform 1	1	75348.870718750	75348.885343750	1400.000	4000.000	1.0000
240	Spectrogram 1	1	75348.870718750	75348.885343750	1400.000	4000.000	1.0000
241	Waveform 1	1	75363.014718750	75363.029343750	1400.000	4000.000	1.0000
241	Spectrogram 1	1	75363.014718750	75363.029343750	1400.000	4000.000	1.0000
242	Waveform 1	1	75366.579968750	75366.591343750	1400.000	4000.000	1.0000
242	Spectrogram 1	1	75366.579968750	75366.591343750	1400.000	4000.000	1.0000
243	Waveform 1	1	75396.223218750	75396.234593750	1400.000	4000.000	1.0000
243	Spectrogram 1	1	75396.223218750	75396.234593750	1400.000	4000.000	1.0000
244	Waveform 1	1	75396.306093750	75396.315843750	1400.000	4000.000	1.0000
244	Spectrogram 1	1	75396.306093750	75396.315843750	1400.000	4000.000	1.0000
245	Waveform 1	1	75397.090968750	75397.099093750	1400.000	4000.000	1.0000
245	Spectrogram 1	1	75397.090968750	75397.099093750	1400.000	4000.000	1.0000
246	Waveform 1	1	75417.879593750	75417.887718750	1400.000	4000.000	1.0000
246	Spectrogram 1	1	75417.879593750	75417.887718750	1400.000	4000.000	1.0000
247	Waveform 1	1	75445.065843750	75445.075593750	1400.000	4000.000	1.0000
247	Spectrogram 1	1	75445.065843750	75445.075593750	1400.000	4000.000	1.0000
248	Waveform 1	1	75458.078843750	75458.086968750	1400.000	4000.000	1.0000
248	Spectrogram 1	1	75458.078843750	75458.086968750	1400.000	4000.000	1.0000
249	Waveform 1	1	75459.853343750	75459.869593750	1400.000	4000.000	1.0000
249	Spectrogram 1	1	75459.853343750	75459.869593750	1400.000	4000.000	1.0000
250	Waveform 1	1	75463.897968750	75463.906093750	1400.000	4000.000	1.0000
250	Spectrogram 1	1	75463.897968750	75463.906093750	1400.000	4000.000	1.0000
251	Waveform 1	1	75464.489468750	75464.499218750	1400.000	4000.000	1.0000
251	Spectrogram 1	1	75464.489468750	75464.499218750	1400.000	4000.000	1.0000
252	Waveform 1	1	75465.201218750	75465.209343750	1400.000	4000.000	1.0000
252	Spectrogram 1	1	75465.201218750	75465.209343750	1400.000	4000.000	1.0000
253	Waveform 1	1	75472.289468750	75472.297593750	1400.000	4000.000	1.0000
253	Spectrogram 1	1	75472.289468750	75472.297593750	1400.000	4000.000	1.0000
254	Waveform 1	1	75495.188968750	75495.200343750	1400.000	4000.000	1.0000
254	Spectrogram 1	1	75495.188968750	75495.200343750	1400.000	4000.000	1.0000
255	Waveform 1	1	75507.834718750	75507.850968750	1400.000	4000.000	1.0000
255	Spectrogram 1	1	75507.834718750	75507.850968750	1400.000	4000.000	1.0000
256	Waveform 1	1	75507.915968750	75507.925718750	1400.000	4000.000	1.0000
256	Spectrogram 1	1	75507.915968750	75507.925718750	1400.000	4000.000	1.0000
257	Waveform 1	1	75511.032718750	75511.045718750	1400.000	4000.000	1.0000
257	Spectrogram 1	1	75511.032718750	75511.045718750	1400.000	4000.000	1.0000
258	Waveform 1	1	75514.485843750	75514.493968750	1400.000	4000.000	1.0000
258	Spectrogram 1	1	75514.485843750	75514.493968750	1400.000	4000.000	1.0000
259	Waveform 1	1	75514.560593750	75514.571968750	1400.000	4000.000	1.0000
259	Spectrogram 1	1	75514.560593750	75514.571968750	1400.000	4000.000	1.0000
260	Waveform 1	1	75515.282093750	75515.291843750	1400.000	4000.000	1.0000
260	Spectrogram 1	1	75515.282093750	75515.291843750	1400.000	4000.000	1.0000
261	Waveform 1	1	75515.395843750	75515.408843750	1400.000	4000.000	1.0000
261	Spectrogram 1	1	75515.395843750	75515.408843750	1400.000	4000.000	1.0000
262	Waveform 1	1	75526.941468750	75526.952843750	1400.000	4000.000	1.0000
262	Spectrogram 1	1	75526.941468750	75526.952843750	1400.000	4000.000	1.0000
263	Waveform 1	1	75527.297343750	75527.305468750	1400.000	4000.000	1.0000
263	Spectrogram 1	1	75527.297343750	75527.305468750	1400.000	4000.000	1.0000
264	Waveform 1	1	75528.914218750	75528.923968750	1400.000	4000.000	1.0000
264	Spectrogram 1	1	75528.914218750	75528.923968750	1400.000	4000.000	1.0000
265	Waveform 1	1	75542.265218750	75542.276593750	1400.000	4000.000	1.0000
265	Spectrogram 1	1	75542.265218750	75542.276593750	1400.000	4000.000	1.0000
266	Waveform 1	1	75544.140468750	75544.148593750	1400.000	4000.000	1.0000
266	Spectrogram 1	1	75544.140468750	75544.148593750	1400.000	4000.000	1.0000
267	Waveform 1	1	75546.378093750	75546.386218750	1400.000	4000.000	1.0000
267	Spectrogram 1	1	75546.378093750	75546.386218750	1400.000	4000.000	1.0000
268	Waveform 1	1	75550.474718750	75550.490968750	1400.000	4000.000	1.0000
268	Spectrogram 1	1	75550.474718750	75550.490968750	1400.000	4000.000	1.0000
269	Waveform 1	1	75550.633968750	75550.645343750	1400.000	4000.000	1.0000
269	Spectrogram 1	1	75550.633968750	75550.645343750	1400.000	4000.000	1.0000
270	Waveform 1	1	75555.539843750	75555.554468750	1400.000	4000.000	1.0000
270	Spectrogram 1	1	75555.539843750	75555.554468750	1400.000	4000.000	1.0000
271	Waveform 1	1	75555.586968750	75555.595093750	1400.000	4000.000	1.0000
271	Spectrogram 1	1	75555.586968750	75555.595093750	1400.000	4000.000	1.0000
272	Waveform 1	1	75555.898968750	75555.915218750	1400.000	4000.000	1.0000
272	Spectrogram 1	1	75555.898968750	75555.915218750	1400.000	4000.000	1.0000
273	Waveform 1	1	75555.976968750	75555.993218750	1400.000	4000.000	1.0000
273	Spectrogram 1	1	75555.976968750	75555.993218750	1400.000	4000.000	1.0000
274	Waveform 1	1	75556.579843750	75556.589593750	1400.000	4000.000	1.0000
274	Spectrogram 1	1	75556.579843750	75556.589593750	1400.000	4000.000	1.0000
275	Waveform 1	1	75561.176968750	75561.186718750	1400.000	4000.000	1.0000
275	Spectrogram 1	1	75561.176968750	75561.186718750	1400.000	4000.000	1.0000
276	Waveform 1	1	75561.412593750	75561.428843750	1400.000	4000.000	1.0000
276	Spectrogram 1	1	75561.412593750	75561.428843750	1400.000	4000.000	1.0000
277	Waveform 1	1	75570.312718750	75570.322468750	1400.000	4000.000	1.0000
277	Spectrogram 1	1	75570.312718750	75570.322468750	1400.000	4000.000	1.0000
278	Waveform 1	1	75570.787218750	75570.798593750	1400.000	4000.000	1.0000
278	Spectrogram 1	1	75570.787218750	75570.798593750	1400.000	4000.000	1.0000
279	Waveform 1	1	75570.948093750	75570.956218750	1400.000	4000.000	1.0000
279	Spectrogram 1	1	75570.948093750	75570.956218750	1400.000	4000.000	1.0000
280	Waveform 1	1	75570.990343750	75570.998468750	1400.000	4000.000	1.0000
280	Spectrogram 1	1	75570.990343750	75570.998468750	1400.000	4000.000	1.0000
281	Waveform 1	1	75573.278343750	75573.289718750	1400.000	4000.000	1.0000
281	Spectrogram 1	1	75573.278343750	75573.289718750	1400.000	4000.000	1.0000
282	Waveform 1	1	75578.309343750	75578.320718750	1400.000	4000.000	1.0000
282	Spectrogram 1	1	75578.309343750	75578.320718750	1400.000	4000.000	1.0000
283	Waveform 1	1	75578.382468750	75578.395468750	1400.000	4000.000	1.0000
283	Spectrogram 1	1	75578.382468750	75578.395468750	1400.000	4000.000	1.0000
284	Waveform 1	1	75578.463718750	75578.476718750	1400.000	4000.000	1.0000
284	Spectrogram 1	1	75578.463718750	75578.476718750	1400.000	4000.000	1.0000
285	Waveform 1	1	75578.582343750	75578.598593750	1400.000	4000.000	1.0000
285	Spectrogram 1	1	75578.582343750	75578.598593750	1400.000	4000.000	1.0000
286	Waveform 1	1	75585.816843750	75585.824968750	1400.000	4000.000	1.0000
286	Spectrogram 1	1	75585.816843750	75585.824968750	1400.000	4000.000	1.0000
287	Waveform 1	1	75586.128843750	75586.138593750	1400.000	4000.000	1.0000
287	Spectrogram 1	1	75586.128843750	75586.138593750	1400.000	4000.000	1.0000
288	Waveform 1	1	75589.172468750	75589.187093750	1400.000	4000.000	1.0000
288	Spectrogram 1	1	75589.172468750	75589.187093750	1400.000	4000.000	1.0000
289	Waveform 1	1	75591.460468750	75591.476718750	1400.000	4000.000	1.0000
289	Spectrogram 1	1	75591.460468750	75591.476718750	1400.000	4000.000	1.0000
290	Waveform 1	1	75601.613468750	75601.623218750	1400.000	4000.000	1.0000
290	Spectrogram 1	1	75601.613468750	75601.623218750	1400.000	4000.000	1.0000
291	Waveform 1	1	75602.490968750	75602.500718750	1400.000	4000.000	1.0000
291	Spectrogram 1	1	75602.490968750	75602.500718750	1400.000	4000.000	1.0000
292	Waveform 1	1	75602.770468750	75602.778593750	1400.000	4000.000	1.0000
292	Spectrogram 1	1	75602.770468750	75602.778593750	1400.000	4000.000	1.0000
293	Waveform 1	1	75605.222593750	75605.232343750	1400.000	4000.000	1.0000
293	Spectrogram 1	1	75605.222593750	75605.232343750	1400.000	4000.000	1.0000
294	Waveform 1	1	75605.584968750	75605.593093750	1400.000	4000.000	1.0000
294	Spectrogram 1	1	75605.584968750	75605.593093750	1400.000	4000.000	1.0000
295	Waveform 1	1	75612.166218750	75612.179218750	1400.000	4000.000	1.0000
295	Spectrogram 1	1	75612.166218750	75612.179218750	1400.000	4000.000	1.0000
296	Waveform 1	1	75614.470468750	75614.478593750	1400.000	4000.000	1.0000
296	Spectrogram 1	1	75614.470468750	75614.478593750	1400.000	4000.000	1.0000
297	Waveform 1	1	75614.548468750	75614.561468750	1400.000	4000.000	1.0000
297	Spectrogram 1	1	75614.548468750	75614.561468750	1400.000	4000.000	1.0000
298	Waveform 1	1	75616.847843750	75616.857593750	1400.000	4000.000	1.0000
298	Spectrogram 1	1	75616.847843750	75616.857593750	1400.000	4000.000	1.0000
299	Waveform 1	1	75623.143093750	75623.160968750	1400.000	4000.000	1.0000
299	Spectrogram 1	1	75623.143093750	75623.160968750	1400.000	4000.000	1.0000
300	Waveform 1	1	75624.415468750	75624.431718750	1400.000	4000.000	1.0000
300	Spectrogram 1	1	75624.415468750	75624.431718750	1400.000	4000.000	1.0000
301	Waveform 1	1	75624.857468750	75624.868843750	1400.000	4000.000	1.0000
301	Spectrogram 1	1	75624.857468750	75624.868843750	1400.000	4000.000	1.0000
302	Waveform 1	1	75625.141843750	75625.151593750	1400.000	4000.000	1.0000
302	Spectrogram 1	1	75625.141843750	75625.151593750	1400.000	4000.000	1.0000
303	Waveform 1	1	75630.070468750	75630.081843750	1400.000	4000.000	1.0000
303	Spectrogram 1	1	75630.070468750	75630.081843750	1400.000	4000.000	1.0000
304	Waveform 1	1	75640.343718750	75640.356718750	1400.000	4000.000	1.0000
304	Spectrogram 1	1	75640.343718750	75640.356718750	1400.000	4000.000	1.0000
305	Waveform 1	1	75640.665468750	75640.673593750	1400.000	4000.000	1.0000
305	Spectrogram 1	1	75640.665468750	75640.673593750	1400.000	4000.000	1.0000
306	Waveform 1	1	75648.764468750	75648.777468750	1400.000	4000.000	1.0000
306	Spectrogram 1	1	75648.764468750	75648.777468750	1400.000	4000.000	1.0000
307	Waveform 1	1	75649.840218750	75649.849968750	1400.000	4000.000	1.0000
307	Spectrogram 1	1	75649.840218750	75649.849968750	1400.000	4000.000	1.0000
308	Waveform 1	1	75651.819468750	75651.829218750	1400.000	4000.000	1.0000
308	Spectrogram 1	1	75651.819468750	75651.829218750	1400.000	4000.000	1.0000
309	Waveform 1	1	75654.710343750	75654.720093750	1400.000	4000.000	1.0000
309	Spectrogram 1	1	75654.710343750	75654.720093750	1400.000	4000.000	1.0000
310	Waveform 1	1	75657.742593750	75657.750718750	1400.000	4000.000	1.0000
310	Spectrogram 1	1	75657.742593750	75657.750718750	1400.000	4000.000	1.0000
311	Waveform 1	1	75660.475843750	75660.483968750	1400.000	4000.000	1.0000
311	Spectrogram 1	1	75660.475843750	75660.483968750	1400.000	4000.000	1.0000
312	Waveform 1	1	75660.635093750	75660.643218750	1400.000	4000.000	1.0000
312	Spectrogram 1	1	75660.635093750	75660.643218750	1400.000	4000.000	1.0000
313	Waveform 1	1	75660.713093750	75660.726093750	1400.000	4000.000	1.0000
313	Spectrogram 1	1	75660.713093750	75660.726093750	1400.000	4000.000	1.0000
314	Waveform 1	1	75661.584093750	75661.595468750	1400.000	4000.000	1.0000
314	Spectrogram 1	1	75661.584093750	75661.595468750	1400.000	4000.000	1.0000
315	Waveform 1	1	75662.294218750	75662.308843750	1400.000	4000.000	1.0000
315	Spectrogram 1	1	75662.294218750	75662.308843750	1400.000	4000.000	1.0000
316	Waveform 1	1	75664.590343750	75664.601718750	1400.000	4000.000	1.0000
316	Spectrogram 1	1	75664.590343750	75664.601718750	1400.000	4000.000	1.0000
317	Waveform 1	1	75666.444468750	75666.460718750	1400.000	4000.000	1.0000
317	Spectrogram 1	1	75666.444468750	75666.460718750	1400.000	4000.000	1.0000
318	Waveform 1	1	75670.110468750	75670.123468750	1400.000	4000.000	1.0000
318	Spectrogram 1	1	75670.110468750	75670.123468750	1400.000	4000.000	1.0000
319	Waveform 1	1	75677.237718750	75677.245843750	1400.000	4000.000	1.0000
319	Spectrogram 1	1	75677.237718750	75677.245843750	1400.000	4000.000	1.0000
320	Waveform 1	1	75677.310843750	75677.330343750	1400.000	4000.000	1.0000
320	Spectrogram 1	1	75677.310843750	75677.330343750	1400.000	4000.000	1.0000
321	Waveform 1	1	75686.113468750	75686.123218750	1400.000	4000.000	1.0000
321	Spectrogram 1	1	75686.113468750	75686.123218750	1400.000	4000.000	1.0000
322	Waveform 1	1	75686.191468750	75686.202843750	1400.000	4000.000	1.0000
322	Spectrogram 1	1	75686.191468750	75686.202843750	1400.000	4000.000	1.0000
323	Waveform 1	1	75686.904843750	75686.917843750	1400.000	4000.000	1.0000
323	Spectrogram 1	1	75686.904843750	75686.917843750	1400.000	4000.000	1.0000
324	Waveform 1	1	75688.260093750	75688.269843750	1400.000	4000.000	1.0000
324	Spectrogram 1	1	75688.260093750	75688.269843750	1400.000	4000.000	1.0000
325	Waveform 1	1	75689.087218750	75689.096968750	1400.000	4000.000	1.0000
325	Spectrogram 1	1	75689.087218750	75689.096968750	1400.000	4000.000	1.0000
326	Waveform 1	1	75689.956593750	75689.969593750	1400.000	4000.000	1.0000
326	Spectrogram 1	1	75689.956593750	75689.969593750	1400.000	4000.000	1.0000
327	Waveform 1	1	75691.024218750	75691.033968750	1400.000	4000.000	1.0000
327	Spectrogram 1	1	75691.024218750	75691.033968750	1400.000	4000.000	1.0000
328	Waveform 1	1	75691.914718750	75691.924468750	1400.000	4000.000	1.0000
328	Spectrogram 1	1	75691.914718750	75691.924468750	1400.000	4000.000	1.0000
329	Waveform 1	1	75698.764093750	75698.772218750	1400.000	4000.000	1.0000
329	Spectrogram 1	1	75698.764093750	75698.772218750	1400.000	4000.000	1.0000
330	Waveform 1	1	75700.028343750	75700.041343750	1400.000	4000.000	1.0000
330	Spectrogram 1	1	75700.028343750	75700.041343750	1400.000	4000.000	1.0000
331	Waveform 1	1	75700.897718750	75700.907468750	1400.000	4000.000	1.0000
331	Spectrogram 1	1	75700.897718750	75700.907468750	1400.000	4000.000	1.0000
332	Waveform 1	1	75702.004343750	75702.017343750	1400.000	4000.000	1.0000
332	Spectrogram 1	1	75702.004343750	75702.017343750	1400.000	4000.000	1.0000
333	Waveform 1	1	75703.990093750	75703.998218750	1400.000	4000.000	1.0000
333	Spectrogram 1	1	75703.990093750	75703.998218750	1400.000	4000.000	1.0000
334	Waveform 1	1	75704.695343750	75704.705093750	1400.000	4000.000	1.0000
334	Spectrogram 1	1	75704.695343750	75704.705093750	1400.000	4000.000	1.0000
335	Waveform 1	1	75705.210468750	75705.221843750	1400.000	4000.000	1.0000
335	Spectrogram 1	1	75705.210468750	75705.221843750	1400.000	4000.000	1.0000
336	Waveform 1	1	75709.986343750	75709.996093750	1400.000	4000.000	1.0000
336	Spectrogram 1	1	75709.986343750	75709.996093750	1400.000	4000.000	1.0000
337	Waveform 1	1	75710.897968750	75710.907718750	1400.000	4000.000	1.0000
337	Spectrogram 1	1	75710.897968750	75710.907718750	1400.000	4000.000	1.0000
338	Waveform 1	1	75713.462218750	75713.475218750	1400.000	4000.000	1.0000
338	Spectrogram 1	1	75713.462218750	75713.475218750	1400.000	4000.000	1.0000
339	Waveform 1	1	75714.521718750	75714.534718750	1400.000	4000.000	1.0000
339	Spectrogram 1	1	75714.521718750	75714.534718750	1400.000	4000.000	1.0000
340	Waveform 1	1	75723.733843750	75723.748468750	1400.000	4000.000	1.0000
340	Spectrogram 1	1	75723.733843750	75723.748468750	1400.000	4000.000	1.0000
341	Waveform 1	1	75724.333468750	75724.341593750	1400.000	4000.000	1.0000
341	Spectrogram 1	1	75724.333468750	75724.341593750	1400.000	4000.000	1.0000
342	Waveform 1	1	75724.534968750	75724.543093750	1400.000	4000.000	1.0000
342	Spectrogram 1	1	75724.534968750	75724.543093750	1400.000	4000.000	1.0000
343	Waveform 1	1	75724.733218750	75724.744593750	1400.000	4000.000	1.0000
343	Spectrogram 1	1	75724.733218750	75724.744593750	1400.000	4000.000	1.0000
344	Waveform 1	1	75738.162218750	75738.173593750	1400.000	4000.000	1.0000
344	Spectrogram 1	1	75738.162218750	75738.173593750	1400.000	4000.000	1.0000
345	Waveform 1	1	75738.477468750	75738.492093750	1400.000	4000.000	1.0000
345	Spectrogram 1	1	75738.477468750	75738.492093750	1400.000	4000.000	1.0000
346	Waveform 1	1	75739.159968750	75739.176218750	1400.000	4000.000	1.0000
346	Spectrogram 1	1	75739.159968750	75739.176218750	1400.000	4000.000	1.0000
347	Waveform 1	1	75739.281843750	75739.289968750	1400.000	4000.000	1.0000
347	Spectrogram 1	1	75739.281843750	75739.289968750	1400.000	4000.000	1.0000
348	Waveform 1	1	75739.478468750	75739.486593750	1400.000	4000.000	1.0000
348	Spectrogram 1	1	75739.478468750	75739.486593750	1400.000	4000.000	1.0000
349	Waveform 1	1	75746.145843750	75746.160468750	1400.000	4000.000	1.0000
349	Spectrogram 1	1	75746.145843750	75746.160468750	1400.000	4000.000	1.0000
350	Waveform 1	1	75749.738718750	75749.753343750	1400.000	4000.000	1.0000
350	Spectrogram 1	1	75749.738718750	75749.753343750	1400.000	4000.000	1.0000
351	Waveform 1	1	75750.417968750	75750.426093750	1400.000	4000.000	1.0000
351	Spectrogram 1	1	75750.417968750	75750.426093750	1400.000	4000.000	1.0000
352	Waveform 1	1	75751.206093750	75751.217468750	1400.000	4000.000	1.0000
352	Spectrogram 1	1	75751.206093750	75751.217468750	1400.000	4000.000	1.0000
353	Waveform 1	1	75756.344343750	75756.354093750	1400.000	4000.000	1.0000
353	Spectrogram 1	1	75756.344343750	75756.354093750	1400.000	4000.000	1.0000
354	Waveform 1	1	75756.737593750	75756.748968750	1400.000	4000.000	1.0000
354	Spectrogram 1	1	75756.737593750	75756.748968750	1400.000	4000.000	1.0000
355	Waveform 1	1	75756.815593750	75756.828593750	1400.000	4000.000	1.0000
355	Spectrogram 1	1	75756.815593750	75756.828593750	1400.000	4000.000	1.0000
356	Waveform 1	1	75757.054468750	75757.064218750	1400.000	4000.000	1.0000
356	Spectrogram 1	1	75757.054468750	75757.064218750	1400.000	4000.000	1.0000
357	Waveform 1	1	75758.330093750	75758.339843750	1400.000	4000.000	1.0000
357	Spectrogram 1	1	75758.330093750	75758.339843750	1400.000	4000.000	1.0000
358	Waveform 1	1	75758.445468750	75758.455218750	1400.000	4000.000	1.0000
358	Spectrogram 1	1	75758.445468750	75758.455218750	1400.000	4000.000	1.0000
359	Waveform 1	1	75758.915093750	75758.931343750	1400.000	4000.000	1.0000
359	Spectrogram 1	1	75758.915093750	75758.931343750	1400.000	4000.000	1.0000
360	Waveform 1	1	75760.460468750	75760.468593750	1400.000	4000.000	1.0000
360	Spectrogram 1	1	75760.460468750	75760.468593750	1400.000	4000.000	1.0000
361	Waveform 1	1	75764.308468750	75764.319843750	1400.000	4000.000	1.0000
361	Spectrogram 1	1	75764.308468750	75764.319843750	1400.000	4000.000	1.0000
362	Waveform 1	1	75765.740093750	75765.748218750	1400.000	4000.000	1.0000
362	Spectrogram 1	1	75765.740093750	75765.748218750	1400.000	4000.000	1.0000
363	Waveform 1	1	75766.500593750	75766.508718750	1400.000	4000.000	1.0000
363	Spectrogram 1	1	75766.500593750	75766.508718750	1400.000	4000.000	1.0000
364	Waveform 1	1	75766.737843750	75766.749218750	1400.000	4000.000	1.0000
364	Spectrogram 1	1	75766.737843750	75766.749218750	1400.000	4000.000	1.0000
365	Waveform 1	1	75766.931218750	75766.947468750	1400.000	4000.000	1.0000
365	Spectrogram 1	1	75766.931218750	75766.947468750	1400.000	4000.000	1.0000
366	Waveform 1	1	75767.410593750	75767.420343750	1400.000	4000.000	1.0000
366	Spectrogram 1	1	75767.410593750	75767.420343750	1400.000	4000.000	1.0000
367	Waveform 1	1	75768.201968750	75768.214968750	1400.000	4000.000	1.0000
367	Spectrogram 1	1	75768.201968750	75768.214968750	1400.000	4000.000	1.0000
368	Waveform 1	1	75770.761343750	75770.769468750	1400.000	4000.000	1.0000
368	Spectrogram 1	1	75770.761343750	75770.769468750	1400.000	4000.000	1.0000
369	Waveform 1	1	75773.525468750	75773.541718750	1400.000	4000.000	1.0000
369	Spectrogram 1	1	75773.525468750	75773.541718750	1400.000	4000.000	1.0000
370	Waveform 1	1	75781.439218750	75781.448968750	1400.000	4000.000	1.0000
370	Spectrogram 1	1	75781.439218750	75781.448968750	1400.000	4000.000	1.0000
371	Waveform 1	1	75784.161093750	75784.169218750	1400.000	4000.000	1.0000
371	Spectrogram 1	1	75784.161093750	75784.169218750	1400.000	4000.000	1.0000
372	Waveform 1	1	75784.318718750	75784.328468750	1400.000	4000.000	1.0000
372	Spectrogram 1	1	75784.318718750	75784.328468750	1400.000	4000.000	1.0000
373	Waveform 1	1	75784.481218750	75784.489343750	1400.000	4000.000	1.0000
373	Spectrogram 1	1	75784.481218750	75784.489343750	1400.000	4000.000	1.0000
374	Waveform 1	1	75785.114968750	75785.124718750	1400.000	4000.000	1.0000
374	Spectrogram 1	1	75785.114968750	75785.124718750	1400.000	4000.000	1.0000
375	Waveform 1	1	75787.723093750	75787.734468750	1400.000	4000.000	1.0000
375	Spectrogram 1	1	75787.723093750	75787.734468750	1400.000	4000.000	1.0000
376	Waveform 1	1	75787.877468750	75787.887218750	1400.000	4000.000	1.0000
376	Spectrogram 1	1	75787.877468750	75787.887218750	1400.000	4000.000	1.0000
377	Waveform 1	1	75790.917843750	75790.927593750	1400.000	4000.000	1.0000
377	Spectrogram 1	1	75790.917843750	75790.927593750	1400.000	4000.000	1.0000
378	Waveform 1	1	75791.393968750	75791.403718750	1400.000	4000.000	1.0000
378	Spectrogram 1	1	75791.393968750	75791.403718750	1400.000	4000.000	1.0000
379	Waveform 1	1	75793.287093750	75793.296843750	1400.000	4000.000	1.0000
379	Spectrogram 1	1	75793.287093750	75793.296843750	1400.000	4000.000	1.0000
380	Waveform 1	1	75795.256593750	75795.264718750	1400.000	4000.000	1.0000
380	Spectrogram 1	1	75795.256593750	75795.264718750	1400.000	4000.000	1.0000
381	Waveform 1	1	75795.332968750	75795.342718750	1400.000	4000.000	1.0000
381	Spectrogram 1	1	75795.332968750	75795.342718750	1400.000	4000.000	1.0000
382	Waveform 1	1	75798.139343750	75798.153968750	1400.000	4000.000	1.0000
382	Spectrogram 1	1	75798.139343750	75798.153968750	1400.000	4000.000	1.0000
383	Waveform 1	1	75801.311343750	75801.321093750	1400.000	4000.000	1.0000
383	Spectrogram 1	1	75801.311343750	75801.321093750	1400.000	4000.000	1.0000
384	Waveform 1	1	75802.695843750	75802.708843750	1400.000	4000.000	1.0000
384	Spectrogram 1	1	75802.695843750	75802.708843750	1400.000	4000.000	1.0000
385	Waveform 1	1	75802.775468750	75802.786843750	1400.000	4000.000	1.0000
385	Spectrogram 1	1	75802.775468750	75802.786843750	1400.000	4000.000	1.0000
386	Waveform 1	1	75804.824593750	75804.835968750	1400.000	4000.000	1.0000
386	Spectrogram 1	1	75804.824593750	75804.835968750	1400.000	4000.000	1.0000
387	Waveform 1	1	75811.439968750	75811.448093750	1400.000	4000.000	1.0000
387	Spectrogram 1	1	75811.439968750	75811.448093750	1400.000	4000.000	1.0000
388	Waveform 1	1	75811.670718750	75811.683718750	1400.000	4000.000	1.0000
388	Spectrogram 1	1	75811.670718750	75811.683718750	1400.000	4000.000	1.0000
389	Waveform 1	1	75817.086843750	75817.096593750	1400.000	4000.000	1.0000
389	Spectrogram 1	1	75817.086843750	75817.096593750	1400.000	4000.000	1.0000
390	Waveform 1	1	75818.983218750	75818.996218750	1400.000	4000.000	1.0000
390	Spectrogram 1	1	75818.983218750	75818.996218750	1400.000	4000.000	1.0000
391	Waveform 1	1	75828.879468750	75828.887593750	1400.000	4000.000	1.0000
391	Spectrogram 1	1	75828.879468750	75828.887593750	1400.000	4000.000	1.0000
392	Waveform 1	1	75831.835343750	75831.845093750	1400.000	4000.000	1.0000
392	Spectrogram 1	1	75831.835343750	75831.845093750	1400.000	4000.000	1.0000
393	Waveform 1	1	75834.090843750	75834.100593750	1400.000	4000.000	1.0000
393	Spectrogram 1	1	75834.090843750	75834.100593750	1400.000	4000.000	1.0000
394	Waveform 1	1	75834.690468750	75834.701843750	1400.000	4000.000	1.0000
394	Spectrogram 1	1	75834.690468750	75834.701843750	1400.000	4000.000	1.0000
395	Waveform 1	1	75839.235593750	75839.246968750	1400.000	4000.000	1.0000
395	Spectrogram 1	1	75839.235593750	75839.246968750	1400.000	4000.000	1.0000
396	Waveform 1	1	75840.343843750	75840.353593750	1400.000	4000.000	1.0000
396	Spectrogram 1	1	75840.343843750	75840.353593750	1400.000	4000.000	1.0000
397	Waveform 1	1	75840.423468750	75840.433218750	1400.000	4000.000	1.0000
397	Spectrogram 1	1	75840.423468750	75840.433218750	1400.000	4000.000	1.0000
398	Waveform 1	1	75841.128718750	75841.144968750	1400.000	4000.000	1.0000
398	Spectrogram 1	1	75841.128718750	75841.144968750	1400.000	4000.000	1.0000
399	Waveform 1	1	75841.331843750	75841.343218750	1400.000	4000.000	1.0000
399	Spectrogram 1	1	75841.331843750	75841.343218750	1400.000	4000.000	1.0000
400	Waveform 1	1	75841.406593750	75841.417968750	1400.000	4000.000	1.0000
400	Spectrogram 1	1	75841.406593750	75841.417968750	1400.000	4000.000	1.0000
401	Waveform 1	1	75845.163593750	75845.174968750	1400.000	4000.000	1.0000
401	Spectrogram 1	1	75845.163593750	75845.174968750	1400.000	4000.000	1.0000
402	Waveform 1	1	75851.884593750	75851.892718750	1400.000	4000.000	1.0000
402	Spectrogram 1	1	75851.884593750	75851.892718750	1400.000	4000.000	1.0000
403	Waveform 1	1	75852.321718750	75852.334718750	1400.000	4000.000	1.0000
403	Spectrogram 1	1	75852.321718750	75852.334718750	1400.000	4000.000	1.0000
404	Waveform 1	1	75852.643468750	75852.651593750	1400.000	4000.000	1.0000
404	Spectrogram 1	1	75852.643468750	75852.651593750	1400.000	4000.000	1.0000
405	Waveform 1	1	75852.957093750	75852.971718750	1400.000	4000.000	1.0000
405	Spectrogram 1	1	75852.957093750	75852.971718750	1400.000	4000.000	1.0000
406	Waveform 1	1	75854.573968750	75854.583718750	1400.000	4000.000	1.0000
406	Spectrogram 1	1	75854.573968750	75854.583718750	1400.000	4000.000	1.0000
407	Waveform 1	1	75854.848593750	75854.856718750	1400.000	4000.000	1.0000
407	Spectrogram 1	1	75854.848593750	75854.856718750	1400.000	4000.000	1.0000
408	Waveform 1	1	75859.114218750	75859.122343750	1400.000	4000.000	1.0000
408	Spectrogram 1	1	75859.114218750	75859.122343750	1400.000	4000.000	1.0000
409	Waveform 1	1	75866.228468750	75866.236593750	1400.000	4000.000	1.0000
409	Spectrogram 1	1	75866.228468750	75866.236593750	1400.000	4000.000	1.0000
410	Waveform 1	1	75868.795968750	75868.805718750	1400.000	4000.000	1.0000
410	Spectrogram 1	1	75868.795968750	75868.805718750	1400.000	4000.000	1.0000
411	Waveform 1	1	75869.473593750	75869.481718750	1400.000	4000.000	1.0000
411	Spectrogram 1	1	75869.473593750	75869.481718750	1400.000	4000.000	1.0000
412	Waveform 1	1	75871.673843750	75871.683593750	1400.000	4000.000	1.0000
412	Spectrogram 1	1	75871.673843750	75871.683593750	1400.000	4000.000	1.0000
413	Waveform 1	1	75872.463593750	75872.471718750	1400.000	4000.000	1.0000
413	Spectrogram 1	1	75872.463593750	75872.471718750	1400.000	4000.000	1.0000
414	Waveform 1	1	75873.848093750	75873.857843750	1400.000	4000.000	1.0000
414	Spectrogram 1	1	75873.848093750	75873.857843750	1400.000	4000.000	1.0000
415	Waveform 1	1	75874.049593750	75874.057718750	1400.000	4000.000	1.0000
415	Spectrogram 1	1	75874.049593750	75874.057718750	1400.000	4000.000	1.0000
416	Waveform 1	1	75874.127593750	75874.137343750	1400.000	4000.000	1.0000
416	Spectrogram 1	1	75874.127593750	75874.137343750	1400.000	4000.000	1.0000
417	Waveform 1	1	75874.764593750	75874.772718750	1400.000	4000.000	1.0000
417	Spectrogram 1	1	75874.764593750	75874.772718750	1400.000	4000.000	1.0000
418	Waveform 1	1	75875.794843750	75875.802968750	1400.000	4000.000	1.0000
418	Spectrogram 1	1	75875.794843750	75875.802968750	1400.000	4000.000	1.0000
419	Waveform 1	1	75881.648093750	75881.656218750	1400.000	4000.000	1.0000
419	Spectrogram 1	1	75881.648093750	75881.656218750	1400.000	4000.000	1.0000
420	Waveform 1	1	75881.724468750	75881.734218750	1400.000	4000.000	1.0000
420	Spectrogram 1	1	75881.724468750	75881.734218750	1400.000	4000.000	1.0000
421	Waveform 1	1	75887.922218750	75887.930343750	1400.000	4000.000	1.0000
421	Spectrogram 1	1	75887.922218750	75887.930343750	1400.000	4000.000	1.0000
422	Waveform 1	1	75890.336968750	75890.345093750	1400.000	4000.000	1.0000
422	Spectrogram 1	1	75890.336968750	75890.345093750	1400.000	4000.000	1.0000
423	Waveform 1	1	75890.730218750	75890.741593750	1400.000	4000.000	1.0000
423	Spectrogram 1	1	75890.730218750	75890.741593750	1400.000	4000.000	1.0000
424	Waveform 1	1	75901.687593750	75901.702218750	1400.000	4000.000	1.0000
424	Spectrogram 1	1	75901.687593750	75901.702218750	1400.000	4000.000	1.0000
425	Waveform 1	1	75902.600843750	75902.608968750	1400.000	4000.000	1.0000
425	Spectrogram 1	1	75902.600843750	75902.608968750	1400.000	4000.000	1.0000
426	Waveform 1	1	75905.564843750	75905.577843750	1400.000	4000.000	1.0000
426	Spectrogram 1	1	75905.564843750	75905.577843750	1400.000	4000.000	1.0000
427	Waveform 1	1	75905.769593750	75905.777718750	1400.000	4000.000	1.0000
427	Spectrogram 1	1	75905.769593750	75905.777718750	1400.000	4000.000	1.0000
428	Waveform 1	1	75906.556093750	75906.567468750	1400.000	4000.000	1.0000
428	Spectrogram 1	1	75906.556093750	75906.567468750	1400.000	4000.000	1.0000
429	Waveform 1	1	75910.226968750	75910.236718750	1400.000	4000.000	1.0000
429	Spectrogram 1	1	75910.226968750	75910.236718750	1400.000	4000.000	1.0000
430	Waveform 1	1	75910.277343750	75910.290343750	1400.000	4000.000	1.0000
430	Spectrogram 1	1	75910.277343750	75910.290343750	1400.000	4000.000	1.0000
431	Waveform 1	1	75911.580593750	75911.591968750	1400.000	4000.000	1.0000
431	Spectrogram 1	1	75911.580593750	75911.591968750	1400.000	4000.000	1.0000
432	Waveform 1	1	75917.711718750	75917.723093750	1400.000	4000.000	1.0000
432	Spectrogram 1	1	75917.711718750	75917.723093750	1400.000	4000.000	1.0000
433	Waveform 1	1	75917.789718750	75917.804343750	1400.000	4000.000	1.0000
433	Spectrogram 1	1	75917.789718750	75917.804343750	1400.000	4000.000	1.0000
434	Waveform 1	1	75918.109843750	75918.119593750	1400.000	4000.000	1.0000
434	Spectrogram 1	1	75918.109843750	75918.119593750	1400.000	4000.000	1.0000
435	Waveform 1	1	75918.348718750	75918.358468750	1400.000	4000.000	1.0000
435	Spectrogram 1	1	75918.348718750	75918.358468750	1400.000	4000.000	1.0000
436	Waveform 1	1	75918.468968750	75918.477093750	1400.000	4000.000	1.0000
436	Spectrogram 1	1	75918.468968750	75918.477093750	1400.000	4000.000	1.0000
437	Waveform 1	1	75918.546968750	75918.559968750	1400.000	4000.000	1.0000
437	Spectrogram 1	1	75918.546968750	75918.559968750	1400.000	4000.000	1.0000
438	Waveform 1	1	75920.883718750	75920.898343750	1400.000	4000.000	1.0000
438	Spectrogram 1	1	75920.883718750	75920.898343750	1400.000	4000.000	1.0000
439	Waveform 1	1	75923.855843750	75923.867218750	1400.000	4000.000	1.0000
439	Spectrogram 1	1	75923.855843750	75923.867218750	1400.000	4000.000	1.0000
440	Waveform 1	1	75932.479718750	75932.487843750	1400.000	4000.000	1.0000
440	Spectrogram 1	1	75932.479718750	75932.487843750	1400.000	4000.000	1.0000
441	Waveform 1	1	75936.521093750	75936.529218750	1400.000	4000.000	1.0000
441	Spectrogram 1	1	75936.521093750	75936.529218750	1400.000	4000.000	1.0000
442	Waveform 1	1	75938.451593750	75938.462968750	1400.000	4000.000	1.0000
442	Spectrogram 1	1	75938.451593750	75938.462968750	1400.000	4000.000	1.0000
443	Waveform 1	1	75938.810718750	75938.822093750	1400.000	4000.000	1.0000
443	Spectrogram 1	1	75938.810718750	75938.822093750	1400.000	4000.000	1.0000
444	Waveform 1	1	75940.585218750	75940.596593750	1400.000	4000.000	1.0000
444	Spectrogram 1	1	75940.585218750	75940.596593750	1400.000	4000.000	1.0000
445	Waveform 1	1	75940.700593750	75940.710343750	1400.000	4000.000	1.0000
445	Spectrogram 1	1	75940.700593750	75940.710343750	1400.000	4000.000	1.0000
446	Waveform 1	1	75945.846968750	75945.858343750	1400.000	4000.000	1.0000
446	Spectrogram 1	1	75945.846968750	75945.858343750	1400.000	4000.000	1.0000
447	Waveform 1	1	75954.147468750	75954.162093750	1400.000	4000.000	1.0000
447	Spectrogram 1	1	75954.147468750	75954.162093750	1400.000	4000.000	1.0000
448	Waveform 1	1	75954.620343750	75954.628468750	1400.000	4000.000	1.0000
448	Spectrogram 1	1	75954.620343750	75954.628468750	1400.000	4000.000	1.0000
449	Waveform 1	1	75957.153718750	75957.163468750	1400.000	4000.000	1.0000
449	Spectrogram 1	1	75957.153718750	75957.163468750	1400.000	4000.000	1.0000
450	Waveform 1	1	75959.249968750	75959.258093750	1400.000	4000.000	1.0000
450	Spectrogram 1	1	75959.249968750	75959.258093750	1400.000	4000.000	1.0000
451	Waveform 1	1	75959.485593750	75959.498593750	1400.000	4000.000	1.0000
451	Spectrogram 1	1	75959.485593750	75959.498593750	1400.000	4000.000	1.0000
452	Waveform 1	1	75960.639343750	75960.647468750	1400.000	4000.000	1.0000
452	Spectrogram 1	1	75960.639343750	75960.647468750	1400.000	4000.000	1.0000
453	Waveform 1	1	75965.689843750	75965.699593750	1400.000	4000.000	1.0000
453	Spectrogram 1	1	75965.689843750	75965.699593750	1400.000	4000.000	1.0000
454	Waveform 1	1	75966.893968750	75966.902093750	1400.000	4000.000	1.0000
454	Spectrogram 1	1	75966.893968750	75966.902093750	1400.000	4000.000	1.0000
455	Waveform 1	1	75967.361968750	75967.378218750	1400.000	4000.000	1.0000
455	Spectrogram 1	1	75967.361968750	75967.378218750	1400.000	4000.000	1.0000
456	Waveform 1	1	75969.058468750	75969.071468750	1400.000	4000.000	1.0000
456	Spectrogram 1	1	75969.058468750	75969.071468750	1400.000	4000.000	1.0000
457	Waveform 1	1	75969.658093750	75969.671093750	1400.000	4000.000	1.0000
457	Spectrogram 1	1	75969.658093750	75969.671093750	1400.000	4000.000	1.0000
458	Waveform 1	1	75981.398718750	75981.408468750	1400.000	4000.000	1.0000
458	Spectrogram 1	1	75981.398718750	75981.408468750	1400.000	4000.000	1.0000
459	Waveform 1	1	75984.406593750	75984.417968750	1400.000	4000.000	1.0000
459	Spectrogram 1	1	75984.406593750	75984.417968750	1400.000	4000.000	1.0000
460	Waveform 1	1	75987.050468750	75987.066718750	1400.000	4000.000	1.0000
460	Spectrogram 1	1	75987.050468750	75987.066718750	1400.000	4000.000	1.0000
461	Waveform 1	1	75991.083718750	75991.095093750	1400.000	4000.000	1.0000
461	Spectrogram 1	1	75991.083718750	75991.095093750	1400.000	4000.000	1.0000
462	Waveform 1	1	75994.179343750	75994.187468750	1400.000	4000.000	1.0000
462	Spectrogram 1	1	75994.179343750	75994.187468750	1400.000	4000.000	1.0000
463	Waveform 1	1	75998.755343750	75998.776468750	1400.000	4000.000	1.0000
463	Spectrogram 1	1	75998.755343750	75998.776468750	1400.000	4000.000	1.0000
464	Waveform 1	1	76000.494093750	76000.508718750	1400.000	4000.000	1.0000
464	Spectrogram 1	1	76000.494093750	76000.508718750	1400.000	4000.000	1.0000
465	Waveform 1	1	76013.596468750	76013.606218750	1400.000	4000.000	1.0000
465	Spectrogram 1	1	76013.596468750	76013.606218750	1400.000	4000.000	1.0000
466	Waveform 1	1	76014.340718750	76014.355343750	1400.000	4000.000	1.0000
466	Spectrogram 1	1	76014.340718750	76014.355343750	1400.000	4000.000	1.0000
467	Waveform 1	1	76014.686843750	76014.696593750	1400.000	4000.000	1.0000
467	Spectrogram 1	1	76014.686843750	76014.696593750	1400.000	4000.000	1.0000
468	Waveform 1	1	76020.608343750	76020.618093750	1400.000	4000.000	1.0000
468	Spectrogram 1	1	76020.608343750	76020.618093750	1400.000	4000.000	1.0000
469	Waveform 1	1	76020.689593750	76020.704218750	1400.000	4000.000	1.0000
469	Spectrogram 1	1	76020.689593750	76020.704218750	1400.000	4000.000	1.0000
470	Waveform 1	1	76020.887843750	76020.897593750	1400.000	4000.000	1.0000
470	Spectrogram 1	1	76020.887843750	76020.897593750	1400.000	4000.000	1.0000
471	Waveform 1	1	76032.149093750	76032.160468750	1400.000	4000.000	1.0000
471	Spectrogram 1	1	76032.149093750	76032.160468750	1400.000	4000.000	1.0000
472	Waveform 1	1	76033.614843750	76033.622968750	1400.000	4000.000	1.0000
472	Spectrogram 1	1	76033.614843750	76033.622968750	1400.000	4000.000	1.0000
473	Waveform 1	1	76036.583718750	76036.593468750	1400.000	4000.000	1.0000
473	Spectrogram 1	1	76036.583718750	76036.593468750	1400.000	4000.000	1.0000
474	Waveform 1	1	76040.737218750	76040.745343750	1400.000	4000.000	1.0000
474	Spectrogram 1	1	76040.737218750	76040.745343750	1400.000	4000.000	1.0000
475	Waveform 1	1	76051.007218750	76051.016968750	1400.000	4000.000	1.0000
475	Spectrogram 1	1	76051.007218750	76051.016968750	1400.000	4000.000	1.0000
476	Waveform 1	1	76052.908468750	76052.924718750	1400.000	4000.000	1.0000
476	Spectrogram 1	1	76052.908468750	76052.924718750	1400.000	4000.000	1.0000
477	Waveform 1	1	76053.350468750	76053.360218750	1400.000	4000.000	1.0000
477	Spectrogram 1	1	76053.350468750	76053.360218750	1400.000	4000.000	1.0000
478	Waveform 1	1	76061.018843750	76061.033468750	1400.000	4000.000	1.0000
478	Spectrogram 1	1	76061.018843750	76061.033468750	1400.000	4000.000	1.0000
479	Waveform 1	1	76062.599968750	76062.608093750	1400.000	4000.000	1.0000
479	Spectrogram 1	1	76062.599968750	76062.608093750	1400.000	4000.000	1.0000
480	Waveform 1	1	76064.496343750	76064.506093750	1400.000	4000.000	1.0000
480	Spectrogram 1	1	76064.496343750	76064.506093750	1400.000	4000.000	1.0000
481	Waveform 1	1	76068.510093750	76068.519843750	1400.000	4000.000	1.0000
481	Spectrogram 1	1	76068.510093750	76068.519843750	1400.000	4000.000	1.0000
482	Waveform 1	1	76073.406218750	76073.415968750	1400.000	4000.000	1.0000
482	Spectrogram 1	1	76073.406218750	76073.415968750	1400.000	4000.000	1.0000
483	Waveform 1	1	76079.662468750	76079.678718750	1400.000	4000.000	1.0000
483	Spectrogram 1	1	76079.662468750	76079.678718750	1400.000	4000.000	1.0000
484	Waveform 1	1	76080.024843750	76080.032968750	1400.000	4000.000	1.0000
484	Spectrogram 1	1	76080.024843750	76080.032968750	1400.000	4000.000	1.0000
485	Waveform 1	1	76080.140218750	76080.149968750	1400.000	4000.000	1.0000
485	Spectrogram 1	1	76080.140218750	76080.149968750	1400.000	4000.000	1.0000
486	Waveform 1	1	76087.199218750	76087.207343750	1400.000	4000.000	1.0000
486	Spectrogram 1	1	76087.199218750	76087.207343750	1400.000	4000.000	1.0000
487	Waveform 1	1	76087.470593750	76087.478718750	1400.000	4000.000	1.0000
487	Spectrogram 1	1	76087.470593750	76087.478718750	1400.000	4000.000	1.0000
488	Waveform 1	1	76092.408968750	76092.418718750	1400.000	4000.000	1.0000
488	Spectrogram 1	1	76092.408968750	76092.418718750	1400.000	4000.000	1.0000
489	Waveform 1	1	76095.216968750	76095.226718750	1400.000	4000.000	1.0000
489	Spectrogram 1	1	76095.216968750	76095.226718750	1400.000	4000.000	1.0000
490	Waveform 1	1	76095.416843750	76095.426593750	1400.000	4000.000	1.0000
490	Spectrogram 1	1	76095.416843750	76095.426593750	1400.000	4000.000	1.0000
491	Waveform 1	1	76097.553718750	76097.563468750	1400.000	4000.000	1.0000
491	Spectrogram 1	1	76097.553718750	76097.563468750	1400.000	4000.000	1.0000
492	Waveform 1	1	76104.550968750	76104.565593750	1400.000	4000.000	1.0000
492	Spectrogram 1	1	76104.550968750	76104.565593750	1400.000	4000.000	1.0000
493	Waveform 1	1	76108.956343750	76108.969343750	1400.000	4000.000	1.0000
493	Spectrogram 1	1	76108.956343750	76108.969343750	1400.000	4000.000	1.0000
494	Waveform 1	1	76109.112343750	76109.123718750	1400.000	4000.000	1.0000
494	Spectrogram 1	1	76109.112343750	76109.123718750	1400.000	4000.000	1.0000
495	Waveform 1	1	76118.001093750	76118.018968750	1400.000	4000.000	1.0000
495	Spectrogram 1	1	76118.001093750	76118.018968750	1400.000	4000.000	1.0000
496	Waveform 1	1	76123.150718750	76123.162093750	1400.000	4000.000	1.0000
496	Spectrogram 1	1	76123.150718750	76123.162093750	1400.000	4000.000	1.0000
497	Waveform 1	1	76139.438093750	76139.452718750	1400.000	4000.000	1.0000
497	Spectrogram 1	1	76139.438093750	76139.452718750	1400.000	4000.000	1.0000
498	Waveform 1	1	76143.130093750	76143.139843750	1400.000	4000.000	1.0000
498	Spectrogram 1	1	76143.130093750	76143.139843750	1400.000	4000.000	1.0000
499	Waveform 1	1	76151.440343750	76151.451718750	1400.000	4000.000	1.0000
499	Spectrogram 1	1	76151.440343750	76151.451718750	1400.000	4000.000	1.0000
500	Waveform 1	1	76160.535468750	76160.545218750	1400.000	4000.000	1.0000
500	Spectrogram 1	1	76160.535468750	76160.545218750	1400.000	4000.000	1.0000
501	Waveform 1	1	76175.451343750	76175.461093750	1400.000	4000.000	1.0000
501	Spectrogram 1	1	76175.451343750	76175.461093750	1400.000	4000.000	1.0000
502	Waveform 1	1	76185.667718750	76185.679093750	1400.000	4000.000	1.0000
502	Spectrogram 1	1	76185.667718750	76185.679093750	1400.000	4000.000	1.0000
503	Waveform 1	1	76186.667093750	76186.678468750	1400.000	4000.000	1.0000
503	Spectrogram 1	1	76186.667093750	76186.678468750	1400.000	4000.000	1.0000
504	Waveform 1	1	76186.779218750	76186.795468750	1400.000	4000.000	1.0000
504	Spectrogram 1	1	76186.779218750	76186.795468750	1400.000	4000.000	1.0000
505	Waveform 1	1	76204.673718750	76204.681843750	1400.000	4000.000	1.0000
505	Spectrogram 1	1	76204.673718750	76204.681843750	1400.000	4000.000	1.0000
506	Waveform 1	1	76206.700093750	76206.708218750	1400.000	4000.000	1.0000
506	Spectrogram 1	1	76206.700093750	76206.708218750	1400.000	4000.000	1.0000
507	Waveform 1	1	76215.163093750	76215.171218750	1400.000	4000.000	1.0000
507	Spectrogram 1	1	76215.163093750	76215.171218750	1400.000	4000.000	1.0000
508	Waveform 1	1	76219.594468750	76219.602593750	1400.000	4000.000	1.0000
508	Spectrogram 1	1	76219.594468750	76219.602593750	1400.000	4000.000	1.0000
509	Waveform 1	1	76227.540718750	76227.552093750	1400.000	4000.000	1.0000
509	Spectrogram 1	1	76227.540718750	76227.552093750	1400.000	4000.000	1.0000
510	Waveform 1	1	76237.269593750	76237.280968750	1400.000	4000.000	1.0000
510	Spectrogram 1	1	76237.269593750	76237.280968750	1400.000	4000.000	1.0000
511	Waveform 1	1	76237.422343750	76237.436968750	1400.000	4000.000	1.0000
511	Spectrogram 1	1	76237.422343750	76237.436968750	1400.000	4000.000	1.0000
512	Waveform 1	1	76238.343718750	76238.353468750	1400.000	4000.000	1.0000
512	Spectrogram 1	1	76238.343718750	76238.353468750	1400.000	4000.000	1.0000
513	Waveform 1	1	76240.279093750	76240.287218750	1400.000	4000.000	1.0000
513	Spectrogram 1	1	76240.279093750	76240.287218750	1400.000	4000.000	1.0000
514	Waveform 1	1	76255.617468750	76255.630468750	1400.000	4000.000	1.0000
514	Spectrogram 1	1	76255.617468750	76255.630468750	1400.000	4000.000	1.0000
515	Waveform 1	1	76263.635218750	76263.651468750	1400.000	4000.000	1.0000
515	Spectrogram 1	1	76263.635218750	76263.651468750	1400.000	4000.000	1.0000
516	Waveform 1	1	76264.353468750	76264.366468750	1400.000	4000.000	1.0000
516	Spectrogram 1	1	76264.353468750	76264.366468750	1400.000	4000.000	1.0000
517	Waveform 1	1	76273.732968750	76273.741093750	1400.000	4000.000	1.0000
517	Spectrogram 1	1	76273.732968750	76273.741093750	1400.000	4000.000	1.0000
518	Waveform 1	1	76273.851593750	76273.861343750	1400.000	4000.000	1.0000
518	Spectrogram 1	1	76273.851593750	76273.861343750	1400.000	4000.000	1.0000
519	Waveform 1	1	76282.910968750	76282.920718750	1400.000	4000.000	1.0000
519	Spectrogram 1	1	76282.910968750	76282.920718750	1400.000	4000.000	1.0000
520	Waveform 1	1	76298.722218750	76298.731968750	1400.000	4000.000	1.0000
520	Spectrogram 1	1	76298.722218750	76298.731968750	1400.000	4000.000	1.0000
521	Waveform 1	1	76304.102593750	76304.112343750	1400.000	4000.000	1.0000
521	Spectrogram 1	1	76304.102593750	76304.112343750	1400.000	4000.000	1.0000
522	Waveform 1	1	76325.208093750	76325.217843750	1400.000	4000.000	1.0000
522	Spectrogram 1	1	76325.208093750	76325.217843750	1400.000	4000.000	1.0000
523	Waveform 1	1	76325.524968750	76325.534718750	1400.000	4000.000	1.0000
523	Spectrogram 1	1	76325.524968750	76325.534718750	1400.000	4000.000	1.0000
524	Waveform 1	1	76335.690968750	76335.699093750	1400.000	4000.000	1.0000
524	Spectrogram 1	1	76335.690968750	76335.699093750	1400.000	4000.000	1.0000
525	Waveform 1	1	76336.163843750	76336.176843750	1400.000	4000.000	1.0000
525	Spectrogram 1	1	76336.163843750	76336.176843750	1400.000	4000.000	1.0000
526	Waveform 1	1	76343.768843750	76343.778593750	1400.000	4000.000	1.0000
526	Spectrogram 1	1	76343.768843750	76343.778593750	1400.000	4000.000	1.0000
527	Waveform 1	1	76347.771218750	76347.780968750	1400.000	4000.000	1.0000
527	Spectrogram 1	1	76347.771218750	76347.780968750	1400.000	4000.000	1.0000
528	Waveform 1	1	76349.438468750	76349.448218750	1400.000	4000.000	1.0000
528	Spectrogram 1	1	76349.438468750	76349.448218750	1400.000	4000.000	1.0000
529	Waveform 1	1	76349.480718750	76349.488843750	1400.000	4000.000	1.0000
529	Spectrogram 1	1	76349.480718750	76349.488843750	1400.000	4000.000	1.0000
530	Waveform 1	1	76355.189343750	76355.197468750	1400.000	4000.000	1.0000
530	Spectrogram 1	1	76355.189343750	76355.197468750	1400.000	4000.000	1.0000
531	Waveform 1	1	76358.983718750	76358.991843750	1400.000	4000.000	1.0000
531	Spectrogram 1	1	76358.983718750	76358.991843750	1400.000	4000.000	1.0000
532	Waveform 1	1	76363.416718750	76363.426468750	1400.000	4000.000	1.0000
532	Spectrogram 1	1	76363.416718750	76363.426468750	1400.000	4000.000	1.0000
533	Waveform 1	1	76366.853593750	76366.866593750	1400.000	4000.000	1.0000
533	Spectrogram 1	1	76366.853593750	76366.866593750	1400.000	4000.000	1.0000
534	Waveform 1	1	76368.051218750	76368.064218750	1400.000	4000.000	1.0000
534	Spectrogram 1	1	76368.051218750	76368.064218750	1400.000	4000.000	1.0000
535	Waveform 1	1	76368.875093750	76368.883218750	1400.000	4000.000	1.0000
535	Spectrogram 1	1	76368.875093750	76368.883218750	1400.000	4000.000	1.0000
536	Waveform 1	1	76369.508843750	76369.523468750	1400.000	4000.000	1.0000
536	Spectrogram 1	1	76369.508843750	76369.523468750	1400.000	4000.000	1.0000
537	Waveform 1	1	76377.534718750	76377.546093750	1400.000	4000.000	1.0000
537	Spectrogram 1	1	76377.534718750	76377.546093750	1400.000	4000.000	1.0000
538	Waveform 1	1	76377.966968750	76377.979968750	1400.000	4000.000	1.0000
538	Spectrogram 1	1	76377.966968750	76377.979968750	1400.000	4000.000	1.0000
539	Waveform 1	1	76378.447968750	76378.460968750	1400.000	4000.000	1.0000
539	Spectrogram 1	1	76378.447968750	76378.460968750	1400.000	4000.000	1.0000
540	Waveform 1	1	76386.381218750	76386.389343750	1400.000	4000.000	1.0000
540	Spectrogram 1	1	76386.381218750	76386.389343750	1400.000	4000.000	1.0000
541	Waveform 1	1	76396.561843750	76396.569968750	1400.000	4000.000	1.0000
541	Spectrogram 1	1	76396.561843750	76396.569968750	1400.000	4000.000	1.0000
542	Waveform 1	1	76397.075343750	76397.093218750	1400.000	4000.000	1.0000
542	Spectrogram 1	1	76397.075343750	76397.093218750	1400.000	4000.000	1.0000
543	Waveform 1	1	76397.156593750	76397.164718750	1400.000	4000.000	1.0000
543	Spectrogram 1	1	76397.156593750	76397.164718750	1400.000	4000.000	1.0000
544	Waveform 1	1	76398.815718750	76398.823843750	1400.000	4000.000	1.0000
544	Spectrogram 1	1	76398.815718750	76398.823843750	1400.000	4000.000	1.0000
545	Waveform 1	1	76421.887468750	76421.903718750	1400.000	4000.000	1.0000
545	Spectrogram 1	1	76421.887468750	76421.903718750	1400.000	4000.000	1.0000
546	Waveform 1	1	76440.633468750	76440.646468750	1400.000	4000.000	1.0000
546	Spectrogram 1	1	76440.633468750	76440.646468750	1400.000	4000.000	1.0000
547	Waveform 1	1	76457.803218750	76457.811343750	1400.000	4000.000	1.0000
547	Spectrogram 1	1	76457.803218750	76457.811343750	1400.000	4000.000	1.0000
548	Waveform 1	1	76475.720468750	76475.728593750	1400.000	4000.000	1.0000
548	Spectrogram 1	1	76475.720468750	76475.728593750	1400.000	4000.000	1.0000
549	Waveform 1	1	76483.063843750	76483.071968750	1400.000	4000.000	1.0000
549	Spectrogram 1	1	76483.063843750	76483.071968750	1400.000	4000.000	1.0000
550	Waveform 1	1	76502.786468750	76502.794593750	1400.000	4000.000	1.0000
550	Spectrogram 1	1	76502.786468750	76502.794593750	1400.000	4000.000	1.0000
551	Waveform 1	1	76509.315718750	76509.328718750	1400.000	4000.000	1.0000
551	Spectrogram 1	1	76509.315718750	76509.328718750	1400.000	4000.000	1.0000
552	Waveform 1	1	76509.790218750	76509.806468750	1400.000	4000.000	1.0000
552	Spectrogram 1	1	76509.790218750	76509.806468750	1400.000	4000.000	1.0000
553	Waveform 1	1	76523.930968750	76523.942343750	1400.000	4000.000	1.0000
553	Spectrogram 1	1	76523.930968750	76523.942343750	1400.000	4000.000	1.0000
554	Waveform 1	1	76533.066718750	76533.081343750	1400.000	4000.000	1.0000
554	Spectrogram 1	1	76533.066718750	76533.081343750	1400.000	4000.000	1.0000
555	Waveform 1	1	76536.004718750	76536.020968750	1400.000	4000.000	1.0000
555	Spectrogram 1	1	76536.004718750	76536.020968750	1400.000	4000.000	1.0000
556	Waveform 1	1	76541.773468750	76541.786468750	1400.000	4000.000	1.0000
556	Spectrogram 1	1	76541.773468750	76541.786468750	1400.000	4000.000	1.0000
557	Waveform 1	1	76551.889093750	76551.903718750	1400.000	4000.000	1.0000
557	Spectrogram 1	1	76551.889093750	76551.903718750	1400.000	4000.000	1.0000
558	Waveform 1	1	76572.284468750	76572.292593750	1400.000	4000.000	1.0000
558	Spectrogram 1	1	76572.284468750	76572.292593750	1400.000	4000.000	1.0000
559	Waveform 1	1	76580.120218750	76580.129968750	1400.000	4000.000	1.0000
559	Spectrogram 1	1	76580.120218750	76580.129968750	1400.000	4000.000	1.0000
560	Waveform 1	1	76608.752718750	76608.767343750	1400.000	4000.000	1.0000
560	Spectrogram 1	1	76608.752718750	76608.767343750	1400.000	4000.000	1.0000
561	Waveform 1	1	76634.377343750	76634.387093750	1400.000	4000.000	1.0000
561	Spectrogram 1	1	76634.377343750	76634.387093750	1400.000	4000.000	1.0000
562	Waveform 1	1	76638.706343750	76638.716093750	1400.000	4000.000	1.0000
562	Spectrogram 1	1	76638.706343750	76638.716093750	1400.000	4000.000	1.0000
563	Waveform 1	1	76665.109343750	76665.120718750	1400.000	4000.000	1.0000
563	Spectrogram 1	1	76665.109343750	76665.120718750	1400.000	4000.000	1.0000
564	Waveform 1	1	76666.742468750	76666.752218750	1400.000	4000.000	1.0000
564	Spectrogram 1	1	76666.742468750	76666.752218750	1400.000	4000.000	1.0000
565	Waveform 1	1	76673.164468750	76673.174218750	1400.000	4000.000	1.0000
565	Spectrogram 1	1	76673.164468750	76673.174218750	1400.000	4000.000	1.0000
566	Waveform 1	1	76695.183218750	76695.197843750	1400.000	4000.000	1.0000
566	Spectrogram 1	1	76695.183218750	76695.197843750	1400.000	4000.000	1.0000
567	Waveform 1	1	76696.531968750	76696.543343750	1400.000	4000.000	1.0000
567	Spectrogram 1	1	76696.531968750	76696.543343750	1400.000	4000.000	1.0000
568	Waveform 1	1	76698.033468750	76698.049718750	1400.000	4000.000	1.0000
568	Spectrogram 1	1	76698.033468750	76698.049718750	1400.000	4000.000	1.0000
569	Waveform 1	1	76733.957343750	76733.965468750	1400.000	4000.000	1.0000
569	Spectrogram 1	1	76733.957343750	76733.965468750	1400.000	4000.000	1.0000
570	Waveform 1	1	76760.511468750	76760.522843750	1400.000	4000.000	1.0000
570	Spectrogram 1	1	76760.511468750	76760.522843750	1400.000	4000.000	1.0000
571	Waveform 1	1	76776.228468750	76776.238218750	1400.000	4000.000	1.0000
571	Spectrogram 1	1	76776.228468750	76776.238218750	1400.000	4000.000	1.0000
572	Waveform 1	1	76785.099343750	76785.107468750	1400.000	4000.000	1.0000
572	Spectrogram 1	1	76785.099343750	76785.107468750	1400.000	4000.000	1.0000
573	Waveform 1	1	76831.127468750	76831.135593750	1400.000	4000.000	1.0000
573	Spectrogram 1	1	76831.127468750	76831.135593750	1400.000	4000.000	1.0000
574	Waveform 1	1	76837.190343750	76837.200093750	1400.000	4000.000	1.0000
574	Spectrogram 1	1	76837.190343750	76837.200093750	1400.000	4000.000	1.0000
575	Waveform 1	1	76844.070593750	76844.078718750	1400.000	4000.000	1.0000
575	Spectrogram 1	1	76844.070593750	76844.078718750	1400.000	4000.000	1.0000
576	Waveform 1	1	76896.788843750	76896.798593750	1400.000	4000.000	1.0000
576	Spectrogram 1	1	76896.788843750	76896.798593750	1400.000	4000.000	1.0000
577	Waveform 1	1	76939.987843750	76939.999218750	1400.000	4000.000	1.0000
577	Spectrogram 1	1	76939.987843750	76939.999218750	1400.000	4000.000	1.0000
578	Waveform 1	1	76941.000218750	76941.008343750	1400.000	4000.000	1.0000
578	Spectrogram 1	1	76941.000218750	76941.008343750	1400.000	4000.000	1.0000
579	Waveform 1	1	76994.287218750	76994.295343750	1400.000	4000.000	1.0000
579	Spectrogram 1	1	76994.287218750	76994.295343750	1400.000	4000.000	1.0000
580	Waveform 1	1	76994.384718750	76994.392843750	1400.000	4000.000	1.0000
580	Spectrogram 1	1	76994.384718750	76994.392843750	1400.000	4000.000	1.0000
581	Waveform 1	1	77075.280468750	77075.288593750	1400.000	4000.000	1.0000
581	Spectrogram 1	1	77075.280468750	77075.288593750	1400.000	4000.000	1.0000
582	Waveform 1	1	78522.128468750	78522.139843750	1400.000	4000.000	1.0000
582	Spectrogram 1	1	78522.128468750	78522.139843750	1400.000	4000.000	1.0000
583	Waveform 1	1	79191.023968750	79191.032093750	1400.000	4000.000	1.0000
583	Spectrogram 1	1	79191.023968750	79191.032093750	1400.000	4000.000	1.0000
584	Waveform 1	1	79215.377843750	79215.395718750	1400.000	4000.000	1.0000
584	Spectrogram 1	1	79215.377843750	79215.395718750	1400.000	4000.000	1.0000
585	Waveform 1	1	79239.639093750	79239.656968750	1400.000	4000.000	1.0000
585	Spectrogram 1	1	79239.639093750	79239.656968750	1400.000	4000.000	1.0000
586	Waveform 1	1	79265.239343750	79265.255593750	1400.000	4000.000	1.0000
586	Spectrogram 1	1	79265.239343750	79265.255593750	1400.000	4000.000	1.0000
587	Waveform 1	1	79307.035968750	79307.045718750	1400.000	4000.000	1.0000
587	Spectrogram 1	1	79307.035968750	79307.045718750	1400.000	4000.000	1.0000
588	Waveform 1	1	79336.544343750	79336.560593750	1400.000	4000.000	1.0000
588	Spectrogram 1	1	79336.544343750	79336.560593750	1400.000	4000.000	1.0000
589	Waveform 1	1	79385.841968750	79385.856593750	1400.000	4000.000	1.0000
589	Spectrogram 1	1	79385.841968750	79385.856593750	1400.000	4000.000	1.0000
590	Waveform 1	1	79512.357968750	79512.369343750	1400.000	4000.000	1.0000
590	Spectrogram 1	1	79512.357968750	79512.369343750	1400.000	4000.000	1.0000
591	Waveform 1	1	82624.452343750	82624.473468750	1400.000	4000.000	1.0000
591	Spectrogram 1	1	82624.452343750	82624.473468750	1400.000	4000.000	1.0000
592	Waveform 1	1	83579.399843750	83579.414468750	1400.000	4000.000	1.0000
592	Spectrogram 1	1	83579.399843750	83579.414468750	1400.000	4000.000	1.0000
593	Waveform 1	1	84041.775718750	84041.787093750	1400.000	4000.000	1.0000
593	Spectrogram 1	1	84041.775718750	84041.787093750	1400.000	4000.000	1.0000
594	Waveform 1	1	86143.560468750	86143.578343750	1400.000	4000.000	1.0000
594	Spectrogram 1	1	86143.560468750	86143.578343750	1400.000	4000.000	1.0000
