Selection	View	Channel	Begin Time (s)	End Time (s)	Low Freq (Hz)	High Freq (Hz)	Occupancy
1	Waveform 1	1	1062.310968750	1062.323968750	1400.000	4000.000	1.0000
1	Spectrogram 1	1	1062.310968750	1062.323968750	1400.000	4000.000	1.0000
2	Waveform 1	1	1469.084218750	1469.093968750	1400.000	4000.000	1.0000
2	Spectrogram 1	1	1469.084218750	1469.093968750	1400.000	4000.000	1.0000
3	Waveform 1	1	1938.125843750	1938.140468750	1400.000	4000.000	1.0000
3	Spectrogram 1	1	1938.125843750	1938.140468750	1400.000	4000.000	1.0000
4	Waveform 1	1	1948.369843750	1948.381218750	1400.000	4000.000	1.0000
4	Spectrogram 1	1	1948.369843750	1948.381218750	1400.000	4000.000	1.0000
5	Waveform 1	1	1948.454343750	1948.464093750	1400.000	4000.000	1.0000
5	Spectrogram 1	1	1948.454343750	1948.464093750	1400.000	4000.000	1.0000
6	Waveform 1	1	2027.140093750	2027.154718750	1400.000	4000.000	1.0000
6	Spectrogram 1	1	2027.140093750	2027.154718750	1400.000	4000.000	1.0000
7	Waveform 1	1	2040.733218750	2040.747843750	1400.000	4000.000	1.0000
7	Spectrogram 1	1	2040.733218750	2040.747843750	1400.000	4000.000	1.0000
8	Waveform 1	1	2302.494718750	2302.515843750	1400.000	4000.000	1.0000
8	Spectrogram 1	1	2302.494718750	2302.515843750	1400.000	4000.000	1.0000
9	Waveform 1	1	2795.986093750	2796.002343750	1400.000	4000.000	1.0000
9	Spectrogram 1	1	2795.986093750	2796.002343750	1400.000	4000.000	1.0000
10	Waveform 1	1	3954.091093750	3954.110593750	1400.000	4000.000	1.0000
10	Spectrogram 1	1	3954.091093750	3954.110593750	1400.000	4000.000	1.0000
11	Waveform 1	1	9243.776468750	9243.795968750	1400.000	4000.000	1.0000
11	Spectrogram 1	1	9243.776468750	9243.795968750	1400.000	4000.000	1.0000
12	Waveform 1	1	9411.562593750	9411.580468750	1400.000	4000.000	1.0000
12	Spectrogram 1	1	9411.562593750	9411.580468750	1400.000	4000.000	1.0000
13	Waveform 1	1	9755.787968750	9755.810718750	1400.000	4000.000	1.0000
13	Spectrogram 1	1	9755.787968750	9755.810718750	1400.000	4000.000	1.0000
14	Waveform 1	1	9756.030093750	9756.046343750	1400.000	4000.000	1.0000
14	Spectrogram 1	1	9756.030093750	9756.046343750	1400.000	4000.000	1.0000
15	Waveform 1	1	9794.487343750	9794.503593750	1400.000	4000.000	1.0000
15	Spectrogram 1	1	9794.487343750	9794.503593750	1400.000	4000.000	1.0000
16	Waveform 1	1	10222.666718750	10222.678093750	1400.000	4000.000	1.0000
16	Spectrogram 1	1	10222.666718750	10222.678093750	1400.000	4000.000	1.0000
17	Waveform 1	1	10252.311593750	10252.324593750	1400.000	4000.000	1.0000
17	Spectrogram 1	1	10252.311593750	10252.324593750	1400.000	4000.000	1.0000
18	Waveform 1	1	10429.324468750	10429.337468750	1400.000	4000.000	1.0000
18	Spectrogram 1	1	10429.324468750	10429.337468750	1400.000	4000.000	1.0000
19	Waveform 1	1	11988.674468750	11988.700468750	1400.000	4000.000	1.0000
19	Spectrogram 1	1	11988.674468750	11988.700468750	1400.000	4000.000	1.0000
20	Waveform 1	1	12842.405593750	12842.423468750	1400.000	4000.000	1.0000
20	Spectrogram 1	1	12842.405593750	12842.423468750	1400.000	4000.000	1.0000
21	Waveform 1	1	13882.919093750	13882.949968750	1400.000	4000.000	1.0000
21	Spectrogram 1	1	13882.919093750	13882.949968750	1400.000	4000.000	1.0000
22	Waveform 1	1	13883.018218750	13883.029593750	1400.000	4000.000	1.0000
22	Spectrogram 1	1	13883.018218750	13883.029593750	1400.000	4000.000	1.0000
23	Waveform 1	1	13984.297968750	13984.309343750	1400.000	4000.000	1.0000
23	Spectrogram 1	1	13984.297968750	13984.309343750	1400.000	4000.000	1.0000
24	Waveform 1	1	13984.462093750	13984.476718750	1400.000	4000.000	1.0000
24	Spectrogram 1	1	13984.462093750	13984.476718750	1400.000	4000.000	1.0000
25	Waveform 1	1	14020.940093750	14020.954718750	1400.000	4000.000	1.0000
25	Spectrogram 1	1	14020.940093750	14020.954718750	1400.000	4000.000	1.0000
26	Waveform 1	1	14064.465718750	14064.496593750	1400.000	4000.000	0.7895
26	Spectrogram 1	1	14064.465718750	14064.496593750	1400.000	4000.000	0.7895
27	Waveform 1	1	14108.083968750	14108.092093750	1400.000	4000.000	1.0000
27	Spectrogram 1	1	14108.083968750	14108.092093750	1400.000	4000.000	1.0000
28	Waveform 1	1	14117.208343750	14117.222968750	1400.000	4000.000	1.0000
28	Spectrogram 1	1	14117.208343750	14117.222968750	1400.000	4000.000	1.0000
29	Waveform 1	1	14158.900968750	14158.915593750	1400.000	4000.000	1.0000
29	Spectrogram 1	1	14158.900968750	14158.915593750	1400.000	4000.000	1.0000
30	Waveform 1	1	14159.136593750	14159.165843750	1400.000	4000.000	1.0000
30	Spectrogram 1	1	14159.136593750	14159.165843750	1400.000	4000.000	1.0000
31	Waveform 1	1	14181.915843750	14181.927218750	1400.000	4000.000	1.0000
31	Spectrogram 1	1	14181.915843750	14181.927218750	1400.000	4000.000	1.0000
32	Waveform 1	1	14285.104968750	14285.114718750	1400.000	4000.000	1.0000
32	Spectrogram 1	1	14285.104968750	14285.114718750	1400.000	4000.000	1.0000
33	Waveform 1	1	14291.704093750	14291.718718750	1400.000	4000.000	1.0000
33	Spectrogram 1	1	14291.704093750	14291.718718750	1400.000	4000.000	1.0000
34	Waveform 1	1	14371.179593750	14371.194218750	1400.000	4000.000	1.0000
34	Spectrogram 1	1	14371.179593750	14371.194218750	1400.000	4000.000	1.0000
35	Waveform 1	1	14371.398968750	14371.408718750	1400.000	4000.000	1.0000
35	Spectrogram 1	1	14371.398968750	14371.408718750	1400.000	4000.000	1.0000
36	Waveform 1	1	14371.442843750	14371.454218750	1400.000	4000.000	1.0000
36	Spectrogram 1	1	14371.442843750	14371.454218750	1400.000	4000.000	1.0000
37	Waveform 1	1	14790.743218750	14790.772468750	1400.000	4000.000	1.0000
37	Spectrogram 1	1	14790.743218750	14790.772468750	1400.000	4000.000	1.0000
38	Waveform 1	1	16221.935968750	16221.952218750	1400.000	4000.000	1.0000
38	Spectrogram 1	1	16221.935968750	16221.952218750	1400.000	4000.000	1.0000
39	Waveform 1	1	16222.124468750	16222.145593750	1400.000	4000.000	1.0000
39	Spectrogram 1	1	16222.124468750	16222.145593750	1400.000	4000.000	1.0000
40	Waveform 1	1	16222.223593750	16222.246343750	1400.000	4000.000	1.0000
40	Spectrogram 1	1	16222.223593750	16222.246343750	1400.000	4000.000	1.0000
41	Waveform 1	1	16794.459218750	16794.485218750	1400.000	4000.000	1.0000
41	Spectrogram 1	1	16794.459218750	16794.485218750	1400.000	4000.000	1.0000
42	Waveform 1	1	17109.031593750	17109.054343750	1400.000	4000.000	1.0000
42	Spectrogram 1	1	17109.031593750	17109.054343750	1400.000	4000.000	1.0000
43	Waveform 1	1	18243.728468750	18243.738218750	1400.000	4000.000	1.0000
43	Spectrogram 1	1	18243.728468750	18243.738218750	1400.000	4000.000	1.0000
44	Waveform 1	1	18868.817218750	18868.830218750	1400.000	4000.000	1.0000
44	Spectrogram 1	1	18868.817218750	18868.830218750	1400.000	4000.000	1.0000
45	Waveform 1	1	18980.072843750	18980.082593750	1400.000	4000.000	1.0000
45	Spectrogram 1	1	18980.072843750	18980.082593750	1400.000	4000.000	1.0000
46	Waveform 1	1	19049.505843750	19049.513968750	1400.000	4000.000	1.0000
46	Spectrogram 1	1	19049.505843750	19049.513968750	1400.000	4000.000	1.0000
47	Waveform 1	1	19070.595093750	19070.608093750	1400.000	4000.000	1.0000
47	Spectrogram 1	1	19070.595093750	19070.608093750	1400.000	4000.000	1.0000
48	Waveform 1	1	19115.077843750	19115.087593750	1400.000	4000.000	1.0000
48	Spectrogram 1	1	19115.077843750	19115.087593750	1400.000	4000.000	1.0000
49	Waveform 1	1	19131.532593750	19131.540718750	1400.000	4000.000	1.0000
49	Spectrogram 1	1	19131.532593750	19131.540718750	1400.000	4000.000	1.0000
50	Waveform 1	1	19147.753343750	19147.764718750	1400.000	4000.000	1.0000
50	Spectrogram 1	1	19147.753343750	19147.764718750	1400.000	4000.000	1.0000
51	Waveform 1	1	19165.618593750	19165.629968750	1400.000	4000.000	1.0000
51	Spectrogram 1	1	19165.618593750	19165.629968750	1400.000	4000.000	1.0000
52	Waveform 1	1	19171.908968750	19171.921968750	1400.000	4000.000	1.0000
52	Spectrogram 1	1	19171.908968750	19171.921968750	1400.000	4000.000	1.0000
53	Waveform 1	1	19181.033343750	19181.041468750	1400.000	4000.000	1.0000
53	Spectrogram 1	1	19181.033343750	19181.041468750	1400.000	4000.000	1.0000
54	Waveform 1	1	19183.955093750	19183.963218750	1400.000	4000.000	1.0000
54	Spectrogram 1	1	19183.955093750	19183.963218750	1400.000	4000.000	1.0000
55	Waveform 1	1	19208.746093750	19208.757468750	1400.000	4000.000	1.0000
55	Spectrogram 1	1	19208.746093750	19208.757468750	1400.000	4000.000	1.0000
56	Waveform 1	1	19275.523843750	19275.533593750	1400.000	4000.000	1.0000
56	Spectrogram 1	1	19275.523843750	19275.533593750	1400.000	4000.000	1.0000
57	Waveform 1	1	19492.576718750	19492.589718750	1400.000	4000.000	1.0000
57	Spectrogram 1	1	19492.576718750	19492.589718750	1400.000	4000.000	1.0000
58	Waveform 1	1	20134.318468750	20134.337968750	1400.000	4000.000	1.0000
58	Spectrogram 1	1	20134.318468750	20134.337968750	1400.000	4000.000	1.0000
59	Waveform 1	1	23567.550218750	23567.558343750	1400.000	4000.000	1.0000
59	Spectrogram 1	1	23567.550218750	23567.558343750	1400.000	4000.000	1.0000
60	Waveform 1	1	23847.553968750	23847.565343750	1400.000	4000.000	1.0000
60	Spectrogram 1	1	23847.553968750	23847.565343750	1400.000	4000.000	1.0000
61	Waveform 1	1	23848.525718750	23848.541968750	1400.000	4000.000	1.0000
61	Spectrogram 1	1	23848.525718750	23848.541968750	1400.000	4000.000	1.0000
62	Waveform 1	1	23849.399968750	23849.412968750	1400.000	4000.000	1.0000
62	Spectrogram 1	1	23849.399968750	23849.412968750	1400.000	4000.000	1.0000
63	Waveform 1	1	23850.249843750	23850.262843750	1400.000	4000.000	1.0000
63	Spectrogram 1	1	23850.249843750	23850.262843750	1400.000	4000.000	1.0000
64	Waveform 1	1	23851.098093750	23851.112718750	1400.000	4000.000	1.0000
64	Spectrogram 1	1	23851.098093750	23851.112718750	1400.000	4000.000	1.0000
65	Waveform 1	1	23851.957718750	23851.969093750	1400.000	4000.000	1.0000
65	Spectrogram 1	1	23851.957718750	23851.969093750	1400.000	4000.000	1.0000
66	Waveform 1	1	23852.861218750	23852.872593750	1400.000	4000.000	1.0000
66	Spectrogram 1	1	23852.861218750	23852.872593750	1400.000	4000.000	1.0000
67	Waveform 1	1	23853.777718750	23853.787468750	1400.000	4000.000	1.0000
67	Spectrogram 1	1	23853.777718750	23853.787468750	1400.000	4000.000	1.0000
68	Waveform 1	1	23856.457343750	23856.470343750	1400.000	4000.000	1.0000
68	Spectrogram 1	1	23856.457343750	23856.470343750	1400.000	4000.000	1.0000
69	Waveform 1	1	23857.419343750	23857.430718750	1400.000	4000.000	1.0000
69	Spectrogram 1	1	23857.419343750	23857.430718750	1400.000	4000.000	1.0000
70	Waveform 1	1	23858.334218750	23858.345593750	1400.000	4000.000	1.0000
70	Spectrogram 1	1	23858.334218750	23858.345593750	1400.000	4000.000	1.0000
71	Waveform 1	1	23859.229593750	23859.242593750	1400.000	4000.000	1.0000
71	Spectrogram 1	1	23859.229593750	23859.242593750	1400.000	4000.000	1.0000
72	Waveform 1	1	23860.090843750	23860.100593750	1400.000	4000.000	1.0000
72	Spectrogram 1	1	23860.090843750	23860.100593750	1400.000	4000.000	1.0000
73	Waveform 1	1	24086.259968750	24086.268093750	1400.000	4000.000	1.0000
73	Spectrogram 1	1	24086.259968750	24086.268093750	1400.000	4000.000	1.0000
74	Waveform 1	1	24600.130468750	24600.143468750	1400.000	4000.000	1.0000
74	Spectrogram 1	1	24600.130468750	24600.143468750	1400.000	4000.000	1.0000
75	Waveform 1	1	24736.718218750	24736.729593750	1400.000	4000.000	1.0000
75	Spectrogram 1	1	24736.718218750	24736.729593750	1400.000	4000.000	1.0000
76	Waveform 1	1	24756.835718750	24756.845468750	1400.000	4000.000	1.0000
76	Spectrogram 1	1	24756.835718750	24756.845468750	1400.000	4000.000	1.0000
77	Waveform 1	1	24759.671343750	24759.679468750	1400.000	4000.000	1.0000
77	Spectrogram 1	1	24759.671343750	24759.679468750	1400.000	4000.000	1.0000
78	Waveform 1	1	24760.906343750	24760.914468750	1400.000	4000.000	1.0000
78	Spectrogram 1	1	24760.906343750	24760.914468750	1400.000	4000.000	1.0000
79	Waveform 1	1	24774.570968750	24774.579093750	1400.000	4000.000	1.0000
79	Spectrogram 1	1	24774.570968750	24774.579093750	1400.000	4000.000	1.0000
80	Waveform 1	1	24775.019468750	24775.045468750	1400.000	4000.000	1.0000
80	Spectrogram 1	1	24775.019468750	24775.045468750	1400.000	4000.000	1.0000
81	Waveform 1	1	24777.869718750	24777.882718750	1400.000	4000.000	1.0000
81	Spectrogram 1	1	24777.869718750	24777.882718750	1400.000	4000.000	1.0000
82	Waveform 1	1	24816.107593750	24816.127093750	1400.000	4000.000	1.0000
82	Spectrogram 1	1	24816.107593750	24816.127093750	1400.000	4000.000	1.0000
83	Waveform 1	1	24918.324968750	24918.341218750	1400.000	4000.000	1.0000
83	Spectrogram 1	1	24918.324968750	24918.341218750	1400.000	4000.000	1.0000
84	Waveform 1	1	24975.895468750	24975.905218750	1400.000	4000.000	1.0000
84	Spectrogram 1	1	24975.895468750	24975.905218750	1400.000	4000.000	1.0000
85	Waveform 1	1	25011.647093750	25011.655218750	1400.000	4000.000	1.0000
85	Spectrogram 1	1	25011.647093750	25011.655218750	1400.000	4000.000	1.0000
86	Waveform 1	1	25216.154968750	25216.167968750	1400.000	4000.000	1.0000
86	Spectrogram 1	1	25216.154968750	25216.167968750	1400.000	4000.000	1.0000
87	Waveform 1	1	25237.713843750	25237.723593750	1400.000	4000.000	1.0000
87	Spectrogram 1	1	25237.713843750	25237.723593750	1400.000	4000.000	1.0000
88	Waveform 1	1	25239.125968750	25239.134093750	1400.000	4000.000	1.0000
88	Spectrogram 1	1	25239.125968750	25239.134093750	1400.000	4000.000	1.0000
89	Waveform 1	1	25252.018718750	25252.028468750	1400.000	4000.000	1.0000
89	Spectrogram 1	1	25252.018718750	25252.028468750	1400.000	4000.000	1.0000
90	Waveform 1	1	25255.449093750	25255.457218750	1400.000	4000.000	1.0000
90	Spectrogram 1	1	25255.449093750	25255.457218750	1400.000	4000.000	1.0000
91	Waveform 1	1	25261.351093750	25261.364093750	1400.000	4000.000	1.0000
91	Spectrogram 1	1	25261.351093750	25261.364093750	1400.000	4000.000	1.0000
92	Waveform 1	1	25265.624843750	25265.637843750	1400.000	4000.000	1.0000
92	Spectrogram 1	1	25265.624843750	25265.637843750	1400.000	4000.000	1.0000
93	Waveform 1	1	25266.554343750	25266.572218750	1400.000	4000.000	1.0000
93	Spectrogram 1	1	25266.554343750	25266.572218750	1400.000	4000.000	1.0000
94	Waveform 1	1	25267.415593750	25267.425343750	1400.000	4000.000	1.0000
94	Spectrogram 1	1	25267.415593750	25267.425343750	1400.000	4000.000	1.0000
95	Waveform 1	1	25270.373093750	25270.386093750	1400.000	4000.000	1.0000
95	Spectrogram 1	1	25270.373093750	25270.386093750	1400.000	4000.000	1.0000
96	Waveform 1	1	25284.458593750	25284.469968750	1400.000	4000.000	1.0000
96	Spectrogram 1	1	25284.458593750	25284.469968750	1400.000	4000.000	1.0000
97	Waveform 1	1	25286.070593750	25286.078718750	1400.000	4000.000	1.0000
97	Spectrogram 1	1	25286.070593750	25286.078718750	1400.000	4000.000	1.0000
98	Waveform 1	1	25288.228593750	25288.241593750	1400.000	4000.000	1.0000
98	Spectrogram 1	1	25288.228593750	25288.241593750	1400.000	4000.000	1.0000
99	Waveform 1	1	25288.291968750	25288.303343750	1400.000	4000.000	1.0000
99	Spectrogram 1	1	25288.291968750	25288.303343750	1400.000	4000.000	1.0000
100	Waveform 1	1	25288.738843750	25288.750218750	1400.000	4000.000	1.0000
100	Spectrogram 1	1	25288.738843750	25288.750218750	1400.000	4000.000	1.0000
101	Waveform 1	1	25290.562093750	25290.570218750	1400.000	4000.000	1.0000
101	Spectrogram 1	1	25290.562093750	25290.570218750	1400.000	4000.000	1.0000
102	Waveform 1	1	25293.833218750	25293.842968750	1400.000	4000.000	1.0000
102	Spectrogram 1	1	25293.833218750	25293.842968750	1400.000	4000.000	1.0000
103	Waveform 1	1	25294.692843750	25294.705843750	1400.000	4000.000	1.0000
103	Spectrogram 1	1	25294.692843750	25294.705843750	1400.000	4000.000	1.0000
104	Waveform 1	1	25294.887843750	25294.897593750	1400.000	4000.000	1.0000
104	Spectrogram 1	1	25294.887843750	25294.897593750	1400.000	4000.000	1.0000
105	Waveform 1	1	25295.537843750	25295.550843750	1400.000	4000.000	1.0000
105	Spectrogram 1	1	25295.537843750	25295.550843750	1400.000	4000.000	1.0000
106	Waveform 1	1	25297.435843750	25297.448843750	1400.000	4000.000	1.0000
106	Spectrogram 1	1	25297.435843750	25297.448843750	1400.000	4000.000	1.0000
107	Waveform 1	1	25298.090718750	25298.105343750	1400.000	4000.000	1.0000
107	Spectrogram 1	1	25298.090718750	25298.105343750	1400.000	4000.000	1.0000
108	Waveform 1	1	25316.003093750	25316.016093750	1400.000	4000.000	1.0000
108	Spectrogram 1	1	25316.003093750	25316.016093750	1400.000	4000.000	1.0000
109	Waveform 1	1	25321.311968750	25321.331468750	1400.000	4000.000	1.0000
109	Spectrogram 1	1	25321.311968750	25321.331468750	1400.000	4000.000	1.0000
110	Waveform 1	1	25325.372843750	25325.380968750	1400.000	4000.000	1.0000
110	Spectrogram 1	1	25325.372843750	25325.380968750	1400.000	4000.000	1.0000
111	Waveform 1	1	25332.412343750	25332.420468750	1400.000	4000.000	1.0000
111	Spectrogram 1	1	25332.412343750	25332.420468750	1400.000	4000.000	1.0000
112	Waveform 1	1	25388.127093750	25388.136843750	1400.000	4000.000	1.0000
112	Spectrogram 1	1	25388.127093750	25388.136843750	1400.000	4000.000	1.0000
113	Waveform 1	1	25388.825843750	25388.833968750	1400.000	4000.000	1.0000
113	Spectrogram 1	1	25388.825843750	25388.833968750	1400.000	4000.000	1.0000
114	Waveform 1	1	25394.368718750	25394.378468750	1400.000	4000.000	1.0000
114	Spectrogram 1	1	25394.368718750	25394.378468750	1400.000	4000.000	1.0000
115	Waveform 1	1	25410.046718750	25410.061343750	1400.000	4000.000	1.0000
115	Spectrogram 1	1	25410.046718750	25410.061343750	1400.000	4000.000	1.0000
116	Waveform 1	1	25425.658093750	25425.669468750	1400.000	4000.000	1.0000
116	Spectrogram 1	1	25425.658093750	25425.669468750	1400.000	4000.000	1.0000
117	Waveform 1	1	25451.641843750	25451.656468750	1400.000	4000.000	1.0000
117	Spectrogram 1	1	25451.641843750	25451.656468750	1400.000	4000.000	1.0000
118	Waveform 1	1	25490.199843750	25490.230718750	1400.000	4000.000	1.0000
118	Spectrogram 1	1	25490.199843750	25490.230718750	1400.000	4000.000	1.0000
119	Waveform 1	1	25490.303843750	25490.326593750	1400.000	4000.000	1.0000
119	Spectrogram 1	1	25490.303843750	25490.326593750	1400.000	4000.000	1.0000
120	Waveform 1	1	25517.454343750	25517.468968750	1400.000	4000.000	1.0000
120	Spectrogram 1	1	25517.454343750	25517.468968750	1400.000	4000.000	1.0000
121	Waveform 1	1	25536.133718750	25536.145093750	1400.000	4000.000	1.0000
121	Spectrogram 1	1	25536.133718750	25536.145093750	1400.000	4000.000	1.0000
122	Waveform 1	1	25537.917968750	25537.926093750	1400.000	4000.000	1.0000
122	Spectrogram 1	1	25537.917968750	25537.926093750	1400.000	4000.000	1.0000
123	Waveform 1	1	25559.137218750	25559.145343750	1400.000	4000.000	1.0000
123	Spectrogram 1	1	25559.137218750	25559.145343750	1400.000	4000.000	1.0000
124	Waveform 1	1	25656.726593750	25656.737968750	1400.000	4000.000	1.0000
124	Spectrogram 1	1	25656.726593750	25656.737968750	1400.000	4000.000	1.0000
125	Waveform 1	1	25729.979968750	25729.991343750	1400.000	4000.000	1.0000
125	Spectrogram 1	1	25729.979968750	25729.991343750	1400.000	4000.000	1.0000
126	Waveform 1	1	25753.227218750	25753.256468750	1400.000	4000.000	1.0000
126	Spectrogram 1	1	25753.227218750	25753.256468750	1400.000	4000.000	1.0000
127	Waveform 1	1	25824.059343750	25824.069093750	1400.000	4000.000	1.0000
127	Spectrogram 1	1	25824.059343750	25824.069093750	1400.000	4000.000	1.0000
128	Waveform 1	1	25960.491093750	25960.500843750	1400.000	4000.000	1.0000
128	Spectrogram 1	1	25960.491093750	25960.500843750	1400.000	4000.000	1.0000
129	Waveform 1	1	25966.893593750	25966.906593750	1400.000	4000.000	1.0000
129	Spectrogram 1	1	25966.893593750	25966.906593750	1400.000	4000.000	1.0000
130	Waveform 1	1	25980.190968750	25980.199093750	1400.000	4000.000	1.0000
130	Spectrogram 1	1	25980.190968750	25980.199093750	1400.000	4000.000	1.0000
131	Waveform 1	1	26053.116093750	26053.130718750	1400.000	4000.000	1.0000
131	Spectrogram 1	1	26053.116093750	26053.130718750	1400.000	4000.000	1.0000
132	Waveform 1	1	26057.102218750	26057.110343750	1400.000	4000.000	1.0000
132	Spectrogram 1	1	26057.102218750	26057.110343750	1400.000	4000.000	1.0000
133	Waveform 1	1	26112.318093750	26112.329468750	1400.000	4000.000	1.0000
133	Spectrogram 1	1	26112.318093750	26112.329468750	1400.000	4000.000	1.0000
134	Waveform 1	1	26134.668343750	26134.676468750	1400.000	4000.000	1.0000
134	Spectrogram 1	1	26134.668343750	26134.676468750	1400.000	4000.000	1.0000
135	Waveform 1	1	26281.326218750	26281.337593750	1400.000	4000.000	1.0000
135	Spectrogram 1	1	26281.326218750	26281.337593750	1400.000	4000.000	1.0000
136	Waveform 1	1	26335.194968750	26335.203093750	1400.000	4000.000	1.0000
136	Spectrogram 1	1	26335.194968750	26335.203093750	1400.000	4000.000	1.0000
137	Waveform 1	1	26415.117343750	26415.127093750	1400.000	4000.000	1.0000
137	Spectrogram 1	1	26415.117343750	26415.127093750	1400.000	4000.000	1.0000
138	Waveform 1	1	26490.835843750	26490.852093750	1400.000	4000.000	1.0000
138	Spectrogram 1	1	26490.835843750	26490.852093750	1400.000	4000.000	1.0000
139	Waveform 1	1	26512.454843750	26512.467843750	1400.000	4000.000	1.0000
139	Spectrogram 1	1	26512.454843750	26512.467843750	1400.000	4000.000	1.0000
140	Waveform 1	1	26519.718593750	26519.731593750	1400.000	4000.000	1.0000
140	Spectrogram 1	1	26519.718593750	26519.731593750	1400.000	4000.000	1.0000
141	Waveform 1	1	26553.016468750	26553.026218750	1400.000	4000.000	1.0000
141	Spectrogram 1	1	26553.016468750	26553.026218750	1400.000	4000.000	1.0000
142	Waveform 1	1	26625.603593750	26625.611718750	1400.000	4000.000	1.0000
142	Spectrogram 1	1	26625.603593750	26625.611718750	1400.000	4000.000	1.0000
143	Waveform 1	1	26660.779968750	26660.788093750	1400.000	4000.000	1.0000
143	Spectrogram 1	1	26660.779968750	26660.788093750	1400.000	4000.000	1.0000
144	Waveform 1	1	26907.160843750	26907.172218750	1400.000	4000.000	1.0000
144	Spectrogram 1	1	26907.160843750	26907.172218750	1400.000	4000.000	1.0000
145	Waveform 1	1	26939.616968750	26939.628343750	1400.000	4000.000	1.0000
145	Spectrogram 1	1	26939.616968750	26939.628343750	1400.000	4000.000	1.0000
146	Waveform 1	1	27084.006343750	27084.024218750	1400.000	4000.000	1.0000
146	Spectrogram 1	1	27084.006343750	27084.024218750	1400.000	4000.000	1.0000
147	Waveform 1	1	27207.018843750	27207.030218750	1400.000	4000.000	1.0000
147	Spectrogram 1	1	27207.018843750	27207.030218750	1400.000	4000.000	1.0000
148	Waveform 1	1	27250.357593750	27250.373843750	1400.000	4000.000	1.0000
148	Spectrogram 1	1	27250.357593750	27250.373843750	1400.000	4000.000	1.0000
149	Waveform 1	1	27346.837093750	27346.848468750	1400.000	4000.000	1.0000
149	Spectrogram 1	1	27346.837093750	27346.848468750	1400.000	4000.000	1.0000
150	Waveform 1	1	27402.904468750	27402.914218750	1400.000	4000.000	1.0000
150	Spectrogram 1	1	27402.904468750	27402.914218750	1400.000	4000.000	1.0000
151	Waveform 1	1	27405.736843750	27405.746593750	1400.000	4000.000	1.0000
151	Spectrogram 1	1	27405.736843750	27405.746593750	1400.000	4000.000	1.0000
152	Waveform 1	1	27484.199968750	27484.211343750	1400.000	4000.000	1.0000
152	Spectrogram 1	1	27484.199968750	27484.211343750	1400.000	4000.000	1.0000
153	Waveform 1	1	27485.876968750	27485.889968750	1400.000	4000.000	1.0000
153	Spectrogram 1	1	27485.876968750	27485.889968750	1400.000	4000.000	1.0000
154	Waveform 1	1	27487.617343750	27487.627093750	1400.000	4000.000	1.0000
154	Spectrogram 1	1	27487.617343750	27487.627093750	1400.000	4000.000	1.0000
155	Waveform 1	1	27592.306343750	27592.319343750	1400.000	4000.000	1.0000
155	Spectrogram 1	1	27592.306343750	27592.319343750	1400.000	4000.000	1.0000
156	Waveform 1	1	27657.257593750	27657.270593750	1400.000	4000.000	1.0000
156	Spectrogram 1	1	27657.257593750	27657.270593750	1400.000	4000.000	1.0000
157	Waveform 1	1	27681.106093750	27681.120718750	1400.000	4000.000	1.0000
157	Spectrogram 1	1	27681.106093750	27681.120718750	1400.000	4000.000	1.0000
158	Waveform 1	1	27685.240093750	27685.253093750	1400.000	4000.000	1.0000
158	Spectrogram 1	1	27685.240093750	27685.253093750	1400.000	4000.000	1.0000
159	Waveform 1	1	27696.450968750	27696.460718750	1400.000	4000.000	1.0000
159	Spectrogram 1	1	27696.450968750	27696.460718750	1400.000	4000.000	1.0000
160	Waveform 1	1	27725.085093750	27725.096468750	1400.000	4000.000	1.0000
160	Spectrogram 1	1	27725.085093750	27725.096468750	1400.000	4000.000	1.0000
161	Waveform 1	1	27788.344718750	27788.354468750	1400.000	4000.000	1.0000
161	Spectrogram 1	1	27788.344718750	27788.354468750	1400.000	4000.000	1.0000
162	Waveform 1	1	27897.047468750	27897.060468750	1400.000	4000.000	1.0000
162	Spectrogram 1	1	27897.047468750	27897.060468750	1400.000	4000.000	1.0000
163	Waveform 1	1	28130.595718750	28130.607093750	1400.000	4000.000	1.0000
163	Spectrogram 1	1	28130.595718750	28130.607093750	1400.000	4000.000	1.0000
164	Waveform 1	1	28139.117218750	28139.131843750	1400.000	4000.000	1.0000
164	Spectrogram 1	1	28139.117218750	28139.131843750	1400.000	4000.000	1.0000
165	Waveform 1	1	28235.263593750	28235.281468750	1400.000	4000.000	1.0000
165	Spectrogram 1	1	28235.263593750	28235.281468750	1400.000	4000.000	1.0000
166	Waveform 1	1	28504.537468750	28504.550468750	1400.000	4000.000	1.0000
166	Spectrogram 1	1	28504.537468750	28504.550468750	1400.000	4000.000	1.0000
167	Waveform 1	1	28659.021343750	28659.029468750	1400.000	4000.000	1.0000
167	Spectrogram 1	1	28659.021343750	28659.029468750	1400.000	4000.000	1.0000
168	Waveform 1	1	28667.968593750	28667.981593750	1400.000	4000.000	1.0000
168	Spectrogram 1	1	28667.968593750	28667.981593750	1400.000	4000.000	1.0000
169	Waveform 1	1	28676.070843750	28676.083843750	1400.000	4000.000	1.0000
169	Spectrogram 1	1	28676.070843750	28676.083843750	1400.000	4000.000	1.0000
170	Waveform 1	1	28676.686718750	28676.702968750	1400.000	4000.000	1.0000
170	Spectrogram 1	1	28676.686718750	28676.702968750	1400.000	4000.000	1.0000
171	Waveform 1	1	28731.172968750	28731.185968750	1400.000	4000.000	1.0000
171	Spectrogram 1	1	28731.172968750	28731.185968750	1400.000	4000.000	1.0000
172	Waveform 1	1	28789.965468750	28789.981718750	1400.000	4000.000	1.0000
172	Spectrogram 1	1	28789.965468750	28789.981718750	1400.000	4000.000	1.0000
173	Waveform 1	1	28811.131093750	28811.139218750	1400.000	4000.000	1.0000
173	Spectrogram 1	1	28811.131093750	28811.139218750	1400.000	4000.000	1.0000
174	Waveform 1	1	28811.961468750	28811.971218750	1400.000	4000.000	1.0000
174	Spectrogram 1	1	28811.961468750	28811.971218750	1400.000	4000.000	1.0000
175	Waveform 1	1	28828.029468750	28828.040843750	1400.000	4000.000	1.0000
175	Spectrogram 1	1	28828.029468750	28828.040843750	1400.000	4000.000	1.0000
176	Waveform 1	1	28828.598218750	28828.607968750	1400.000	4000.000	1.0000
176	Spectrogram 1	1	28828.598218750	28828.607968750	1400.000	4000.000	1.0000
177	Waveform 1	1	28834.342593750	28834.350718750	1400.000	4000.000	1.0000
177	Spectrogram 1	1	28834.342593750	28834.350718750	1400.000	4000.000	1.0000
178	Waveform 1	1	28850.586093750	28850.602343750	1400.000	4000.000	1.0000
178	Spectrogram 1	1	28850.586093750	28850.602343750	1400.000	4000.000	1.0000
179	Waveform 1	1	28857.427343750	28857.440343750	1400.000	4000.000	1.0000
179	Spectrogram 1	1	28857.427343750	28857.440343750	1400.000	4000.000	1.0000
180	Waveform 1	1	28891.809093750	28891.817218750	1400.000	4000.000	1.0000
180	Spectrogram 1	1	28891.809093750	28891.817218750	1400.000	4000.000	1.0000
181	Waveform 1	1	28904.072968750	28904.082718750	1400.000	4000.000	1.0000
181	Spectrogram 1	1	28904.072968750	28904.082718750	1400.000	4000.000	1.0000
182	Waveform 1	1	28907.992468750	28908.008718750	1400.000	4000.000	1.0000
182	Spectrogram 1	1	28907.992468750	28908.008718750	1400.000	4000.000	1.0000
183	Waveform 1	1	28964.261343750	28964.272718750	1400.000	4000.000	1.0000
183	Spectrogram 1	1	28964.261343750	28964.272718750	1400.000	4000.000	1.0000
184	Waveform 1	1	28972.175093750	28972.184843750	1400.000	4000.000	1.0000
184	Spectrogram 1	1	28972.175093750	28972.184843750	1400.000	4000.000	1.0000
185	Waveform 1	1	29083.828843750	29083.846718750	1400.000	4000.000	1.0000
185	Spectrogram 1	1	29083.828843750	29083.846718750	1400.000	4000.000	1.0000
186	Waveform 1	1	29142.492968750	29142.512468750	1400.000	4000.000	1.0000
186	Spectrogram 1	1	29142.492968750	29142.512468750	1400.000	4000.000	1.0000
187	Waveform 1	1	29142.900843750	29142.912218750	1400.000	4000.000	1.0000
187	Spectrogram 1	1	29142.900843750	29142.912218750	1400.000	4000.000	1.0000
188	Waveform 1	1	29145.201843750	29145.218093750	1400.000	4000.000	1.0000
188	Spectrogram 1	1	29145.201843750	29145.218093750	1400.000	4000.000	1.0000
189	Waveform 1	1	29145.614593750	29145.622718750	1400.000	4000.000	1.0000
189	Spectrogram 1	1	29145.614593750	29145.622718750	1400.000	4000.000	1.0000
190	Waveform 1	1	29159.118343750	29159.139468750	1400.000	4000.000	1.0000
190	Spectrogram 1	1	29159.118343750	29159.139468750	1400.000	4000.000	1.0000
191	Waveform 1	1	30248.305468750	30248.320093750	1400.000	4000.000	1.0000
191	Spectrogram 1	1	30248.305468750	30248.320093750	1400.000	4000.000	1.0000
192	Waveform 1	1	30337.049968750	30337.067843750	1400.000	4000.000	1.0000
192	Spectrogram 1	1	30337.049968750	30337.067843750	1400.000	4000.000	1.0000
193	Waveform 1	1	30337.113343750	30337.126343750	1400.000	4000.000	1.0000
193	Spectrogram 1	1	30337.113343750	30337.126343750	1400.000	4000.000	1.0000
194	Waveform 1	1	31257.264718750	31257.272843750	1400.000	4000.000	1.0000
194	Spectrogram 1	1	31257.264718750	31257.272843750	1400.000	4000.000	1.0000
195	Waveform 1	1	32771.559968750	32771.568093750	1400.000	4000.000	1.0000
195	Spectrogram 1	1	32771.559968750	32771.568093750	1400.000	4000.000	1.0000
196	Waveform 1	1	34216.516468750	34216.547343750	1400.000	4000.000	1.0000
196	Spectrogram 1	1	34216.516468750	34216.547343750	1400.000	4000.000	1.0000
197	Waveform 1	1	34431.770468750	34431.778593750	1400.000	4000.000	1.0000
197	Spectrogram 1	1	34431.770468750	34431.778593750	1400.000	4000.000	1.0000
198	Waveform 1	1	34431.916718750	34431.934593750	1400.000	4000.000	1.0000
198	Spectrogram 1	1	34431.916718750	34431.934593750	1400.000	4000.000	1.0000
199	Waveform 1	1	34690.051218750	34690.064218750	1400.000	4000.000	1.0000
199	Spectrogram 1	1	34690.051218750	34690.064218750	1400.000	4000.000	1.0000
200	Waveform 1	1	34709.322093750	34709.330218750	1400.000	4000.000	1.0000
200	Spectrogram 1	1	34709.322093750	34709.330218750	1400.000	4000.000	1.0000
201	Waveform 1	1	34717.512093750	34717.520218750	1400.000	4000.000	1.0000
201	Spectrogram 1	1	34717.512093750	34717.520218750	1400.000	4000.000	1.0000
202	Waveform 1	1	34718.283968750	34718.292093750	1400.000	4000.000	1.0000
202	Spectrogram 1	1	34718.283968750	34718.292093750	1400.000	4000.000	1.0000
203	Waveform 1	1	34719.041218750	34719.050968750	1400.000	4000.000	1.0000
203	Spectrogram 1	1	34719.041218750	34719.050968750	1400.000	4000.000	1.0000
204	Waveform 1	1	34719.800093750	34719.813093750	1400.000	4000.000	1.0000
204	Spectrogram 1	1	34719.800093750	34719.813093750	1400.000	4000.000	1.0000
205	Waveform 1	1	34720.552468750	34720.563843750	1400.000	4000.000	1.0000
205	Spectrogram 1	1	34720.552468750	34720.563843750	1400.000	4000.000	1.0000
206	Waveform 1	1	34721.288593750	34721.301593750	1400.000	4000.000	1.0000
206	Spectrogram 1	1	34721.288593750	34721.301593750	1400.000	4000.000	1.0000
207	Waveform 1	1	34721.998718750	34722.011718750	1400.000	4000.000	1.0000
207	Spectrogram 1	1	34721.998718750	34722.011718750	1400.000	4000.000	1.0000
208	Waveform 1	1	34722.718593750	34722.736468750	1400.000	4000.000	1.0000
208	Spectrogram 1	1	34722.718593750	34722.736468750	1400.000	4000.000	1.0000
209	Waveform 1	1	34723.449843750	34723.466093750	1400.000	4000.000	1.0000
209	Spectrogram 1	1	34723.449843750	34723.466093750	1400.000	4000.000	1.0000
210	Waveform 1	1	34724.218468750	34724.234718750	1400.000	4000.000	1.0000
210	Spectrogram 1	1	34724.218468750	34724.234718750	1400.000	4000.000	1.0000
211	Waveform 1	1	34725.029343750	34725.045593750	1400.000	4000.000	1.0000
211	Spectrogram 1	1	34725.029343750	34725.045593750	1400.000	4000.000	1.0000
212	Waveform 1	1	34725.836968750	34725.853218750	1400.000	4000.000	1.0000
212	Spectrogram 1	1	34725.836968750	34725.853218750	1400.000	4000.000	1.0000
213	Waveform 1	1	34726.646218750	34726.662468750	1400.000	4000.000	1.0000
213	Spectrogram 1	1	34726.646218750	34726.662468750	1400.000	4000.000	1.0000
214	Waveform 1	1	34727.461968750	34727.476593750	1400.000	4000.000	1.0000
214	Spectrogram 1	1	34727.461968750	34727.476593750	1400.000	4000.000	1.0000
215	Waveform 1	1	34729.901093750	34729.910843750	1400.000	4000.000	1.0000
215	Spectrogram 1	1	34729.901093750	34729.910843750	1400.000	4000.000	1.0000
216	Waveform 1	1	34757.896593750	34757.904718750	1400.000	4000.000	1.0000
216	Spectrogram 1	1	34757.896593750	34757.904718750	1400.000	4000.000	1.0000
217	Waveform 1	1	34797.250843750	34797.263843750	1400.000	4000.000	1.0000
217	Spectrogram 1	1	34797.250843750	34797.263843750	1400.000	4000.000	1.0000
218	Waveform 1	1	34833.267343750	34833.281968750	1400.000	4000.000	1.0000
218	Spectrogram 1	1	34833.267343750	34833.281968750	1400.000	4000.000	1.0000
219	Waveform 1	1	35180.599718750	35180.609468750	1400.000	4000.000	1.0000
219	Spectrogram 1	1	35180.599718750	35180.609468750	1400.000	4000.000	1.0000
220	Waveform 1	1	35180.762218750	35180.771968750	1400.000	4000.000	1.0000
220	Spectrogram 1	1	35180.762218750	35180.771968750	1400.000	4000.000	1.0000
221	Waveform 1	1	35180.916593750	35180.926343750	1400.000	4000.000	1.0000
221	Spectrogram 1	1	35180.916593750	35180.926343750	1400.000	4000.000	1.0000
222	Waveform 1	1	35181.235093750	35181.243218750	1400.000	4000.000	1.0000
222	Spectrogram 1	1	35181.235093750	35181.243218750	1400.000	4000.000	1.0000
223	Waveform 1	1	35181.391093750	35181.402468750	1400.000	4000.000	1.0000
223	Spectrogram 1	1	35181.391093750	35181.402468750	1400.000	4000.000	1.0000
224	Waveform 1	1	35181.558468750	35181.566593750	1400.000	4000.000	1.0000
224	Spectrogram 1	1	35181.558468750	35181.566593750	1400.000	4000.000	1.0000
225	Waveform 1	1	35182.782093750	35182.790218750	1400.000	4000.000	1.0000
225	Spectrogram 1	1	35182.782093750	35182.790218750	1400.000	4000.000	1.0000
226	Waveform 1	1	35182.934843750	35182.942968750	1400.000	4000.000	1.0000
226	Spectrogram 1	1	35182.934843750	35182.942968750	1400.000	4000.000	1.0000
227	Waveform 1	1	35183.365468750	35183.373593750	1400.000	4000.000	1.0000
227	Spectrogram 1	1	35183.365468750	35183.373593750	1400.000	4000.000	1.0000
228	Waveform 1	1	35183.508468750	35183.516593750	1400.000	4000.000	1.0000
228	Spectrogram 1	1	35183.508468750	35183.516593750	1400.000	4000.000	1.0000
229	Waveform 1	1	35184.078843750	35184.086968750	1400.000	4000.000	1.0000
229	Spectrogram 1	1	35184.078843750	35184.086968750	1400.000	4000.000	1.0000
230	Waveform 1	1	35184.215343750	35184.226718750	1400.000	4000.000	1.0000
230	Spectrogram 1	1	35184.215343750	35184.226718750	1400.000	4000.000	1.0000
231	Waveform 1	1	35184.626468750	35184.637843750	1400.000	4000.000	1.0000
231	Spectrogram 1	1	35184.626468750	35184.637843750	1400.000	4000.000	1.0000
232	Waveform 1	1	35185.029468750	35185.037593750	1400.000	4000.000	1.0000
232	Spectrogram 1	1	35185.029468750	35185.037593750	1400.000	4000.000	1.0000
233	Waveform 1	1	35185.164343750	35185.174093750	1400.000	4000.000	1.0000
233	Spectrogram 1	1	35185.164343750	35185.174093750	1400.000	4000.000	1.0000
234	Waveform 1	1	35185.302468750	35185.312218750	1400.000	4000.000	1.0000
234	Spectrogram 1	1	35185.302468750	35185.312218750	1400.000	4000.000	1.0000
235	Waveform 1	1	35185.432468750	35185.443843750	1400.000	4000.000	1.0000
235	Spectrogram 1	1	35185.432468750	35185.443843750	1400.000	4000.000	1.0000
236	Waveform 1	1	35185.568968750	35185.580343750	1400.000	4000.000	1.0000
236	Spectrogram 1	1	35185.568968750	35185.580343750	1400.000	4000.000	1.0000
237	Waveform 1	1	35186.365218750	35186.374968750	1400.000	4000.000	1.0000
237	Spectrogram 1	1	35186.365218750	35186.374968750	1400.000	4000.000	1.0000
238	Waveform 1	1	35186.618718750	35186.628468750	1400.000	4000.000	1.0000
238	Spectrogram 1	1	35186.618718750	35186.628468750	1400.000	4000.000	1.0000
239	Waveform 1	1	35186.877093750	35186.885218750	1400.000	4000.000	1.0000
239	Spectrogram 1	1	35186.877093750	35186.885218750	1400.000	4000.000	1.0000
240	Waveform 1	1	35187.387343750	35187.400343750	1400.000	4000.000	1.0000
240	Spectrogram 1	1	35187.387343750	35187.400343750	1400.000	4000.000	1.0000
241	Waveform 1	1	35276.343093750	35276.352843750	1400.000	4000.000	1.0000
241	Spectrogram 1	1	35276.343093750	35276.352843750	1400.000	4000.000	1.0000
242	Waveform 1	1	35277.178343750	35277.189718750	1400.000	4000.000	1.0000
242	Spectrogram 1	1	35277.178343750	35277.189718750	1400.000	4000.000	1.0000
243	Waveform 1	1	35278.034718750	35278.046093750	1400.000	4000.000	1.0000
243	Spectrogram 1	1	35278.034718750	35278.046093750	1400.000	4000.000	1.0000
244	Waveform 1	1	35286.403468750	35286.411593750	1400.000	4000.000	1.0000
244	Spectrogram 1	1	35286.403468750	35286.411593750	1400.000	4000.000	1.0000
245	Waveform 1	1	35287.214343750	35287.225718750	1400.000	4000.000	1.0000
245	Spectrogram 1	1	35287.214343750	35287.225718750	1400.000	4000.000	1.0000
246	Waveform 1	1	35288.039843750	35288.054468750	1400.000	4000.000	1.0000
246	Spectrogram 1	1	35288.039843750	35288.054468750	1400.000	4000.000	1.0000
247	Waveform 1	1	35288.876718750	35288.889718750	1400.000	4000.000	1.0000
247	Spectrogram 1	1	35288.876718750	35288.889718750	1400.000	4000.000	1.0000
248	Waveform 1	1	35289.721718750	35289.731468750	1400.000	4000.000	1.0000
248	Spectrogram 1	1	35289.721718750	35289.731468750	1400.000	4000.000	1.0000
249	Waveform 1	1	35296.819718750	35296.832718750	1400.000	4000.000	1.0000
249	Spectrogram 1	1	35296.819718750	35296.832718750	1400.000	4000.000	1.0000
250	Waveform 1	1	35297.713468750	35297.726468750	1400.000	4000.000	1.0000
250	Spectrogram 1	1	35297.713468750	35297.726468750	1400.000	4000.000	1.0000
251	Waveform 1	1	35298.636468750	35298.646218750	1400.000	4000.000	1.0000
251	Spectrogram 1	1	35298.636468750	35298.646218750	1400.000	4000.000	1.0000
252	Waveform 1	1	35299.518843750	35299.531843750	1400.000	4000.000	1.0000
252	Spectrogram 1	1	35299.518843750	35299.531843750	1400.000	4000.000	1.0000
253	Waveform 1	1	35300.391468750	35300.404468750	1400.000	4000.000	1.0000
253	Spectrogram 1	1	35300.391468750	35300.404468750	1400.000	4000.000	1.0000
254	Waveform 1	1	35301.233218750	35301.244593750	1400.000	4000.000	1.0000
254	Spectrogram 1	1	35301.233218750	35301.244593750	1400.000	4000.000	1.0000
255	Waveform 1	1	35302.081468750	35302.092843750	1400.000	4000.000	1.0000
255	Spectrogram 1	1	35302.081468750	35302.092843750	1400.000	4000.000	1.0000
256	Waveform 1	1	35302.939468750	35302.950843750	1400.000	4000.000	1.0000
256	Spectrogram 1	1	35302.939468750	35302.950843750	1400.000	4000.000	1.0000
257	Waveform 1	1	35303.764968750	35303.773093750	1400.000	4000.000	1.0000
257	Spectrogram 1	1	35303.764968750	35303.773093750	1400.000	4000.000	1.0000
258	Waveform 1	1	35304.491343750	35304.504343750	1400.000	4000.000	1.0000
258	Spectrogram 1	1	35304.491343750	35304.504343750	1400.000	4000.000	1.0000
259	Waveform 1	1	35305.203093750	35305.217718750	1400.000	4000.000	1.0000
259	Spectrogram 1	1	35305.203093750	35305.217718750	1400.000	4000.000	1.0000
260	Waveform 1	1	35305.937593750	35305.953843750	1400.000	4000.000	1.0000
260	Spectrogram 1	1	35305.937593750	35305.953843750	1400.000	4000.000	1.0000
261	Waveform 1	1	35306.719218750	35306.732218750	1400.000	4000.000	1.0000
261	Spectrogram 1	1	35306.719218750	35306.732218750	1400.000	4000.000	1.0000
262	Waveform 1	1	35307.515468750	35307.530093750	1400.000	4000.000	1.0000
262	Spectrogram 1	1	35307.515468750	35307.530093750	1400.000	4000.000	1.0000
263	Waveform 1	1	35341.156218750	35341.164343750	1400.000	4000.000	1.0000
263	Spectrogram 1	1	35341.156218750	35341.164343750	1400.000	4000.000	1.0000
264	Waveform 1	1	35341.994718750	35342.004468750	1400.000	4000.000	1.0000
264	Spectrogram 1	1	35341.994718750	35342.004468750	1400.000	4000.000	1.0000
265	Waveform 1	1	35342.807218750	35342.821843750	1400.000	4000.000	1.0000
265	Spectrogram 1	1	35342.807218750	35342.821843750	1400.000	4000.000	1.0000
266	Waveform 1	1	35343.624593750	35343.635968750	1400.000	4000.000	1.0000
266	Spectrogram 1	1	35343.624593750	35343.635968750	1400.000	4000.000	1.0000
267	Waveform 1	1	35344.428968750	35344.437093750	1400.000	4000.000	1.0000
267	Spectrogram 1	1	35344.428968750	35344.437093750	1400.000	4000.000	1.0000
268	Waveform 1	1	35345.231718750	35345.241468750	1400.000	4000.000	1.0000
268	Spectrogram 1	1	35345.231718750	35345.241468750	1400.000	4000.000	1.0000
269	Waveform 1	1	35348.376093750	35348.384218750	1400.000	4000.000	1.0000
269	Spectrogram 1	1	35348.376093750	35348.384218750	1400.000	4000.000	1.0000
270	Waveform 1	1	35351.003718750	35351.013468750	1400.000	4000.000	1.0000
270	Spectrogram 1	1	35351.003718750	35351.013468750	1400.000	4000.000	1.0000
271	Waveform 1	1	35351.845468750	35351.858468750	1400.000	4000.000	1.0000
271	Spectrogram 1	1	35351.845468750	35351.858468750	1400.000	4000.000	1.0000
272	Waveform 1	1	35353.475343750	35353.486718750	1400.000	4000.000	1.0000
272	Spectrogram 1	1	35353.475343750	35353.486718750	1400.000	4000.000	1.0000
273	Waveform 1	1	35354.320343750	35354.333343750	1400.000	4000.000	1.0000
273	Spectrogram 1	1	35354.320343750	35354.333343750	1400.000	4000.000	1.0000
274	Waveform 1	1	35355.194593750	35355.209218750	1400.000	4000.000	1.0000
274	Spectrogram 1	1	35355.194593750	35355.209218750	1400.000	4000.000	1.0000
275	Waveform 1	1	35356.102968750	35356.115968750	1400.000	4000.000	1.0000
275	Spectrogram 1	1	35356.102968750	35356.115968750	1400.000	4000.000	1.0000
276	Waveform 1	1	35357.003218750	35357.014593750	1400.000	4000.000	1.0000
276	Spectrogram 1	1	35357.003218750	35357.014593750	1400.000	4000.000	1.0000
277	Waveform 1	1	35357.883968750	35357.895343750	1400.000	4000.000	1.0000
277	Spectrogram 1	1	35357.883968750	35357.895343750	1400.000	4000.000	1.0000
278	Waveform 1	1	35358.745218750	35358.754968750	1400.000	4000.000	1.0000
278	Spectrogram 1	1	35358.745218750	35358.754968750	1400.000	4000.000	1.0000
279	Waveform 1	1	35382.991843750	35383.003218750	1400.000	4000.000	1.0000
279	Spectrogram 1	1	35382.991843750	35383.003218750	1400.000	4000.000	1.0000
280	Waveform 1	1	35386.126468750	35386.145968750	1400.000	4000.000	1.0000
280	Spectrogram 1	1	35386.126468750	35386.145968750	1400.000	4000.000	1.0000
281	Waveform 1	1	35386.571718750	35386.581468750	1400.000	4000.000	1.0000
281	Spectrogram 1	1	35386.571718750	35386.581468750	1400.000	4000.000	1.0000
282	Waveform 1	1	35387.670218750	35387.681593750	1400.000	4000.000	1.0000
282	Spectrogram 1	1	35387.670218750	35387.681593750	1400.000	4000.000	1.0000
283	Waveform 1	1	35389.134343750	35389.142468750	1400.000	4000.000	1.0000
283	Spectrogram 1	1	35389.134343750	35389.142468750	1400.000	4000.000	1.0000
284	Waveform 1	1	35390.970593750	35390.988468750	1400.000	4000.000	1.0000
284	Spectrogram 1	1	35390.970593750	35390.988468750	1400.000	4000.000	1.0000
285	Waveform 1	1	35404.706718750	35404.714843750	1400.000	4000.000	1.0000
285	Spectrogram 1	1	35404.706718750	35404.714843750	1400.000	4000.000	1.0000
286	Waveform 1	1	35438.246718750	35438.269468750	1400.000	4000.000	0.8571
286	Spectrogram 1	1	35438.246718750	35438.269468750	1400.000	4000.000	0.8571
287	Waveform 1	1	35441.371593750	35441.379718750	1400.000	4000.000	1.0000
287	Spectrogram 1	1	35441.371593750	35441.379718750	1400.000	4000.000	1.0000
288	Waveform 1	1	35441.603968750	35441.628343750	1400.000	4000.000	1.0000
288	Spectrogram 1	1	35441.603968750	35441.628343750	1400.000	4000.000	1.0000
289	Waveform 1	1	35441.707968750	35441.725843750	1400.000	4000.000	1.0000
289	Spectrogram 1	1	35441.707968750	35441.725843750	1400.000	4000.000	1.0000
290	Waveform 1	1	35450.016593750	35450.024718750	1400.000	4000.000	1.0000
290	Spectrogram 1	1	35450.016593750	35450.024718750	1400.000	4000.000	1.0000
291	Waveform 1	1	35451.037093750	35451.046843750	1400.000	4000.000	1.0000
291	Spectrogram 1	1	35451.037093750	35451.046843750	1400.000	4000.000	1.0000
292	Waveform 1	1	35452.343593750	35452.351718750	1400.000	4000.000	1.0000
292	Spectrogram 1	1	35452.343593750	35452.351718750	1400.000	4000.000	1.0000
293	Waveform 1	1	35477.969843750	35477.977968750	1400.000	4000.000	1.0000
293	Spectrogram 1	1	35477.969843750	35477.977968750	1400.000	4000.000	1.0000
294	Waveform 1	1	35478.150218750	35478.158343750	1400.000	4000.000	1.0000
294	Spectrogram 1	1	35478.150218750	35478.158343750	1400.000	4000.000	1.0000
295	Waveform 1	1	35480.243218750	35480.252968750	1400.000	4000.000	1.0000
295	Spectrogram 1	1	35480.243218750	35480.252968750	1400.000	4000.000	1.0000
296	Waveform 1	1	35480.433343750	35480.443093750	1400.000	4000.000	1.0000
296	Spectrogram 1	1	35480.433343750	35480.443093750	1400.000	4000.000	1.0000
297	Waveform 1	1	35480.829843750	35480.837968750	1400.000	4000.000	1.0000
297	Spectrogram 1	1	35480.829843750	35480.837968750	1400.000	4000.000	1.0000
298	Waveform 1	1	35481.694343750	35481.702468750	1400.000	4000.000	1.0000
298	Spectrogram 1	1	35481.694343750	35481.702468750	1400.000	4000.000	1.0000
299	Waveform 1	1	35481.944593750	35481.952718750	1400.000	4000.000	1.0000
299	Spectrogram 1	1	35481.944593750	35481.952718750	1400.000	4000.000	1.0000
300	Waveform 1	1	35484.031093750	35484.040843750	1400.000	4000.000	1.0000
300	Spectrogram 1	1	35484.031093750	35484.040843750	1400.000	4000.000	1.0000
301	Waveform 1	1	35531.471343750	35531.479468750	1400.000	4000.000	1.0000
301	Spectrogram 1	1	35531.471343750	35531.479468750	1400.000	4000.000	1.0000
302	Waveform 1	1	35533.336843750	35533.344968750	1400.000	4000.000	1.0000
302	Spectrogram 1	1	35533.336843750	35533.344968750	1400.000	4000.000	1.0000
303	Waveform 1	1	35535.759718750	35535.787343750	1400.000	4000.000	1.0000
303	Spectrogram 1	1	35535.759718750	35535.787343750	1400.000	4000.000	1.0000
304	Waveform 1	1	35535.836093750	35535.845843750	1400.000	4000.000	1.0000
304	Spectrogram 1	1	35535.836093750	35535.845843750	1400.000	4000.000	1.0000
305	Waveform 1	1	35536.065218750	35536.089593750	1400.000	4000.000	1.0000
305	Spectrogram 1	1	35536.065218750	35536.089593750	1400.000	4000.000	1.0000
306	Waveform 1	1	35538.133843750	35538.141968750	1400.000	4000.000	1.0000
306	Spectrogram 1	1	35538.133843750	35538.141968750	1400.000	4000.000	1.0000
307	Waveform 1	1	35539.500468750	35539.521593750	1400.000	4000.000	1.0000
307	Spectrogram 1	1	35539.500468750	35539.521593750	1400.000	4000.000	1.0000
308	Waveform 1	1	35539.786468750	35539.801093750	1400.000	4000.000	1.0000
308	Spectrogram 1	1	35539.786468750	35539.801093750	1400.000	4000.000	1.0000
309	Waveform 1	1	35540.189468750	35540.220343750	1400.000	4000.000	1.0000
309	Spectrogram 1	1	35540.189468750	35540.220343750	1400.000	4000.000	1.0000
310	Waveform 1	1	35541.401718750	35541.424468750	1400.000	4000.000	1.0000
310	Spectrogram 1	1	35541.401718750	35541.424468750	1400.000	4000.000	1.0000
311	Waveform 1	1	35542.711468750	35542.734218750	1400.000	4000.000	1.0000
311	Spectrogram 1	1	35542.711468750	35542.734218750	1400.000	4000.000	1.0000
312	Waveform 1	1	35543.801843750	35543.826218750	1400.000	4000.000	1.0000
312	Spectrogram 1	1	35543.801843750	35543.826218750	1400.000	4000.000	1.0000
313	Waveform 1	1	35543.978968750	35543.990343750	1400.000	4000.000	1.0000
313	Spectrogram 1	1	35543.978968750	35543.990343750	1400.000	4000.000	1.0000
314	Waveform 1	1	35545.095343750	35545.119718750	1400.000	4000.000	1.0000
314	Spectrogram 1	1	35545.095343750	35545.119718750	1400.000	4000.000	1.0000
315	Waveform 1	1	35547.386593750	35547.404468750	1400.000	4000.000	1.0000
315	Spectrogram 1	1	35547.386593750	35547.404468750	1400.000	4000.000	1.0000
316	Waveform 1	1	35549.642093750	35549.663218750	1400.000	4000.000	1.0000
316	Spectrogram 1	1	35549.642093750	35549.663218750	1400.000	4000.000	1.0000
317	Waveform 1	1	35555.522968750	35555.532718750	1400.000	4000.000	1.0000
317	Spectrogram 1	1	35555.522968750	35555.532718750	1400.000	4000.000	1.0000
318	Waveform 1	1	35562.661593750	35562.671343750	1400.000	4000.000	1.0000
318	Spectrogram 1	1	35562.661593750	35562.671343750	1400.000	4000.000	1.0000
319	Waveform 1	1	35563.526093750	35563.535843750	1400.000	4000.000	1.0000
319	Spectrogram 1	1	35563.526093750	35563.535843750	1400.000	4000.000	1.0000
320	Waveform 1	1	35563.592718750	35563.612218750	1400.000	4000.000	1.0000
320	Spectrogram 1	1	35563.592718750	35563.612218750	1400.000	4000.000	1.0000
321	Waveform 1	1	35563.652843750	35563.669093750	1400.000	4000.000	1.0000
321	Spectrogram 1	1	35563.652843750	35563.669093750	1400.000	4000.000	1.0000
322	Waveform 1	1	35563.711343750	35563.722718750	1400.000	4000.000	1.0000
322	Spectrogram 1	1	35563.711343750	35563.722718750	1400.000	4000.000	1.0000
323	Waveform 1	1	35564.356468750	35564.374343750	1400.000	4000.000	1.0000
323	Spectrogram 1	1	35564.356468750	35564.374343750	1400.000	4000.000	1.0000
324	Waveform 1	1	35566.499843750	35566.532343750	1400.000	4000.000	1.0000
324	Spectrogram 1	1	35566.499843750	35566.532343750	1400.000	4000.000	1.0000
325	Waveform 1	1	35615.155593750	35615.165343750	1400.000	4000.000	1.0000
325	Spectrogram 1	1	35615.155593750	35615.165343750	1400.000	4000.000	1.0000
326	Waveform 1	1	35638.893593750	35638.911468750	1400.000	4000.000	1.0000
326	Spectrogram 1	1	35638.893593750	35638.911468750	1400.000	4000.000	1.0000
327	Waveform 1	1	35657.158593750	35657.182968750	1400.000	4000.000	1.0000
327	Spectrogram 1	1	35657.158593750	35657.182968750	1400.000	4000.000	1.0000
328	Waveform 1	1	35657.516093750	35657.535593750	1400.000	4000.000	1.0000
328	Spectrogram 1	1	35657.516093750	35657.535593750	1400.000	4000.000	1.0000
329	Waveform 1	1	35743.693093750	35743.701218750	1400.000	4000.000	1.0000
329	Spectrogram 1	1	35743.693093750	35743.701218750	1400.000	4000.000	1.0000
330	Waveform 1	1	35749.037718750	35749.052343750	1400.000	4000.000	1.0000
330	Spectrogram 1	1	35749.037718750	35749.052343750	1400.000	4000.000	1.0000
331	Waveform 1	1	35754.725218750	35754.734968750	1400.000	4000.000	1.0000
331	Spectrogram 1	1	35754.725218750	35754.734968750	1400.000	4000.000	1.0000
332	Waveform 1	1	35793.418093750	35793.434343750	1400.000	4000.000	1.0000
332	Spectrogram 1	1	35793.418093750	35793.434343750	1400.000	4000.000	1.0000
333	Waveform 1	1	35811.566093750	35811.580718750	1400.000	4000.000	1.0000
333	Spectrogram 1	1	35811.566093750	35811.580718750	1400.000	4000.000	1.0000
334	Waveform 1	1	35827.484593750	35827.492718750	1400.000	4000.000	1.0000
334	Spectrogram 1	1	35827.484593750	35827.492718750	1400.000	4000.000	1.0000
335	Waveform 1	1	35852.278843750	35852.308093750	1400.000	4000.000	1.0000
335	Spectrogram 1	1	35852.278843750	35852.308093750	1400.000	4000.000	1.0000
336	Waveform 1	1	35861.947593750	35861.958968750	1400.000	4000.000	1.0000
336	Spectrogram 1	1	35861.947593750	35861.958968750	1400.000	4000.000	1.0000
337	Waveform 1	1	35901.179968750	35901.196218750	1400.000	4000.000	1.0000
337	Spectrogram 1	1	35901.179968750	35901.196218750	1400.000	4000.000	1.0000
338	Waveform 1	1	36146.023593750	36146.033343750	1400.000	4000.000	1.0000
338	Spectrogram 1	1	36146.023593750	36146.033343750	1400.000	4000.000	1.0000
339	Waveform 1	1	36146.836093750	36146.845843750	1400.000	4000.000	1.0000
339	Spectrogram 1	1	36146.836093750	36146.845843750	1400.000	4000.000	1.0000
340	Waveform 1	1	36147.564093750	36147.572218750	1400.000	4000.000	1.0000
340	Spectrogram 1	1	36147.564093750	36147.572218750	1400.000	4000.000	1.0000
341	Waveform 1	1	36314.643343750	36314.670968750	1400.000	4000.000	1.0000
341	Spectrogram 1	1	36314.643343750	36314.670968750	1400.000	4000.000	1.0000
342	Waveform 1	1	36321.240843750	36321.266843750	1400.000	4000.000	1.0000
342	Spectrogram 1	1	36321.240843750	36321.266843750	1400.000	4000.000	1.0000
343	Waveform 1	1	36324.793093750	36324.802843750	1400.000	4000.000	1.0000
343	Spectrogram 1	1	36324.793093750	36324.802843750	1400.000	4000.000	1.0000
344	Waveform 1	1	36389.728093750	36389.744343750	1400.000	4000.000	1.0000
344	Spectrogram 1	1	36389.728093750	36389.744343750	1400.000	4000.000	1.0000
345	Waveform 1	1	36878.035718750	36878.047093750	1400.000	4000.000	1.0000
345	Spectrogram 1	1	36878.035718750	36878.047093750	1400.000	4000.000	1.0000
346	Waveform 1	1	37706.291718750	37706.303093750	1400.000	4000.000	1.0000
346	Spectrogram 1	1	37706.291718750	37706.303093750	1400.000	4000.000	1.0000
347	Waveform 1	1	37707.988218750	37707.997968750	1400.000	4000.000	1.0000
347	Spectrogram 1	1	37707.988218750	37707.997968750	1400.000	4000.000	1.0000
348	Waveform 1	1	37708.854343750	37708.867343750	1400.000	4000.000	1.0000
348	Spectrogram 1	1	37708.854343750	37708.867343750	1400.000	4000.000	1.0000
349	Waveform 1	1	37709.769218750	37709.780593750	1400.000	4000.000	1.0000
349	Spectrogram 1	1	37709.769218750	37709.780593750	1400.000	4000.000	1.0000
350	Waveform 1	1	37710.662968750	37710.675968750	1400.000	4000.000	1.0000
350	Spectrogram 1	1	37710.662968750	37710.675968750	1400.000	4000.000	1.0000
351	Waveform 1	1	37711.475468750	37711.486843750	1400.000	4000.000	1.0000
351	Spectrogram 1	1	37711.475468750	37711.486843750	1400.000	4000.000	1.0000
352	Waveform 1	1	37712.247343750	37712.258718750	1400.000	4000.000	1.0000
352	Spectrogram 1	1	37712.247343750	37712.258718750	1400.000	4000.000	1.0000
353	Waveform 1	1	37713.033843750	37713.046843750	1400.000	4000.000	1.0000
353	Spectrogram 1	1	37713.033843750	37713.046843750	1400.000	4000.000	1.0000
354	Waveform 1	1	37713.847968750	37713.860968750	1400.000	4000.000	1.0000
354	Spectrogram 1	1	37713.847968750	37713.860968750	1400.000	4000.000	1.0000
355	Waveform 1	1	37744.714843750	37744.724593750	1400.000	4000.000	1.0000
355	Spectrogram 1	1	37744.714843750	37744.724593750	1400.000	4000.000	1.0000
356	Waveform 1	1	37745.345343750	37745.355093750	1400.000	4000.000	1.0000
356	Spectrogram 1	1	37745.345343750	37745.355093750	1400.000	4000.000	1.0000
357	Waveform 1	1	37746.048968750	37746.057093750	1400.000	4000.000	1.0000
357	Spectrogram 1	1	37746.048968750	37746.057093750	1400.000	4000.000	1.0000
358	Waveform 1	1	37746.772093750	37746.785093750	1400.000	4000.000	1.0000
358	Spectrogram 1	1	37746.772093750	37746.785093750	1400.000	4000.000	1.0000
359	Waveform 1	1	37747.527718750	37747.539093750	1400.000	4000.000	1.0000
359	Spectrogram 1	1	37747.527718750	37747.539093750	1400.000	4000.000	1.0000
360	Waveform 1	1	37748.288218750	37748.299593750	1400.000	4000.000	1.0000
360	Spectrogram 1	1	37748.288218750	37748.299593750	1400.000	4000.000	1.0000
361	Waveform 1	1	37781.262718750	37781.277343750	1400.000	4000.000	1.0000
361	Spectrogram 1	1	37781.262718750	37781.277343750	1400.000	4000.000	1.0000
362	Waveform 1	1	37782.132093750	37782.149968750	1400.000	4000.000	1.0000
362	Spectrogram 1	1	37782.132093750	37782.149968750	1400.000	4000.000	1.0000
363	Waveform 1	1	37783.037218750	37783.048593750	1400.000	4000.000	1.0000
363	Spectrogram 1	1	37783.037218750	37783.048593750	1400.000	4000.000	1.0000
364	Waveform 1	1	37783.914718750	37783.927718750	1400.000	4000.000	1.0000
364	Spectrogram 1	1	37783.914718750	37783.927718750	1400.000	4000.000	1.0000
365	Waveform 1	1	37784.805218750	37784.813343750	1400.000	4000.000	1.0000
365	Spectrogram 1	1	37784.805218750	37784.813343750	1400.000	4000.000	1.0000
366	Waveform 1	1	37785.707093750	37785.716843750	1400.000	4000.000	1.0000
366	Spectrogram 1	1	37785.707093750	37785.716843750	1400.000	4000.000	1.0000
367	Waveform 1	1	37789.246343750	37789.254468750	1400.000	4000.000	1.0000
367	Spectrogram 1	1	37789.246343750	37789.254468750	1400.000	4000.000	1.0000
368	Waveform 1	1	37790.965593750	37790.975343750	1400.000	4000.000	1.0000
368	Spectrogram 1	1	37790.965593750	37790.975343750	1400.000	4000.000	1.0000
369	Waveform 1	1	37791.852843750	37791.865843750	1400.000	4000.000	1.0000
369	Spectrogram 1	1	37791.852843750	37791.865843750	1400.000	4000.000	1.0000
370	Waveform 1	1	37792.725468750	37792.738468750	1400.000	4000.000	1.0000
370	Spectrogram 1	1	37792.725468750	37792.738468750	1400.000	4000.000	1.0000
371	Waveform 1	1	37793.572093750	37793.586718750	1400.000	4000.000	1.0000
371	Spectrogram 1	1	37793.572093750	37793.586718750	1400.000	4000.000	1.0000
372	Waveform 1	1	37794.404093750	37794.418718750	1400.000	4000.000	1.0000
372	Spectrogram 1	1	37794.404093750	37794.418718750	1400.000	4000.000	1.0000
373	Waveform 1	1	37795.175968750	37795.192218750	1400.000	4000.000	1.0000
373	Spectrogram 1	1	37795.175968750	37795.192218750	1400.000	4000.000	1.0000
374	Waveform 1	1	37795.939718750	37795.957593750	1400.000	4000.000	1.0000
374	Spectrogram 1	1	37795.939718750	37795.957593750	1400.000	4000.000	1.0000
375	Waveform 1	1	37796.685593750	37796.698593750	1400.000	4000.000	1.0000
375	Spectrogram 1	1	37796.685593750	37796.698593750	1400.000	4000.000	1.0000
376	Waveform 1	1	37797.447718750	37797.457468750	1400.000	4000.000	1.0000
376	Spectrogram 1	1	37797.447718750	37797.457468750	1400.000	4000.000	1.0000
377	Waveform 1	1	37798.200093750	37798.211468750	1400.000	4000.000	1.0000
377	Spectrogram 1	1	37798.200093750	37798.211468750	1400.000	4000.000	1.0000
378	Waveform 1	1	37798.967093750	37798.976843750	1400.000	4000.000	1.0000
378	Spectrogram 1	1	37798.967093750	37798.976843750	1400.000	4000.000	1.0000
379	Waveform 1	1	37828.057843750	37828.067593750	1400.000	4000.000	1.0000
379	Spectrogram 1	1	37828.057843750	37828.067593750	1400.000	4000.000	1.0000
380	Waveform 1	1	37839.512468750	37839.523843750	1400.000	4000.000	1.0000
380	Spectrogram 1	1	37839.512468750	37839.523843750	1400.000	4000.000	1.0000
381	Waveform 1	1	37840.388343750	37840.399718750	1400.000	4000.000	1.0000
381	Spectrogram 1	1	37840.388343750	37840.399718750	1400.000	4000.000	1.0000
382	Waveform 1	1	37841.295093750	37841.311343750	1400.000	4000.000	1.0000
382	Spectrogram 1	1	37841.295093750	37841.311343750	1400.000	4000.000	1.0000
383	Waveform 1	1	38346.284968750	38346.293093750	1400.000	4000.000	1.0000
383	Spectrogram 1	1	38346.284968750	38346.293093750	1400.000	4000.000	1.0000
384	Waveform 1	1	38347.090968750	38347.103968750	1400.000	4000.000	1.0000
384	Spectrogram 1	1	38347.090968750	38347.103968750	1400.000	4000.000	1.0000
385	Waveform 1	1	38347.957093750	38347.970093750	1400.000	4000.000	1.0000
385	Spectrogram 1	1	38347.957093750	38347.970093750	1400.000	4000.000	1.0000
386	Waveform 1	1	38348.870343750	38348.880093750	1400.000	4000.000	1.0000
386	Spectrogram 1	1	38348.870343750	38348.880093750	1400.000	4000.000	1.0000
387	Waveform 1	1	38353.379718750	38353.387843750	1400.000	4000.000	1.0000
387	Spectrogram 1	1	38353.379718750	38353.387843750	1400.000	4000.000	1.0000
388	Waveform 1	1	38354.172718750	38354.185718750	1400.000	4000.000	1.0000
388	Spectrogram 1	1	38354.172718750	38354.185718750	1400.000	4000.000	1.0000
389	Waveform 1	1	38354.968968750	38354.983593750	1400.000	4000.000	1.0000
389	Spectrogram 1	1	38354.968968750	38354.983593750	1400.000	4000.000	1.0000
390	Waveform 1	1	38355.770093750	38355.783093750	1400.000	4000.000	1.0000
390	Spectrogram 1	1	38355.770093750	38355.783093750	1400.000	4000.000	1.0000
391	Waveform 1	1	38356.579343750	38356.592343750	1400.000	4000.000	1.0000
391	Spectrogram 1	1	38356.579343750	38356.592343750	1400.000	4000.000	1.0000
392	Waveform 1	1	38357.403218750	38357.416218750	1400.000	4000.000	1.0000
392	Spectrogram 1	1	38357.403218750	38357.416218750	1400.000	4000.000	1.0000
393	Waveform 1	1	38358.244968750	38358.253093750	1400.000	4000.000	1.0000
393	Spectrogram 1	1	38358.244968750	38358.253093750	1400.000	4000.000	1.0000
394	Waveform 1	1	40925.714093750	40925.723843750	1400.000	4000.000	1.0000
394	Spectrogram 1	1	40925.714093750	40925.723843750	1400.000	4000.000	1.0000
395	Waveform 1	1	41670.306968750	41670.318343750	1400.000	4000.000	1.0000
395	Spectrogram 1	1	41670.306968750	41670.318343750	1400.000	4000.000	1.0000
396	Waveform 1	1	41943.537718750	41943.560468750	1400.000	4000.000	1.0000
396	Spectrogram 1	1	41943.537718750	41943.560468750	1400.000	4000.000	1.0000
397	Waveform 1	1	42152.272218750	42152.299843750	1400.000	4000.000	1.0000
397	Spectrogram 1	1	42152.272218750	42152.299843750	1400.000	4000.000	1.0000
398	Waveform 1	1	42152.787343750	42152.808468750	1400.000	4000.000	1.0000
398	Spectrogram 1	1	42152.787343750	42152.808468750	1400.000	4000.000	1.0000
399	Waveform 1	1	42159.878843750	42159.890218750	1400.000	4000.000	1.0000
399	Spectrogram 1	1	42159.878843750	42159.890218750	1400.000	4000.000	1.0000
400	Waveform 1	1	42435.470718750	42435.485343750	1400.000	4000.000	1.0000
400	Spectrogram 1	1	42435.470718750	42435.485343750	1400.000	4000.000	1.0000
401	Waveform 1	1	42442.632093750	42442.651593750	1400.000	4000.000	1.0000
401	Spectrogram 1	1	42442.632093750	42442.651593750	1400.000	4000.000	1.0000
402	Waveform 1	1	43070.046218750	43070.054343750	1400.000	4000.000	1.0000
402	Spectrogram 1	1	43070.046218750	43070.054343750	1400.000	4000.000	1.0000
403	Waveform 1	1	43141.698968750	43141.707093750	1400.000	4000.000	1.0000
403	Spectrogram 1	1	43141.698968750	43141.707093750	1400.000	4000.000	1.0000
404	Waveform 1	1	44180.078843750	44180.090218750	1400.000	4000.000	1.0000
404	Spectrogram 1	1	44180.078843750	44180.090218750	1400.000	4000.000	1.0000
405	Waveform 1	1	45066.275843750	45066.288843750	1400.000	4000.000	1.0000
405	Spectrogram 1	1	45066.275843750	45066.288843750	1400.000	4000.000	1.0000
406	Waveform 1	1	45163.837593750	45163.848968750	1400.000	4000.000	1.0000
406	Spectrogram 1	1	45163.837593750	45163.848968750	1400.000	4000.000	1.0000
407	Waveform 1	1	45307.903593750	45307.914968750	1400.000	4000.000	1.0000
407	Spectrogram 1	1	45307.903593750	45307.914968750	1400.000	4000.000	1.0000
408	Waveform 1	1	45413.039468750	45413.047593750	1400.000	4000.000	1.0000
408	Spectrogram 1	1	45413.039468750	45413.047593750	1400.000	4000.000	1.0000
409	Waveform 1	1	45413.123968750	45413.132093750	1400.000	4000.000	1.0000
409	Spectrogram 1	1	45413.123968750	45413.132093750	1400.000	4000.000	1.0000
410	Waveform 1	1	45413.658593750	45413.666718750	1400.000	4000.000	1.0000
410	Spectrogram 1	1	45413.658593750	45413.666718750	1400.000	4000.000	1.0000
411	Waveform 1	1	45449.987093750	45450.001718750	1400.000	4000.000	1.0000
411	Spectrogram 1	1	45449.987093750	45450.001718750	1400.000	4000.000	1.0000
412	Waveform 1	1	45853.882468750	45853.897093750	1400.000	4000.000	1.0000
412	Spectrogram 1	1	45853.882468750	45853.897093750	1400.000	4000.000	1.0000
413	Waveform 1	1	46398.801843750	46398.811593750	1400.000	4000.000	1.0000
413	Spectrogram 1	1	46398.801843750	46398.811593750	1400.000	4000.000	1.0000
414	Waveform 1	1	46428.241968750	46428.256593750	1400.000	4000.000	1.0000
414	Spectrogram 1	1	46428.241968750	46428.256593750	1400.000	4000.000	1.0000
415	Waveform 1	1	46453.796718750	46453.816218750	1400.000	4000.000	1.0000
415	Spectrogram 1	1	46453.796718750	46453.816218750	1400.000	4000.000	1.0000
416	Waveform 1	1	46460.088718750	46460.100093750	1400.000	4000.000	1.0000
416	Spectrogram 1	1	46460.088718750	46460.100093750	1400.000	4000.000	1.0000
417	Waveform 1	1	46509.183218750	46509.199468750	1400.000	4000.000	1.0000
417	Spectrogram 1	1	46509.183218750	46509.199468750	1400.000	4000.000	1.0000
418	Waveform 1	1	46509.482218750	46509.495218750	1400.000	4000.000	1.0000
418	Spectrogram 1	1	46509.482218750	46509.495218750	1400.000	4000.000	1.0000
419	Waveform 1	1	46731.892718750	46731.904093750	1400.000	4000.000	1.0000
419	Spectrogram 1	1	46731.892718750	46731.904093750	1400.000	4000.000	1.0000
420	Waveform 1	1	46770.962593750	46770.972343750	1400.000	4000.000	1.0000
420	Spectrogram 1	1	46770.962593750	46770.972343750	1400.000	4000.000	1.0000
421	Waveform 1	1	46778.083343750	46778.096343750	1400.000	4000.000	1.0000
421	Spectrogram 1	1	46778.083343750	46778.096343750	1400.000	4000.000	1.0000
422	Waveform 1	1	46833.837093750	46833.845218750	1400.000	4000.000	1.0000
422	Spectrogram 1	1	46833.837093750	46833.845218750	1400.000	4000.000	1.0000
423	Waveform 1	1	46868.805468750	46868.815218750	1400.000	4000.000	1.0000
423	Spectrogram 1	1	46868.805468750	46868.815218750	1400.000	4000.000	1.0000
424	Waveform 1	1	46876.091968750	46876.101718750	1400.000	4000.000	1.0000
424	Spectrogram 1	1	46876.091968750	46876.101718750	1400.000	4000.000	1.0000
425	Waveform 1	1	46883.289093750	46883.297218750	1400.000	4000.000	1.0000
425	Spectrogram 1	1	46883.289093750	46883.297218750	1400.000	4000.000	1.0000
426	Waveform 1	1	47061.614968750	47061.627968750	1400.000	4000.000	1.0000
426	Spectrogram 1	1	47061.614968750	47061.627968750	1400.000	4000.000	1.0000
427	Waveform 1	1	47064.795093750	47064.803218750	1400.000	4000.000	1.0000
427	Spectrogram 1	1	47064.795093750	47064.803218750	1400.000	4000.000	1.0000
428	Waveform 1	1	47065.027468750	47065.040468750	1400.000	4000.000	1.0000
428	Spectrogram 1	1	47065.027468750	47065.040468750	1400.000	4000.000	1.0000
429	Waveform 1	1	47067.411343750	47067.422718750	1400.000	4000.000	1.0000
429	Spectrogram 1	1	47067.411343750	47067.422718750	1400.000	4000.000	1.0000
430	Waveform 1	1	47068.860843750	47068.870593750	1400.000	4000.000	1.0000
430	Spectrogram 1	1	47068.860843750	47068.870593750	1400.000	4000.000	1.0000
431	Waveform 1	1	47228.851843750	47228.863218750	1400.000	4000.000	1.0000
431	Spectrogram 1	1	47228.851843750	47228.863218750	1400.000	4000.000	1.0000
432	Waveform 1	1	47256.377718750	47256.387468750	1400.000	4000.000	1.0000
432	Spectrogram 1	1	47256.377718750	47256.387468750	1400.000	4000.000	1.0000
433	Waveform 1	1	47260.298843750	47260.306968750	1400.000	4000.000	1.0000
433	Spectrogram 1	1	47260.298843750	47260.306968750	1400.000	4000.000	1.0000
434	Waveform 1	1	47425.832718750	47425.842468750	1400.000	4000.000	1.0000
434	Spectrogram 1	1	47425.832718750	47425.842468750	1400.000	4000.000	1.0000
435	Waveform 1	1	47426.035843750	47426.045593750	1400.000	4000.000	1.0000
435	Spectrogram 1	1	47426.035843750	47426.045593750	1400.000	4000.000	1.0000
436	Waveform 1	1	47427.249718750	47427.264343750	1400.000	4000.000	1.0000
436	Spectrogram 1	1	47427.249718750	47427.264343750	1400.000	4000.000	1.0000
437	Waveform 1	1	47436.710468750	47436.718593750	1400.000	4000.000	1.0000
437	Spectrogram 1	1	47436.710468750	47436.718593750	1400.000	4000.000	1.0000
438	Waveform 1	1	47439.477843750	47439.494093750	1400.000	4000.000	1.0000
438	Spectrogram 1	1	47439.477843750	47439.494093750	1400.000	4000.000	1.0000
439	Waveform 1	1	47466.982593750	47467.015093750	1400.000	4000.000	1.0000
439	Spectrogram 1	1	47466.982593750	47467.015093750	1400.000	4000.000	1.0000
440	Waveform 1	1	47551.685718750	47551.697093750	1400.000	4000.000	1.0000
440	Spectrogram 1	1	47551.685718750	47551.697093750	1400.000	4000.000	1.0000
441	Waveform 1	1	47941.711718750	47941.723093750	1400.000	4000.000	1.0000
441	Spectrogram 1	1	47941.711718750	47941.723093750	1400.000	4000.000	1.0000
442	Waveform 1	1	47948.907218750	47948.915343750	1400.000	4000.000	1.0000
442	Spectrogram 1	1	47948.907218750	47948.915343750	1400.000	4000.000	1.0000
443	Waveform 1	1	49110.439343750	49110.462093750	1400.000	4000.000	1.0000
443	Spectrogram 1	1	49110.439343750	49110.462093750	1400.000	4000.000	1.0000
444	Waveform 1	1	50139.816718750	50139.845968750	1400.000	4000.000	1.0000
444	Spectrogram 1	1	50139.816718750	50139.845968750	1400.000	4000.000	1.0000
445	Waveform 1	1	50146.415843750	50146.425593750	1400.000	4000.000	1.0000
445	Spectrogram 1	1	50146.415843750	50146.425593750	1400.000	4000.000	1.0000
446	Waveform 1	1	50420.408718750	50420.429843750	1400.000	4000.000	1.0000
446	Spectrogram 1	1	50420.408718750	50420.429843750	1400.000	4000.000	1.0000
447	Waveform 1	1	50420.561468750	50420.572843750	1400.000	4000.000	1.0000
447	Spectrogram 1	1	50420.561468750	50420.572843750	1400.000	4000.000	1.0000
448	Waveform 1	1	50489.292468750	50489.321718750	1400.000	4000.000	1.0000
448	Spectrogram 1	1	50489.292468750	50489.321718750	1400.000	4000.000	1.0000
449	Waveform 1	1	50496.331968750	50496.340093750	1400.000	4000.000	1.0000
449	Spectrogram 1	1	50496.331968750	50496.340093750	1400.000	4000.000	1.0000
450	Waveform 1	1	50598.983218750	50598.999468750	1400.000	4000.000	1.0000
450	Spectrogram 1	1	50598.983218750	50598.999468750	1400.000	4000.000	1.0000
451	Waveform 1	1	50605.219968750	50605.234593750	1400.000	4000.000	1.0000
451	Spectrogram 1	1	50605.219968750	50605.234593750	1400.000	4000.000	1.0000
452	Waveform 1	1	50605.515718750	50605.525468750	1400.000	4000.000	1.0000
452	Spectrogram 1	1	50605.515718750	50605.525468750	1400.000	4000.000	1.0000
453	Waveform 1	1	50625.605593750	50625.615343750	1400.000	4000.000	1.0000
453	Spectrogram 1	1	50625.605593750	50625.615343750	1400.000	4000.000	1.0000
454	Waveform 1	1	50676.134968750	50676.149593750	1400.000	4000.000	1.0000
454	Spectrogram 1	1	50676.134968750	50676.149593750	1400.000	4000.000	1.0000
455	Waveform 1	1	50676.310468750	50676.318593750	1400.000	4000.000	1.0000
455	Spectrogram 1	1	50676.310468750	50676.318593750	1400.000	4000.000	1.0000
456	Waveform 1	1	50730.617968750	50730.637468750	1400.000	4000.000	1.0000
456	Spectrogram 1	1	50730.617968750	50730.637468750	1400.000	4000.000	1.0000
457	Waveform 1	1	50775.776718750	50775.784843750	1400.000	4000.000	1.0000
457	Spectrogram 1	1	50775.776718750	50775.784843750	1400.000	4000.000	1.0000
458	Waveform 1	1	50813.619718750	50813.639218750	1400.000	4000.000	1.0000
458	Spectrogram 1	1	50813.619718750	50813.639218750	1400.000	4000.000	1.0000
459	Waveform 1	1	50835.037218750	50835.050218750	1400.000	4000.000	1.0000
459	Spectrogram 1	1	50835.037218750	50835.050218750	1400.000	4000.000	1.0000
460	Waveform 1	1	50989.144093750	50989.176593750	1400.000	4000.000	1.0000
460	Spectrogram 1	1	50989.144093750	50989.176593750	1400.000	4000.000	1.0000
461	Waveform 1	1	51031.888093750	51031.897843750	1400.000	4000.000	1.0000
461	Spectrogram 1	1	51031.888093750	51031.897843750	1400.000	4000.000	1.0000
462	Waveform 1	1	51032.190343750	51032.209843750	1400.000	4000.000	1.0000
462	Spectrogram 1	1	51032.190343750	51032.209843750	1400.000	4000.000	1.0000
463	Waveform 1	1	51066.091093750	51066.107343750	1400.000	4000.000	1.0000
463	Spectrogram 1	1	51066.091093750	51066.107343750	1400.000	4000.000	1.0000
464	Waveform 1	1	51072.873843750	51072.901468750	1400.000	4000.000	0.7647
464	Spectrogram 1	1	51072.873843750	51072.901468750	1400.000	4000.000	0.7647
465	Waveform 1	1	51073.115968750	51073.141968750	1400.000	4000.000	1.0000
465	Spectrogram 1	1	51073.115968750	51073.141968750	1400.000	4000.000	1.0000
466	Waveform 1	1	51140.083843750	51140.103343750	1400.000	4000.000	1.0000
466	Spectrogram 1	1	51140.083843750	51140.103343750	1400.000	4000.000	1.0000
467	Waveform 1	1	51727.188218750	51727.197968750	1400.000	4000.000	1.0000
467	Spectrogram 1	1	51727.188218750	51727.197968750	1400.000	4000.000	1.0000
468	Waveform 1	1	51771.422343750	51771.430468750	1400.000	4000.000	1.0000
468	Spectrogram 1	1	51771.422343750	51771.430468750	1400.000	4000.000	1.0000
469	Waveform 1	1	51932.287593750	51932.303843750	1400.000	4000.000	1.0000
469	Spectrogram 1	1	51932.287593750	51932.303843750	1400.000	4000.000	1.0000
470	Waveform 1	1	51932.609343750	51932.620718750	1400.000	4000.000	1.0000
470	Spectrogram 1	1	51932.609343750	51932.620718750	1400.000	4000.000	1.0000
471	Waveform 1	1	51970.137093750	51970.148468750	1400.000	4000.000	1.0000
471	Spectrogram 1	1	51970.137093750	51970.148468750	1400.000	4000.000	1.0000
472	Waveform 1	1	52040.571093750	52040.588968750	1400.000	4000.000	1.0000
472	Spectrogram 1	1	52040.571093750	52040.588968750	1400.000	4000.000	1.0000
473	Waveform 1	1	52150.785093750	52150.796468750	1400.000	4000.000	1.0000
473	Spectrogram 1	1	52150.785093750	52150.796468750	1400.000	4000.000	1.0000
474	Waveform 1	1	52204.611593750	52204.631093750	1400.000	4000.000	1.0000
474	Spectrogram 1	1	52204.611593750	52204.631093750	1400.000	4000.000	1.0000
475	Waveform 1	1	52204.752968750	52204.769218750	1400.000	4000.000	1.0000
475	Spectrogram 1	1	52204.752968750	52204.769218750	1400.000	4000.000	1.0000
476	Waveform 1	1	52294.587843750	52294.610593750	1400.000	4000.000	1.0000
476	Spectrogram 1	1	52294.587843750	52294.610593750	1400.000	4000.000	1.0000
477	Waveform 1	1	52323.342218750	52323.350343750	1400.000	4000.000	1.0000
477	Spectrogram 1	1	52323.342218750	52323.350343750	1400.000	4000.000	1.0000
478	Waveform 1	1	52357.979093750	52357.987218750	1400.000	4000.000	1.0000
478	Spectrogram 1	1	52357.979093750	52357.987218750	1400.000	4000.000	1.0000
479	Waveform 1	1	52358.112343750	52358.141593750	1400.000	4000.000	1.0000
479	Spectrogram 1	1	52358.112343750	52358.141593750	1400.000	4000.000	1.0000
480	Waveform 1	1	52366.663093750	52366.684218750	1400.000	4000.000	1.0000
480	Spectrogram 1	1	52366.663093750	52366.684218750	1400.000	4000.000	1.0000
481	Waveform 1	1	52416.136218750	52416.150843750	1400.000	4000.000	1.0000
481	Spectrogram 1	1	52416.136218750	52416.150843750	1400.000	4000.000	1.0000
482	Waveform 1	1	52432.121343750	52432.144093750	1400.000	4000.000	1.0000
482	Spectrogram 1	1	52432.121343750	52432.144093750	1400.000	4000.000	1.0000
483	Waveform 1	1	52446.640718750	52446.653718750	1400.000	4000.000	1.0000
483	Spectrogram 1	1	52446.640718750	52446.653718750	1400.000	4000.000	1.0000
484	Waveform 1	1	52483.918218750	52483.931218750	1400.000	4000.000	1.0000
484	Spectrogram 1	1	52483.918218750	52483.931218750	1400.000	4000.000	1.0000
485	Waveform 1	1	52489.862468750	52489.885218750	1400.000	4000.000	1.0000
485	Spectrogram 1	1	52489.862468750	52489.885218750	1400.000	4000.000	1.0000
486	Waveform 1	1	52489.984343750	52490.000593750	1400.000	4000.000	1.0000
486	Spectrogram 1	1	52489.984343750	52490.000593750	1400.000	4000.000	1.0000
487	Waveform 1	1	52667.827593750	52667.837343750	1400.000	4000.000	1.0000
487	Spectrogram 1	1	52667.827593750	52667.837343750	1400.000	4000.000	1.0000
488	Waveform 1	1	52747.678468750	52747.688218750	1400.000	4000.000	1.0000
488	Spectrogram 1	1	52747.678468750	52747.688218750	1400.000	4000.000	1.0000
489	Waveform 1	1	52788.009343750	52788.040218750	1400.000	4000.000	1.0000
489	Spectrogram 1	1	52788.009343750	52788.040218750	1400.000	4000.000	1.0000
490	Waveform 1	1	52836.661843750	52836.682968750	1400.000	4000.000	1.0000
490	Spectrogram 1	1	52836.661843750	52836.682968750	1400.000	4000.000	1.0000
491	Waveform 1	1	52841.060718750	52841.068843750	1400.000	4000.000	1.0000
491	Spectrogram 1	1	52841.060718750	52841.068843750	1400.000	4000.000	1.0000
492	Waveform 1	1	52845.141093750	52845.150843750	1400.000	4000.000	1.0000
492	Spectrogram 1	1	52845.141093750	52845.150843750	1400.000	4000.000	1.0000
493	Waveform 1	1	52846.138843750	52846.156718750	1400.000	4000.000	1.0000
493	Spectrogram 1	1	52846.138843750	52846.156718750	1400.000	4000.000	1.0000
494	Waveform 1	1	52889.602718750	52889.620593750	1400.000	4000.000	1.0000
494	Spectrogram 1	1	52889.602718750	52889.620593750	1400.000	4000.000	1.0000
495	Waveform 1	1	52958.093218750	52958.102968750	1400.000	4000.000	1.0000
495	Spectrogram 1	1	52958.093218750	52958.102968750	1400.000	4000.000	1.0000
496	Waveform 1	1	53057.029718750	53057.041093750	1400.000	4000.000	1.0000
496	Spectrogram 1	1	53057.029718750	53057.041093750	1400.000	4000.000	1.0000
497	Waveform 1	1	53099.214718750	53099.229343750	1400.000	4000.000	1.0000
497	Spectrogram 1	1	53099.214718750	53099.229343750	1400.000	4000.000	1.0000
498	Waveform 1	1	53120.230843750	53120.240593750	1400.000	4000.000	1.0000
498	Spectrogram 1	1	53120.230843750	53120.240593750	1400.000	4000.000	1.0000
499	Waveform 1	1	53307.999593750	53308.025593750	1400.000	4000.000	1.0000
499	Spectrogram 1	1	53307.999593750	53308.025593750	1400.000	4000.000	1.0000
500	Waveform 1	1	53660.553093750	53660.564468750	1400.000	4000.000	1.0000
500	Spectrogram 1	1	53660.553093750	53660.564468750	1400.000	4000.000	1.0000
501	Waveform 1	1	53671.455218750	53671.468218750	1400.000	4000.000	1.0000
501	Spectrogram 1	1	53671.455218750	53671.468218750	1400.000	4000.000	1.0000
502	Waveform 1	1	53813.954718750	53813.969343750	1400.000	4000.000	1.0000
502	Spectrogram 1	1	53813.954718750	53813.969343750	1400.000	4000.000	1.0000
503	Waveform 1	1	53945.470843750	53945.488718750	1400.000	4000.000	1.0000
503	Spectrogram 1	1	53945.470843750	53945.488718750	1400.000	4000.000	1.0000
504	Waveform 1	1	53984.254718750	53984.264468750	1400.000	4000.000	1.0000
504	Spectrogram 1	1	53984.254718750	53984.264468750	1400.000	4000.000	1.0000
505	Waveform 1	1	54086.639468750	54086.654093750	1400.000	4000.000	1.0000
505	Spectrogram 1	1	54086.639468750	54086.654093750	1400.000	4000.000	1.0000
506	Waveform 1	1	54135.189593750	54135.204218750	1400.000	4000.000	1.0000
506	Spectrogram 1	1	54135.189593750	54135.204218750	1400.000	4000.000	1.0000
507	Waveform 1	1	54849.955593750	54849.963718750	1400.000	4000.000	1.0000
507	Spectrogram 1	1	54849.955593750	54849.963718750	1400.000	4000.000	1.0000
508	Waveform 1	1	54860.418968750	54860.428718750	1400.000	4000.000	1.0000
508	Spectrogram 1	1	54860.418968750	54860.428718750	1400.000	4000.000	1.0000
509	Waveform 1	1	55046.627718750	55046.655343750	1400.000	4000.000	1.0000
509	Spectrogram 1	1	55046.627718750	55046.655343750	1400.000	4000.000	1.0000
510	Waveform 1	1	55093.027968750	55093.037718750	1400.000	4000.000	1.0000
510	Spectrogram 1	1	55093.027968750	55093.037718750	1400.000	4000.000	1.0000
511	Waveform 1	1	55456.717593750	55456.737093750	1400.000	4000.000	1.0000
511	Spectrogram 1	1	55456.717593750	55456.737093750	1400.000	4000.000	1.0000
512	Waveform 1	1	55487.277343750	55487.291968750	1400.000	4000.000	1.0000
512	Spectrogram 1	1	55487.277343750	55487.291968750	1400.000	4000.000	1.0000
513	Waveform 1	1	55530.135093750	55530.143218750	1400.000	4000.000	1.0000
513	Spectrogram 1	1	55530.135093750	55530.143218750	1400.000	4000.000	1.0000
514	Waveform 1	1	55540.583843750	55540.591968750	1400.000	4000.000	1.0000
514	Spectrogram 1	1	55540.583843750	55540.591968750	1400.000	4000.000	1.0000
515	Waveform 1	1	55576.285093750	55576.293218750	1400.000	4000.000	1.0000
515	Spectrogram 1	1	55576.285093750	55576.293218750	1400.000	4000.000	1.0000
516	Waveform 1	1	55995.861718750	55995.876343750	1400.000	4000.000	1.0000
516	Spectrogram 1	1	55995.861718750	55995.876343750	1400.000	4000.000	1.0000
517	Waveform 1	1	56498.880468750	56498.890218750	1400.000	4000.000	1.0000
517	Spectrogram 1	1	56498.880468750	56498.890218750	1400.000	4000.000	1.0000
518	Waveform 1	1	56611.403593750	56611.414968750	1400.000	4000.000	1.0000
518	Spectrogram 1	1	56611.403593750	56611.414968750	1400.000	4000.000	1.0000
519	Waveform 1	1	56615.704968750	56615.729343750	1400.000	4000.000	1.0000
519	Spectrogram 1	1	56615.704968750	56615.729343750	1400.000	4000.000	1.0000
520	Waveform 1	1	57656.605218750	57656.626343750	1400.000	4000.000	1.0000
520	Spectrogram 1	1	57656.605218750	57656.626343750	1400.000	4000.000	1.0000
521	Waveform 1	1	57708.842468750	57708.861968750	1400.000	4000.000	1.0000
521	Spectrogram 1	1	57708.842468750	57708.861968750	1400.000	4000.000	1.0000
522	Waveform 1	1	57818.799718750	57818.807843750	1400.000	4000.000	1.0000
522	Spectrogram 1	1	57818.799718750	57818.807843750	1400.000	4000.000	1.0000
523	Waveform 1	1	57819.134468750	57819.157218750	1400.000	4000.000	1.0000
523	Spectrogram 1	1	57819.134468750	57819.157218750	1400.000	4000.000	1.0000
524	Waveform 1	1	57993.553843750	57993.573343750	1400.000	4000.000	1.0000
524	Spectrogram 1	1	57993.553843750	57993.573343750	1400.000	4000.000	1.0000
525	Waveform 1	1	59444.009343750	59444.019093750	1400.000	4000.000	1.0000
525	Spectrogram 1	1	59444.009343750	59444.019093750	1400.000	4000.000	1.0000
526	Waveform 1	1	59721.235968750	59721.252218750	1400.000	4000.000	1.0000
526	Spectrogram 1	1	59721.235968750	59721.252218750	1400.000	4000.000	1.0000
527	Waveform 1	1	59721.348093750	59721.361093750	1400.000	4000.000	1.0000
527	Spectrogram 1	1	59721.348093750	59721.361093750	1400.000	4000.000	1.0000
528	Waveform 1	1	59895.145093750	59895.154843750	1400.000	4000.000	1.0000
528	Spectrogram 1	1	59895.145093750	59895.154843750	1400.000	4000.000	1.0000
529	Waveform 1	1	60083.750718750	60083.766968750	1400.000	4000.000	1.0000
529	Spectrogram 1	1	60083.750718750	60083.766968750	1400.000	4000.000	1.0000
530	Waveform 1	1	60087.233093750	60087.249343750	1400.000	4000.000	1.0000
530	Spectrogram 1	1	60087.233093750	60087.249343750	1400.000	4000.000	1.0000
531	Waveform 1	1	60129.850343750	60129.863343750	1400.000	4000.000	1.0000
531	Spectrogram 1	1	60129.850343750	60129.863343750	1400.000	4000.000	1.0000
532	Waveform 1	1	60161.276218750	60161.287593750	1400.000	4000.000	1.0000
532	Spectrogram 1	1	60161.276218750	60161.287593750	1400.000	4000.000	1.0000
533	Waveform 1	1	60725.339718750	60725.351093750	1400.000	4000.000	1.0000
533	Spectrogram 1	1	60725.339718750	60725.351093750	1400.000	4000.000	1.0000
534	Waveform 1	1	60906.028343750	60906.038093750	1400.000	4000.000	1.0000
534	Spectrogram 1	1	60906.028343750	60906.038093750	1400.000	4000.000	1.0000
535	Waveform 1	1	63231.040968750	63231.053968750	1400.000	4000.000	1.0000
535	Spectrogram 1	1	63231.040968750	63231.053968750	1400.000	4000.000	1.0000
536	Waveform 1	1	64393.224718750	64393.245843750	1400.000	4000.000	1.0000
536	Spectrogram 1	1	64393.224718750	64393.245843750	1400.000	4000.000	1.0000
537	Waveform 1	1	64966.904968750	64966.916343750	1400.000	4000.000	1.0000
537	Spectrogram 1	1	64966.904968750	64966.916343750	1400.000	4000.000	1.0000
538	Waveform 1	1	65965.174968750	65965.191218750	1400.000	4000.000	1.0000
538	Spectrogram 1	1	65965.174968750	65965.191218750	1400.000	4000.000	1.0000
539	Waveform 1	1	69442.403593750	69442.413343750	1400.000	4000.000	1.0000
539	Spectrogram 1	1	69442.403593750	69442.413343750	1400.000	4000.000	1.0000
540	Waveform 1	1	73291.360718750	73291.385093750	1400.000	4000.000	1.0000
540	Spectrogram 1	1	73291.360718750	73291.385093750	1400.000	4000.000	1.0000
541	Waveform 1	1	74631.057843750	74631.080593750	1400.000	4000.000	1.0000
541	Spectrogram 1	1	74631.057843750	74631.080593750	1400.000	4000.000	1.0000
542	Waveform 1	1	77933.018843750	77933.039968750	1400.000	4000.000	1.0000
542	Spectrogram 1	1	77933.018843750	77933.039968750	1400.000	4000.000	1.0000
543	Waveform 1	1	78590.222468750	78590.233843750	1400.000	4000.000	1.0000
543	Spectrogram 1	1	78590.222468750	78590.233843750	1400.000	4000.000	1.0000
544	Waveform 1	1	80785.693343750	80785.701468750	1400.000	4000.000	1.0000
544	Spectrogram 1	1	80785.693343750	80785.701468750	1400.000	4000.000	1.0000
545	Waveform 1	1	81538.349468750	81538.357593750	1400.000	4000.000	1.0000
545	Spectrogram 1	1	81538.349468750	81538.357593750	1400.000	4000.000	1.0000
546	Waveform 1	1	81769.778718750	81769.791718750	1400.000	4000.000	1.0000
546	Spectrogram 1	1	81769.778718750	81769.791718750	1400.000	4000.000	1.0000
547	Waveform 1	1	82076.001843750	82076.009968750	1400.000	4000.000	1.0000
547	Spectrogram 1	1	82076.001843750	82076.009968750	1400.000	4000.000	1.0000
548	Waveform 1	1	82122.952968750	82122.962718750	1400.000	4000.000	1.0000
548	Spectrogram 1	1	82122.952968750	82122.962718750	1400.000	4000.000	1.0000
549	Waveform 1	1	83855.573468750	83855.604343750	1400.000	4000.000	1.0000
549	Spectrogram 1	1	83855.573468750	83855.604343750	1400.000	4000.000	1.0000
550	Waveform 1	1	84028.241093750	84028.262218750	1400.000	4000.000	1.0000
550	Spectrogram 1	1	84028.241093750	84028.262218750	1400.000	4000.000	1.0000
551	Waveform 1	1	85950.594968750	85950.609593750	1400.000	4000.000	1.0000
551	Spectrogram 1	1	85950.594968750	85950.609593750	1400.000	4000.000	1.0000
552	Waveform 1	1	86148.025968750	86148.035718750	1400.000	4000.000	1.0000
552	Spectrogram 1	1	86148.025968750	86148.035718750	1400.000	4000.000	1.0000
