Selection	View	Channel	Begin Time (s)	End Time (s)	Low Freq (Hz)	High Freq (Hz)	Occupancy
1	Waveform 1	1	2074.294343750	2074.308968750	1400.000	4000.000	1.0000
1	Spectrogram 1	1	2074.294343750	2074.308968750	1400.000	4000.000	1.0000
2	Waveform 1	1	2111.869218750	2111.890343750	1400.000	4000.000	1.0000
2	Spectrogram 1	1	2111.869218750	2111.890343750	1400.000	4000.000	1.0000
3	Waveform 1	1	2694.132718750	2694.145718750	1400.000	4000.000	1.0000
3	Spectrogram 1	1	2694.132718750	2694.145718750	1400.000	4000.000	1.0000
4	Waveform 1	1	2694.184718750	2694.194468750	1400.000	4000.000	1.0000
4	Spectrogram 1	1	2694.184718750	2694.194468750	1400.000	4000.000	1.0000
5	Waveform 1	1	10472.024593750	10472.037593750	1400.000	4000.000	1.0000
5	Spectrogram 1	1	10472.024593750	10472.037593750	1400.000	4000.000	1.0000
6	Waveform 1	1	15635.808218750	15635.816343750	1400.000	4000.000	1.0000
6	Spectrogram 1	1	15635.808218750	15635.816343750	1400.000	4000.000	1.0000
7	Waveform 1	1	16353.658468750	16353.673093750	1400.000	4000.000	1.0000
7	Spectrogram 1	1	16353.658468750	16353.673093750	1400.000	4000.000	1.0000
8	Waveform 1	1	17195.752968750	17195.767593750	1400.000	4000.000	1.0000
8	Spectrogram 1	1	17195.752968750	17195.767593750	1400.000	4000.000	1.0000
9	Waveform 1	1	18079.852093750	18079.866718750	1400.000	4000.000	1.0000
9	Spectrogram 1	1	18079.852093750	18079.866718750	1400.000	4000.000	1.0000
10	Waveform 1	1	18188.216843750	18188.231468750	1400.000	4000.000	1.0000
10	Spectrogram 1	1	18188.216843750	18188.231468750	1400.000	4000.000	1.0000
11	Waveform 1	1	18193.832843750	18193.850718750	1400.000	4000.000	1.0000
11	Spectrogram 1	1	18193.832843750	18193.850718750	1400.000	4000.000	1.0000
12	Waveform 1	1	18203.781093750	18203.789218750	1400.000	4000.000	1.0000
12	Spectrogram 1	1	18203.781093750	18203.789218750	1400.000	4000.000	1.0000
13	Waveform 1	1	18207.081468750	18207.094468750	1400.000	4000.000	1.0000
13	Spectrogram 1	1	18207.081468750	18207.094468750	1400.000	4000.000	1.0000
14	Waveform 1	1	18212.450468750	18212.469968750	1400.000	4000.000	1.0000
14	Spectrogram 1	1	18212.450468750	18212.469968750	1400.000	4000.000	1.0000
15	Waveform 1	1	18216.772968750	18216.795718750	1400.000	4000.000	1.0000
15	Spectrogram 1	1	18216.772968750	18216.795718750	1400.000	4000.000	1.0000
16	Waveform 1	1	18222.905718750	18222.923593750	1400.000	4000.000	1.0000
16	Spectrogram 1	1	18222.905718750	18222.923593750	1400.000	4000.000	1.0000
17	Waveform 1	1	18227.237968750	18227.250968750	1400.000	4000.000	1.0000
17	Spectrogram 1	1	18227.237968750	18227.250968750	1400.000	4000.000	1.0000
18	Waveform 1	1	18231.456468750	18231.472718750	1400.000	4000.000	1.0000
18	Spectrogram 1	1	18231.456468750	18231.472718750	1400.000	4000.000	1.0000
19	Waveform 1	1	18235.449093750	18235.457218750	1400.000	4000.000	1.0000
19	Spectrogram 1	1	18235.449093750	18235.457218750	1400.000	4000.000	1.0000
20	Waveform 1	1	18243.973843750	18243.998218750	1400.000	4000.000	1.0000
20	Spectrogram 1	1	18243.973843750	18243.998218750	1400.000	4000.000	1.0000
21	Waveform 1	1	18250.446218750	18250.468968750	1400.000	4000.000	1.0000
21	Spectrogram 1	1	18250.446218750	18250.468968750	1400.000	4000.000	1.0000
22	Waveform 1	1	18282.364468750	18282.382343750	1400.000	4000.000	1.0000
22	Spectrogram 1	1	18282.364468750	18282.382343750	1400.000	4000.000	1.0000
23	Waveform 1	1	18461.967593750	18461.977343750	1400.000	4000.000	1.0000
23	Spectrogram 1	1	18461.967593750	18461.977343750	1400.000	4000.000	1.0000
24	Waveform 1	1	18464.713843750	18464.730093750	1400.000	4000.000	1.0000
24	Spectrogram 1	1	18464.713843750	18464.730093750	1400.000	4000.000	1.0000
25	Waveform 1	1	18471.101718750	18471.122843750	1400.000	4000.000	1.0000
25	Spectrogram 1	1	18471.101718750	18471.122843750	1400.000	4000.000	1.0000
26	Waveform 1	1	18480.261843750	18480.279718750	1400.000	4000.000	1.0000
26	Spectrogram 1	1	18480.261843750	18480.279718750	1400.000	4000.000	1.0000
27	Waveform 1	1	18485.546343750	18485.559343750	1400.000	4000.000	1.0000
27	Spectrogram 1	1	18485.546343750	18485.559343750	1400.000	4000.000	1.0000
28	Waveform 1	1	18491.056718750	18491.064843750	1400.000	4000.000	1.0000
28	Spectrogram 1	1	18491.056718750	18491.064843750	1400.000	4000.000	1.0000
29	Waveform 1	1	18965.499843750	18965.514468750	1400.000	4000.000	1.0000
29	Spectrogram 1	1	18965.499843750	18965.514468750	1400.000	4000.000	1.0000
30	Waveform 1	1	19202.439468750	19202.457343750	1400.000	4000.000	1.0000
30	Spectrogram 1	1	19202.439468750	19202.457343750	1400.000	4000.000	1.0000
31	Waveform 1	1	19209.381468750	19209.400968750	1400.000	4000.000	1.0000
31	Spectrogram 1	1	19209.381468750	19209.400968750	1400.000	4000.000	1.0000
32	Waveform 1	1	19294.341343750	19294.360843750	1400.000	4000.000	1.0000
32	Spectrogram 1	1	19294.341343750	19294.360843750	1400.000	4000.000	1.0000
33	Waveform 1	1	19349.469468750	19349.479218750	1400.000	4000.000	1.0000
33	Spectrogram 1	1	19349.469468750	19349.479218750	1400.000	4000.000	1.0000
34	Waveform 1	1	19349.575093750	19349.583218750	1400.000	4000.000	1.0000
34	Spectrogram 1	1	19349.575093750	19349.583218750	1400.000	4000.000	1.0000
35	Waveform 1	1	19582.627718750	19582.637468750	1400.000	4000.000	1.0000
35	Spectrogram 1	1	19582.627718750	19582.637468750	1400.000	4000.000	1.0000
36	Waveform 1	1	19595.015093750	19595.029718750	1400.000	4000.000	1.0000
36	Spectrogram 1	1	19595.015093750	19595.029718750	1400.000	4000.000	1.0000
37	Waveform 1	1	19595.080093750	19595.094718750	1400.000	4000.000	1.0000
37	Spectrogram 1	1	19595.080093750	19595.094718750	1400.000	4000.000	1.0000
38	Waveform 1	1	19608.587093750	19608.604968750	1400.000	4000.000	1.0000
38	Spectrogram 1	1	19608.587093750	19608.604968750	1400.000	4000.000	1.0000
39	Waveform 1	1	19646.664093750	19646.677093750	1400.000	4000.000	1.0000
39	Spectrogram 1	1	19646.664093750	19646.677093750	1400.000	4000.000	1.0000
40	Waveform 1	1	19659.243218750	19659.251343750	1400.000	4000.000	1.0000
40	Spectrogram 1	1	19659.243218750	19659.251343750	1400.000	4000.000	1.0000
41	Waveform 1	1	19684.890593750	19684.923093750	1400.000	4000.000	1.0000
41	Spectrogram 1	1	19684.890593750	19684.923093750	1400.000	4000.000	1.0000
42	Waveform 1	1	19821.224843750	19821.232968750	1400.000	4000.000	1.0000
42	Spectrogram 1	1	19821.224843750	19821.232968750	1400.000	4000.000	1.0000
43	Waveform 1	1	19846.329468750	19846.344093750	1400.000	4000.000	1.0000
43	Spectrogram 1	1	19846.329468750	19846.344093750	1400.000	4000.000	1.0000
44	Waveform 1	1	19876.370843750	19876.393593750	1400.000	4000.000	1.0000
44	Spectrogram 1	1	19876.370843750	19876.393593750	1400.000	4000.000	1.0000
45	Waveform 1	1	19884.586843750	19884.599843750	1400.000	4000.000	1.0000
45	Spectrogram 1	1	19884.586843750	19884.599843750	1400.000	4000.000	1.0000
46	Waveform 1	1	19884.669718750	19884.682718750	1400.000	4000.000	1.0000
46	Spectrogram 1	1	19884.669718750	19884.682718750	1400.000	4000.000	1.0000
47	Waveform 1	1	19891.382593750	19891.390718750	1400.000	4000.000	1.0000
47	Spectrogram 1	1	19891.382593750	19891.390718750	1400.000	4000.000	1.0000
48	Waveform 1	1	19940.111468750	19940.140718750	1400.000	4000.000	0.7778
48	Spectrogram 1	1	19940.111468750	19940.140718750	1400.000	4000.000	0.7778
49	Waveform 1	1	19954.344843750	19954.354593750	1400.000	4000.000	1.0000
49	Spectrogram 1	1	19954.344843750	19954.354593750	1400.000	4000.000	1.0000
50	Waveform 1	1	20503.339718750	20503.351093750	1400.000	4000.000	1.0000
50	Spectrogram 1	1	20503.339718750	20503.351093750	1400.000	4000.000	1.0000
51	Waveform 1	1	20522.899843750	20522.907968750	1400.000	4000.000	1.0000
51	Spectrogram 1	1	20522.899843750	20522.907968750	1400.000	4000.000	1.0000
52	Waveform 1	1	20533.790593750	20533.800343750	1400.000	4000.000	1.0000
52	Spectrogram 1	1	20533.790593750	20533.800343750	1400.000	4000.000	1.0000
53	Waveform 1	1	20538.273968750	20538.283718750	1400.000	4000.000	1.0000
53	Spectrogram 1	1	20538.273968750	20538.283718750	1400.000	4000.000	1.0000
54	Waveform 1	1	20648.037843750	20648.045968750	1400.000	4000.000	1.0000
54	Spectrogram 1	1	20648.037843750	20648.045968750	1400.000	4000.000	1.0000
55	Waveform 1	1	20732.672718750	20732.680843750	1400.000	4000.000	1.0000
55	Spectrogram 1	1	20732.672718750	20732.680843750	1400.000	4000.000	1.0000
56	Waveform 1	1	20732.976593750	20732.991218750	1400.000	4000.000	1.0000
56	Spectrogram 1	1	20732.976593750	20732.991218750	1400.000	4000.000	1.0000
57	Waveform 1	1	20745.648343750	20745.672718750	1400.000	4000.000	1.0000
57	Spectrogram 1	1	20745.648343750	20745.672718750	1400.000	4000.000	1.0000
58	Waveform 1	1	20745.745843750	20745.757218750	1400.000	4000.000	1.0000
58	Spectrogram 1	1	20745.745843750	20745.757218750	1400.000	4000.000	1.0000
59	Waveform 1	1	20746.100093750	20746.111468750	1400.000	4000.000	1.0000
59	Spectrogram 1	1	20746.100093750	20746.111468750	1400.000	4000.000	1.0000
60	Waveform 1	1	20758.523218750	20758.534593750	1400.000	4000.000	1.0000
60	Spectrogram 1	1	20758.523218750	20758.534593750	1400.000	4000.000	1.0000
61	Waveform 1	1	20758.801093750	20758.820593750	1400.000	4000.000	1.0000
61	Spectrogram 1	1	20758.801093750	20758.820593750	1400.000	4000.000	1.0000
62	Waveform 1	1	20835.538468750	20835.561218750	1400.000	4000.000	1.0000
62	Spectrogram 1	1	20835.538468750	20835.561218750	1400.000	4000.000	1.0000
63	Waveform 1	1	20835.965843750	20835.975593750	1400.000	4000.000	1.0000
63	Spectrogram 1	1	20835.965843750	20835.975593750	1400.000	4000.000	1.0000
64	Waveform 1	1	21356.022718750	21356.035718750	1400.000	4000.000	1.0000
64	Spectrogram 1	1	21356.022718750	21356.035718750	1400.000	4000.000	1.0000
65	Waveform 1	1	21356.201468750	21356.211218750	1400.000	4000.000	1.0000
65	Spectrogram 1	1	21356.201468750	21356.211218750	1400.000	4000.000	1.0000
66	Waveform 1	1	21847.916718750	21847.924843750	1400.000	4000.000	1.0000
66	Spectrogram 1	1	21847.916718750	21847.924843750	1400.000	4000.000	1.0000
67	Waveform 1	1	21848.173468750	21848.188093750	1400.000	4000.000	1.0000
67	Spectrogram 1	1	21848.173468750	21848.188093750	1400.000	4000.000	1.0000
68	Waveform 1	1	21860.973593750	21860.981718750	1400.000	4000.000	1.0000
68	Spectrogram 1	1	21860.973593750	21860.981718750	1400.000	4000.000	1.0000
69	Waveform 1	1	21885.546843750	21885.563093750	1400.000	4000.000	1.0000
69	Spectrogram 1	1	21885.546843750	21885.563093750	1400.000	4000.000	1.0000
70	Waveform 1	1	21885.660593750	21885.668718750	1400.000	4000.000	1.0000
70	Spectrogram 1	1	21885.660593750	21885.668718750	1400.000	4000.000	1.0000
71	Waveform 1	1	21885.710968750	21885.725593750	1400.000	4000.000	1.0000
71	Spectrogram 1	1	21885.710968750	21885.725593750	1400.000	4000.000	1.0000
72	Waveform 1	1	21898.821468750	21898.829593750	1400.000	4000.000	1.0000
72	Spectrogram 1	1	21898.821468750	21898.829593750	1400.000	4000.000	1.0000
73	Waveform 1	1	22186.124718750	22186.142593750	1400.000	4000.000	1.0000
73	Spectrogram 1	1	22186.124718750	22186.142593750	1400.000	4000.000	1.0000
74	Waveform 1	1	22460.127343750	22460.137093750	1400.000	4000.000	1.0000
74	Spectrogram 1	1	22460.127343750	22460.137093750	1400.000	4000.000	1.0000
75	Waveform 1	1	22991.754218750	22991.762343750	1400.000	4000.000	1.0000
75	Spectrogram 1	1	22991.754218750	22991.762343750	1400.000	4000.000	1.0000
76	Waveform 1	1	23512.945343750	23512.953468750	1400.000	4000.000	1.0000
76	Spectrogram 1	1	23512.945343750	23512.953468750	1400.000	4000.000	1.0000
77	Waveform 1	1	23678.500343750	23678.516593750	1400.000	4000.000	1.0000
77	Spectrogram 1	1	23678.500343750	23678.516593750	1400.000	4000.000	1.0000
78	Waveform 1	1	23678.553968750	23678.583218750	1400.000	4000.000	1.0000
78	Spectrogram 1	1	23678.553968750	23678.583218750	1400.000	4000.000	1.0000
79	Waveform 1	1	24219.930843750	24219.948718750	1400.000	4000.000	1.0000
79	Spectrogram 1	1	24219.930843750	24219.948718750	1400.000	4000.000	1.0000
80	Waveform 1	1	24964.110968750	24964.130468750	1400.000	4000.000	1.0000
80	Spectrogram 1	1	24964.110968750	24964.130468750	1400.000	4000.000	1.0000
81	Waveform 1	1	24999.891843750	24999.906468750	1400.000	4000.000	1.0000
81	Spectrogram 1	1	24999.891843750	24999.906468750	1400.000	4000.000	1.0000
82	Waveform 1	1	25041.850968750	25041.867218750	1400.000	4000.000	1.0000
82	Spectrogram 1	1	25041.850968750	25041.867218750	1400.000	4000.000	1.0000
83	Waveform 1	1	25586.230843750	25586.245468750	1400.000	4000.000	1.0000
83	Spectrogram 1	1	25586.230843750	25586.245468750	1400.000	4000.000	1.0000
84	Waveform 1	1	25603.759718750	25603.775968750	1400.000	4000.000	1.0000
84	Spectrogram 1	1	25603.759718750	25603.775968750	1400.000	4000.000	1.0000
85	Waveform 1	1	25647.971093750	25647.979218750	1400.000	4000.000	1.0000
85	Spectrogram 1	1	25647.971093750	25647.979218750	1400.000	4000.000	1.0000
86	Waveform 1	1	25662.633468750	25662.641593750	1400.000	4000.000	1.0000
86	Spectrogram 1	1	25662.633468750	25662.641593750	1400.000	4000.000	1.0000
87	Waveform 1	1	25740.384843750	25740.402718750	1400.000	4000.000	1.0000
87	Spectrogram 1	1	25740.384843750	25740.402718750	1400.000	4000.000	1.0000
88	Waveform 1	1	25830.794968750	25830.806343750	1400.000	4000.000	1.0000
88	Spectrogram 1	1	25830.794968750	25830.806343750	1400.000	4000.000	1.0000
89	Waveform 1	1	25830.850218750	25830.858343750	1400.000	4000.000	1.0000
89	Spectrogram 1	1	25830.850218750	25830.858343750	1400.000	4000.000	1.0000
90	Waveform 1	1	26058.745093750	26058.762968750	1400.000	4000.000	1.0000
90	Spectrogram 1	1	26058.745093750	26058.762968750	1400.000	4000.000	1.0000
91	Waveform 1	1	26058.798718750	26058.806843750	1400.000	4000.000	1.0000
91	Spectrogram 1	1	26058.798718750	26058.806843750	1400.000	4000.000	1.0000
92	Waveform 1	1	26065.132968750	26065.142718750	1400.000	4000.000	1.0000
92	Spectrogram 1	1	26065.132968750	26065.142718750	1400.000	4000.000	1.0000
93	Waveform 1	1	26289.703093750	26289.712843750	1400.000	4000.000	1.0000
93	Spectrogram 1	1	26289.703093750	26289.712843750	1400.000	4000.000	1.0000
94	Waveform 1	1	26302.155468750	26302.163593750	1400.000	4000.000	1.0000
94	Spectrogram 1	1	26302.155468750	26302.163593750	1400.000	4000.000	1.0000
95	Waveform 1	1	26524.721968750	26524.731718750	1400.000	4000.000	1.0000
95	Spectrogram 1	1	26524.721968750	26524.731718750	1400.000	4000.000	1.0000
96	Waveform 1	1	26633.028218750	26633.037968750	1400.000	4000.000	1.0000
96	Spectrogram 1	1	26633.028218750	26633.037968750	1400.000	4000.000	1.0000
97	Waveform 1	1	26649.481343750	26649.492718750	1400.000	4000.000	1.0000
97	Spectrogram 1	1	26649.481343750	26649.492718750	1400.000	4000.000	1.0000
98	Waveform 1	1	26650.149218750	26650.160593750	1400.000	4000.000	1.0000
98	Spectrogram 1	1	26650.149218750	26650.160593750	1400.000	4000.000	1.0000
99	Waveform 1	1	26658.535843750	26658.566718750	1400.000	4000.000	1.0000
99	Spectrogram 1	1	26658.535843750	26658.566718750	1400.000	4000.000	1.0000
100	Waveform 1	1	26658.816968750	26658.828343750	1400.000	4000.000	1.0000
100	Spectrogram 1	1	26658.816968750	26658.828343750	1400.000	4000.000	1.0000
101	Waveform 1	1	26661.845968750	26661.857343750	1400.000	4000.000	1.0000
101	Spectrogram 1	1	26661.845968750	26661.857343750	1400.000	4000.000	1.0000
102	Waveform 1	1	26724.013593750	26724.023343750	1400.000	4000.000	1.0000
102	Spectrogram 1	1	26724.013593750	26724.023343750	1400.000	4000.000	1.0000
103	Waveform 1	1	26734.506218750	26734.514343750	1400.000	4000.000	1.0000
103	Spectrogram 1	1	26734.506218750	26734.514343750	1400.000	4000.000	1.0000
104	Waveform 1	1	26759.669343750	26759.683968750	1400.000	4000.000	1.0000
104	Spectrogram 1	1	26759.669343750	26759.683968750	1400.000	4000.000	1.0000
105	Waveform 1	1	26769.971843750	26769.983218750	1400.000	4000.000	1.0000
105	Spectrogram 1	1	26769.971843750	26769.983218750	1400.000	4000.000	1.0000
106	Waveform 1	1	26772.074593750	26772.094093750	1400.000	4000.000	1.0000
106	Spectrogram 1	1	26772.074593750	26772.094093750	1400.000	4000.000	1.0000
107	Waveform 1	1	26777.165718750	26777.188468750	1400.000	4000.000	1.0000
107	Spectrogram 1	1	26777.165718750	26777.188468750	1400.000	4000.000	1.0000
108	Waveform 1	1	26783.777843750	26783.790843750	1400.000	4000.000	1.0000
108	Spectrogram 1	1	26783.777843750	26783.790843750	1400.000	4000.000	1.0000
109	Waveform 1	1	26787.490968750	26787.503968750	1400.000	4000.000	1.0000
109	Spectrogram 1	1	26787.490968750	26787.503968750	1400.000	4000.000	1.0000
110	Waveform 1	1	26807.587343750	26807.600343750	1400.000	4000.000	1.0000
110	Spectrogram 1	1	26807.587343750	26807.600343750	1400.000	4000.000	1.0000
111	Waveform 1	1	26807.788843750	26807.800218750	1400.000	4000.000	1.0000
111	Spectrogram 1	1	26807.788843750	26807.800218750	1400.000	4000.000	1.0000
112	Waveform 1	1	26808.095968750	26808.110593750	1400.000	4000.000	1.0000
112	Spectrogram 1	1	26808.095968750	26808.110593750	1400.000	4000.000	1.0000
113	Waveform 1	1	26808.247093750	26808.256843750	1400.000	4000.000	1.0000
113	Spectrogram 1	1	26808.247093750	26808.256843750	1400.000	4000.000	1.0000
114	Waveform 1	1	26881.136468750	26881.144593750	1400.000	4000.000	1.0000
114	Spectrogram 1	1	26881.136468750	26881.144593750	1400.000	4000.000	1.0000
115	Waveform 1	1	27006.285843750	27006.302093750	1400.000	4000.000	1.0000
115	Spectrogram 1	1	27006.285843750	27006.302093750	1400.000	4000.000	1.0000
116	Waveform 1	1	27010.548218750	27010.556343750	1400.000	4000.000	1.0000
116	Spectrogram 1	1	27010.548218750	27010.556343750	1400.000	4000.000	1.0000
117	Waveform 1	1	27011.333093750	27011.357468750	1400.000	4000.000	1.0000
117	Spectrogram 1	1	27011.333093750	27011.357468750	1400.000	4000.000	1.0000
118	Waveform 1	1	27017.896468750	27017.912718750	1400.000	4000.000	1.0000
118	Spectrogram 1	1	27017.896468750	27017.912718750	1400.000	4000.000	1.0000
119	Waveform 1	1	27061.201093750	27061.215718750	1400.000	4000.000	1.0000
119	Spectrogram 1	1	27061.201093750	27061.215718750	1400.000	4000.000	1.0000
120	Waveform 1	1	27079.675718750	27079.685468750	1400.000	4000.000	1.0000
120	Spectrogram 1	1	27079.675718750	27079.685468750	1400.000	4000.000	1.0000
121	Waveform 1	1	27085.740218750	27085.756468750	1400.000	4000.000	1.0000
121	Spectrogram 1	1	27085.740218750	27085.756468750	1400.000	4000.000	1.0000
122	Waveform 1	1	27086.060343750	27086.091218750	1400.000	4000.000	1.0000
122	Spectrogram 1	1	27086.060343750	27086.091218750	1400.000	4000.000	1.0000
123	Waveform 1	1	27133.386843750	27133.403093750	1400.000	4000.000	1.0000
123	Spectrogram 1	1	27133.386843750	27133.403093750	1400.000	4000.000	1.0000
124	Waveform 1	1	27195.161218750	27195.177468750	1400.000	4000.000	1.0000
124	Spectrogram 1	1	27195.161218750	27195.177468750	1400.000	4000.000	1.0000
125	Waveform 1	1	27206.927843750	27206.937593750	1400.000	4000.000	1.0000
125	Spectrogram 1	1	27206.927843750	27206.937593750	1400.000	4000.000	1.0000
126	Waveform 1	1	27356.812968750	27356.837343750	1400.000	4000.000	1.0000
126	Spectrogram 1	1	27356.812968750	27356.837343750	1400.000	4000.000	1.0000
127	Waveform 1	1	27356.873093750	27356.902343750	1400.000	4000.000	1.0000
127	Spectrogram 1	1	27356.873093750	27356.902343750	1400.000	4000.000	1.0000
128	Waveform 1	1	27368.920843750	27368.940343750	1400.000	4000.000	1.0000
128	Spectrogram 1	1	27368.920843750	27368.940343750	1400.000	4000.000	1.0000
129	Waveform 1	1	27415.865468750	27415.878468750	1400.000	4000.000	1.0000
129	Spectrogram 1	1	27415.865468750	27415.878468750	1400.000	4000.000	1.0000
130	Waveform 1	1	27527.244593750	27527.264093750	1400.000	4000.000	1.0000
130	Spectrogram 1	1	27527.244593750	27527.264093750	1400.000	4000.000	1.0000
131	Waveform 1	1	27561.025093750	27561.033218750	1400.000	4000.000	1.0000
131	Spectrogram 1	1	27561.025093750	27561.033218750	1400.000	4000.000	1.0000
132	Waveform 1	1	27608.852093750	27608.860218750	1400.000	4000.000	1.0000
132	Spectrogram 1	1	27608.852093750	27608.860218750	1400.000	4000.000	1.0000
133	Waveform 1	1	27625.937343750	27625.947093750	1400.000	4000.000	1.0000
133	Spectrogram 1	1	27625.937343750	27625.947093750	1400.000	4000.000	1.0000
134	Waveform 1	1	27640.804468750	27640.830468750	1400.000	4000.000	1.0000
134	Spectrogram 1	1	27640.804468750	27640.830468750	1400.000	4000.000	1.0000
135	Waveform 1	1	27640.983218750	27640.991343750	1400.000	4000.000	1.0000
135	Spectrogram 1	1	27640.983218750	27640.991343750	1400.000	4000.000	1.0000
136	Waveform 1	1	27676.781968750	27676.790093750	1400.000	4000.000	1.0000
136	Spectrogram 1	1	27676.781968750	27676.790093750	1400.000	4000.000	1.0000
137	Waveform 1	1	27688.239843750	27688.267468750	1400.000	4000.000	1.0000
137	Spectrogram 1	1	27688.239843750	27688.267468750	1400.000	4000.000	1.0000
138	Waveform 1	1	27688.457593750	27688.473843750	1400.000	4000.000	1.0000
138	Spectrogram 1	1	27688.457593750	27688.473843750	1400.000	4000.000	1.0000
139	Waveform 1	1	27689.008468750	27689.036093750	1400.000	4000.000	0.8235
139	Spectrogram 1	1	27689.008468750	27689.036093750	1400.000	4000.000	0.8235
140	Waveform 1	1	27747.916343750	27747.948843750	1400.000	4000.000	1.0000
140	Spectrogram 1	1	27747.916343750	27747.948843750	1400.000	4000.000	1.0000
141	Waveform 1	1	27903.323218750	27903.331343750	1400.000	4000.000	1.0000
141	Spectrogram 1	1	27903.323218750	27903.331343750	1400.000	4000.000	1.0000
142	Waveform 1	1	27918.645343750	27918.656718750	1400.000	4000.000	1.0000
142	Spectrogram 1	1	27918.645343750	27918.656718750	1400.000	4000.000	1.0000
143	Waveform 1	1	27957.458468750	27957.486093750	1400.000	4000.000	0.7647
143	Spectrogram 1	1	27957.458468750	27957.486093750	1400.000	4000.000	0.7647
144	Waveform 1	1	27982.784093750	27982.813343750	1400.000	4000.000	1.0000
144	Spectrogram 1	1	27982.784093750	27982.813343750	1400.000	4000.000	1.0000
145	Waveform 1	1	28023.384718750	28023.392843750	1400.000	4000.000	1.0000
145	Spectrogram 1	1	28023.384718750	28023.392843750	1400.000	4000.000	1.0000
146	Waveform 1	1	28023.428593750	28023.436718750	1400.000	4000.000	1.0000
146	Spectrogram 1	1	28023.428593750	28023.436718750	1400.000	4000.000	1.0000
147	Waveform 1	1	28026.821593750	28026.832968750	1400.000	4000.000	1.0000
147	Spectrogram 1	1	28026.821593750	28026.832968750	1400.000	4000.000	1.0000
148	Waveform 1	1	28065.194343750	28065.212218750	1400.000	4000.000	1.0000
148	Spectrogram 1	1	28065.194343750	28065.212218750	1400.000	4000.000	1.0000
149	Waveform 1	1	28156.724093750	28156.746843750	1400.000	4000.000	1.0000
149	Spectrogram 1	1	28156.724093750	28156.746843750	1400.000	4000.000	1.0000
150	Waveform 1	1	28209.375718750	28209.388718750	1400.000	4000.000	1.0000
150	Spectrogram 1	1	28209.375718750	28209.388718750	1400.000	4000.000	1.0000
151	Waveform 1	1	28218.820218750	28218.842968750	1400.000	4000.000	1.0000
151	Spectrogram 1	1	28218.820218750	28218.842968750	1400.000	4000.000	1.0000
152	Waveform 1	1	28235.690968750	28235.700718750	1400.000	4000.000	1.0000
152	Spectrogram 1	1	28235.690968750	28235.700718750	1400.000	4000.000	1.0000
153	Waveform 1	1	28302.346843750	28302.359843750	1400.000	4000.000	1.0000
153	Spectrogram 1	1	28302.346843750	28302.359843750	1400.000	4000.000	1.0000
154	Waveform 1	1	28302.610093750	28302.624718750	1400.000	4000.000	1.0000
154	Spectrogram 1	1	28302.610093750	28302.624718750	1400.000	4000.000	1.0000
155	Waveform 1	1	28318.292968750	28318.304343750	1400.000	4000.000	1.0000
155	Spectrogram 1	1	28318.292968750	28318.304343750	1400.000	4000.000	1.0000
156	Waveform 1	1	28366.144343750	28366.167093750	1400.000	4000.000	1.0000
156	Spectrogram 1	1	28366.144343750	28366.167093750	1400.000	4000.000	1.0000
157	Waveform 1	1	28428.609343750	28428.619093750	1400.000	4000.000	1.0000
157	Spectrogram 1	1	28428.609343750	28428.619093750	1400.000	4000.000	1.0000
158	Waveform 1	1	28432.088468750	28432.099843750	1400.000	4000.000	1.0000
158	Spectrogram 1	1	28432.088468750	28432.099843750	1400.000	4000.000	1.0000
159	Waveform 1	1	28434.025468750	28434.036843750	1400.000	4000.000	1.0000
159	Spectrogram 1	1	28434.025468750	28434.036843750	1400.000	4000.000	1.0000
160	Waveform 1	1	28452.422093750	28452.430218750	1400.000	4000.000	1.0000
160	Spectrogram 1	1	28452.422093750	28452.430218750	1400.000	4000.000	1.0000
161	Waveform 1	1	28487.149968750	28487.158093750	1400.000	4000.000	1.0000
161	Spectrogram 1	1	28487.149968750	28487.158093750	1400.000	4000.000	1.0000
162	Waveform 1	1	28496.298718750	28496.308468750	1400.000	4000.000	1.0000
162	Spectrogram 1	1	28496.298718750	28496.308468750	1400.000	4000.000	1.0000
163	Waveform 1	1	28496.462843750	28496.475843750	1400.000	4000.000	1.0000
163	Spectrogram 1	1	28496.462843750	28496.475843750	1400.000	4000.000	1.0000
164	Waveform 1	1	28496.607468750	28496.618843750	1400.000	4000.000	1.0000
164	Spectrogram 1	1	28496.607468750	28496.618843750	1400.000	4000.000	1.0000
165	Waveform 1	1	28496.732593750	28496.740718750	1400.000	4000.000	1.0000
165	Spectrogram 1	1	28496.732593750	28496.740718750	1400.000	4000.000	1.0000
166	Waveform 1	1	28496.990968750	28496.999093750	1400.000	4000.000	1.0000
166	Spectrogram 1	1	28496.990968750	28496.999093750	1400.000	4000.000	1.0000
167	Waveform 1	1	28498.471343750	28498.479468750	1400.000	4000.000	1.0000
167	Spectrogram 1	1	28498.471343750	28498.479468750	1400.000	4000.000	1.0000
168	Waveform 1	1	28510.259093750	28510.273718750	1400.000	4000.000	1.0000
168	Spectrogram 1	1	28510.259093750	28510.273718750	1400.000	4000.000	1.0000
169	Waveform 1	1	28513.543218750	28513.559468750	1400.000	4000.000	1.0000
169	Spectrogram 1	1	28513.543218750	28513.559468750	1400.000	4000.000	1.0000
170	Waveform 1	1	28517.737343750	28517.751968750	1400.000	4000.000	1.0000
170	Spectrogram 1	1	28517.737343750	28517.751968750	1400.000	4000.000	1.0000
171	Waveform 1	1	28517.825093750	28517.854343750	1400.000	4000.000	1.0000
171	Spectrogram 1	1	28517.825093750	28517.854343750	1400.000	4000.000	1.0000
172	Waveform 1	1	28520.698093750	28520.715968750	1400.000	4000.000	1.0000
172	Spectrogram 1	1	28520.698093750	28520.715968750	1400.000	4000.000	1.0000
173	Waveform 1	1	28534.284718750	28534.294468750	1400.000	4000.000	1.0000
173	Spectrogram 1	1	28534.284718750	28534.294468750	1400.000	4000.000	1.0000
174	Waveform 1	1	28534.382218750	28534.395218750	1400.000	4000.000	1.0000
174	Spectrogram 1	1	28534.382218750	28534.395218750	1400.000	4000.000	1.0000
175	Waveform 1	1	28534.972093750	28534.985093750	1400.000	4000.000	1.0000
175	Spectrogram 1	1	28534.972093750	28534.985093750	1400.000	4000.000	1.0000
176	Waveform 1	1	28539.595218750	28539.611468750	1400.000	4000.000	1.0000
176	Spectrogram 1	1	28539.595218750	28539.611468750	1400.000	4000.000	1.0000
177	Waveform 1	1	28544.236218750	28544.249218750	1400.000	4000.000	1.0000
177	Spectrogram 1	1	28544.236218750	28544.249218750	1400.000	4000.000	1.0000
178	Waveform 1	1	28586.621093750	28586.635718750	1400.000	4000.000	1.0000
178	Spectrogram 1	1	28586.621093750	28586.635718750	1400.000	4000.000	1.0000
179	Waveform 1	1	28601.710843750	28601.725468750	1400.000	4000.000	1.0000
179	Spectrogram 1	1	28601.710843750	28601.725468750	1400.000	4000.000	1.0000
180	Waveform 1	1	28618.844843750	28618.852968750	1400.000	4000.000	1.0000
180	Spectrogram 1	1	28618.844843750	28618.852968750	1400.000	4000.000	1.0000
181	Waveform 1	1	28631.085968750	28631.102218750	1400.000	4000.000	1.0000
181	Spectrogram 1	1	28631.085968750	28631.102218750	1400.000	4000.000	1.0000
182	Waveform 1	1	28642.883468750	28642.896468750	1400.000	4000.000	1.0000
182	Spectrogram 1	1	28642.883468750	28642.896468750	1400.000	4000.000	1.0000
183	Waveform 1	1	28648.133843750	28648.146843750	1400.000	4000.000	1.0000
183	Spectrogram 1	1	28648.133843750	28648.146843750	1400.000	4000.000	1.0000
184	Waveform 1	1	28694.524343750	28694.537343750	1400.000	4000.000	1.0000
184	Spectrogram 1	1	28694.524343750	28694.537343750	1400.000	4000.000	1.0000
185	Waveform 1	1	28758.879218750	28758.892218750	1400.000	4000.000	1.0000
185	Spectrogram 1	1	28758.879218750	28758.892218750	1400.000	4000.000	1.0000
186	Waveform 1	1	28774.721343750	28774.735968750	1400.000	4000.000	1.0000
186	Spectrogram 1	1	28774.721343750	28774.735968750	1400.000	4000.000	1.0000
187	Waveform 1	1	28796.449218750	28796.457343750	1400.000	4000.000	1.0000
187	Spectrogram 1	1	28796.449218750	28796.457343750	1400.000	4000.000	1.0000
188	Waveform 1	1	29034.150968750	29034.168843750	1400.000	4000.000	1.0000
188	Spectrogram 1	1	29034.150968750	29034.168843750	1400.000	4000.000	1.0000
189	Waveform 1	1	29035.543593750	29035.564718750	1400.000	4000.000	1.0000
189	Spectrogram 1	1	29035.543593750	29035.564718750	1400.000	4000.000	1.0000
190	Waveform 1	1	29037.708093750	29037.719468750	1400.000	4000.000	1.0000
190	Spectrogram 1	1	29037.708093750	29037.719468750	1400.000	4000.000	1.0000
191	Waveform 1	1	29068.519718750	29068.527843750	1400.000	4000.000	1.0000
191	Spectrogram 1	1	29068.519718750	29068.527843750	1400.000	4000.000	1.0000
192	Waveform 1	1	29071.589343750	29071.608843750	1400.000	4000.000	1.0000
192	Spectrogram 1	1	29071.589343750	29071.608843750	1400.000	4000.000	1.0000
193	Waveform 1	1	29082.423218750	29082.444343750	1400.000	4000.000	1.0000
193	Spectrogram 1	1	29082.423218750	29082.444343750	1400.000	4000.000	1.0000
194	Waveform 1	1	29128.571593750	29128.579718750	1400.000	4000.000	1.0000
194	Spectrogram 1	1	29128.571593750	29128.579718750	1400.000	4000.000	1.0000
195	Waveform 1	1	29174.037468750	29174.045593750	1400.000	4000.000	1.0000
195	Spectrogram 1	1	29174.037468750	29174.045593750	1400.000	4000.000	1.0000
196	Waveform 1	1	29199.249343750	29199.262343750	1400.000	4000.000	1.0000
196	Spectrogram 1	1	29199.249343750	29199.262343750	1400.000	4000.000	1.0000
197	Waveform 1	1	29199.712468750	29199.720593750	1400.000	4000.000	1.0000
197	Spectrogram 1	1	29199.712468750	29199.720593750	1400.000	4000.000	1.0000
198	Waveform 1	1	29212.103093750	29212.112843750	1400.000	4000.000	1.0000
198	Spectrogram 1	1	29212.103093750	29212.112843750	1400.000	4000.000	1.0000
199	Waveform 1	1	29212.146968750	29212.164843750	1400.000	4000.000	1.0000
199	Spectrogram 1	1	29212.146968750	29212.164843750	1400.000	4000.000	1.0000
200	Waveform 1	1	29212.379343750	29212.387468750	1400.000	4000.000	1.0000
200	Spectrogram 1	1	29212.379343750	29212.387468750	1400.000	4000.000	1.0000
201	Waveform 1	1	29212.486593750	29212.494718750	1400.000	4000.000	1.0000
201	Spectrogram 1	1	29212.486593750	29212.494718750	1400.000	4000.000	1.0000
202	Waveform 1	1	29251.512593750	29251.522343750	1400.000	4000.000	1.0000
202	Spectrogram 1	1	29251.512593750	29251.522343750	1400.000	4000.000	1.0000
203	Waveform 1	1	29276.365343750	29276.375093750	1400.000	4000.000	1.0000
203	Spectrogram 1	1	29276.365343750	29276.375093750	1400.000	4000.000	1.0000
204	Waveform 1	1	29359.961843750	29359.969968750	1400.000	4000.000	1.0000
204	Spectrogram 1	1	29359.961843750	29359.969968750	1400.000	4000.000	1.0000
205	Waveform 1	1	29360.980718750	29360.988843750	1400.000	4000.000	1.0000
205	Spectrogram 1	1	29360.980718750	29360.988843750	1400.000	4000.000	1.0000
206	Waveform 1	1	29363.312593750	29363.332093750	1400.000	4000.000	1.0000
206	Spectrogram 1	1	29363.312593750	29363.332093750	1400.000	4000.000	1.0000
207	Waveform 1	1	29375.443218750	29375.456218750	1400.000	4000.000	1.0000
207	Spectrogram 1	1	29375.443218750	29375.456218750	1400.000	4000.000	1.0000
208	Waveform 1	1	29380.443343750	29380.451468750	1400.000	4000.000	1.0000
208	Spectrogram 1	1	29380.443343750	29380.451468750	1400.000	4000.000	1.0000
209	Waveform 1	1	29381.697843750	29381.718968750	1400.000	4000.000	1.0000
209	Spectrogram 1	1	29381.697843750	29381.718968750	1400.000	4000.000	1.0000
210	Waveform 1	1	29394.376093750	29394.390718750	1400.000	4000.000	1.0000
210	Spectrogram 1	1	29394.376093750	29394.390718750	1400.000	4000.000	1.0000
211	Waveform 1	1	29399.530593750	29399.541968750	1400.000	4000.000	1.0000
211	Spectrogram 1	1	29399.530593750	29399.541968750	1400.000	4000.000	1.0000
212	Waveform 1	1	29425.392468750	29425.400593750	1400.000	4000.000	1.0000
212	Spectrogram 1	1	29425.392468750	29425.400593750	1400.000	4000.000	1.0000
213	Waveform 1	1	29477.424968750	29477.434718750	1400.000	4000.000	1.0000
213	Spectrogram 1	1	29477.424968750	29477.434718750	1400.000	4000.000	1.0000
214	Waveform 1	1	29477.468843750	29477.496468750	1400.000	4000.000	0.7059
214	Spectrogram 1	1	29477.468843750	29477.496468750	1400.000	4000.000	0.7059
215	Waveform 1	1	29480.335343750	29480.345093750	1400.000	4000.000	1.0000
215	Spectrogram 1	1	29480.335343750	29480.345093750	1400.000	4000.000	1.0000
216	Waveform 1	1	29496.734843750	29496.746218750	1400.000	4000.000	1.0000
216	Spectrogram 1	1	29496.734843750	29496.746218750	1400.000	4000.000	1.0000
217	Waveform 1	1	29501.089843750	29501.115843750	1400.000	4000.000	1.0000
217	Spectrogram 1	1	29501.089843750	29501.115843750	1400.000	4000.000	1.0000
218	Waveform 1	1	29522.382218750	29522.390343750	1400.000	4000.000	1.0000
218	Spectrogram 1	1	29522.382218750	29522.390343750	1400.000	4000.000	1.0000
219	Waveform 1	1	29522.664968750	29522.674718750	1400.000	4000.000	1.0000
219	Spectrogram 1	1	29522.664968750	29522.674718750	1400.000	4000.000	1.0000
220	Waveform 1	1	29522.742968750	29522.751093750	1400.000	4000.000	1.0000
220	Spectrogram 1	1	29522.742968750	29522.751093750	1400.000	4000.000	1.0000
221	Waveform 1	1	29548.611343750	29548.627593750	1400.000	4000.000	1.0000
221	Spectrogram 1	1	29548.611343750	29548.627593750	1400.000	4000.000	1.0000
222	Waveform 1	1	29550.871718750	29550.884718750	1400.000	4000.000	1.0000
222	Spectrogram 1	1	29550.871718750	29550.884718750	1400.000	4000.000	1.0000
223	Waveform 1	1	29560.317843750	29560.334093750	1400.000	4000.000	1.0000
223	Spectrogram 1	1	29560.317843750	29560.334093750	1400.000	4000.000	1.0000
224	Waveform 1	1	29595.279718750	29595.312218750	1400.000	4000.000	1.0000
224	Spectrogram 1	1	29595.279718750	29595.312218750	1400.000	4000.000	1.0000
225	Waveform 1	1	29596.378218750	29596.405843750	1400.000	4000.000	1.0000
225	Spectrogram 1	1	29596.378218750	29596.405843750	1400.000	4000.000	1.0000
226	Waveform 1	1	29606.903343750	29606.917968750	1400.000	4000.000	1.0000
226	Spectrogram 1	1	29606.903343750	29606.917968750	1400.000	4000.000	1.0000
227	Waveform 1	1	29610.387343750	29610.413343750	1400.000	4000.000	1.0000
227	Spectrogram 1	1	29610.387343750	29610.413343750	1400.000	4000.000	1.0000
228	Waveform 1	1	29657.284843750	29657.299468750	1400.000	4000.000	1.0000
228	Spectrogram 1	1	29657.284843750	29657.299468750	1400.000	4000.000	1.0000
229	Waveform 1	1	29664.462468750	29664.488468750	1400.000	4000.000	1.0000
229	Spectrogram 1	1	29664.462468750	29664.488468750	1400.000	4000.000	1.0000
230	Waveform 1	1	29680.223343750	29680.233093750	1400.000	4000.000	1.0000
230	Spectrogram 1	1	29680.223343750	29680.233093750	1400.000	4000.000	1.0000
231	Waveform 1	1	29705.808968750	29705.838218750	1400.000	4000.000	1.0000
231	Spectrogram 1	1	29705.808968750	29705.838218750	1400.000	4000.000	1.0000
232	Waveform 1	1	29718.607468750	29718.615593750	1400.000	4000.000	1.0000
232	Spectrogram 1	1	29718.607468750	29718.615593750	1400.000	4000.000	1.0000
233	Waveform 1	1	29786.641343750	29786.662468750	1400.000	4000.000	1.0000
233	Spectrogram 1	1	29786.641343750	29786.662468750	1400.000	4000.000	1.0000
234	Waveform 1	1	29943.926718750	29943.946218750	1400.000	4000.000	1.0000
234	Spectrogram 1	1	29943.926718750	29943.946218750	1400.000	4000.000	1.0000
235	Waveform 1	1	29971.293343750	29971.301468750	1400.000	4000.000	1.0000
235	Spectrogram 1	1	29971.293343750	29971.301468750	1400.000	4000.000	1.0000
236	Waveform 1	1	29991.804093750	29991.812218750	1400.000	4000.000	1.0000
236	Spectrogram 1	1	29991.804093750	29991.812218750	1400.000	4000.000	1.0000
237	Waveform 1	1	30109.291593750	30109.309468750	1400.000	4000.000	1.0000
237	Spectrogram 1	1	30109.291593750	30109.309468750	1400.000	4000.000	1.0000
238	Waveform 1	1	30538.910718750	30538.930218750	1400.000	4000.000	1.0000
238	Spectrogram 1	1	30538.910718750	30538.930218750	1400.000	4000.000	1.0000
239	Waveform 1	1	30541.653718750	30541.666718750	1400.000	4000.000	1.0000
239	Spectrogram 1	1	30541.653718750	30541.666718750	1400.000	4000.000	1.0000
240	Waveform 1	1	30541.884468750	30541.915343750	1400.000	4000.000	1.0000
240	Spectrogram 1	1	30541.884468750	30541.915343750	1400.000	4000.000	1.0000
241	Waveform 1	1	30648.798093750	30648.827343750	1400.000	4000.000	0.7222
241	Spectrogram 1	1	30648.798093750	30648.827343750	1400.000	4000.000	0.7222
242	Waveform 1	1	30662.699968750	30662.730843750	1400.000	4000.000	1.0000
242	Spectrogram 1	1	30662.699968750	30662.730843750	1400.000	4000.000	1.0000
243	Waveform 1	1	30662.763343750	30662.786093750	1400.000	4000.000	1.0000
243	Spectrogram 1	1	30662.763343750	30662.786093750	1400.000	4000.000	1.0000
244	Waveform 1	1	30733.650718750	30733.662093750	1400.000	4000.000	1.0000
244	Spectrogram 1	1	30733.650718750	30733.662093750	1400.000	4000.000	1.0000
245	Waveform 1	1	30757.752718750	30757.772218750	1400.000	4000.000	1.0000
245	Spectrogram 1	1	30757.752718750	30757.772218750	1400.000	4000.000	1.0000
246	Waveform 1	1	31373.227968750	31373.240968750	1400.000	4000.000	1.0000
246	Spectrogram 1	1	31373.227968750	31373.240968750	1400.000	4000.000	1.0000
247	Waveform 1	1	31374.771718750	31374.783093750	1400.000	4000.000	1.0000
247	Spectrogram 1	1	31374.771718750	31374.783093750	1400.000	4000.000	1.0000
248	Waveform 1	1	31391.176093750	31391.187468750	1400.000	4000.000	1.0000
248	Spectrogram 1	1	31391.176093750	31391.187468750	1400.000	4000.000	1.0000
249	Waveform 1	1	31394.929843750	31394.937968750	1400.000	4000.000	1.0000
249	Spectrogram 1	1	31394.929843750	31394.937968750	1400.000	4000.000	1.0000
250	Waveform 1	1	31446.515468750	31446.526843750	1400.000	4000.000	1.0000
250	Spectrogram 1	1	31446.515468750	31446.526843750	1400.000	4000.000	1.0000
251	Waveform 1	1	31467.468218750	31467.494218750	1400.000	4000.000	1.0000
251	Spectrogram 1	1	31467.468218750	31467.494218750	1400.000	4000.000	1.0000
252	Waveform 1	1	31518.109718750	31518.122718750	1400.000	4000.000	1.0000
252	Spectrogram 1	1	31518.109718750	31518.122718750	1400.000	4000.000	1.0000
253	Waveform 1	1	31523.766343750	31523.780968750	1400.000	4000.000	1.0000
253	Spectrogram 1	1	31523.766343750	31523.780968750	1400.000	4000.000	1.0000
254	Waveform 1	1	31548.344468750	31548.357468750	1400.000	4000.000	1.0000
254	Spectrogram 1	1	31548.344468750	31548.357468750	1400.000	4000.000	1.0000
255	Waveform 1	1	31592.469718750	31592.487593750	1400.000	4000.000	1.0000
255	Spectrogram 1	1	31592.469718750	31592.487593750	1400.000	4000.000	1.0000
256	Waveform 1	1	31665.053593750	31665.066593750	1400.000	4000.000	1.0000
256	Spectrogram 1	1	31665.053593750	31665.066593750	1400.000	4000.000	1.0000
257	Waveform 1	1	32215.517468750	32215.530468750	1400.000	4000.000	1.0000
257	Spectrogram 1	1	32215.517468750	32215.530468750	1400.000	4000.000	1.0000
258	Waveform 1	1	32358.871718750	32358.887968750	1400.000	4000.000	1.0000
258	Spectrogram 1	1	32358.871718750	32358.887968750	1400.000	4000.000	1.0000
259	Waveform 1	1	32370.904843750	32370.914593750	1400.000	4000.000	1.0000
259	Spectrogram 1	1	32370.904843750	32370.914593750	1400.000	4000.000	1.0000
260	Waveform 1	1	32382.868093750	32382.876218750	1400.000	4000.000	1.0000
260	Spectrogram 1	1	32382.868093750	32382.876218750	1400.000	4000.000	1.0000
261	Waveform 1	1	32421.024718750	32421.055593750	1400.000	4000.000	0.7895
261	Spectrogram 1	1	32421.024718750	32421.055593750	1400.000	4000.000	0.7895
262	Waveform 1	1	32433.780968750	32433.800468750	1400.000	4000.000	1.0000
262	Spectrogram 1	1	32433.780968750	32433.800468750	1400.000	4000.000	1.0000
263	Waveform 1	1	32482.277468750	32482.290468750	1400.000	4000.000	1.0000
263	Spectrogram 1	1	32482.277468750	32482.290468750	1400.000	4000.000	1.0000
264	Waveform 1	1	32482.480593750	32482.501718750	1400.000	4000.000	1.0000
264	Spectrogram 1	1	32482.480593750	32482.501718750	1400.000	4000.000	1.0000
265	Waveform 1	1	32482.552093750	32482.569968750	1400.000	4000.000	1.0000
265	Spectrogram 1	1	32482.552093750	32482.569968750	1400.000	4000.000	1.0000
266	Waveform 1	1	32493.886468750	32493.896218750	1400.000	4000.000	1.0000
266	Spectrogram 1	1	32493.886468750	32493.896218750	1400.000	4000.000	1.0000
267	Waveform 1	1	32505.534468750	32505.544218750	1400.000	4000.000	1.0000
267	Spectrogram 1	1	32505.534468750	32505.544218750	1400.000	4000.000	1.0000
268	Waveform 1	1	32591.222343750	32591.230468750	1400.000	4000.000	1.0000
268	Spectrogram 1	1	32591.222343750	32591.230468750	1400.000	4000.000	1.0000
269	Waveform 1	1	32591.267843750	32591.279218750	1400.000	4000.000	1.0000
269	Spectrogram 1	1	32591.267843750	32591.279218750	1400.000	4000.000	1.0000
270	Waveform 1	1	32935.241343750	32935.252718750	1400.000	4000.000	1.0000
270	Spectrogram 1	1	32935.241343750	32935.252718750	1400.000	4000.000	1.0000
271	Waveform 1	1	32935.291718750	32935.301468750	1400.000	4000.000	1.0000
271	Spectrogram 1	1	32935.291718750	32935.301468750	1400.000	4000.000	1.0000
272	Waveform 1	1	32958.108343750	32958.132718750	1400.000	4000.000	0.8000
272	Spectrogram 1	1	32958.108343750	32958.132718750	1400.000	4000.000	0.8000
273	Waveform 1	1	33010.964718750	33010.982593750	1400.000	4000.000	1.0000
273	Spectrogram 1	1	33010.964718750	33010.982593750	1400.000	4000.000	1.0000
274	Waveform 1	1	33095.986343750	33096.002593750	1400.000	4000.000	1.0000
274	Spectrogram 1	1	33095.986343750	33096.002593750	1400.000	4000.000	1.0000
275	Waveform 1	1	33108.854718750	33108.875843750	1400.000	4000.000	1.0000
275	Spectrogram 1	1	33108.854718750	33108.875843750	1400.000	4000.000	1.0000
276	Waveform 1	1	33121.037343750	33121.048718750	1400.000	4000.000	1.0000
276	Spectrogram 1	1	33121.037343750	33121.048718750	1400.000	4000.000	1.0000
277	Waveform 1	1	33121.635343750	33121.645093750	1400.000	4000.000	1.0000
277	Spectrogram 1	1	33121.635343750	33121.645093750	1400.000	4000.000	1.0000
278	Waveform 1	1	33134.424093750	33134.450093750	1400.000	4000.000	1.0000
278	Spectrogram 1	1	33134.424093750	33134.450093750	1400.000	4000.000	1.0000
279	Waveform 1	1	33159.247593750	33159.271968750	1400.000	4000.000	1.0000
279	Spectrogram 1	1	33159.247593750	33159.271968750	1400.000	4000.000	1.0000
280	Waveform 1	1	33170.788343750	33170.817593750	1400.000	4000.000	1.0000
280	Spectrogram 1	1	33170.788343750	33170.817593750	1400.000	4000.000	1.0000
281	Waveform 1	1	33170.892343750	33170.910218750	1400.000	4000.000	1.0000
281	Spectrogram 1	1	33170.892343750	33170.910218750	1400.000	4000.000	1.0000
282	Waveform 1	1	33353.233593750	33353.243343750	1400.000	4000.000	1.0000
282	Spectrogram 1	1	33353.233593750	33353.243343750	1400.000	4000.000	1.0000
283	Waveform 1	1	33353.436718750	33353.459468750	1400.000	4000.000	1.0000
283	Spectrogram 1	1	33353.436718750	33353.459468750	1400.000	4000.000	1.0000
284	Waveform 1	1	34459.642468750	34459.653843750	1400.000	4000.000	1.0000
284	Spectrogram 1	1	34459.642468750	34459.653843750	1400.000	4000.000	1.0000
285	Waveform 1	1	35230.524593750	35230.547343750	1400.000	4000.000	1.0000
285	Spectrogram 1	1	35230.524593750	35230.547343750	1400.000	4000.000	1.0000
286	Waveform 1	1	35230.963343750	35230.974718750	1400.000	4000.000	1.0000
286	Spectrogram 1	1	35230.963343750	35230.974718750	1400.000	4000.000	1.0000
287	Waveform 1	1	36537.731468750	36537.746093750	1400.000	4000.000	1.0000
287	Spectrogram 1	1	36537.731468750	36537.746093750	1400.000	4000.000	1.0000
288	Waveform 1	1	36975.249718750	36975.262718750	1400.000	4000.000	1.0000
288	Spectrogram 1	1	36975.249718750	36975.262718750	1400.000	4000.000	1.0000
289	Waveform 1	1	36987.492468750	36987.503843750	1400.000	4000.000	1.0000
289	Spectrogram 1	1	36987.492468750	36987.503843750	1400.000	4000.000	1.0000
290	Waveform 1	1	36987.664718750	36987.685843750	1400.000	4000.000	1.0000
290	Spectrogram 1	1	36987.664718750	36987.685843750	1400.000	4000.000	1.0000
291	Waveform 1	1	36987.929593750	36987.940968750	1400.000	4000.000	1.0000
291	Spectrogram 1	1	36987.929593750	36987.940968750	1400.000	4000.000	1.0000
292	Waveform 1	1	37000.238968750	37000.258468750	1400.000	4000.000	1.0000
292	Spectrogram 1	1	37000.238968750	37000.258468750	1400.000	4000.000	1.0000
293	Waveform 1	1	37000.521718750	37000.529843750	1400.000	4000.000	1.0000
293	Spectrogram 1	1	37000.521718750	37000.529843750	1400.000	4000.000	1.0000
294	Waveform 1	1	37000.625718750	37000.654968750	1400.000	4000.000	1.0000
294	Spectrogram 1	1	37000.625718750	37000.654968750	1400.000	4000.000	1.0000
295	Waveform 1	1	37060.729593750	37060.739343750	1400.000	4000.000	1.0000
295	Spectrogram 1	1	37060.729593750	37060.739343750	1400.000	4000.000	1.0000
296	Waveform 1	1	37060.831968750	37060.840093750	1400.000	4000.000	1.0000
296	Spectrogram 1	1	37060.831968750	37060.840093750	1400.000	4000.000	1.0000
297	Waveform 1	1	37060.906718750	37060.916468750	1400.000	4000.000	1.0000
297	Spectrogram 1	1	37060.906718750	37060.916468750	1400.000	4000.000	1.0000
298	Waveform 1	1	37060.966843750	37060.974968750	1400.000	4000.000	1.0000
298	Spectrogram 1	1	37060.966843750	37060.974968750	1400.000	4000.000	1.0000
299	Waveform 1	1	37061.074093750	37061.090343750	1400.000	4000.000	1.0000
299	Spectrogram 1	1	37061.074093750	37061.090343750	1400.000	4000.000	1.0000
300	Waveform 1	1	37491.317218750	37491.325343750	1400.000	4000.000	1.0000
300	Spectrogram 1	1	37491.317218750	37491.325343750	1400.000	4000.000	1.0000
301	Waveform 1	1	37491.489468750	37491.518718750	1400.000	4000.000	1.0000
301	Spectrogram 1	1	37491.489468750	37491.518718750	1400.000	4000.000	1.0000
302	Waveform 1	1	47654.475093750	47654.488093750	1400.000	4000.000	1.0000
302	Spectrogram 1	1	47654.475093750	47654.488093750	1400.000	4000.000	1.0000
303	Waveform 1	1	47654.531968750	47654.541718750	1400.000	4000.000	1.0000
303	Spectrogram 1	1	47654.531968750	47654.541718750	1400.000	4000.000	1.0000
304	Waveform 1	1	53870.681843750	53870.693218750	1400.000	4000.000	1.0000
304	Spectrogram 1	1	53870.681843750	53870.693218750	1400.000	4000.000	1.0000
305	Waveform 1	1	53870.751718750	53870.763093750	1400.000	4000.000	1.0000
305	Spectrogram 1	1	53870.751718750	53870.763093750	1400.000	4000.000	1.0000
306	Waveform 1	1	61448.476093750	61448.485843750	1400.000	4000.000	1.0000
306	Spectrogram 1	1	61448.476093750	61448.485843750	1400.000	4000.000	1.0000
307	Waveform 1	1	62796.868593750	62796.878343750	1400.000	4000.000	1.0000
307	Spectrogram 1	1	62796.868593750	62796.878343750	1400.000	4000.000	1.0000
308	Waveform 1	1	62796.930343750	62796.941718750	1400.000	4000.000	1.0000
308	Spectrogram 1	1	62796.930343750	62796.941718750	1400.000	4000.000	1.0000
309	Waveform 1	1	62817.176218750	62817.185968750	1400.000	4000.000	1.0000
309	Spectrogram 1	1	62817.176218750	62817.185968750	1400.000	4000.000	1.0000
310	Waveform 1	1	63475.616468750	63475.632718750	1400.000	4000.000	1.0000
310	Spectrogram 1	1	63475.616468750	63475.632718750	1400.000	4000.000	1.0000
311	Waveform 1	1	63475.702593750	63475.715593750	1400.000	4000.000	1.0000
311	Spectrogram 1	1	63475.702593750	63475.715593750	1400.000	4000.000	1.0000
312	Waveform 1	1	63615.535468750	63615.546843750	1400.000	4000.000	1.0000
312	Spectrogram 1	1	63615.535468750	63615.546843750	1400.000	4000.000	1.0000
313	Waveform 1	1	84290.347093750	84290.355218750	1400.000	4000.000	1.0000
313	Spectrogram 1	1	84290.347093750	84290.355218750	1400.000	4000.000	1.0000
