Selection	View	Channel	Begin Time (s)	End Time (s)	Low Freq (Hz)	High Freq (Hz)	Occupancy
1	Waveform 1	1	10027.422968750	10027.450593750	1400.000	4000.000	1.0000
1	Spectrogram 1	1	10027.422968750	10027.450593750	1400.000	4000.000	1.0000
2	Waveform 1	1	10094.194218750	10094.223468750	1400.000	4000.000	1.0000
2	Spectrogram 1	1	10094.194218750	10094.223468750	1400.000	4000.000	1.0000
3	Waveform 1	1	10253.848843750	10253.863468750	1400.000	4000.000	1.0000
3	Spectrogram 1	1	10253.848843750	10253.863468750	1400.000	4000.000	1.0000
4	Waveform 1	1	14695.791218750	14695.802593750	1400.000	4000.000	1.0000
4	Spectrogram 1	1	14695.791218750	14695.802593750	1400.000	4000.000	1.0000
5	Waveform 1	1	17012.779593750	17012.797468750	1400.000	4000.000	1.0000
5	Spectrogram 1	1	17012.779593750	17012.797468750	1400.000	4000.000	1.0000
6	Waveform 1	1	17121.370218750	17121.379968750	1400.000	4000.000	1.0000
6	Spectrogram 1	1	17121.370218750	17121.379968750	1400.000	4000.000	1.0000
7	Waveform 1	1	17121.461218750	17121.470968750	1400.000	4000.000	1.0000
7	Spectrogram 1	1	17121.461218750	17121.470968750	1400.000	4000.000	1.0000
8	Waveform 1	1	17227.138218750	17227.147968750	1400.000	4000.000	1.0000
8	Spectrogram 1	1	17227.138218750	17227.147968750	1400.000	4000.000	1.0000
9	Waveform 1	1	17273.185843750	17273.195593750	1400.000	4000.000	1.0000
9	Spectrogram 1	1	17273.185843750	17273.195593750	1400.000	4000.000	1.0000
10	Waveform 1	1	17475.608843750	17475.618593750	1400.000	4000.000	1.0000
10	Spectrogram 1	1	17475.608843750	17475.618593750	1400.000	4000.000	1.0000
11	Waveform 1	1	17485.206093750	17485.214218750	1400.000	4000.000	1.0000
11	Spectrogram 1	1	17485.206093750	17485.214218750	1400.000	4000.000	1.0000
12	Waveform 1	1	17499.309468750	17499.320843750	1400.000	4000.000	1.0000
12	Spectrogram 1	1	17499.309468750	17499.320843750	1400.000	4000.000	1.0000
13	Waveform 1	1	17502.941343750	17502.951093750	1400.000	4000.000	1.0000
13	Spectrogram 1	1	17502.941343750	17502.951093750	1400.000	4000.000	1.0000
14	Waveform 1	1	17539.908468750	17539.937718750	1400.000	4000.000	1.0000
14	Spectrogram 1	1	17539.908468750	17539.937718750	1400.000	4000.000	1.0000
15	Waveform 1	1	17542.043718750	17542.051843750	1400.000	4000.000	1.0000
15	Spectrogram 1	1	17542.043718750	17542.051843750	1400.000	4000.000	1.0000
16	Waveform 1	1	17546.579093750	17546.595343750	1400.000	4000.000	1.0000
16	Spectrogram 1	1	17546.579093750	17546.595343750	1400.000	4000.000	1.0000
17	Waveform 1	1	17586.414343750	17586.422468750	1400.000	4000.000	1.0000
17	Spectrogram 1	1	17586.414343750	17586.422468750	1400.000	4000.000	1.0000
18	Waveform 1	1	17652.407218750	17652.416968750	1400.000	4000.000	1.0000
18	Spectrogram 1	1	17652.407218750	17652.416968750	1400.000	4000.000	1.0000
19	Waveform 1	1	17677.230718750	17677.246968750	1400.000	4000.000	1.0000
19	Spectrogram 1	1	17677.230718750	17677.246968750	1400.000	4000.000	1.0000
20	Waveform 1	1	17677.685718750	17677.705218750	1400.000	4000.000	1.0000
20	Spectrogram 1	1	17677.685718750	17677.705218750	1400.000	4000.000	1.0000
21	Waveform 1	1	17692.040968750	17692.050718750	1400.000	4000.000	1.0000
21	Spectrogram 1	1	17692.040968750	17692.050718750	1400.000	4000.000	1.0000
22	Waveform 1	1	17701.972968750	17701.982718750	1400.000	4000.000	1.0000
22	Spectrogram 1	1	17701.972968750	17701.982718750	1400.000	4000.000	1.0000
23	Waveform 1	1	17712.007343750	17712.017093750	1400.000	4000.000	1.0000
23	Spectrogram 1	1	17712.007343750	17712.017093750	1400.000	4000.000	1.0000
24	Waveform 1	1	17714.711343750	17714.724343750	1400.000	4000.000	1.0000
24	Spectrogram 1	1	17714.711343750	17714.724343750	1400.000	4000.000	1.0000
25	Waveform 1	1	17722.530843750	17722.551968750	1400.000	4000.000	1.0000
25	Spectrogram 1	1	17722.530843750	17722.551968750	1400.000	4000.000	1.0000
26	Waveform 1	1	17725.109718750	17725.127593750	1400.000	4000.000	1.0000
26	Spectrogram 1	1	17725.109718750	17725.127593750	1400.000	4000.000	1.0000
27	Waveform 1	1	17790.777593750	17790.787343750	1400.000	4000.000	1.0000
27	Spectrogram 1	1	17790.777593750	17790.787343750	1400.000	4000.000	1.0000
28	Waveform 1	1	17808.225218750	17808.234968750	1400.000	4000.000	1.0000
28	Spectrogram 1	1	17808.225218750	17808.234968750	1400.000	4000.000	1.0000
29	Waveform 1	1	17812.430718750	17812.451843750	1400.000	4000.000	1.0000
29	Spectrogram 1	1	17812.430718750	17812.451843750	1400.000	4000.000	1.0000
30	Waveform 1	1	17816.082093750	17816.098343750	1400.000	4000.000	1.0000
30	Spectrogram 1	1	17816.082093750	17816.098343750	1400.000	4000.000	1.0000
31	Waveform 1	1	17818.696718750	17818.711343750	1400.000	4000.000	1.0000
31	Spectrogram 1	1	17818.696718750	17818.711343750	1400.000	4000.000	1.0000
32	Waveform 1	1	17827.270218750	17827.294593750	1400.000	4000.000	1.0000
32	Spectrogram 1	1	17827.270218750	17827.294593750	1400.000	4000.000	1.0000
33	Waveform 1	1	17851.900343750	17851.913343750	1400.000	4000.000	1.0000
33	Spectrogram 1	1	17851.900343750	17851.913343750	1400.000	4000.000	1.0000
34	Waveform 1	1	17908.203343750	17908.216343750	1400.000	4000.000	1.0000
34	Spectrogram 1	1	17908.203343750	17908.216343750	1400.000	4000.000	1.0000
35	Waveform 1	1	17964.052968750	17964.069218750	1400.000	4000.000	1.0000
35	Spectrogram 1	1	17964.052968750	17964.069218750	1400.000	4000.000	1.0000
36	Waveform 1	1	18127.750593750	18127.771718750	1400.000	4000.000	1.0000
36	Spectrogram 1	1	18127.750593750	18127.771718750	1400.000	4000.000	1.0000
37	Waveform 1	1	18145.035718750	18145.053593750	1400.000	4000.000	1.0000
37	Spectrogram 1	1	18145.035718750	18145.053593750	1400.000	4000.000	1.0000
38	Waveform 1	1	18282.985218750	18283.003093750	1400.000	4000.000	1.0000
38	Spectrogram 1	1	18282.985218750	18283.003093750	1400.000	4000.000	1.0000
39	Waveform 1	1	18331.312718750	18331.328968750	1400.000	4000.000	1.0000
39	Spectrogram 1	1	18331.312718750	18331.328968750	1400.000	4000.000	1.0000
40	Waveform 1	1	18506.770468750	18506.778593750	1400.000	4000.000	1.0000
40	Spectrogram 1	1	18506.770468750	18506.778593750	1400.000	4000.000	1.0000
41	Waveform 1	1	18559.797468750	18559.818593750	1400.000	4000.000	0.8462
41	Spectrogram 1	1	18559.797468750	18559.818593750	1400.000	4000.000	0.8462
42	Waveform 1	1	18724.041093750	18724.052468750	1400.000	4000.000	1.0000
42	Spectrogram 1	1	18724.041093750	18724.052468750	1400.000	4000.000	1.0000
43	Waveform 1	1	18902.508343750	18902.527843750	1400.000	4000.000	1.0000
43	Spectrogram 1	1	18902.508343750	18902.527843750	1400.000	4000.000	1.0000
44	Waveform 1	1	18905.535718750	18905.543843750	1400.000	4000.000	1.0000
44	Spectrogram 1	1	18905.535718750	18905.543843750	1400.000	4000.000	1.0000
45	Waveform 1	1	18989.559593750	18989.569343750	1400.000	4000.000	1.0000
45	Spectrogram 1	1	18989.559593750	18989.569343750	1400.000	4000.000	1.0000
46	Waveform 1	1	19001.248218750	19001.259593750	1400.000	4000.000	1.0000
46	Spectrogram 1	1	19001.248218750	19001.259593750	1400.000	4000.000	1.0000
47	Waveform 1	1	19190.466468750	19190.476218750	1400.000	4000.000	1.0000
47	Spectrogram 1	1	19190.466468750	19190.476218750	1400.000	4000.000	1.0000
48	Waveform 1	1	19298.483468750	19298.502968750	1400.000	4000.000	1.0000
48	Spectrogram 1	1	19298.483468750	19298.502968750	1400.000	4000.000	1.0000
49	Waveform 1	1	19397.881468750	19397.891218750	1400.000	4000.000	1.0000
49	Spectrogram 1	1	19397.881468750	19397.891218750	1400.000	4000.000	1.0000
50	Waveform 1	1	19461.514843750	19461.529468750	1400.000	4000.000	1.0000
50	Spectrogram 1	1	19461.514843750	19461.529468750	1400.000	4000.000	1.0000
51	Waveform 1	1	19463.706968750	19463.737843750	1400.000	4000.000	1.0000
51	Spectrogram 1	1	19463.706968750	19463.737843750	1400.000	4000.000	1.0000
52	Waveform 1	1	19463.970218750	19463.979968750	1400.000	4000.000	1.0000
52	Spectrogram 1	1	19463.970218750	19463.979968750	1400.000	4000.000	1.0000
53	Waveform 1	1	19478.959218750	19478.988468750	1400.000	4000.000	0.8333
53	Spectrogram 1	1	19478.959218750	19478.988468750	1400.000	4000.000	0.8333
54	Waveform 1	1	19526.786218750	19526.795968750	1400.000	4000.000	1.0000
54	Spectrogram 1	1	19526.786218750	19526.795968750	1400.000	4000.000	1.0000
55	Waveform 1	1	19529.789218750	19529.807093750	1400.000	4000.000	1.0000
55	Spectrogram 1	1	19529.789218750	19529.807093750	1400.000	4000.000	1.0000
56	Waveform 1	1	19676.191968750	19676.206593750	1400.000	4000.000	1.0000
56	Spectrogram 1	1	19676.191968750	19676.206593750	1400.000	4000.000	1.0000
57	Waveform 1	1	19690.103593750	19690.126343750	1400.000	4000.000	1.0000
57	Spectrogram 1	1	19690.103593750	19690.126343750	1400.000	4000.000	1.0000
58	Waveform 1	1	19833.110093750	19833.126343750	1400.000	4000.000	1.0000
58	Spectrogram 1	1	19833.110093750	19833.126343750	1400.000	4000.000	1.0000
59	Waveform 1	1	19843.235468750	19843.251718750	1400.000	4000.000	1.0000
59	Spectrogram 1	1	19843.235468750	19843.251718750	1400.000	4000.000	1.0000
60	Waveform 1	1	19843.311843750	19843.319968750	1400.000	4000.000	1.0000
60	Spectrogram 1	1	19843.311843750	19843.319968750	1400.000	4000.000	1.0000
61	Waveform 1	1	19912.900843750	19912.918718750	1400.000	4000.000	1.0000
61	Spectrogram 1	1	19912.900843750	19912.918718750	1400.000	4000.000	1.0000
62	Waveform 1	1	19913.324968750	19913.339593750	1400.000	4000.000	1.0000
62	Spectrogram 1	1	19913.324968750	19913.339593750	1400.000	4000.000	1.0000
63	Waveform 1	1	19913.378593750	19913.389968750	1400.000	4000.000	1.0000
63	Spectrogram 1	1	19913.378593750	19913.389968750	1400.000	4000.000	1.0000
64	Waveform 1	1	19920.127218750	19920.140218750	1400.000	4000.000	1.0000
64	Spectrogram 1	1	19920.127218750	19920.140218750	1400.000	4000.000	1.0000
65	Waveform 1	1	19959.172718750	19959.201968750	1400.000	4000.000	1.0000
65	Spectrogram 1	1	19959.172718750	19959.201968750	1400.000	4000.000	1.0000
66	Waveform 1	1	20269.695593750	20269.723218750	1400.000	4000.000	1.0000
66	Spectrogram 1	1	20269.695593750	20269.723218750	1400.000	4000.000	1.0000
67	Waveform 1	1	20269.771968750	20269.783343750	1400.000	4000.000	1.0000
67	Spectrogram 1	1	20269.771968750	20269.783343750	1400.000	4000.000	1.0000
68	Waveform 1	1	20269.932843750	20269.950718750	1400.000	4000.000	1.0000
68	Spectrogram 1	1	20269.932843750	20269.950718750	1400.000	4000.000	1.0000
69	Waveform 1	1	20788.993593750	20789.011468750	1400.000	4000.000	1.0000
69	Spectrogram 1	1	20788.993593750	20789.011468750	1400.000	4000.000	1.0000
70	Waveform 1	1	21607.104718750	21607.124218750	1400.000	4000.000	1.0000
70	Spectrogram 1	1	21607.104718750	21607.124218750	1400.000	4000.000	1.0000
71	Waveform 1	1	22236.793843750	22236.801968750	1400.000	4000.000	1.0000
71	Spectrogram 1	1	22236.793843750	22236.801968750	1400.000	4000.000	1.0000
72	Waveform 1	1	22616.873218750	22616.889468750	1400.000	4000.000	1.0000
72	Spectrogram 1	1	22616.873218750	22616.889468750	1400.000	4000.000	1.0000
73	Waveform 1	1	22617.206343750	22617.222593750	1400.000	4000.000	1.0000
73	Spectrogram 1	1	22617.206343750	22617.222593750	1400.000	4000.000	1.0000
74	Waveform 1	1	31481.912843750	31481.929093750	1400.000	4000.000	1.0000
74	Spectrogram 1	1	31481.912843750	31481.929093750	1400.000	4000.000	1.0000
75	Waveform 1	1	31567.810343750	31567.820093750	1400.000	4000.000	1.0000
75	Spectrogram 1	1	31567.810343750	31567.820093750	1400.000	4000.000	1.0000
76	Waveform 1	1	32415.293343750	32415.316093750	1400.000	4000.000	1.0000
76	Spectrogram 1	1	32415.293343750	32415.316093750	1400.000	4000.000	1.0000
77	Waveform 1	1	33034.863593750	33034.871718750	1400.000	4000.000	1.0000
77	Spectrogram 1	1	33034.863593750	33034.871718750	1400.000	4000.000	1.0000
78	Waveform 1	1	35136.555718750	35136.567093750	1400.000	4000.000	1.0000
78	Spectrogram 1	1	35136.555718750	35136.567093750	1400.000	4000.000	1.0000
79	Waveform 1	1	36360.401718750	36360.414718750	1400.000	4000.000	1.0000
79	Spectrogram 1	1	36360.401718750	36360.414718750	1400.000	4000.000	1.0000
80	Waveform 1	1	37301.650468750	37301.666718750	1400.000	4000.000	1.0000
80	Spectrogram 1	1	37301.650468750	37301.666718750	1400.000	4000.000	1.0000
81	Waveform 1	1	37343.768843750	37343.780218750	1400.000	4000.000	1.0000
81	Spectrogram 1	1	37343.768843750	37343.780218750	1400.000	4000.000	1.0000
82	Waveform 1	1	37423.575843750	37423.595343750	1400.000	4000.000	1.0000
82	Spectrogram 1	1	37423.575843750	37423.595343750	1400.000	4000.000	1.0000
83	Waveform 1	1	37423.634343750	37423.650593750	1400.000	4000.000	1.0000
83	Spectrogram 1	1	37423.634343750	37423.650593750	1400.000	4000.000	1.0000
84	Waveform 1	1	40955.893593750	40955.901718750	1400.000	4000.000	1.0000
84	Spectrogram 1	1	40955.893593750	40955.901718750	1400.000	4000.000	1.0000
85	Waveform 1	1	41059.141218750	41059.160718750	1400.000	4000.000	1.0000
85	Spectrogram 1	1	41059.141218750	41059.160718750	1400.000	4000.000	1.0000
86	Waveform 1	1	41061.750968750	41061.770468750	1400.000	4000.000	1.0000
86	Spectrogram 1	1	41061.750968750	41061.770468750	1400.000	4000.000	1.0000
87	Waveform 1	1	41065.052968750	41065.064343750	1400.000	4000.000	1.0000
87	Spectrogram 1	1	41065.052968750	41065.064343750	1400.000	4000.000	1.0000
88	Waveform 1	1	41072.116843750	41072.129843750	1400.000	4000.000	1.0000
88	Spectrogram 1	1	41072.116843750	41072.129843750	1400.000	4000.000	1.0000
89	Waveform 1	1	47286.487343750	47286.497093750	1400.000	4000.000	1.0000
89	Spectrogram 1	1	47286.487343750	47286.497093750	1400.000	4000.000	1.0000
90	Waveform 1	1	49561.176968750	49561.194843750	1400.000	4000.000	1.0000
90	Spectrogram 1	1	49561.176968750	49561.194843750	1400.000	4000.000	1.0000
91	Waveform 1	1	49758.590093750	49758.604718750	1400.000	4000.000	1.0000
91	Spectrogram 1	1	49758.590093750	49758.604718750	1400.000	4000.000	1.0000
92	Waveform 1	1	53673.059093750	53673.083468750	1400.000	4000.000	1.0000
92	Spectrogram 1	1	53673.059093750	53673.083468750	1400.000	4000.000	1.0000
93	Waveform 1	1	53673.866718750	53673.892718750	1400.000	4000.000	1.0000
93	Spectrogram 1	1	53673.866718750	53673.892718750	1400.000	4000.000	1.0000
94	Waveform 1	1	54770.985468750	54771.003343750	1400.000	4000.000	1.0000
94	Spectrogram 1	1	54770.985468750	54771.003343750	1400.000	4000.000	1.0000
95	Waveform 1	1	54771.092718750	54771.108968750	1400.000	4000.000	1.0000
95	Spectrogram 1	1	54771.092718750	54771.108968750	1400.000	4000.000	1.0000
96	Waveform 1	1	57624.041843750	57624.051593750	1400.000	4000.000	1.0000
96	Spectrogram 1	1	57624.041843750	57624.051593750	1400.000	4000.000	1.0000
97	Waveform 1	1	61199.844593750	61199.857593750	1400.000	4000.000	1.0000
97	Spectrogram 1	1	61199.844593750	61199.857593750	1400.000	4000.000	1.0000
98	Waveform 1	1	61744.851718750	61744.876093750	1400.000	4000.000	1.0000
98	Spectrogram 1	1	61744.851718750	61744.876093750	1400.000	4000.000	1.0000
99	Waveform 1	1	64243.792968750	64243.809218750	1400.000	4000.000	1.0000
99	Spectrogram 1	1	64243.792968750	64243.809218750	1400.000	4000.000	1.0000
100	Waveform 1	1	66455.612968750	66455.621093750	1400.000	4000.000	1.0000
100	Spectrogram 1	1	66455.612968750	66455.621093750	1400.000	4000.000	1.0000
101	Waveform 1	1	67337.073093750	67337.081218750	1400.000	4000.000	1.0000
101	Spectrogram 1	1	67337.073093750	67337.081218750	1400.000	4000.000	1.0000
102	Waveform 1	1	70212.998093750	70213.022468750	1400.000	4000.000	1.0000
102	Spectrogram 1	1	70212.998093750	70213.022468750	1400.000	4000.000	1.0000
103	Waveform 1	1	70843.667093750	70843.689843750	1400.000	4000.000	1.0000
103	Spectrogram 1	1	70843.667093750	70843.689843750	1400.000	4000.000	1.0000
104	Waveform 1	1	70878.435593750	70878.445343750	1400.000	4000.000	1.0000
104	Spectrogram 1	1	70878.435593750	70878.445343750	1400.000	4000.000	1.0000
105	Waveform 1	1	71028.791968750	71028.804968750	1400.000	4000.000	1.0000
105	Spectrogram 1	1	71028.791968750	71028.804968750	1400.000	4000.000	1.0000
106	Waveform 1	1	72592.880468750	72592.891843750	1400.000	4000.000	1.0000
106	Spectrogram 1	1	72592.880468750	72592.891843750	1400.000	4000.000	1.0000
107	Waveform 1	1	73546.285843750	73546.303718750	1400.000	4000.000	1.0000
107	Spectrogram 1	1	73546.285843750	73546.303718750	1400.000	4000.000	1.0000
108	Waveform 1	1	73870.533468750	73870.543218750	1400.000	4000.000	1.0000
108	Spectrogram 1	1	73870.533468750	73870.543218750	1400.000	4000.000	1.0000
109	Waveform 1	1	73879.667593750	73879.680593750	1400.000	4000.000	1.0000
109	Spectrogram 1	1	73879.667593750	73879.680593750	1400.000	4000.000	1.0000
110	Waveform 1	1	73897.997593750	73898.005718750	1400.000	4000.000	1.0000
110	Spectrogram 1	1	73897.997593750	73898.005718750	1400.000	4000.000	1.0000
111	Waveform 1	1	74375.120343750	74375.128468750	1400.000	4000.000	1.0000
111	Spectrogram 1	1	74375.120343750	74375.128468750	1400.000	4000.000	1.0000
112	Waveform 1	1	74382.234593750	74382.252468750	1400.000	4000.000	1.0000
112	Spectrogram 1	1	74382.234593750	74382.252468750	1400.000	4000.000	1.0000
113	Waveform 1	1	74404.386593750	74404.407718750	1400.000	4000.000	1.0000
113	Spectrogram 1	1	74404.386593750	74404.407718750	1400.000	4000.000	1.0000
114	Waveform 1	1	74591.259968750	74591.279468750	1400.000	4000.000	1.0000
114	Spectrogram 1	1	74591.259968750	74591.279468750	1400.000	4000.000	1.0000
115	Waveform 1	1	74852.972718750	74852.984093750	1400.000	4000.000	1.0000
115	Spectrogram 1	1	74852.972718750	74852.984093750	1400.000	4000.000	1.0000
116	Waveform 1	1	74863.847218750	74863.861843750	1400.000	4000.000	1.0000
116	Spectrogram 1	1	74863.847218750	74863.861843750	1400.000	4000.000	1.0000
117	Waveform 1	1	74952.078218750	74952.087968750	1400.000	4000.000	1.0000
117	Spectrogram 1	1	74952.078218750	74952.087968750	1400.000	4000.000	1.0000
118	Waveform 1	1	74960.243843750	74960.253593750	1400.000	4000.000	1.0000
118	Spectrogram 1	1	74960.243843750	74960.253593750	1400.000	4000.000	1.0000
119	Waveform 1	1	75016.361593750	75016.376218750	1400.000	4000.000	1.0000
119	Spectrogram 1	1	75016.361593750	75016.376218750	1400.000	4000.000	1.0000
120	Waveform 1	1	75016.733718750	75016.749968750	1400.000	4000.000	1.0000
120	Spectrogram 1	1	75016.733718750	75016.749968750	1400.000	4000.000	1.0000
121	Waveform 1	1	75026.612093750	75026.628343750	1400.000	4000.000	1.0000
121	Spectrogram 1	1	75026.612093750	75026.628343750	1400.000	4000.000	1.0000
122	Waveform 1	1	75076.723843750	75076.733593750	1400.000	4000.000	1.0000
122	Spectrogram 1	1	75076.723843750	75076.733593750	1400.000	4000.000	1.0000
123	Waveform 1	1	75091.075843750	75091.105093750	1400.000	4000.000	1.0000
123	Spectrogram 1	1	75091.075843750	75091.105093750	1400.000	4000.000	1.0000
124	Waveform 1	1	75391.985218750	75391.996593750	1400.000	4000.000	1.0000
124	Spectrogram 1	1	75391.985218750	75391.996593750	1400.000	4000.000	1.0000
125	Waveform 1	1	75583.055968750	75583.068968750	1400.000	4000.000	1.0000
125	Spectrogram 1	1	75583.055968750	75583.068968750	1400.000	4000.000	1.0000
126	Waveform 1	1	75658.069218750	75658.093593750	1400.000	4000.000	1.0000
126	Spectrogram 1	1	75658.069218750	75658.093593750	1400.000	4000.000	1.0000
127	Waveform 1	1	75658.431593750	75658.455968750	1400.000	4000.000	1.0000
127	Spectrogram 1	1	75658.431593750	75658.455968750	1400.000	4000.000	1.0000
128	Waveform 1	1	75675.084593750	75675.095968750	1400.000	4000.000	1.0000
128	Spectrogram 1	1	75675.084593750	75675.095968750	1400.000	4000.000	1.0000
129	Waveform 1	1	75689.374843750	75689.394343750	1400.000	4000.000	1.0000
129	Spectrogram 1	1	75689.374843750	75689.394343750	1400.000	4000.000	1.0000
130	Waveform 1	1	75689.742093750	75689.755093750	1400.000	4000.000	1.0000
130	Spectrogram 1	1	75689.742093750	75689.755093750	1400.000	4000.000	1.0000
131	Waveform 1	1	75708.343468750	75708.351593750	1400.000	4000.000	1.0000
131	Spectrogram 1	1	75708.343468750	75708.351593750	1400.000	4000.000	1.0000
132	Waveform 1	1	75728.095343750	75728.103468750	1400.000	4000.000	1.0000
132	Spectrogram 1	1	75728.095343750	75728.103468750	1400.000	4000.000	1.0000
133	Waveform 1	1	76207.455718750	76207.471968750	1400.000	4000.000	1.0000
133	Spectrogram 1	1	76207.455718750	76207.471968750	1400.000	4000.000	1.0000
134	Waveform 1	1	76624.924718750	76624.934468750	1400.000	4000.000	1.0000
134	Spectrogram 1	1	76624.924718750	76624.934468750	1400.000	4000.000	1.0000
135	Waveform 1	1	76638.028718750	76638.044968750	1400.000	4000.000	1.0000
135	Spectrogram 1	1	76638.028718750	76638.044968750	1400.000	4000.000	1.0000
136	Waveform 1	1	76868.658468750	76868.681218750	1400.000	4000.000	1.0000
136	Spectrogram 1	1	76868.658468750	76868.681218750	1400.000	4000.000	1.0000
137	Waveform 1	1	76935.717343750	76935.728718750	1400.000	4000.000	1.0000
137	Spectrogram 1	1	76935.717343750	76935.728718750	1400.000	4000.000	1.0000
138	Waveform 1	1	76939.745718750	76939.761968750	1400.000	4000.000	1.0000
138	Spectrogram 1	1	76939.745718750	76939.761968750	1400.000	4000.000	1.0000
139	Waveform 1	1	76978.165593750	76978.181843750	1400.000	4000.000	1.0000
139	Spectrogram 1	1	76978.165593750	76978.181843750	1400.000	4000.000	1.0000
140	Waveform 1	1	77170.009843750	77170.030968750	1400.000	4000.000	1.0000
140	Spectrogram 1	1	77170.009843750	77170.030968750	1400.000	4000.000	1.0000
141	Waveform 1	1	77170.547718750	77170.570468750	1400.000	4000.000	1.0000
141	Spectrogram 1	1	77170.547718750	77170.570468750	1400.000	4000.000	1.0000
142	Waveform 1	1	77298.131343750	77298.141093750	1400.000	4000.000	1.0000
142	Spectrogram 1	1	77298.131343750	77298.141093750	1400.000	4000.000	1.0000
143	Waveform 1	1	78913.246468750	78913.257843750	1400.000	4000.000	1.0000
143	Spectrogram 1	1	78913.246468750	78913.257843750	1400.000	4000.000	1.0000
144	Waveform 1	1	79266.602718750	79266.610843750	1400.000	4000.000	1.0000
144	Spectrogram 1	1	79266.602718750	79266.610843750	1400.000	4000.000	1.0000
145	Waveform 1	1	79269.404218750	79269.425343750	1400.000	4000.000	1.0000
145	Spectrogram 1	1	79269.404218750	79269.425343750	1400.000	4000.000	1.0000
146	Waveform 1	1	79272.031843750	79272.056218750	1400.000	4000.000	1.0000
146	Spectrogram 1	1	79272.031843750	79272.056218750	1400.000	4000.000	1.0000
147	Waveform 1	1	79272.800468750	79272.828093750	1400.000	4000.000	1.0000
147	Spectrogram 1	1	79272.800468750	79272.828093750	1400.000	4000.000	1.0000
148	Waveform 1	1	79274.301968750	79274.310093750	1400.000	4000.000	1.0000
148	Spectrogram 1	1	79274.301968750	79274.310093750	1400.000	4000.000	1.0000
149	Waveform 1	1	79279.180218750	79279.191593750	1400.000	4000.000	1.0000
149	Spectrogram 1	1	79279.180218750	79279.191593750	1400.000	4000.000	1.0000
150	Waveform 1	1	79283.813093750	79283.827718750	1400.000	4000.000	1.0000
150	Spectrogram 1	1	79283.813093750	79283.827718750	1400.000	4000.000	1.0000
151	Waveform 1	1	79288.301343750	79288.312718750	1400.000	4000.000	1.0000
151	Spectrogram 1	1	79288.301343750	79288.312718750	1400.000	4000.000	1.0000
152	Waveform 1	1	79302.492468750	79302.511968750	1400.000	4000.000	1.0000
152	Spectrogram 1	1	79302.492468750	79302.511968750	1400.000	4000.000	1.0000
153	Waveform 1	1	79304.543218750	79304.554593750	1400.000	4000.000	1.0000
153	Spectrogram 1	1	79304.543218750	79304.554593750	1400.000	4000.000	1.0000
154	Waveform 1	1	79308.576468750	79308.595968750	1400.000	4000.000	1.0000
154	Spectrogram 1	1	79308.576468750	79308.595968750	1400.000	4000.000	1.0000
155	Waveform 1	1	79312.642218750	79312.658468750	1400.000	4000.000	1.0000
155	Spectrogram 1	1	79312.642218750	79312.658468750	1400.000	4000.000	1.0000
156	Waveform 1	1	79315.731343750	79315.742718750	1400.000	4000.000	1.0000
156	Spectrogram 1	1	79315.731343750	79315.742718750	1400.000	4000.000	1.0000
157	Waveform 1	1	79321.243343750	79321.257968750	1400.000	4000.000	1.0000
157	Spectrogram 1	1	79321.243343750	79321.257968750	1400.000	4000.000	1.0000
158	Waveform 1	1	79394.530843750	79394.542218750	1400.000	4000.000	1.0000
158	Spectrogram 1	1	79394.530843750	79394.542218750	1400.000	4000.000	1.0000
159	Waveform 1	1	79618.546843750	79618.563093750	1400.000	4000.000	1.0000
159	Spectrogram 1	1	79618.546843750	79618.563093750	1400.000	4000.000	1.0000
160	Waveform 1	1	79618.602093750	79618.621593750	1400.000	4000.000	1.0000
160	Spectrogram 1	1	79618.602093750	79618.621593750	1400.000	4000.000	1.0000
161	Waveform 1	1	79618.665468750	79618.678468750	1400.000	4000.000	1.0000
161	Spectrogram 1	1	79618.665468750	79618.678468750	1400.000	4000.000	1.0000
162	Waveform 1	1	79622.217718750	79622.225843750	1400.000	4000.000	1.0000
162	Spectrogram 1	1	79622.217718750	79622.225843750	1400.000	4000.000	1.0000
163	Waveform 1	1	79622.266468750	79622.281093750	1400.000	4000.000	1.0000
163	Spectrogram 1	1	79622.266468750	79622.281093750	1400.000	4000.000	1.0000
164	Waveform 1	1	79622.407843750	79622.420843750	1400.000	4000.000	1.0000
164	Spectrogram 1	1	79622.407843750	79622.420843750	1400.000	4000.000	1.0000
165	Waveform 1	1	79624.474843750	79624.494343750	1400.000	4000.000	1.0000
165	Spectrogram 1	1	79624.474843750	79624.494343750	1400.000	4000.000	1.0000
166	Waveform 1	1	79629.796718750	79629.811343750	1400.000	4000.000	1.0000
166	Spectrogram 1	1	79629.796718750	79629.811343750	1400.000	4000.000	1.0000
167	Waveform 1	1	79812.989468750	79813.010593750	1400.000	4000.000	1.0000
167	Spectrogram 1	1	79812.989468750	79813.010593750	1400.000	4000.000	1.0000
168	Waveform 1	1	79813.057718750	79813.067468750	1400.000	4000.000	1.0000
168	Spectrogram 1	1	79813.057718750	79813.067468750	1400.000	4000.000	1.0000
169	Waveform 1	1	79889.323843750	79889.331968750	1400.000	4000.000	1.0000
169	Spectrogram 1	1	79889.323843750	79889.331968750	1400.000	4000.000	1.0000
170	Waveform 1	1	79952.237343750	79952.248718750	1400.000	4000.000	1.0000
170	Spectrogram 1	1	79952.237343750	79952.248718750	1400.000	4000.000	1.0000
171	Waveform 1	1	79954.063843750	79954.076843750	1400.000	4000.000	1.0000
171	Spectrogram 1	1	79954.063843750	79954.076843750	1400.000	4000.000	1.0000
172	Waveform 1	1	79956.522468750	79956.533843750	1400.000	4000.000	1.0000
172	Spectrogram 1	1	79956.522468750	79956.533843750	1400.000	4000.000	1.0000
173	Waveform 1	1	79966.886718750	79966.904593750	1400.000	4000.000	1.0000
173	Spectrogram 1	1	79966.886718750	79966.904593750	1400.000	4000.000	1.0000
174	Waveform 1	1	80032.635843750	80032.648843750	1400.000	4000.000	1.0000
174	Spectrogram 1	1	80032.635843750	80032.648843750	1400.000	4000.000	1.0000
175	Waveform 1	1	80035.724968750	80035.734718750	1400.000	4000.000	1.0000
175	Spectrogram 1	1	80035.724968750	80035.734718750	1400.000	4000.000	1.0000
176	Waveform 1	1	80040.629218750	80040.650343750	1400.000	4000.000	1.0000
176	Spectrogram 1	1	80040.629218750	80040.650343750	1400.000	4000.000	1.0000
177	Waveform 1	1	80075.262843750	80075.280718750	1400.000	4000.000	1.0000
177	Spectrogram 1	1	80075.262843750	80075.280718750	1400.000	4000.000	1.0000
178	Waveform 1	1	80156.589218750	80156.600593750	1400.000	4000.000	1.0000
178	Spectrogram 1	1	80156.589218750	80156.600593750	1400.000	4000.000	1.0000
179	Waveform 1	1	80210.657843750	80210.670843750	1400.000	4000.000	1.0000
179	Spectrogram 1	1	80210.657843750	80210.670843750	1400.000	4000.000	1.0000
180	Waveform 1	1	80225.273093750	80225.284468750	1400.000	4000.000	1.0000
180	Spectrogram 1	1	80225.273093750	80225.284468750	1400.000	4000.000	1.0000
181	Waveform 1	1	80229.182843750	80229.205593750	1400.000	4000.000	1.0000
181	Spectrogram 1	1	80229.182843750	80229.205593750	1400.000	4000.000	1.0000
182	Waveform 1	1	80321.092843750	80321.100968750	1400.000	4000.000	1.0000
182	Spectrogram 1	1	80321.092843750	80321.100968750	1400.000	4000.000	1.0000
183	Waveform 1	1	80352.517093750	80352.536593750	1400.000	4000.000	1.0000
183	Spectrogram 1	1	80352.517093750	80352.536593750	1400.000	4000.000	1.0000
184	Waveform 1	1	80353.040343750	80353.054968750	1400.000	4000.000	1.0000
184	Spectrogram 1	1	80353.040343750	80353.054968750	1400.000	4000.000	1.0000
185	Waveform 1	1	80375.822843750	80375.852093750	1400.000	4000.000	1.0000
185	Spectrogram 1	1	80375.822843750	80375.852093750	1400.000	4000.000	1.0000
186	Waveform 1	1	80386.260218750	80386.268343750	1400.000	4000.000	1.0000
186	Spectrogram 1	1	80386.260218750	80386.268343750	1400.000	4000.000	1.0000
187	Waveform 1	1	80387.186468750	80387.204343750	1400.000	4000.000	1.0000
187	Spectrogram 1	1	80387.186468750	80387.204343750	1400.000	4000.000	1.0000
188	Waveform 1	1	80387.868968750	80387.885218750	1400.000	4000.000	1.0000
188	Spectrogram 1	1	80387.868968750	80387.885218750	1400.000	4000.000	1.0000
189	Waveform 1	1	80387.929093750	80387.938843750	1400.000	4000.000	1.0000
189	Spectrogram 1	1	80387.929093750	80387.938843750	1400.000	4000.000	1.0000
190	Waveform 1	1	80388.176093750	80388.190718750	1400.000	4000.000	1.0000
190	Spectrogram 1	1	80388.176093750	80388.190718750	1400.000	4000.000	1.0000
191	Waveform 1	1	80389.217718750	80389.237218750	1400.000	4000.000	1.0000
191	Spectrogram 1	1	80389.217718750	80389.237218750	1400.000	4000.000	1.0000
192	Waveform 1	1	80389.519968750	80389.550843750	1400.000	4000.000	1.0000
192	Spectrogram 1	1	80389.519968750	80389.550843750	1400.000	4000.000	1.0000
193	Waveform 1	1	80389.646718750	80389.664593750	1400.000	4000.000	1.0000
193	Spectrogram 1	1	80389.646718750	80389.664593750	1400.000	4000.000	1.0000
194	Waveform 1	1	80389.867718750	80389.888843750	1400.000	4000.000	1.0000
194	Spectrogram 1	1	80389.867718750	80389.888843750	1400.000	4000.000	1.0000
195	Waveform 1	1	80390.507968750	80390.517718750	1400.000	4000.000	1.0000
195	Spectrogram 1	1	80390.507968750	80390.517718750	1400.000	4000.000	1.0000
196	Waveform 1	1	80390.610343750	80390.620093750	1400.000	4000.000	1.0000
196	Spectrogram 1	1	80390.610343750	80390.620093750	1400.000	4000.000	1.0000
197	Waveform 1	1	80392.077718750	80392.106968750	1400.000	4000.000	1.0000
197	Spectrogram 1	1	80392.077718750	80392.106968750	1400.000	4000.000	1.0000
198	Waveform 1	1	80393.094968750	80393.117718750	1400.000	4000.000	1.0000
198	Spectrogram 1	1	80393.094968750	80393.117718750	1400.000	4000.000	1.0000
199	Waveform 1	1	80401.436093750	80401.458843750	1400.000	4000.000	1.0000
199	Spectrogram 1	1	80401.436093750	80401.458843750	1400.000	4000.000	1.0000
200	Waveform 1	1	80404.401718750	80404.413093750	1400.000	4000.000	1.0000
200	Spectrogram 1	1	80404.401718750	80404.413093750	1400.000	4000.000	1.0000
201	Waveform 1	1	80411.460718750	80411.473718750	1400.000	4000.000	1.0000
201	Spectrogram 1	1	80411.460718750	80411.473718750	1400.000	4000.000	1.0000
202	Waveform 1	1	80413.360343750	80413.370093750	1400.000	4000.000	1.0000
202	Spectrogram 1	1	80413.360343750	80413.370093750	1400.000	4000.000	1.0000
203	Waveform 1	1	80416.712718750	80416.722468750	1400.000	4000.000	1.0000
203	Spectrogram 1	1	80416.712718750	80416.722468750	1400.000	4000.000	1.0000
204	Waveform 1	1	80416.974343750	80416.997093750	1400.000	4000.000	0.8571
204	Spectrogram 1	1	80416.974343750	80416.997093750	1400.000	4000.000	0.8571
205	Waveform 1	1	80417.175843750	80417.193718750	1400.000	4000.000	1.0000
205	Spectrogram 1	1	80417.175843750	80417.193718750	1400.000	4000.000	1.0000
206	Waveform 1	1	80417.426093750	80417.440718750	1400.000	4000.000	1.0000
206	Spectrogram 1	1	80417.426093750	80417.440718750	1400.000	4000.000	1.0000
207	Waveform 1	1	80417.489468750	80417.504093750	1400.000	4000.000	1.0000
207	Spectrogram 1	1	80417.489468750	80417.504093750	1400.000	4000.000	1.0000
208	Waveform 1	1	80417.695843750	80417.707218750	1400.000	4000.000	1.0000
208	Spectrogram 1	1	80417.695843750	80417.707218750	1400.000	4000.000	1.0000
209	Waveform 1	1	80419.036468750	80419.049468750	1400.000	4000.000	1.0000
209	Spectrogram 1	1	80419.036468750	80419.049468750	1400.000	4000.000	1.0000
210	Waveform 1	1	80419.298093750	80419.314343750	1400.000	4000.000	1.0000
210	Spectrogram 1	1	80419.298093750	80419.314343750	1400.000	4000.000	1.0000
211	Waveform 1	1	80419.392343750	80419.410218750	1400.000	4000.000	1.0000
211	Spectrogram 1	1	80419.392343750	80419.410218750	1400.000	4000.000	1.0000
212	Waveform 1	1	80420.056968750	80420.073218750	1400.000	4000.000	1.0000
212	Spectrogram 1	1	80420.056968750	80420.073218750	1400.000	4000.000	1.0000
213	Waveform 1	1	80423.315093750	80423.323218750	1400.000	4000.000	1.0000
213	Spectrogram 1	1	80423.315093750	80423.323218750	1400.000	4000.000	1.0000
214	Waveform 1	1	80423.399593750	80423.407718750	1400.000	4000.000	1.0000
214	Spectrogram 1	1	80423.399593750	80423.407718750	1400.000	4000.000	1.0000
215	Waveform 1	1	80424.746718750	80424.779218750	1400.000	4000.000	0.9000
215	Spectrogram 1	1	80424.746718750	80424.779218750	1400.000	4000.000	0.9000
216	Waveform 1	1	80425.503968750	80425.518593750	1400.000	4000.000	1.0000
216	Spectrogram 1	1	80425.503968750	80425.518593750	1400.000	4000.000	1.0000
217	Waveform 1	1	80427.731843750	80427.756218750	1400.000	4000.000	0.8667
217	Spectrogram 1	1	80427.731843750	80427.756218750	1400.000	4000.000	0.8667
218	Waveform 1	1	80428.633718750	80428.656468750	1400.000	4000.000	1.0000
218	Spectrogram 1	1	80428.633718750	80428.656468750	1400.000	4000.000	1.0000
219	Waveform 1	1	80429.381218750	80429.394218750	1400.000	4000.000	1.0000
219	Spectrogram 1	1	80429.381218750	80429.394218750	1400.000	4000.000	1.0000
220	Waveform 1	1	80429.555093750	80429.572968750	1400.000	4000.000	1.0000
220	Spectrogram 1	1	80429.555093750	80429.572968750	1400.000	4000.000	1.0000
221	Waveform 1	1	80430.023093750	80430.040968750	1400.000	4000.000	1.0000
221	Spectrogram 1	1	80430.023093750	80430.040968750	1400.000	4000.000	1.0000
222	Waveform 1	1	80430.666593750	80430.690968750	1400.000	4000.000	1.0000
222	Spectrogram 1	1	80430.666593750	80430.690968750	1400.000	4000.000	1.0000
223	Waveform 1	1	80430.833968750	80430.851843750	1400.000	4000.000	1.0000
223	Spectrogram 1	1	80430.833968750	80430.851843750	1400.000	4000.000	1.0000
224	Waveform 1	1	80431.204468750	80431.214218750	1400.000	4000.000	1.0000
224	Spectrogram 1	1	80431.204468750	80431.214218750	1400.000	4000.000	1.0000
225	Waveform 1	1	80432.507718750	80432.535343750	1400.000	4000.000	1.0000
225	Spectrogram 1	1	80432.507718750	80432.535343750	1400.000	4000.000	1.0000
226	Waveform 1	1	80434.186343750	80434.204218750	1400.000	4000.000	1.0000
226	Spectrogram 1	1	80434.186343750	80434.204218750	1400.000	4000.000	1.0000
227	Waveform 1	1	80435.895843750	80435.905593750	1400.000	4000.000	1.0000
227	Spectrogram 1	1	80435.895843750	80435.905593750	1400.000	4000.000	1.0000
228	Waveform 1	1	80437.177968750	80437.189343750	1400.000	4000.000	1.0000
228	Spectrogram 1	1	80437.177968750	80437.189343750	1400.000	4000.000	1.0000
229	Waveform 1	1	80437.244593750	80437.260843750	1400.000	4000.000	1.0000
229	Spectrogram 1	1	80437.244593750	80437.260843750	1400.000	4000.000	1.0000
230	Waveform 1	1	80437.470468750	80437.493218750	1400.000	4000.000	1.0000
230	Spectrogram 1	1	80437.470468750	80437.493218750	1400.000	4000.000	1.0000
231	Waveform 1	1	80439.904718750	80439.916093750	1400.000	4000.000	1.0000
231	Spectrogram 1	1	80439.904718750	80439.916093750	1400.000	4000.000	1.0000
232	Waveform 1	1	80478.771468750	80478.786093750	1400.000	4000.000	1.0000
232	Spectrogram 1	1	80478.771468750	80478.786093750	1400.000	4000.000	1.0000
233	Waveform 1	1	80481.371468750	80481.382843750	1400.000	4000.000	1.0000
233	Spectrogram 1	1	80481.371468750	80481.382843750	1400.000	4000.000	1.0000
234	Waveform 1	1	80484.228218750	80484.250968750	1400.000	4000.000	1.0000
234	Spectrogram 1	1	80484.228218750	80484.250968750	1400.000	4000.000	1.0000
235	Waveform 1	1	80486.329343750	80486.348843750	1400.000	4000.000	1.0000
235	Spectrogram 1	1	80486.329343750	80486.348843750	1400.000	4000.000	1.0000
236	Waveform 1	1	80490.975218750	80490.983343750	1400.000	4000.000	1.0000
236	Spectrogram 1	1	80490.975218750	80490.983343750	1400.000	4000.000	1.0000
237	Waveform 1	1	80493.344468750	80493.359093750	1400.000	4000.000	1.0000
237	Spectrogram 1	1	80493.344468750	80493.359093750	1400.000	4000.000	1.0000
238	Waveform 1	1	80516.827343750	80516.841968750	1400.000	4000.000	1.0000
238	Spectrogram 1	1	80516.827343750	80516.841968750	1400.000	4000.000	1.0000
239	Waveform 1	1	80519.063343750	80519.076343750	1400.000	4000.000	1.0000
239	Spectrogram 1	1	80519.063343750	80519.076343750	1400.000	4000.000	1.0000
240	Waveform 1	1	80533.735468750	80533.745218750	1400.000	4000.000	1.0000
240	Spectrogram 1	1	80533.735468750	80533.745218750	1400.000	4000.000	1.0000
241	Waveform 1	1	80536.689718750	80536.701093750	1400.000	4000.000	1.0000
241	Spectrogram 1	1	80536.689718750	80536.701093750	1400.000	4000.000	1.0000
242	Waveform 1	1	80622.674968750	80622.689593750	1400.000	4000.000	1.0000
242	Spectrogram 1	1	80622.674968750	80622.689593750	1400.000	4000.000	1.0000
243	Waveform 1	1	80698.138343750	80698.152968750	1400.000	4000.000	1.0000
243	Spectrogram 1	1	80698.138343750	80698.152968750	1400.000	4000.000	1.0000
244	Waveform 1	1	80711.533218750	80711.544593750	1400.000	4000.000	1.0000
244	Spectrogram 1	1	80711.533218750	80711.544593750	1400.000	4000.000	1.0000
245	Waveform 1	1	80742.071843750	80742.086468750	1400.000	4000.000	1.0000
245	Spectrogram 1	1	80742.071843750	80742.086468750	1400.000	4000.000	1.0000
246	Waveform 1	1	80769.399468750	80769.430343750	1400.000	4000.000	1.0000
246	Spectrogram 1	1	80769.399468750	80769.430343750	1400.000	4000.000	1.0000
247	Waveform 1	1	80769.466093750	80769.479093750	1400.000	4000.000	1.0000
247	Spectrogram 1	1	80769.466093750	80769.479093750	1400.000	4000.000	1.0000
248	Waveform 1	1	80816.844593750	80816.854343750	1400.000	4000.000	1.0000
248	Spectrogram 1	1	80816.844593750	80816.854343750	1400.000	4000.000	1.0000
249	Waveform 1	1	80818.281093750	80818.292468750	1400.000	4000.000	1.0000
249	Spectrogram 1	1	80818.281093750	80818.292468750	1400.000	4000.000	1.0000
250	Waveform 1	1	80818.375343750	80818.386718750	1400.000	4000.000	1.0000
250	Spectrogram 1	1	80818.375343750	80818.386718750	1400.000	4000.000	1.0000
251	Waveform 1	1	80876.288718750	80876.303343750	1400.000	4000.000	1.0000
251	Spectrogram 1	1	80876.288718750	80876.303343750	1400.000	4000.000	1.0000
252	Waveform 1	1	80878.787968750	80878.815593750	1400.000	4000.000	1.0000
252	Spectrogram 1	1	80878.787968750	80878.815593750	1400.000	4000.000	1.0000
253	Waveform 1	1	81027.059468750	81027.077343750	1400.000	4000.000	1.0000
253	Spectrogram 1	1	81027.059468750	81027.077343750	1400.000	4000.000	1.0000
254	Waveform 1	1	81052.492343750	81052.500468750	1400.000	4000.000	1.0000
254	Spectrogram 1	1	81052.492343750	81052.500468750	1400.000	4000.000	1.0000
255	Waveform 1	1	81071.378093750	81071.395968750	1400.000	4000.000	1.0000
255	Spectrogram 1	1	81071.378093750	81071.395968750	1400.000	4000.000	1.0000
256	Waveform 1	1	81073.869218750	81073.896843750	1400.000	4000.000	1.0000
256	Spectrogram 1	1	81073.869218750	81073.896843750	1400.000	4000.000	1.0000
257	Waveform 1	1	81074.090218750	81074.098343750	1400.000	4000.000	1.0000
257	Spectrogram 1	1	81074.090218750	81074.098343750	1400.000	4000.000	1.0000
258	Waveform 1	1	81074.202343750	81074.231593750	1400.000	4000.000	1.0000
258	Spectrogram 1	1	81074.202343750	81074.231593750	1400.000	4000.000	1.0000
259	Waveform 1	1	81074.342093750	81074.361593750	1400.000	4000.000	1.0000
259	Spectrogram 1	1	81074.342093750	81074.361593750	1400.000	4000.000	1.0000
260	Waveform 1	1	81075.806218750	81075.824093750	1400.000	4000.000	1.0000
260	Spectrogram 1	1	81075.806218750	81075.824093750	1400.000	4000.000	1.0000
261	Waveform 1	1	81075.884218750	81075.915093750	1400.000	4000.000	1.0000
261	Spectrogram 1	1	81075.884218750	81075.915093750	1400.000	4000.000	1.0000
262	Waveform 1	1	81078.011343750	81078.029218750	1400.000	4000.000	1.0000
262	Spectrogram 1	1	81078.011343750	81078.029218750	1400.000	4000.000	1.0000
263	Waveform 1	1	81081.027343750	81081.035468750	1400.000	4000.000	1.0000
263	Spectrogram 1	1	81081.027343750	81081.035468750	1400.000	4000.000	1.0000
264	Waveform 1	1	81081.438468750	81081.448218750	1400.000	4000.000	1.0000
264	Spectrogram 1	1	81081.438468750	81081.448218750	1400.000	4000.000	1.0000
265	Waveform 1	1	81082.312718750	81082.345218750	1400.000	4000.000	1.0000
265	Spectrogram 1	1	81082.312718750	81082.345218750	1400.000	4000.000	1.0000
266	Waveform 1	1	81347.784093750	81347.801968750	1400.000	4000.000	1.0000
266	Spectrogram 1	1	81347.784093750	81347.801968750	1400.000	4000.000	1.0000
267	Waveform 1	1	81407.127468750	81407.146968750	1400.000	4000.000	1.0000
267	Spectrogram 1	1	81407.127468750	81407.146968750	1400.000	4000.000	1.0000
268	Waveform 1	1	81575.123218750	81575.147593750	1400.000	4000.000	1.0000
268	Spectrogram 1	1	81575.123218750	81575.147593750	1400.000	4000.000	1.0000
269	Waveform 1	1	81575.695218750	81575.722843750	1400.000	4000.000	1.0000
269	Spectrogram 1	1	81575.695218750	81575.722843750	1400.000	4000.000	1.0000
270	Waveform 1	1	81578.860718750	81578.872093750	1400.000	4000.000	1.0000
270	Spectrogram 1	1	81578.860718750	81578.872093750	1400.000	4000.000	1.0000
271	Waveform 1	1	81721.587718750	81721.613718750	1400.000	4000.000	0.8750
271	Spectrogram 1	1	81721.587718750	81721.613718750	1400.000	4000.000	0.8750
272	Waveform 1	1	81749.596218750	81749.605968750	1400.000	4000.000	1.0000
272	Spectrogram 1	1	81749.596218750	81749.605968750	1400.000	4000.000	1.0000
273	Waveform 1	1	81985.084718750	81985.096093750	1400.000	4000.000	1.0000
273	Spectrogram 1	1	81985.084718750	81985.096093750	1400.000	4000.000	1.0000
274	Waveform 1	1	82009.649843750	82009.661218750	1400.000	4000.000	1.0000
274	Spectrogram 1	1	82009.649843750	82009.661218750	1400.000	4000.000	1.0000
275	Waveform 1	1	82399.698593750	82399.711593750	1400.000	4000.000	1.0000
275	Spectrogram 1	1	82399.698593750	82399.711593750	1400.000	4000.000	1.0000
276	Waveform 1	1	82400.792218750	82400.806843750	1400.000	4000.000	1.0000
276	Spectrogram 1	1	82400.792218750	82400.806843750	1400.000	4000.000	1.0000
277	Waveform 1	1	82403.410093750	82403.434468750	1400.000	4000.000	0.8667
277	Spectrogram 1	1	82403.410093750	82403.434468750	1400.000	4000.000	0.8667
278	Waveform 1	1	82405.366593750	82405.392593750	1400.000	4000.000	1.0000
278	Spectrogram 1	1	82405.366593750	82405.392593750	1400.000	4000.000	1.0000
279	Waveform 1	1	82406.508968750	82406.523593750	1400.000	4000.000	1.0000
279	Spectrogram 1	1	82406.508968750	82406.523593750	1400.000	4000.000	1.0000
280	Waveform 1	1	82407.615593750	82407.631843750	1400.000	4000.000	1.0000
280	Spectrogram 1	1	82407.615593750	82407.631843750	1400.000	4000.000	1.0000
281	Waveform 1	1	82407.680593750	82407.690343750	1400.000	4000.000	1.0000
281	Spectrogram 1	1	82407.680593750	82407.690343750	1400.000	4000.000	1.0000
282	Waveform 1	1	82407.724468750	82407.734218750	1400.000	4000.000	1.0000
282	Spectrogram 1	1	82407.724468750	82407.734218750	1400.000	4000.000	1.0000
283	Waveform 1	1	82693.427093750	82693.435218750	1400.000	4000.000	1.0000
283	Spectrogram 1	1	82693.427093750	82693.435218750	1400.000	4000.000	1.0000
284	Waveform 1	1	82794.997718750	82795.009093750	1400.000	4000.000	1.0000
284	Spectrogram 1	1	82794.997718750	82795.009093750	1400.000	4000.000	1.0000
285	Waveform 1	1	82804.728218750	82804.746093750	1400.000	4000.000	1.0000
285	Spectrogram 1	1	82804.728218750	82804.746093750	1400.000	4000.000	1.0000
286	Waveform 1	1	82810.001343750	82810.009468750	1400.000	4000.000	1.0000
286	Spectrogram 1	1	82810.001343750	82810.009468750	1400.000	4000.000	1.0000
287	Waveform 1	1	83122.971468750	83122.981218750	1400.000	4000.000	1.0000
287	Spectrogram 1	1	83122.971468750	83122.981218750	1400.000	4000.000	1.0000
288	Waveform 1	1	83182.217343750	83182.225468750	1400.000	4000.000	1.0000
288	Spectrogram 1	1	83182.217343750	83182.225468750	1400.000	4000.000	1.0000
289	Waveform 1	1	83234.293718750	83234.313218750	1400.000	4000.000	1.0000
289	Spectrogram 1	1	83234.293718750	83234.313218750	1400.000	4000.000	1.0000
290	Waveform 1	1	83234.430218750	83234.444843750	1400.000	4000.000	1.0000
290	Spectrogram 1	1	83234.430218750	83234.444843750	1400.000	4000.000	1.0000
291	Waveform 1	1	83237.597343750	83237.607093750	1400.000	4000.000	1.0000
291	Spectrogram 1	1	83237.597343750	83237.607093750	1400.000	4000.000	1.0000
292	Waveform 1	1	83237.771218750	83237.782593750	1400.000	4000.000	1.0000
292	Spectrogram 1	1	83237.771218750	83237.782593750	1400.000	4000.000	1.0000
293	Waveform 1	1	83238.983468750	83238.994843750	1400.000	4000.000	1.0000
293	Spectrogram 1	1	83238.983468750	83238.994843750	1400.000	4000.000	1.0000
294	Waveform 1	1	83239.071218750	83239.082593750	1400.000	4000.000	1.0000
294	Spectrogram 1	1	83239.071218750	83239.082593750	1400.000	4000.000	1.0000
295	Waveform 1	1	83268.857468750	83268.868843750	1400.000	4000.000	1.0000
295	Spectrogram 1	1	83268.857468750	83268.868843750	1400.000	4000.000	1.0000
296	Waveform 1	1	83305.522343750	83305.530468750	1400.000	4000.000	1.0000
296	Spectrogram 1	1	83305.522343750	83305.530468750	1400.000	4000.000	1.0000
297	Waveform 1	1	83374.994343750	83375.007343750	1400.000	4000.000	1.0000
297	Spectrogram 1	1	83374.994343750	83375.007343750	1400.000	4000.000	1.0000
298	Waveform 1	1	83375.753218750	83375.779218750	1400.000	4000.000	0.8125
298	Spectrogram 1	1	83375.753218750	83375.779218750	1400.000	4000.000	0.8125
299	Waveform 1	1	83377.025593750	83377.049968750	1400.000	4000.000	1.0000
299	Spectrogram 1	1	83377.025593750	83377.049968750	1400.000	4000.000	1.0000
300	Waveform 1	1	83378.991843750	83379.001593750	1400.000	4000.000	1.0000
300	Spectrogram 1	1	83378.991843750	83379.001593750	1400.000	4000.000	1.0000
301	Waveform 1	1	83379.102343750	83379.118593750	1400.000	4000.000	1.0000
301	Spectrogram 1	1	83379.102343750	83379.118593750	1400.000	4000.000	1.0000
302	Waveform 1	1	83432.327593750	83432.335718750	1400.000	4000.000	1.0000
302	Spectrogram 1	1	83432.327593750	83432.335718750	1400.000	4000.000	1.0000
303	Waveform 1	1	83432.826468750	83432.834593750	1400.000	4000.000	1.0000
303	Spectrogram 1	1	83432.826468750	83432.834593750	1400.000	4000.000	1.0000
304	Waveform 1	1	83435.285093750	83435.304593750	1400.000	4000.000	1.0000
304	Spectrogram 1	1	83435.285093750	83435.304593750	1400.000	4000.000	1.0000
305	Waveform 1	1	83435.653968750	83435.683218750	1400.000	4000.000	0.9444
305	Spectrogram 1	1	83435.653968750	83435.683218750	1400.000	4000.000	0.9444
306	Waveform 1	1	83435.722218750	83435.730343750	1400.000	4000.000	1.0000
306	Spectrogram 1	1	83435.722218750	83435.730343750	1400.000	4000.000	1.0000
307	Waveform 1	1	83437.142468750	83437.150593750	1400.000	4000.000	1.0000
307	Spectrogram 1	1	83437.142468750	83437.150593750	1400.000	4000.000	1.0000
308	Waveform 1	1	83479.345343750	83479.358343750	1400.000	4000.000	1.0000
308	Spectrogram 1	1	83479.345343750	83479.358343750	1400.000	4000.000	1.0000
309	Waveform 1	1	83479.449343750	83479.463968750	1400.000	4000.000	1.0000
309	Spectrogram 1	1	83479.449343750	83479.463968750	1400.000	4000.000	1.0000
310	Waveform 1	1	83479.520843750	83479.535468750	1400.000	4000.000	1.0000
310	Spectrogram 1	1	83479.520843750	83479.535468750	1400.000	4000.000	1.0000
311	Waveform 1	1	83479.662218750	83479.671968750	1400.000	4000.000	1.0000
311	Spectrogram 1	1	83479.662218750	83479.671968750	1400.000	4000.000	1.0000
312	Waveform 1	1	83488.786593750	83488.794718750	1400.000	4000.000	1.0000
312	Spectrogram 1	1	83488.786593750	83488.794718750	1400.000	4000.000	1.0000
313	Waveform 1	1	83491.430468750	83491.458093750	1400.000	4000.000	1.0000
313	Spectrogram 1	1	83491.430468750	83491.458093750	1400.000	4000.000	1.0000
314	Waveform 1	1	83493.853343750	83493.874468750	1400.000	4000.000	1.0000
314	Spectrogram 1	1	83493.853343750	83493.874468750	1400.000	4000.000	1.0000
315	Waveform 1	1	83496.430593750	83496.438718750	1400.000	4000.000	1.0000
315	Spectrogram 1	1	83496.430593750	83496.438718750	1400.000	4000.000	1.0000
316	Waveform 1	1	83497.964593750	83497.972718750	1400.000	4000.000	1.0000
316	Spectrogram 1	1	83497.964593750	83497.972718750	1400.000	4000.000	1.0000
317	Waveform 1	1	83526.740093750	83526.764468750	1400.000	4000.000	1.0000
317	Spectrogram 1	1	83526.740093750	83526.764468750	1400.000	4000.000	1.0000
318	Waveform 1	1	83526.957843750	83526.970843750	1400.000	4000.000	1.0000
318	Spectrogram 1	1	83526.957843750	83526.970843750	1400.000	4000.000	1.0000
319	Waveform 1	1	83531.384343750	83531.403843750	1400.000	4000.000	1.0000
319	Spectrogram 1	1	83531.384343750	83531.403843750	1400.000	4000.000	1.0000
320	Waveform 1	1	83552.707593750	83552.718968750	1400.000	4000.000	1.0000
320	Spectrogram 1	1	83552.707593750	83552.718968750	1400.000	4000.000	1.0000
321	Waveform 1	1	83583.522468750	83583.530593750	1400.000	4000.000	1.0000
321	Spectrogram 1	1	83583.522468750	83583.530593750	1400.000	4000.000	1.0000
322	Waveform 1	1	83701.924843750	83701.950843750	1400.000	4000.000	1.0000
322	Spectrogram 1	1	83701.924843750	83701.950843750	1400.000	4000.000	1.0000
323	Waveform 1	1	83702.184843750	83702.194593750	1400.000	4000.000	1.0000
323	Spectrogram 1	1	83702.184843750	83702.194593750	1400.000	4000.000	1.0000
324	Waveform 1	1	83703.730218750	83703.743218750	1400.000	4000.000	1.0000
324	Spectrogram 1	1	83703.730218750	83703.743218750	1400.000	4000.000	1.0000
325	Waveform 1	1	83745.130343750	83745.151468750	1400.000	4000.000	1.0000
325	Spectrogram 1	1	83745.130343750	83745.151468750	1400.000	4000.000	1.0000
326	Waveform 1	1	83820.465343750	83820.489718750	1400.000	4000.000	1.0000
326	Spectrogram 1	1	83820.465343750	83820.489718750	1400.000	4000.000	1.0000
327	Waveform 1	1	83863.324718750	83863.332843750	1400.000	4000.000	1.0000
327	Spectrogram 1	1	83863.324718750	83863.332843750	1400.000	4000.000	1.0000
328	Waveform 1	1	83864.603593750	83864.611718750	1400.000	4000.000	1.0000
328	Spectrogram 1	1	83864.603593750	83864.611718750	1400.000	4000.000	1.0000
329	Waveform 1	1	83866.137593750	83866.160343750	1400.000	4000.000	1.0000
329	Spectrogram 1	1	83866.137593750	83866.160343750	1400.000	4000.000	1.0000
330	Waveform 1	1	83866.223718750	83866.231843750	1400.000	4000.000	1.0000
330	Spectrogram 1	1	83866.223718750	83866.231843750	1400.000	4000.000	1.0000
331	Waveform 1	1	83898.613218750	83898.622968750	1400.000	4000.000	1.0000
331	Spectrogram 1	1	83898.613218750	83898.622968750	1400.000	4000.000	1.0000
332	Waveform 1	1	83912.144593750	83912.155968750	1400.000	4000.000	1.0000
332	Spectrogram 1	1	83912.144593750	83912.155968750	1400.000	4000.000	1.0000
333	Waveform 1	1	83919.276718750	83919.309218750	1400.000	4000.000	0.7000
333	Spectrogram 1	1	83919.276718750	83919.309218750	1400.000	4000.000	0.7000
334	Waveform 1	1	83919.554593750	83919.574093750	1400.000	4000.000	1.0000
334	Spectrogram 1	1	83919.554593750	83919.574093750	1400.000	4000.000	1.0000
335	Waveform 1	1	83919.666718750	83919.686218750	1400.000	4000.000	1.0000
335	Spectrogram 1	1	83919.666718750	83919.686218750	1400.000	4000.000	1.0000
336	Waveform 1	1	83921.615093750	83921.628093750	1400.000	4000.000	1.0000
336	Spectrogram 1	1	83921.615093750	83921.628093750	1400.000	4000.000	1.0000
337	Waveform 1	1	83921.665468750	83921.681718750	1400.000	4000.000	1.0000
337	Spectrogram 1	1	83921.665468750	83921.681718750	1400.000	4000.000	1.0000
338	Waveform 1	1	83921.723968750	83921.738593750	1400.000	4000.000	1.0000
338	Spectrogram 1	1	83921.723968750	83921.738593750	1400.000	4000.000	1.0000
339	Waveform 1	1	83940.547968750	83940.559343750	1400.000	4000.000	1.0000
339	Spectrogram 1	1	83940.547968750	83940.559343750	1400.000	4000.000	1.0000
340	Waveform 1	1	83962.558593750	83962.568343750	1400.000	4000.000	1.0000
340	Spectrogram 1	1	83962.558593750	83962.568343750	1400.000	4000.000	1.0000
341	Waveform 1	1	83968.759593750	83968.788843750	1400.000	4000.000	1.0000
341	Spectrogram 1	1	83968.759593750	83968.788843750	1400.000	4000.000	1.0000
342	Waveform 1	1	84038.015468750	84038.023593750	1400.000	4000.000	1.0000
342	Spectrogram 1	1	84038.015468750	84038.023593750	1400.000	4000.000	1.0000
343	Waveform 1	1	84042.050343750	84042.060093750	1400.000	4000.000	1.0000
343	Spectrogram 1	1	84042.050343750	84042.060093750	1400.000	4000.000	1.0000
344	Waveform 1	1	84063.547468750	84063.579968750	1400.000	4000.000	0.9000
344	Spectrogram 1	1	84063.547468750	84063.579968750	1400.000	4000.000	0.9000
345	Waveform 1	1	84063.617343750	84063.628718750	1400.000	4000.000	1.0000
345	Spectrogram 1	1	84063.617343750	84063.628718750	1400.000	4000.000	1.0000
346	Waveform 1	1	84081.264843750	84081.276218750	1400.000	4000.000	1.0000
346	Spectrogram 1	1	84081.264843750	84081.276218750	1400.000	4000.000	1.0000
347	Waveform 1	1	84143.577093750	84143.596593750	1400.000	4000.000	1.0000
347	Spectrogram 1	1	84143.577093750	84143.596593750	1400.000	4000.000	1.0000
348	Waveform 1	1	84145.652218750	84145.661968750	1400.000	4000.000	1.0000
348	Spectrogram 1	1	84145.652218750	84145.661968750	1400.000	4000.000	1.0000
349	Waveform 1	1	84145.843968750	84145.855343750	1400.000	4000.000	1.0000
349	Spectrogram 1	1	84145.843968750	84145.855343750	1400.000	4000.000	1.0000
350	Waveform 1	1	84146.360718750	84146.368843750	1400.000	4000.000	1.0000
350	Spectrogram 1	1	84146.360718750	84146.368843750	1400.000	4000.000	1.0000
351	Waveform 1	1	84151.172343750	84151.190218750	1400.000	4000.000	1.0000
351	Spectrogram 1	1	84151.172343750	84151.190218750	1400.000	4000.000	1.0000
352	Waveform 1	1	84204.098593750	84204.111593750	1400.000	4000.000	1.0000
352	Spectrogram 1	1	84204.098593750	84204.111593750	1400.000	4000.000	1.0000
353	Waveform 1	1	84212.927218750	84212.945093750	1400.000	4000.000	1.0000
353	Spectrogram 1	1	84212.927218750	84212.945093750	1400.000	4000.000	1.0000
354	Waveform 1	1	84225.774468750	84225.785843750	1400.000	4000.000	1.0000
354	Spectrogram 1	1	84225.774468750	84225.785843750	1400.000	4000.000	1.0000
355	Waveform 1	1	84314.202093750	84314.216718750	1400.000	4000.000	1.0000
355	Spectrogram 1	1	84314.202093750	84314.216718750	1400.000	4000.000	1.0000
356	Waveform 1	1	84405.221593750	84405.232968750	1400.000	4000.000	1.0000
356	Spectrogram 1	1	84405.221593750	84405.232968750	1400.000	4000.000	1.0000
357	Waveform 1	1	84528.866218750	84528.875968750	1400.000	4000.000	1.0000
357	Spectrogram 1	1	84528.866218750	84528.875968750	1400.000	4000.000	1.0000
358	Waveform 1	1	84582.712218750	84582.725218750	1400.000	4000.000	1.0000
358	Spectrogram 1	1	84582.712218750	84582.725218750	1400.000	4000.000	1.0000
359	Waveform 1	1	84582.760968750	84582.780468750	1400.000	4000.000	1.0000
359	Spectrogram 1	1	84582.760968750	84582.780468750	1400.000	4000.000	1.0000
360	Waveform 1	1	84627.297343750	84627.308718750	1400.000	4000.000	1.0000
360	Spectrogram 1	1	84627.297343750	84627.308718750	1400.000	4000.000	1.0000
361	Waveform 1	1	84645.065093750	84645.073218750	1400.000	4000.000	1.0000
361	Spectrogram 1	1	84645.065093750	84645.073218750	1400.000	4000.000	1.0000
362	Waveform 1	1	84645.154468750	84645.165843750	1400.000	4000.000	1.0000
362	Spectrogram 1	1	84645.154468750	84645.165843750	1400.000	4000.000	1.0000
363	Waveform 1	1	84646.430093750	84646.438218750	1400.000	4000.000	1.0000
363	Spectrogram 1	1	84646.430093750	84646.438218750	1400.000	4000.000	1.0000
364	Waveform 1	1	84646.956593750	84646.966343750	1400.000	4000.000	1.0000
364	Spectrogram 1	1	84646.956593750	84646.966343750	1400.000	4000.000	1.0000
365	Waveform 1	1	84668.104343750	84668.122218750	1400.000	4000.000	1.0000
365	Spectrogram 1	1	84668.104343750	84668.122218750	1400.000	4000.000	1.0000
366	Waveform 1	1	84668.232718750	84668.240843750	1400.000	4000.000	1.0000
366	Spectrogram 1	1	84668.232718750	84668.240843750	1400.000	4000.000	1.0000
367	Waveform 1	1	84670.216843750	84670.242843750	1400.000	4000.000	1.0000
367	Spectrogram 1	1	84670.216843750	84670.242843750	1400.000	4000.000	1.0000
368	Waveform 1	1	84670.998468750	84671.016343750	1400.000	4000.000	1.0000
368	Spectrogram 1	1	84670.998468750	84671.016343750	1400.000	4000.000	1.0000
369	Waveform 1	1	84671.281218750	84671.289343750	1400.000	4000.000	1.0000
369	Spectrogram 1	1	84671.281218750	84671.289343750	1400.000	4000.000	1.0000
370	Waveform 1	1	84671.368968750	84671.383593750	1400.000	4000.000	1.0000
370	Spectrogram 1	1	84671.368968750	84671.383593750	1400.000	4000.000	1.0000
371	Waveform 1	1	84671.466468750	84671.477843750	1400.000	4000.000	1.0000
371	Spectrogram 1	1	84671.466468750	84671.477843750	1400.000	4000.000	1.0000
372	Waveform 1	1	84675.257593750	84675.275468750	1400.000	4000.000	1.0000
372	Spectrogram 1	1	84675.257593750	84675.275468750	1400.000	4000.000	1.0000
373	Waveform 1	1	84679.545968750	84679.554093750	1400.000	4000.000	1.0000
373	Spectrogram 1	1	84679.545968750	84679.554093750	1400.000	4000.000	1.0000
374	Waveform 1	1	84682.613968750	84682.622093750	1400.000	4000.000	1.0000
374	Spectrogram 1	1	84682.613968750	84682.622093750	1400.000	4000.000	1.0000
375	Waveform 1	1	84783.815718750	84783.828718750	1400.000	4000.000	1.0000
375	Spectrogram 1	1	84783.815718750	84783.828718750	1400.000	4000.000	1.0000
376	Waveform 1	1	84817.466218750	84817.492218750	1400.000	4000.000	1.0000
376	Spectrogram 1	1	84817.466218750	84817.492218750	1400.000	4000.000	1.0000
377	Waveform 1	1	84825.537593750	84825.545718750	1400.000	4000.000	1.0000
377	Spectrogram 1	1	84825.537593750	84825.545718750	1400.000	4000.000	1.0000
378	Waveform 1	1	84829.034593750	84829.042718750	1400.000	4000.000	1.0000
378	Spectrogram 1	1	84829.034593750	84829.042718750	1400.000	4000.000	1.0000
379	Waveform 1	1	84838.703343750	84838.726093750	1400.000	4000.000	1.0000
379	Spectrogram 1	1	84838.703343750	84838.726093750	1400.000	4000.000	1.0000
380	Waveform 1	1	84903.095593750	84903.113468750	1400.000	4000.000	1.0000
380	Spectrogram 1	1	84903.095593750	84903.113468750	1400.000	4000.000	1.0000
381	Waveform 1	1	84903.201218750	84903.212593750	1400.000	4000.000	1.0000
381	Spectrogram 1	1	84903.201218750	84903.212593750	1400.000	4000.000	1.0000
382	Waveform 1	1	84914.724093750	84914.743593750	1400.000	4000.000	1.0000
382	Spectrogram 1	1	84914.724093750	84914.743593750	1400.000	4000.000	1.0000
383	Waveform 1	1	85017.775093750	85017.788093750	1400.000	4000.000	1.0000
383	Spectrogram 1	1	85017.775093750	85017.788093750	1400.000	4000.000	1.0000
384	Waveform 1	1	85025.776593750	85025.792843750	1400.000	4000.000	1.0000
384	Spectrogram 1	1	85025.776593750	85025.792843750	1400.000	4000.000	1.0000
385	Waveform 1	1	85037.588718750	85037.600093750	1400.000	4000.000	1.0000
385	Spectrogram 1	1	85037.588718750	85037.600093750	1400.000	4000.000	1.0000
386	Waveform 1	1	85057.186218750	85057.199218750	1400.000	4000.000	1.0000
386	Spectrogram 1	1	85057.186218750	85057.199218750	1400.000	4000.000	1.0000
387	Waveform 1	1	85071.456968750	85071.468343750	1400.000	4000.000	1.0000
387	Spectrogram 1	1	85071.456968750	85071.468343750	1400.000	4000.000	1.0000
388	Waveform 1	1	85082.700343750	85082.708468750	1400.000	4000.000	1.0000
388	Spectrogram 1	1	85082.700343750	85082.708468750	1400.000	4000.000	1.0000
389	Waveform 1	1	85082.862843750	85082.872593750	1400.000	4000.000	1.0000
389	Spectrogram 1	1	85082.862843750	85082.872593750	1400.000	4000.000	1.0000
390	Waveform 1	1	85089.364468750	85089.372593750	1400.000	4000.000	1.0000
390	Spectrogram 1	1	85089.364468750	85089.372593750	1400.000	4000.000	1.0000
391	Waveform 1	1	85101.457718750	85101.465843750	1400.000	4000.000	1.0000
391	Spectrogram 1	1	85101.457718750	85101.465843750	1400.000	4000.000	1.0000
392	Waveform 1	1	85119.218968750	85119.240093750	1400.000	4000.000	1.0000
392	Spectrogram 1	1	85119.218968750	85119.240093750	1400.000	4000.000	1.0000
393	Waveform 1	1	85191.370593750	85191.378718750	1400.000	4000.000	1.0000
393	Spectrogram 1	1	85191.370593750	85191.378718750	1400.000	4000.000	1.0000
394	Waveform 1	1	85191.619218750	85191.632218750	1400.000	4000.000	1.0000
394	Spectrogram 1	1	85191.619218750	85191.632218750	1400.000	4000.000	1.0000
395	Waveform 1	1	85198.523843750	85198.540093750	1400.000	4000.000	1.0000
395	Spectrogram 1	1	85198.523843750	85198.540093750	1400.000	4000.000	1.0000
396	Waveform 1	1	85213.746843750	85213.754968750	1400.000	4000.000	1.0000
396	Spectrogram 1	1	85213.746843750	85213.754968750	1400.000	4000.000	1.0000
397	Waveform 1	1	85214.062093750	85214.088093750	1400.000	4000.000	1.0000
397	Spectrogram 1	1	85214.062093750	85214.088093750	1400.000	4000.000	1.0000
398	Waveform 1	1	85243.380343750	85243.390093750	1400.000	4000.000	1.0000
398	Spectrogram 1	1	85243.380343750	85243.390093750	1400.000	4000.000	1.0000
399	Waveform 1	1	85293.168718750	85293.196343750	1400.000	4000.000	1.0000
399	Spectrogram 1	1	85293.168718750	85293.196343750	1400.000	4000.000	1.0000
400	Waveform 1	1	85307.312718750	85307.337093750	1400.000	4000.000	1.0000
400	Spectrogram 1	1	85307.312718750	85307.337093750	1400.000	4000.000	1.0000
401	Waveform 1	1	85367.062343750	85367.072093750	1400.000	4000.000	1.0000
401	Spectrogram 1	1	85367.062343750	85367.072093750	1400.000	4000.000	1.0000
402	Waveform 1	1	85367.801718750	85367.811468750	1400.000	4000.000	1.0000
402	Spectrogram 1	1	85367.801718750	85367.811468750	1400.000	4000.000	1.0000
403	Waveform 1	1	85369.221968750	85369.231718750	1400.000	4000.000	1.0000
403	Spectrogram 1	1	85369.221968750	85369.231718750	1400.000	4000.000	1.0000
404	Waveform 1	1	85389.768468750	85389.781468750	1400.000	4000.000	1.0000
404	Spectrogram 1	1	85389.768468750	85389.781468750	1400.000	4000.000	1.0000
405	Waveform 1	1	85389.835093750	85389.851343750	1400.000	4000.000	1.0000
405	Spectrogram 1	1	85389.835093750	85389.851343750	1400.000	4000.000	1.0000
406	Waveform 1	1	85423.077718750	85423.085843750	1400.000	4000.000	1.0000
406	Spectrogram 1	1	85423.077718750	85423.085843750	1400.000	4000.000	1.0000
407	Waveform 1	1	85423.126468750	85423.141093750	1400.000	4000.000	1.0000
407	Spectrogram 1	1	85423.126468750	85423.141093750	1400.000	4000.000	1.0000
408	Waveform 1	1	85447.524218750	85447.533968750	1400.000	4000.000	1.0000
408	Spectrogram 1	1	85447.524218750	85447.533968750	1400.000	4000.000	1.0000
409	Waveform 1	1	85472.979843750	85473.002593750	1400.000	4000.000	1.0000
409	Spectrogram 1	1	85472.979843750	85473.002593750	1400.000	4000.000	1.0000
410	Waveform 1	1	85491.846093750	85491.873718750	1400.000	4000.000	1.0000
410	Spectrogram 1	1	85491.846093750	85491.873718750	1400.000	4000.000	1.0000
411	Waveform 1	1	85494.719093750	85494.746718750	1400.000	4000.000	1.0000
411	Spectrogram 1	1	85494.719093750	85494.746718750	1400.000	4000.000	1.0000
412	Waveform 1	1	85499.064343750	85499.077343750	1400.000	4000.000	1.0000
412	Spectrogram 1	1	85499.064343750	85499.077343750	1400.000	4000.000	1.0000
413	Waveform 1	1	85582.301718750	85582.316343750	1400.000	4000.000	1.0000
413	Spectrogram 1	1	85582.301718750	85582.316343750	1400.000	4000.000	1.0000
414	Waveform 1	1	85598.067468750	85598.080468750	1400.000	4000.000	1.0000
414	Spectrogram 1	1	85598.067468750	85598.080468750	1400.000	4000.000	1.0000
415	Waveform 1	1	85600.469218750	85600.477343750	1400.000	4000.000	1.0000
415	Spectrogram 1	1	85600.469218750	85600.477343750	1400.000	4000.000	1.0000
416	Waveform 1	1	85638.180593750	85638.195218750	1400.000	4000.000	1.0000
416	Spectrogram 1	1	85638.180593750	85638.195218750	1400.000	4000.000	1.0000
417	Waveform 1	1	85660.665718750	85660.678718750	1400.000	4000.000	1.0000
417	Spectrogram 1	1	85660.665718750	85660.678718750	1400.000	4000.000	1.0000
418	Waveform 1	1	85661.691093750	85661.704093750	1400.000	4000.000	1.0000
418	Spectrogram 1	1	85661.691093750	85661.704093750	1400.000	4000.000	1.0000
419	Waveform 1	1	85682.773843750	85682.786843750	1400.000	4000.000	1.0000
419	Spectrogram 1	1	85682.773843750	85682.786843750	1400.000	4000.000	1.0000
420	Waveform 1	1	85688.055093750	85688.068093750	1400.000	4000.000	1.0000
420	Spectrogram 1	1	85688.055093750	85688.068093750	1400.000	4000.000	1.0000
421	Waveform 1	1	85689.385968750	85689.398968750	1400.000	4000.000	1.0000
421	Spectrogram 1	1	85689.385968750	85689.398968750	1400.000	4000.000	1.0000
422	Waveform 1	1	85689.962843750	85689.972593750	1400.000	4000.000	1.0000
422	Spectrogram 1	1	85689.962843750	85689.972593750	1400.000	4000.000	1.0000
423	Waveform 1	1	85700.367718750	85700.375843750	1400.000	4000.000	1.0000
423	Spectrogram 1	1	85700.367718750	85700.375843750	1400.000	4000.000	1.0000
424	Waveform 1	1	85700.453843750	85700.468468750	1400.000	4000.000	1.0000
424	Spectrogram 1	1	85700.453843750	85700.468468750	1400.000	4000.000	1.0000
425	Waveform 1	1	85710.652343750	85710.662093750	1400.000	4000.000	1.0000
425	Spectrogram 1	1	85710.652343750	85710.662093750	1400.000	4000.000	1.0000
426	Waveform 1	1	85720.062718750	85720.077343750	1400.000	4000.000	1.0000
426	Spectrogram 1	1	85720.062718750	85720.077343750	1400.000	4000.000	1.0000
427	Waveform 1	1	85725.239968750	85725.254593750	1400.000	4000.000	1.0000
427	Spectrogram 1	1	85725.239968750	85725.254593750	1400.000	4000.000	1.0000
428	Waveform 1	1	85725.925718750	85725.935468750	1400.000	4000.000	1.0000
428	Spectrogram 1	1	85725.925718750	85725.935468750	1400.000	4000.000	1.0000
429	Waveform 1	1	85727.500343750	85727.531218750	1400.000	4000.000	0.8947
429	Spectrogram 1	1	85727.500343750	85727.531218750	1400.000	4000.000	0.8947
430	Waveform 1	1	85735.981218750	85735.994218750	1400.000	4000.000	1.0000
430	Spectrogram 1	1	85735.981218750	85735.994218750	1400.000	4000.000	1.0000
431	Waveform 1	1	85772.556718750	85772.571343750	1400.000	4000.000	1.0000
431	Spectrogram 1	1	85772.556718750	85772.571343750	1400.000	4000.000	1.0000
432	Waveform 1	1	85778.743093750	85778.752843750	1400.000	4000.000	1.0000
432	Spectrogram 1	1	85778.743093750	85778.752843750	1400.000	4000.000	1.0000
433	Waveform 1	1	85790.759968750	85790.774593750	1400.000	4000.000	1.0000
433	Spectrogram 1	1	85790.759968750	85790.774593750	1400.000	4000.000	1.0000
434	Waveform 1	1	85791.702468750	85791.715468750	1400.000	4000.000	1.0000
434	Spectrogram 1	1	85791.702468750	85791.715468750	1400.000	4000.000	1.0000
435	Waveform 1	1	85792.584843750	85792.597843750	1400.000	4000.000	1.0000
435	Spectrogram 1	1	85792.584843750	85792.597843750	1400.000	4000.000	1.0000
436	Waveform 1	1	85793.389218750	85793.397343750	1400.000	4000.000	1.0000
436	Spectrogram 1	1	85793.389218750	85793.397343750	1400.000	4000.000	1.0000
437	Waveform 1	1	85793.494843750	85793.514343750	1400.000	4000.000	1.0000
437	Spectrogram 1	1	85793.494843750	85793.514343750	1400.000	4000.000	1.0000
438	Waveform 1	1	85793.616718750	85793.628093750	1400.000	4000.000	1.0000
438	Spectrogram 1	1	85793.616718750	85793.628093750	1400.000	4000.000	1.0000
439	Waveform 1	1	85794.512093750	85794.521843750	1400.000	4000.000	1.0000
439	Spectrogram 1	1	85794.512093750	85794.521843750	1400.000	4000.000	1.0000
440	Waveform 1	1	85794.599843750	85794.614468750	1400.000	4000.000	1.0000
440	Spectrogram 1	1	85794.599843750	85794.614468750	1400.000	4000.000	1.0000
441	Waveform 1	1	85797.919718750	85797.944093750	1400.000	4000.000	1.0000
441	Spectrogram 1	1	85797.919718750	85797.944093750	1400.000	4000.000	1.0000
442	Waveform 1	1	85810.770218750	85810.783218750	1400.000	4000.000	1.0000
442	Spectrogram 1	1	85810.770218750	85810.783218750	1400.000	4000.000	1.0000
443	Waveform 1	1	85812.266843750	85812.287968750	1400.000	4000.000	1.0000
443	Spectrogram 1	1	85812.266843750	85812.287968750	1400.000	4000.000	1.0000
444	Waveform 1	1	85818.963468750	85818.976468750	1400.000	4000.000	1.0000
444	Spectrogram 1	1	85818.963468750	85818.976468750	1400.000	4000.000	1.0000
445	Waveform 1	1	85826.020843750	85826.035468750	1400.000	4000.000	1.0000
445	Spectrogram 1	1	85826.020843750	85826.035468750	1400.000	4000.000	1.0000
446	Waveform 1	1	85830.299468750	85830.314093750	1400.000	4000.000	1.0000
446	Spectrogram 1	1	85830.299468750	85830.314093750	1400.000	4000.000	1.0000
447	Waveform 1	1	85835.869968750	85835.878093750	1400.000	4000.000	1.0000
447	Spectrogram 1	1	85835.869968750	85835.878093750	1400.000	4000.000	1.0000
448	Waveform 1	1	85837.858968750	85837.871968750	1400.000	4000.000	1.0000
448	Spectrogram 1	1	85837.858968750	85837.871968750	1400.000	4000.000	1.0000
449	Waveform 1	1	85843.122343750	85843.138593750	1400.000	4000.000	1.0000
449	Spectrogram 1	1	85843.122343750	85843.138593750	1400.000	4000.000	1.0000
450	Waveform 1	1	85849.303843750	85849.318468750	1400.000	4000.000	1.0000
450	Spectrogram 1	1	85849.303843750	85849.318468750	1400.000	4000.000	1.0000
451	Waveform 1	1	85851.141718750	85851.156343750	1400.000	4000.000	1.0000
451	Spectrogram 1	1	85851.141718750	85851.156343750	1400.000	4000.000	1.0000
452	Waveform 1	1	85853.364718750	85853.387468750	1400.000	4000.000	1.0000
452	Spectrogram 1	1	85853.364718750	85853.387468750	1400.000	4000.000	1.0000
453	Waveform 1	1	85857.742468750	85857.765218750	1400.000	4000.000	1.0000
453	Spectrogram 1	1	85857.742468750	85857.765218750	1400.000	4000.000	1.0000
454	Waveform 1	1	85871.387593750	85871.398968750	1400.000	4000.000	1.0000
454	Spectrogram 1	1	85871.387593750	85871.398968750	1400.000	4000.000	1.0000
455	Waveform 1	1	85905.688093750	85905.702718750	1400.000	4000.000	1.0000
455	Spectrogram 1	1	85905.688093750	85905.702718750	1400.000	4000.000	1.0000
456	Waveform 1	1	85922.714843750	85922.727843750	1400.000	4000.000	1.0000
456	Spectrogram 1	1	85922.714843750	85922.727843750	1400.000	4000.000	1.0000
457	Waveform 1	1	85926.618093750	85926.632718750	1400.000	4000.000	1.0000
457	Spectrogram 1	1	85926.618093750	85926.632718750	1400.000	4000.000	1.0000
458	Waveform 1	1	85936.953093750	85936.962843750	1400.000	4000.000	1.0000
458	Spectrogram 1	1	85936.953093750	85936.962843750	1400.000	4000.000	1.0000
459	Waveform 1	1	85937.053843750	85937.063593750	1400.000	4000.000	1.0000
459	Spectrogram 1	1	85937.053843750	85937.063593750	1400.000	4000.000	1.0000
460	Waveform 1	1	85937.360968750	85937.378843750	1400.000	4000.000	1.0000
460	Spectrogram 1	1	85937.360968750	85937.378843750	1400.000	4000.000	1.0000
461	Waveform 1	1	85939.086718750	85939.094843750	1400.000	4000.000	1.0000
461	Spectrogram 1	1	85939.086718750	85939.094843750	1400.000	4000.000	1.0000
462	Waveform 1	1	85939.145218750	85939.154968750	1400.000	4000.000	1.0000
462	Spectrogram 1	1	85939.145218750	85939.154968750	1400.000	4000.000	1.0000
463	Waveform 1	1	85954.512843750	85954.524218750	1400.000	4000.000	1.0000
463	Spectrogram 1	1	85954.512843750	85954.524218750	1400.000	4000.000	1.0000
464	Waveform 1	1	85954.559968750	85954.569718750	1400.000	4000.000	1.0000
464	Spectrogram 1	1	85954.559968750	85954.569718750	1400.000	4000.000	1.0000
465	Waveform 1	1	85954.615218750	85954.623343750	1400.000	4000.000	1.0000
465	Spectrogram 1	1	85954.615218750	85954.623343750	1400.000	4000.000	1.0000
466	Waveform 1	1	85967.966218750	85967.979218750	1400.000	4000.000	1.0000
466	Spectrogram 1	1	85967.966218750	85967.979218750	1400.000	4000.000	1.0000
467	Waveform 1	1	85970.980593750	85970.990343750	1400.000	4000.000	1.0000
467	Spectrogram 1	1	85970.980593750	85970.990343750	1400.000	4000.000	1.0000
468	Waveform 1	1	85991.577468750	85991.588843750	1400.000	4000.000	1.0000
468	Spectrogram 1	1	85991.577468750	85991.588843750	1400.000	4000.000	1.0000
469	Waveform 1	1	85992.846593750	85992.854718750	1400.000	4000.000	1.0000
469	Spectrogram 1	1	85992.846593750	85992.854718750	1400.000	4000.000	1.0000
470	Waveform 1	1	86010.536343750	86010.554218750	1400.000	4000.000	1.0000
470	Spectrogram 1	1	86010.536343750	86010.554218750	1400.000	4000.000	1.0000
471	Waveform 1	1	86014.855593750	86014.870218750	1400.000	4000.000	1.0000
471	Spectrogram 1	1	86014.855593750	86014.870218750	1400.000	4000.000	1.0000
472	Waveform 1	1	86025.889343750	86025.899093750	1400.000	4000.000	1.0000
472	Spectrogram 1	1	86025.889343750	86025.899093750	1400.000	4000.000	1.0000
473	Waveform 1	1	86035.909093750	86035.925343750	1400.000	4000.000	1.0000
473	Spectrogram 1	1	86035.909093750	86035.925343750	1400.000	4000.000	1.0000
474	Waveform 1	1	86106.997968750	86107.009343750	1400.000	4000.000	1.0000
474	Spectrogram 1	1	86106.997968750	86107.009343750	1400.000	4000.000	1.0000
475	Waveform 1	1	86112.454718750	86112.467718750	1400.000	4000.000	1.0000
475	Spectrogram 1	1	86112.454718750	86112.467718750	1400.000	4000.000	1.0000
476	Waveform 1	1	86129.738218750	86129.759343750	1400.000	4000.000	1.0000
476	Spectrogram 1	1	86129.738218750	86129.759343750	1400.000	4000.000	1.0000
477	Waveform 1	1	86129.856843750	86129.873093750	1400.000	4000.000	1.0000
477	Spectrogram 1	1	86129.856843750	86129.873093750	1400.000	4000.000	1.0000
478	Waveform 1	1	86142.554593750	86142.562718750	1400.000	4000.000	1.0000
478	Spectrogram 1	1	86142.554593750	86142.562718750	1400.000	4000.000	1.0000
479	Waveform 1	1	86157.589093750	86157.602093750	1400.000	4000.000	1.0000
479	Spectrogram 1	1	86157.589093750	86157.602093750	1400.000	4000.000	1.0000
480	Waveform 1	1	86203.633468750	86203.643218750	1400.000	4000.000	1.0000
480	Spectrogram 1	1	86203.633468750	86203.643218750	1400.000	4000.000	1.0000
481	Waveform 1	1	86203.729343750	86203.753718750	1400.000	4000.000	1.0000
481	Spectrogram 1	1	86203.729343750	86203.753718750	1400.000	4000.000	1.0000
482	Waveform 1	1	86203.877218750	86203.886968750	1400.000	4000.000	1.0000
482	Spectrogram 1	1	86203.877218750	86203.886968750	1400.000	4000.000	1.0000
483	Waveform 1	1	86204.010468750	86204.023468750	1400.000	4000.000	1.0000
483	Spectrogram 1	1	86204.010468750	86204.023468750	1400.000	4000.000	1.0000
484	Waveform 1	1	86214.582718750	86214.592468750	1400.000	4000.000	1.0000
484	Spectrogram 1	1	86214.582718750	86214.592468750	1400.000	4000.000	1.0000
485	Waveform 1	1	86215.780343750	86215.791718750	1400.000	4000.000	1.0000
485	Spectrogram 1	1	86215.780343750	86215.791718750	1400.000	4000.000	1.0000
486	Waveform 1	1	86221.240343750	86221.271218750	1400.000	4000.000	0.7368
486	Spectrogram 1	1	86221.240343750	86221.271218750	1400.000	4000.000	0.7368
487	Waveform 1	1	86233.684593750	86233.704093750	1400.000	4000.000	1.0000
487	Spectrogram 1	1	86233.684593750	86233.704093750	1400.000	4000.000	1.0000
488	Waveform 1	1	86238.219968750	86238.231343750	1400.000	4000.000	1.0000
488	Spectrogram 1	1	86238.219968750	86238.231343750	1400.000	4000.000	1.0000
489	Waveform 1	1	86238.964218750	86238.977218750	1400.000	4000.000	1.0000
489	Spectrogram 1	1	86238.964218750	86238.977218750	1400.000	4000.000	1.0000
490	Waveform 1	1	86243.624718750	86243.650718750	1400.000	4000.000	1.0000
490	Spectrogram 1	1	86243.624718750	86243.650718750	1400.000	4000.000	1.0000
491	Waveform 1	1	86271.599093750	86271.616968750	1400.000	4000.000	1.0000
491	Spectrogram 1	1	86271.599093750	86271.616968750	1400.000	4000.000	1.0000
492	Waveform 1	1	86277.572593750	86277.580718750	1400.000	4000.000	1.0000
492	Spectrogram 1	1	86277.572593750	86277.580718750	1400.000	4000.000	1.0000
493	Waveform 1	1	86286.191593750	86286.209468750	1400.000	4000.000	1.0000
493	Spectrogram 1	1	86286.191593750	86286.209468750	1400.000	4000.000	1.0000
494	Waveform 1	1	86286.875718750	86286.898468750	1400.000	4000.000	1.0000
494	Spectrogram 1	1	86286.875718750	86286.898468750	1400.000	4000.000	1.0000
495	Waveform 1	1	86289.121468750	86289.131218750	1400.000	4000.000	1.0000
495	Spectrogram 1	1	86289.121468750	86289.131218750	1400.000	4000.000	1.0000
496	Waveform 1	1	86292.699718750	86292.709468750	1400.000	4000.000	1.0000
496	Spectrogram 1	1	86292.699718750	86292.709468750	1400.000	4000.000	1.0000
497	Waveform 1	1	86294.046843750	86294.069593750	1400.000	4000.000	1.0000
497	Spectrogram 1	1	86294.046843750	86294.069593750	1400.000	4000.000	1.0000
498	Waveform 1	1	86300.585843750	86300.595593750	1400.000	4000.000	1.0000
498	Spectrogram 1	1	86300.585843750	86300.595593750	1400.000	4000.000	1.0000
499	Waveform 1	1	86305.449468750	86305.467343750	1400.000	4000.000	1.0000
499	Spectrogram 1	1	86305.449468750	86305.467343750	1400.000	4000.000	1.0000
500	Waveform 1	1	86321.325718750	86321.338718750	1400.000	4000.000	1.0000
500	Spectrogram 1	1	86321.325718750	86321.338718750	1400.000	4000.000	1.0000
501	Waveform 1	1	86330.680843750	86330.692218750	1400.000	4000.000	1.0000
501	Spectrogram 1	1	86330.680843750	86330.692218750	1400.000	4000.000	1.0000
502	Waveform 1	1	86332.489468750	86332.497593750	1400.000	4000.000	1.0000
502	Spectrogram 1	1	86332.489468750	86332.497593750	1400.000	4000.000	1.0000
503	Waveform 1	1	86334.614968750	86334.637718750	1400.000	4000.000	1.0000
503	Spectrogram 1	1	86334.614968750	86334.637718750	1400.000	4000.000	1.0000
504	Waveform 1	1	86334.779093750	86334.788843750	1400.000	4000.000	1.0000
504	Spectrogram 1	1	86334.779093750	86334.788843750	1400.000	4000.000	1.0000
505	Waveform 1	1	86334.998468750	86335.013093750	1400.000	4000.000	1.0000
505	Spectrogram 1	1	86334.998468750	86335.013093750	1400.000	4000.000	1.0000
506	Waveform 1	1	86337.795093750	86337.812968750	1400.000	4000.000	1.0000
506	Spectrogram 1	1	86337.795093750	86337.812968750	1400.000	4000.000	1.0000
507	Waveform 1	1	86339.732093750	86339.741843750	1400.000	4000.000	1.0000
507	Spectrogram 1	1	86339.732093750	86339.741843750	1400.000	4000.000	1.0000
508	Waveform 1	1	86339.858843750	86339.876718750	1400.000	4000.000	1.0000
508	Spectrogram 1	1	86339.858843750	86339.876718750	1400.000	4000.000	1.0000
509	Waveform 1	1	86363.523718750	86363.531843750	1400.000	4000.000	1.0000
509	Spectrogram 1	1	86363.523718750	86363.531843750	1400.000	4000.000	1.0000
510	Waveform 1	1	86395.963593750	86395.971718750	1400.000	4000.000	1.0000
510	Spectrogram 1	1	86395.963593750	86395.971718750	1400.000	4000.000	1.0000
