Selection	View	Channel	Begin Time (s)	End Time (s)	Low Freq (Hz)	High Freq (Hz)	Occupancy
1	Waveform 1	1	30.400218750	30.419718750	1400.000	4000.000	1.0000
1	Spectrogram 1	1	30.400218750	30.419718750	1400.000	4000.000	1.0000
2	Waveform 1	1	1894.054218750	1894.076968750	1400.000	4000.000	1.0000
2	Spectrogram 1	1	1894.054218750	1894.076968750	1400.000	4000.000	1.0000
3	Waveform 1	1	1934.102343750	1934.126718750	1400.000	4000.000	1.0000
3	Spectrogram 1	1	1934.102343750	1934.126718750	1400.000	4000.000	1.0000
4	Waveform 1	1	4330.311093750	4330.327343750	1400.000	4000.000	1.0000
4	Spectrogram 1	1	4330.311093750	4330.327343750	1400.000	4000.000	1.0000
5	Waveform 1	1	4639.652593750	4639.673718750	1400.000	4000.000	1.0000
5	Spectrogram 1	1	4639.652593750	4639.673718750	1400.000	4000.000	1.0000
6	Waveform 1	1	5022.730093750	5022.739843750	1400.000	4000.000	1.0000
6	Spectrogram 1	1	5022.730093750	5022.739843750	1400.000	4000.000	1.0000
7	Waveform 1	1	8195.566968750	8195.599468750	1400.000	4000.000	1.0000
7	Spectrogram 1	1	8195.566968750	8195.599468750	1400.000	4000.000	1.0000
8	Waveform 1	1	9793.554593750	9793.578968750	1400.000	4000.000	1.0000
8	Spectrogram 1	1	9793.554593750	9793.578968750	1400.000	4000.000	1.0000
9	Waveform 1	1	9809.006718750	9809.016468750	1400.000	4000.000	1.0000
9	Spectrogram 1	1	9809.006718750	9809.016468750	1400.000	4000.000	1.0000
10	Waveform 1	1	9813.894718750	9813.923968750	1400.000	4000.000	1.0000
10	Spectrogram 1	1	9813.894718750	9813.923968750	1400.000	4000.000	1.0000
11	Waveform 1	1	9950.570218750	9950.584843750	1400.000	4000.000	1.0000
11	Spectrogram 1	1	9950.570218750	9950.584843750	1400.000	4000.000	1.0000
12	Waveform 1	1	12759.160093750	12759.179593750	1400.000	4000.000	1.0000
12	Spectrogram 1	1	12759.160093750	12759.179593750	1400.000	4000.000	1.0000
13	Waveform 1	1	12779.025718750	12779.046843750	1400.000	4000.000	1.0000
13	Spectrogram 1	1	12779.025718750	12779.046843750	1400.000	4000.000	1.0000
14	Waveform 1	1	12810.269593750	12810.285843750	1400.000	4000.000	1.0000
14	Spectrogram 1	1	12810.269593750	12810.285843750	1400.000	4000.000	1.0000
15	Waveform 1	1	12828.693843750	12828.703593750	1400.000	4000.000	1.0000
15	Spectrogram 1	1	12828.693843750	12828.703593750	1400.000	4000.000	1.0000
16	Waveform 1	1	12853.218343750	12853.241093750	1400.000	4000.000	1.0000
16	Spectrogram 1	1	12853.218343750	12853.241093750	1400.000	4000.000	1.0000
17	Waveform 1	1	15232.198843750	15232.219968750	1400.000	4000.000	1.0000
17	Spectrogram 1	1	15232.198843750	15232.219968750	1400.000	4000.000	1.0000
18	Waveform 1	1	15547.674718750	15547.690968750	1400.000	4000.000	1.0000
18	Spectrogram 1	1	15547.674718750	15547.690968750	1400.000	4000.000	1.0000
19	Waveform 1	1	18600.016218750	18600.025968750	1400.000	4000.000	1.0000
19	Spectrogram 1	1	18600.016218750	18600.025968750	1400.000	4000.000	1.0000
20	Waveform 1	1	18884.253093750	18884.261218750	1400.000	4000.000	1.0000
20	Spectrogram 1	1	18884.253093750	18884.261218750	1400.000	4000.000	1.0000
21	Waveform 1	1	20623.355718750	20623.375218750	1400.000	4000.000	1.0000
21	Spectrogram 1	1	20623.355718750	20623.375218750	1400.000	4000.000	1.0000
22	Waveform 1	1	20664.390218750	20664.411343750	1400.000	4000.000	1.0000
22	Spectrogram 1	1	20664.390218750	20664.411343750	1400.000	4000.000	1.0000
23	Waveform 1	1	20907.478843750	20907.498343750	1400.000	4000.000	1.0000
23	Spectrogram 1	1	20907.478843750	20907.498343750	1400.000	4000.000	1.0000
24	Waveform 1	1	21750.426468750	21750.454093750	1400.000	4000.000	1.0000
24	Spectrogram 1	1	21750.426468750	21750.454093750	1400.000	4000.000	1.0000
25	Waveform 1	1	23817.476843750	23817.502843750	1400.000	4000.000	1.0000
25	Spectrogram 1	1	23817.476843750	23817.502843750	1400.000	4000.000	1.0000
26	Waveform 1	1	23818.086218750	23818.097593750	1400.000	4000.000	1.0000
26	Spectrogram 1	1	23818.086218750	23818.097593750	1400.000	4000.000	1.0000
27	Waveform 1	1	23910.807093750	23910.821718750	1400.000	4000.000	1.0000
27	Spectrogram 1	1	23910.807093750	23910.821718750	1400.000	4000.000	1.0000
28	Waveform 1	1	24088.447218750	24088.458593750	1400.000	4000.000	1.0000
28	Spectrogram 1	1	24088.447218750	24088.458593750	1400.000	4000.000	1.0000
29	Waveform 1	1	24743.853593750	24743.869843750	1400.000	4000.000	1.0000
29	Spectrogram 1	1	24743.853593750	24743.869843750	1400.000	4000.000	1.0000
30	Waveform 1	1	25100.489093750	25100.510218750	1400.000	4000.000	1.0000
30	Spectrogram 1	1	25100.489093750	25100.510218750	1400.000	4000.000	1.0000
31	Waveform 1	1	25100.974968750	25100.984718750	1400.000	4000.000	1.0000
31	Spectrogram 1	1	25100.974968750	25100.984718750	1400.000	4000.000	1.0000
32	Waveform 1	1	26462.382093750	26462.398343750	1400.000	4000.000	1.0000
32	Spectrogram 1	1	26462.382093750	26462.398343750	1400.000	4000.000	1.0000
33	Waveform 1	1	26483.029343750	26483.052093750	1400.000	4000.000	1.0000
33	Spectrogram 1	1	26483.029343750	26483.052093750	1400.000	4000.000	1.0000
34	Waveform 1	1	26483.578593750	26483.611093750	1400.000	4000.000	1.0000
34	Spectrogram 1	1	26483.578593750	26483.611093750	1400.000	4000.000	1.0000
35	Waveform 1	1	26561.760593750	26561.780093750	1400.000	4000.000	1.0000
35	Spectrogram 1	1	26561.760593750	26561.780093750	1400.000	4000.000	1.0000
36	Waveform 1	1	28440.648968750	28440.661968750	1400.000	4000.000	1.0000
36	Spectrogram 1	1	28440.648968750	28440.661968750	1400.000	4000.000	1.0000
37	Waveform 1	1	28586.708843750	28586.720218750	1400.000	4000.000	1.0000
37	Spectrogram 1	1	28586.708843750	28586.720218750	1400.000	4000.000	1.0000
38	Waveform 1	1	29042.771593750	29042.784593750	1400.000	4000.000	1.0000
38	Spectrogram 1	1	29042.771593750	29042.784593750	1400.000	4000.000	1.0000
39	Waveform 1	1	29324.205343750	29324.213468750	1400.000	4000.000	1.0000
39	Spectrogram 1	1	29324.205343750	29324.213468750	1400.000	4000.000	1.0000
40	Waveform 1	1	30754.242718750	30754.254093750	1400.000	4000.000	1.0000
40	Spectrogram 1	1	30754.242718750	30754.254093750	1400.000	4000.000	1.0000
41	Waveform 1	1	31486.184968750	31486.193093750	1400.000	4000.000	1.0000
41	Spectrogram 1	1	31486.184968750	31486.193093750	1400.000	4000.000	1.0000
42	Waveform 1	1	32626.114343750	32626.130593750	1400.000	4000.000	1.0000
42	Spectrogram 1	1	32626.114343750	32626.130593750	1400.000	4000.000	1.0000
43	Waveform 1	1	32679.797843750	32679.805968750	1400.000	4000.000	1.0000
43	Spectrogram 1	1	32679.797843750	32679.805968750	1400.000	4000.000	1.0000
44	Waveform 1	1	33188.638968750	33188.650343750	1400.000	4000.000	1.0000
44	Spectrogram 1	1	33188.638968750	33188.650343750	1400.000	4000.000	1.0000
45	Waveform 1	1	33334.923093750	33334.947468750	1400.000	4000.000	1.0000
45	Spectrogram 1	1	33334.923093750	33334.947468750	1400.000	4000.000	1.0000
46	Waveform 1	1	34020.130343750	34020.151468750	1400.000	4000.000	1.0000
46	Spectrogram 1	1	34020.130343750	34020.151468750	1400.000	4000.000	1.0000
47	Waveform 1	1	34050.395968750	34050.404093750	1400.000	4000.000	1.0000
47	Spectrogram 1	1	34050.395968750	34050.404093750	1400.000	4000.000	1.0000
48	Waveform 1	1	34053.025218750	34053.038218750	1400.000	4000.000	1.0000
48	Spectrogram 1	1	34053.025218750	34053.038218750	1400.000	4000.000	1.0000
49	Waveform 1	1	34055.803968750	34055.831593750	1400.000	4000.000	1.0000
49	Spectrogram 1	1	34055.803968750	34055.831593750	1400.000	4000.000	1.0000
50	Waveform 1	1	34056.592093750	34056.608343750	1400.000	4000.000	1.0000
50	Spectrogram 1	1	34056.592093750	34056.608343750	1400.000	4000.000	1.0000
51	Waveform 1	1	34058.270718750	34058.288593750	1400.000	4000.000	1.0000
51	Spectrogram 1	1	34058.270718750	34058.288593750	1400.000	4000.000	1.0000
52	Waveform 1	1	34068.381468750	34068.399343750	1400.000	4000.000	1.0000
52	Spectrogram 1	1	34068.381468750	34068.399343750	1400.000	4000.000	1.0000
53	Waveform 1	1	34069.159843750	34069.177718750	1400.000	4000.000	1.0000
53	Spectrogram 1	1	34069.159843750	34069.177718750	1400.000	4000.000	1.0000
54	Waveform 1	1	34089.641343750	34089.649468750	1400.000	4000.000	1.0000
54	Spectrogram 1	1	34089.641343750	34089.649468750	1400.000	4000.000	1.0000
55	Waveform 1	1	34090.416468750	34090.426218750	1400.000	4000.000	1.0000
55	Spectrogram 1	1	34090.416468750	34090.426218750	1400.000	4000.000	1.0000
56	Waveform 1	1	34105.507843750	34105.524093750	1400.000	4000.000	1.0000
56	Spectrogram 1	1	34105.507843750	34105.524093750	1400.000	4000.000	1.0000
57	Waveform 1	1	34106.286218750	34106.294343750	1400.000	4000.000	1.0000
57	Spectrogram 1	1	34106.286218750	34106.294343750	1400.000	4000.000	1.0000
58	Waveform 1	1	34185.192968750	34185.214093750	1400.000	4000.000	1.0000
58	Spectrogram 1	1	34185.192968750	34185.214093750	1400.000	4000.000	1.0000
59	Waveform 1	1	34188.712718750	34188.728968750	1400.000	4000.000	1.0000
59	Spectrogram 1	1	34188.712718750	34188.728968750	1400.000	4000.000	1.0000
60	Waveform 1	1	34648.527593750	34648.542218750	1400.000	4000.000	1.0000
60	Spectrogram 1	1	34648.527593750	34648.542218750	1400.000	4000.000	1.0000
61	Waveform 1	1	34904.596718750	34904.604843750	1400.000	4000.000	1.0000
61	Spectrogram 1	1	34904.596718750	34904.604843750	1400.000	4000.000	1.0000
62	Waveform 1	1	34911.665468750	34911.676843750	1400.000	4000.000	1.0000
62	Spectrogram 1	1	34911.665468750	34911.676843750	1400.000	4000.000	1.0000
63	Waveform 1	1	34915.191718750	34915.201468750	1400.000	4000.000	1.0000
63	Spectrogram 1	1	34915.191718750	34915.201468750	1400.000	4000.000	1.0000
64	Waveform 1	1	34951.102593750	34951.112343750	1400.000	4000.000	1.0000
64	Spectrogram 1	1	34951.102593750	34951.112343750	1400.000	4000.000	1.0000
65	Waveform 1	1	35009.418968750	35009.433593750	1400.000	4000.000	1.0000
65	Spectrogram 1	1	35009.418968750	35009.433593750	1400.000	4000.000	1.0000
66	Waveform 1	1	35069.126343750	35069.136093750	1400.000	4000.000	1.0000
66	Spectrogram 1	1	35069.126343750	35069.136093750	1400.000	4000.000	1.0000
67	Waveform 1	1	35069.251468750	35069.274218750	1400.000	4000.000	1.0000
67	Spectrogram 1	1	35069.251468750	35069.274218750	1400.000	4000.000	1.0000
68	Waveform 1	1	35080.083718750	35080.098343750	1400.000	4000.000	1.0000
68	Spectrogram 1	1	35080.083718750	35080.098343750	1400.000	4000.000	1.0000
69	Waveform 1	1	35080.668718750	35080.696343750	1400.000	4000.000	1.0000
69	Spectrogram 1	1	35080.668718750	35080.696343750	1400.000	4000.000	1.0000
70	Waveform 1	1	35081.863093750	35081.874468750	1400.000	4000.000	1.0000
70	Spectrogram 1	1	35081.863093750	35081.874468750	1400.000	4000.000	1.0000
71	Waveform 1	1	35136.159218750	35136.180343750	1400.000	4000.000	1.0000
71	Spectrogram 1	1	35136.159218750	35136.180343750	1400.000	4000.000	1.0000
72	Waveform 1	1	35136.482593750	35136.498843750	1400.000	4000.000	1.0000
72	Spectrogram 1	1	35136.482593750	35136.498843750	1400.000	4000.000	1.0000
73	Waveform 1	1	35158.223468750	35158.234843750	1400.000	4000.000	1.0000
73	Spectrogram 1	1	35158.223468750	35158.234843750	1400.000	4000.000	1.0000
74	Waveform 1	1	36143.028718750	36143.049843750	1400.000	4000.000	1.0000
74	Spectrogram 1	1	36143.028718750	36143.049843750	1400.000	4000.000	1.0000
75	Waveform 1	1	36332.601218750	36332.612593750	1400.000	4000.000	1.0000
75	Spectrogram 1	1	36332.601218750	36332.612593750	1400.000	4000.000	1.0000
76	Waveform 1	1	36418.058343750	36418.076218750	1400.000	4000.000	1.0000
76	Spectrogram 1	1	36418.058343750	36418.076218750	1400.000	4000.000	1.0000
77	Waveform 1	1	36511.185468750	36511.203343750	1400.000	4000.000	1.0000
77	Spectrogram 1	1	36511.185468750	36511.203343750	1400.000	4000.000	1.0000
78	Waveform 1	1	36519.411218750	36519.427468750	1400.000	4000.000	1.0000
78	Spectrogram 1	1	36519.411218750	36519.427468750	1400.000	4000.000	1.0000
79	Waveform 1	1	36608.196343750	36608.215843750	1400.000	4000.000	1.0000
79	Spectrogram 1	1	36608.196343750	36608.215843750	1400.000	4000.000	1.0000
80	Waveform 1	1	36611.402468750	36611.420343750	1400.000	4000.000	1.0000
80	Spectrogram 1	1	36611.402468750	36611.420343750	1400.000	4000.000	1.0000
81	Waveform 1	1	36614.800343750	36614.824718750	1400.000	4000.000	1.0000
81	Spectrogram 1	1	36614.800343750	36614.824718750	1400.000	4000.000	1.0000
82	Waveform 1	1	36617.913843750	36617.921968750	1400.000	4000.000	1.0000
82	Spectrogram 1	1	36617.913843750	36617.921968750	1400.000	4000.000	1.0000
83	Waveform 1	1	36620.650343750	36620.673093750	1400.000	4000.000	1.0000
83	Spectrogram 1	1	36620.650343750	36620.673093750	1400.000	4000.000	1.0000
84	Waveform 1	1	36623.381968750	36623.396593750	1400.000	4000.000	1.0000
84	Spectrogram 1	1	36623.381968750	36623.396593750	1400.000	4000.000	1.0000
85	Waveform 1	1	36626.368718750	36626.389843750	1400.000	4000.000	1.0000
85	Spectrogram 1	1	36626.368718750	36626.389843750	1400.000	4000.000	1.0000
86	Waveform 1	1	36629.751968750	36629.768218750	1400.000	4000.000	1.0000
86	Spectrogram 1	1	36629.751968750	36629.768218750	1400.000	4000.000	1.0000
87	Waveform 1	1	36689.022218750	36689.038468750	1400.000	4000.000	1.0000
87	Spectrogram 1	1	36689.022218750	36689.038468750	1400.000	4000.000	1.0000
88	Waveform 1	1	36752.335468750	36752.353343750	1400.000	4000.000	1.0000
88	Spectrogram 1	1	36752.335468750	36752.353343750	1400.000	4000.000	1.0000
89	Waveform 1	1	36767.555218750	36767.564968750	1400.000	4000.000	1.0000
89	Spectrogram 1	1	36767.555218750	36767.564968750	1400.000	4000.000	1.0000
90	Waveform 1	1	36873.232218750	36873.248468750	1400.000	4000.000	1.0000
90	Spectrogram 1	1	36873.232218750	36873.248468750	1400.000	4000.000	1.0000
91	Waveform 1	1	36879.273968750	36879.306468750	1400.000	4000.000	0.7500
91	Spectrogram 1	1	36879.273968750	36879.306468750	1400.000	4000.000	0.7500
92	Waveform 1	1	36880.994843750	36881.002968750	1400.000	4000.000	1.0000
92	Spectrogram 1	1	36880.994843750	36881.002968750	1400.000	4000.000	1.0000
93	Waveform 1	1	37043.244593750	37043.254343750	1400.000	4000.000	1.0000
93	Spectrogram 1	1	37043.244593750	37043.254343750	1400.000	4000.000	1.0000
94	Waveform 1	1	37457.962468750	37457.978718750	1400.000	4000.000	1.0000
94	Spectrogram 1	1	37457.962468750	37457.978718750	1400.000	4000.000	1.0000
95	Waveform 1	1	37475.338593750	37475.348343750	1400.000	4000.000	1.0000
95	Spectrogram 1	1	37475.338593750	37475.348343750	1400.000	4000.000	1.0000
96	Waveform 1	1	37865.072093750	37865.098093750	1400.000	4000.000	1.0000
96	Spectrogram 1	1	37865.072093750	37865.098093750	1400.000	4000.000	1.0000
97	Waveform 1	1	37865.778968750	37865.809843750	1400.000	4000.000	1.0000
97	Spectrogram 1	1	37865.778968750	37865.809843750	1400.000	4000.000	1.0000
98	Waveform 1	1	39028.258468750	39028.276343750	1400.000	4000.000	1.0000
98	Spectrogram 1	1	39028.258468750	39028.276343750	1400.000	4000.000	1.0000
99	Waveform 1	1	39028.393343750	39028.403093750	1400.000	4000.000	1.0000
99	Spectrogram 1	1	39028.393343750	39028.403093750	1400.000	4000.000	1.0000
100	Waveform 1	1	39034.673968750	39034.682093750	1400.000	4000.000	1.0000
100	Spectrogram 1	1	39034.673968750	39034.682093750	1400.000	4000.000	1.0000
101	Waveform 1	1	39163.796468750	39163.804593750	1400.000	4000.000	1.0000
101	Spectrogram 1	1	39163.796468750	39163.804593750	1400.000	4000.000	1.0000
102	Waveform 1	1	40203.170843750	40203.185468750	1400.000	4000.000	1.0000
102	Spectrogram 1	1	40203.170843750	40203.185468750	1400.000	4000.000	1.0000
103	Waveform 1	1	40211.095968750	40211.120343750	1400.000	4000.000	1.0000
103	Spectrogram 1	1	40211.095968750	40211.120343750	1400.000	4000.000	1.0000
104	Waveform 1	1	41251.609468750	41251.625718750	1400.000	4000.000	1.0000
104	Spectrogram 1	1	41251.609468750	41251.625718750	1400.000	4000.000	1.0000
105	Waveform 1	1	41730.061468750	41730.069593750	1400.000	4000.000	1.0000
105	Spectrogram 1	1	41730.061468750	41730.069593750	1400.000	4000.000	1.0000
106	Waveform 1	1	41733.668968750	41733.691718750	1400.000	4000.000	1.0000
106	Spectrogram 1	1	41733.668968750	41733.691718750	1400.000	4000.000	1.0000
107	Waveform 1	1	41740.898593750	41740.911593750	1400.000	4000.000	1.0000
107	Spectrogram 1	1	41740.898593750	41740.911593750	1400.000	4000.000	1.0000
108	Waveform 1	1	41744.567843750	41744.575968750	1400.000	4000.000	1.0000
108	Spectrogram 1	1	41744.567843750	41744.575968750	1400.000	4000.000	1.0000
109	Waveform 1	1	41762.616718750	41762.624843750	1400.000	4000.000	1.0000
109	Spectrogram 1	1	41762.616718750	41762.624843750	1400.000	4000.000	1.0000
110	Waveform 1	1	41773.403468750	41773.416468750	1400.000	4000.000	1.0000
110	Spectrogram 1	1	41773.403468750	41773.416468750	1400.000	4000.000	1.0000
111	Waveform 1	1	41814.364843750	41814.372968750	1400.000	4000.000	1.0000
111	Spectrogram 1	1	41814.364843750	41814.372968750	1400.000	4000.000	1.0000
112	Waveform 1	1	41879.460718750	41879.470468750	1400.000	4000.000	1.0000
112	Spectrogram 1	1	41879.460718750	41879.470468750	1400.000	4000.000	1.0000
113	Waveform 1	1	41907.625218750	41907.634968750	1400.000	4000.000	1.0000
113	Spectrogram 1	1	41907.625218750	41907.634968750	1400.000	4000.000	1.0000
114	Waveform 1	1	42104.766968750	42104.775093750	1400.000	4000.000	1.0000
114	Spectrogram 1	1	42104.766968750	42104.775093750	1400.000	4000.000	1.0000
115	Waveform 1	1	42130.711718750	42130.719843750	1400.000	4000.000	1.0000
115	Spectrogram 1	1	42130.711718750	42130.719843750	1400.000	4000.000	1.0000
116	Waveform 1	1	42285.471843750	42285.488093750	1400.000	4000.000	1.0000
116	Spectrogram 1	1	42285.471843750	42285.488093750	1400.000	4000.000	1.0000
117	Waveform 1	1	42289.251593750	42289.269468750	1400.000	4000.000	1.0000
117	Spectrogram 1	1	42289.251593750	42289.269468750	1400.000	4000.000	1.0000
118	Waveform 1	1	42292.958218750	42292.972843750	1400.000	4000.000	1.0000
118	Spectrogram 1	1	42292.958218750	42292.972843750	1400.000	4000.000	1.0000
119	Waveform 1	1	42383.729093750	42383.748593750	1400.000	4000.000	1.0000
119	Spectrogram 1	1	42383.729093750	42383.748593750	1400.000	4000.000	1.0000
120	Waveform 1	1	42387.442218750	42387.458468750	1400.000	4000.000	1.0000
120	Spectrogram 1	1	42387.442218750	42387.458468750	1400.000	4000.000	1.0000
121	Waveform 1	1	42464.691468750	42464.709343750	1400.000	4000.000	1.0000
121	Spectrogram 1	1	42464.691468750	42464.709343750	1400.000	4000.000	1.0000
122	Waveform 1	1	42566.080093750	42566.093093750	1400.000	4000.000	1.0000
122	Spectrogram 1	1	42566.080093750	42566.093093750	1400.000	4000.000	1.0000
123	Waveform 1	1	42818.743218750	42818.761093750	1400.000	4000.000	1.0000
123	Spectrogram 1	1	42818.743218750	42818.761093750	1400.000	4000.000	1.0000
124	Waveform 1	1	42822.488843750	42822.498593750	1400.000	4000.000	1.0000
124	Spectrogram 1	1	42822.488843750	42822.498593750	1400.000	4000.000	1.0000
125	Waveform 1	1	42826.200343750	42826.211718750	1400.000	4000.000	1.0000
125	Spectrogram 1	1	42826.200343750	42826.211718750	1400.000	4000.000	1.0000
126	Waveform 1	1	43137.527593750	43137.543843750	1400.000	4000.000	1.0000
126	Spectrogram 1	1	43137.527593750	43137.543843750	1400.000	4000.000	1.0000
127	Waveform 1	1	43189.600718750	43189.613718750	1400.000	4000.000	1.0000
127	Spectrogram 1	1	43189.600718750	43189.613718750	1400.000	4000.000	1.0000
128	Waveform 1	1	43648.695718750	43648.711968750	1400.000	4000.000	1.0000
128	Spectrogram 1	1	43648.695718750	43648.711968750	1400.000	4000.000	1.0000
129	Waveform 1	1	44032.338718750	44032.364718750	1400.000	4000.000	1.0000
129	Spectrogram 1	1	44032.338718750	44032.364718750	1400.000	4000.000	1.0000
130	Waveform 1	1	44032.410218750	44032.421593750	1400.000	4000.000	1.0000
130	Spectrogram 1	1	44032.410218750	44032.421593750	1400.000	4000.000	1.0000
131	Waveform 1	1	44101.854593750	44101.862718750	1400.000	4000.000	1.0000
131	Spectrogram 1	1	44101.854593750	44101.862718750	1400.000	4000.000	1.0000
132	Waveform 1	1	44163.653343750	44163.663093750	1400.000	4000.000	1.0000
132	Spectrogram 1	1	44163.653343750	44163.663093750	1400.000	4000.000	1.0000
133	Waveform 1	1	44203.438218750	44203.456093750	1400.000	4000.000	1.0000
133	Spectrogram 1	1	44203.438218750	44203.456093750	1400.000	4000.000	1.0000
134	Waveform 1	1	44252.251593750	44252.271093750	1400.000	4000.000	1.0000
134	Spectrogram 1	1	44252.251593750	44252.271093750	1400.000	4000.000	1.0000
135	Waveform 1	1	44285.850093750	44285.863093750	1400.000	4000.000	1.0000
135	Spectrogram 1	1	44285.850093750	44285.863093750	1400.000	4000.000	1.0000
136	Waveform 1	1	44289.228468750	44289.247968750	1400.000	4000.000	1.0000
136	Spectrogram 1	1	44289.228468750	44289.247968750	1400.000	4000.000	1.0000
137	Waveform 1	1	44403.451343750	44403.461093750	1400.000	4000.000	1.0000
137	Spectrogram 1	1	44403.451343750	44403.461093750	1400.000	4000.000	1.0000
138	Waveform 1	1	46065.043093750	46065.060968750	1400.000	4000.000	1.0000
138	Spectrogram 1	1	46065.043093750	46065.060968750	1400.000	4000.000	1.0000
139	Waveform 1	1	46082.021093750	46082.035718750	1400.000	4000.000	1.0000
139	Spectrogram 1	1	46082.021093750	46082.035718750	1400.000	4000.000	1.0000
140	Waveform 1	1	46568.882468750	46568.895468750	1400.000	4000.000	1.0000
140	Spectrogram 1	1	46568.882468750	46568.895468750	1400.000	4000.000	1.0000
141	Waveform 1	1	46595.443093750	46595.451218750	1400.000	4000.000	1.0000
141	Spectrogram 1	1	46595.443093750	46595.451218750	1400.000	4000.000	1.0000
142	Waveform 1	1	46605.769968750	46605.779718750	1400.000	4000.000	1.0000
142	Spectrogram 1	1	46605.769968750	46605.779718750	1400.000	4000.000	1.0000
143	Waveform 1	1	47083.066593750	47083.074718750	1400.000	4000.000	1.0000
143	Spectrogram 1	1	47083.066593750	47083.074718750	1400.000	4000.000	1.0000
144	Waveform 1	1	47409.090343750	47409.104968750	1400.000	4000.000	1.0000
144	Spectrogram 1	1	47409.090343750	47409.104968750	1400.000	4000.000	1.0000
145	Waveform 1	1	47412.452468750	47412.468718750	1400.000	4000.000	1.0000
145	Spectrogram 1	1	47412.452468750	47412.468718750	1400.000	4000.000	1.0000
146	Waveform 1	1	47419.868968750	47419.888468750	1400.000	4000.000	1.0000
146	Spectrogram 1	1	47419.868968750	47419.888468750	1400.000	4000.000	1.0000
147	Waveform 1	1	47636.471718750	47636.492843750	1400.000	4000.000	1.0000
147	Spectrogram 1	1	47636.471718750	47636.492843750	1400.000	4000.000	1.0000
148	Waveform 1	1	47726.688468750	47726.703093750	1400.000	4000.000	1.0000
148	Spectrogram 1	1	47726.688468750	47726.703093750	1400.000	4000.000	1.0000
149	Waveform 1	1	47752.217218750	47752.225343750	1400.000	4000.000	1.0000
149	Spectrogram 1	1	47752.217218750	47752.225343750	1400.000	4000.000	1.0000
150	Waveform 1	1	48646.422218750	48646.436843750	1400.000	4000.000	1.0000
150	Spectrogram 1	1	48646.422218750	48646.436843750	1400.000	4000.000	1.0000
151	Waveform 1	1	48646.820343750	48646.833343750	1400.000	4000.000	1.0000
151	Spectrogram 1	1	48646.820343750	48646.833343750	1400.000	4000.000	1.0000
152	Waveform 1	1	48653.357718750	48653.370718750	1400.000	4000.000	1.0000
152	Spectrogram 1	1	48653.357718750	48653.370718750	1400.000	4000.000	1.0000
153	Waveform 1	1	48653.754218750	48653.773718750	1400.000	4000.000	1.0000
153	Spectrogram 1	1	48653.754218750	48653.773718750	1400.000	4000.000	1.0000
154	Waveform 1	1	48654.235218750	48654.267718750	1400.000	4000.000	0.7000
154	Spectrogram 1	1	48654.235218750	48654.267718750	1400.000	4000.000	0.7000
155	Waveform 1	1	48672.570093750	48672.584718750	1400.000	4000.000	1.0000
155	Spectrogram 1	1	48672.570093750	48672.584718750	1400.000	4000.000	1.0000
156	Waveform 1	1	48934.009843750	48934.021218750	1400.000	4000.000	1.0000
156	Spectrogram 1	1	48934.009843750	48934.021218750	1400.000	4000.000	1.0000
157	Waveform 1	1	48946.296468750	48946.311093750	1400.000	4000.000	1.0000
157	Spectrogram 1	1	48946.296468750	48946.311093750	1400.000	4000.000	1.0000
158	Waveform 1	1	48966.360343750	48966.374968750	1400.000	4000.000	1.0000
158	Spectrogram 1	1	48966.360343750	48966.374968750	1400.000	4000.000	1.0000
159	Waveform 1	1	48996.660093750	48996.686093750	1400.000	4000.000	1.0000
159	Spectrogram 1	1	48996.660093750	48996.686093750	1400.000	4000.000	1.0000
160	Waveform 1	1	48997.649718750	48997.661093750	1400.000	4000.000	1.0000
160	Spectrogram 1	1	48997.649718750	48997.661093750	1400.000	4000.000	1.0000
161	Waveform 1	1	49004.040843750	49004.055468750	1400.000	4000.000	1.0000
161	Spectrogram 1	1	49004.040843750	49004.055468750	1400.000	4000.000	1.0000
162	Waveform 1	1	49020.469593750	49020.477718750	1400.000	4000.000	1.0000
162	Spectrogram 1	1	49020.469593750	49020.477718750	1400.000	4000.000	1.0000
163	Waveform 1	1	49022.686093750	49022.712093750	1400.000	4000.000	1.0000
163	Spectrogram 1	1	49022.686093750	49022.712093750	1400.000	4000.000	1.0000
164	Waveform 1	1	49032.099718750	49032.107843750	1400.000	4000.000	1.0000
164	Spectrogram 1	1	49032.099718750	49032.107843750	1400.000	4000.000	1.0000
165	Waveform 1	1	49091.979343750	49091.989093750	1400.000	4000.000	1.0000
165	Spectrogram 1	1	49091.979343750	49091.989093750	1400.000	4000.000	1.0000
166	Waveform 1	1	49093.635218750	49093.661218750	1400.000	4000.000	1.0000
166	Spectrogram 1	1	49093.635218750	49093.661218750	1400.000	4000.000	1.0000
167	Waveform 1	1	49095.434093750	49095.450343750	1400.000	4000.000	1.0000
167	Spectrogram 1	1	49095.434093750	49095.450343750	1400.000	4000.000	1.0000
168	Waveform 1	1	49127.074468750	49127.082593750	1400.000	4000.000	1.0000
168	Spectrogram 1	1	49127.074468750	49127.082593750	1400.000	4000.000	1.0000
169	Waveform 1	1	49129.146343750	49129.159343750	1400.000	4000.000	1.0000
169	Spectrogram 1	1	49129.146343750	49129.159343750	1400.000	4000.000	1.0000
170	Waveform 1	1	49129.284468750	49129.299093750	1400.000	4000.000	1.0000
170	Spectrogram 1	1	49129.284468750	49129.299093750	1400.000	4000.000	1.0000
171	Waveform 1	1	49129.378718750	49129.393343750	1400.000	4000.000	1.0000
171	Spectrogram 1	1	49129.378718750	49129.393343750	1400.000	4000.000	1.0000
172	Waveform 1	1	49131.047593750	49131.070343750	1400.000	4000.000	1.0000
172	Spectrogram 1	1	49131.047593750	49131.070343750	1400.000	4000.000	1.0000
173	Waveform 1	1	49131.195468750	49131.211718750	1400.000	4000.000	1.0000
173	Spectrogram 1	1	49131.195468750	49131.211718750	1400.000	4000.000	1.0000
174	Waveform 1	1	49131.322218750	49131.341718750	1400.000	4000.000	1.0000
174	Spectrogram 1	1	49131.322218750	49131.341718750	1400.000	4000.000	1.0000
175	Waveform 1	1	49132.856218750	49132.880593750	1400.000	4000.000	1.0000
175	Spectrogram 1	1	49132.856218750	49132.880593750	1400.000	4000.000	1.0000
176	Waveform 1	1	49133.436343750	49133.449343750	1400.000	4000.000	1.0000
176	Spectrogram 1	1	49133.436343750	49133.449343750	1400.000	4000.000	1.0000
177	Waveform 1	1	49133.876718750	49133.897843750	1400.000	4000.000	1.0000
177	Spectrogram 1	1	49133.876718750	49133.897843750	1400.000	4000.000	1.0000
178	Waveform 1	1	49135.857593750	49135.865718750	1400.000	4000.000	1.0000
178	Spectrogram 1	1	49135.857593750	49135.865718750	1400.000	4000.000	1.0000
179	Waveform 1	1	49136.127343750	49136.141968750	1400.000	4000.000	1.0000
179	Spectrogram 1	1	49136.127343750	49136.141968750	1400.000	4000.000	1.0000
180	Waveform 1	1	49136.231343750	49136.255718750	1400.000	4000.000	0.8667
180	Spectrogram 1	1	49136.231343750	49136.255718750	1400.000	4000.000	0.8667
181	Waveform 1	1	49139.403343750	49139.411468750	1400.000	4000.000	1.0000
181	Spectrogram 1	1	49139.403343750	49139.411468750	1400.000	4000.000	1.0000
182	Waveform 1	1	49139.500843750	49139.512218750	1400.000	4000.000	1.0000
182	Spectrogram 1	1	49139.500843750	49139.512218750	1400.000	4000.000	1.0000
183	Waveform 1	1	49139.617843750	49139.625968750	1400.000	4000.000	1.0000
183	Spectrogram 1	1	49139.617843750	49139.625968750	1400.000	4000.000	1.0000
184	Waveform 1	1	49139.713718750	49139.723468750	1400.000	4000.000	1.0000
184	Spectrogram 1	1	49139.713718750	49139.723468750	1400.000	4000.000	1.0000
185	Waveform 1	1	49139.765718750	49139.785218750	1400.000	4000.000	1.0000
185	Spectrogram 1	1	49139.765718750	49139.785218750	1400.000	4000.000	1.0000
186	Waveform 1	1	49141.187593750	49141.205468750	1400.000	4000.000	1.0000
186	Spectrogram 1	1	49141.187593750	49141.205468750	1400.000	4000.000	1.0000
187	Waveform 1	1	49149.965843750	49149.993468750	1400.000	4000.000	1.0000
187	Spectrogram 1	1	49149.965843750	49149.993468750	1400.000	4000.000	1.0000
188	Waveform 1	1	49152.136843750	49152.146593750	1400.000	4000.000	1.0000
188	Spectrogram 1	1	49152.136843750	49152.146593750	1400.000	4000.000	1.0000
189	Waveform 1	1	49158.319968750	49158.347593750	1400.000	4000.000	1.0000
189	Spectrogram 1	1	49158.319968750	49158.347593750	1400.000	4000.000	1.0000
190	Waveform 1	1	49158.813968750	49158.822093750	1400.000	4000.000	1.0000
190	Spectrogram 1	1	49158.813968750	49158.822093750	1400.000	4000.000	1.0000
191	Waveform 1	1	49214.271968750	49214.283343750	1400.000	4000.000	1.0000
191	Spectrogram 1	1	49214.271968750	49214.283343750	1400.000	4000.000	1.0000
192	Waveform 1	1	49324.916593750	49324.924718750	1400.000	4000.000	1.0000
192	Spectrogram 1	1	49324.916593750	49324.924718750	1400.000	4000.000	1.0000
193	Waveform 1	1	49325.012468750	49325.030343750	1400.000	4000.000	1.0000
193	Spectrogram 1	1	49325.012468750	49325.030343750	1400.000	4000.000	1.0000
194	Waveform 1	1	49358.594718750	49358.607718750	1400.000	4000.000	1.0000
194	Spectrogram 1	1	49358.594718750	49358.607718750	1400.000	4000.000	1.0000
195	Waveform 1	1	49367.821468750	49367.831218750	1400.000	4000.000	1.0000
195	Spectrogram 1	1	49367.821468750	49367.831218750	1400.000	4000.000	1.0000
196	Waveform 1	1	49379.420718750	49379.433718750	1400.000	4000.000	1.0000
196	Spectrogram 1	1	49379.420718750	49379.433718750	1400.000	4000.000	1.0000
197	Waveform 1	1	49381.954093750	49381.963843750	1400.000	4000.000	1.0000
197	Spectrogram 1	1	49381.954093750	49381.963843750	1400.000	4000.000	1.0000
198	Waveform 1	1	49462.658093750	49462.667843750	1400.000	4000.000	1.0000
198	Spectrogram 1	1	49462.658093750	49462.667843750	1400.000	4000.000	1.0000
199	Waveform 1	1	49462.866093750	49462.875843750	1400.000	4000.000	1.0000
199	Spectrogram 1	1	49462.866093750	49462.875843750	1400.000	4000.000	1.0000
200	Waveform 1	1	49465.652968750	49465.662718750	1400.000	4000.000	1.0000
200	Spectrogram 1	1	49465.652968750	49465.662718750	1400.000	4000.000	1.0000
201	Waveform 1	1	49465.756968750	49465.773218750	1400.000	4000.000	1.0000
201	Spectrogram 1	1	49465.756968750	49465.773218750	1400.000	4000.000	1.0000
202	Waveform 1	1	49469.080093750	49469.089843750	1400.000	4000.000	1.0000
202	Spectrogram 1	1	49469.080093750	49469.089843750	1400.000	4000.000	1.0000
203	Waveform 1	1	49469.148343750	49469.159718750	1400.000	4000.000	1.0000
203	Spectrogram 1	1	49469.148343750	49469.159718750	1400.000	4000.000	1.0000
204	Waveform 1	1	49535.521468750	49535.529593750	1400.000	4000.000	1.0000
204	Spectrogram 1	1	49535.521468750	49535.529593750	1400.000	4000.000	1.0000
205	Waveform 1	1	49546.222093750	49546.238343750	1400.000	4000.000	1.0000
205	Spectrogram 1	1	49546.222093750	49546.238343750	1400.000	4000.000	1.0000
206	Waveform 1	1	49552.892718750	49552.908968750	1400.000	4000.000	1.0000
206	Spectrogram 1	1	49552.892718750	49552.908968750	1400.000	4000.000	1.0000
207	Waveform 1	1	49553.802718750	49553.812468750	1400.000	4000.000	1.0000
207	Spectrogram 1	1	49553.802718750	49553.812468750	1400.000	4000.000	1.0000
208	Waveform 1	1	49576.703843750	49576.721718750	1400.000	4000.000	1.0000
208	Spectrogram 1	1	49576.703843750	49576.721718750	1400.000	4000.000	1.0000
209	Waveform 1	1	49577.397718750	49577.418843750	1400.000	4000.000	1.0000
209	Spectrogram 1	1	49577.397718750	49577.418843750	1400.000	4000.000	1.0000
210	Waveform 1	1	49577.816968750	49577.847843750	1400.000	4000.000	1.0000
210	Spectrogram 1	1	49577.816968750	49577.847843750	1400.000	4000.000	1.0000
211	Waveform 1	1	49578.806593750	49578.819593750	1400.000	4000.000	1.0000
211	Spectrogram 1	1	49578.806593750	49578.819593750	1400.000	4000.000	1.0000
212	Waveform 1	1	49584.056968750	49584.069968750	1400.000	4000.000	1.0000
212	Spectrogram 1	1	49584.056968750	49584.069968750	1400.000	4000.000	1.0000
213	Waveform 1	1	49586.245843750	49586.257218750	1400.000	4000.000	1.0000
213	Spectrogram 1	1	49586.245843750	49586.257218750	1400.000	4000.000	1.0000
214	Waveform 1	1	49589.341468750	49589.370718750	1400.000	4000.000	1.0000
214	Spectrogram 1	1	49589.341468750	49589.370718750	1400.000	4000.000	1.0000
215	Waveform 1	1	49593.083843750	49593.106593750	1400.000	4000.000	1.0000
215	Spectrogram 1	1	49593.083843750	49593.106593750	1400.000	4000.000	1.0000
216	Waveform 1	1	49597.099218750	49597.121968750	1400.000	4000.000	1.0000
216	Spectrogram 1	1	49597.099218750	49597.121968750	1400.000	4000.000	1.0000
217	Waveform 1	1	49598.704718750	49598.724218750	1400.000	4000.000	1.0000
217	Spectrogram 1	1	49598.704718750	49598.724218750	1400.000	4000.000	1.0000
218	Waveform 1	1	49599.317343750	49599.343343750	1400.000	4000.000	1.0000
218	Spectrogram 1	1	49599.317343750	49599.343343750	1400.000	4000.000	1.0000
219	Waveform 1	1	49601.628093750	49601.645968750	1400.000	4000.000	1.0000
219	Spectrogram 1	1	49601.628093750	49601.645968750	1400.000	4000.000	1.0000
220	Waveform 1	1	49603.578093750	49603.595968750	1400.000	4000.000	1.0000
220	Spectrogram 1	1	49603.578093750	49603.595968750	1400.000	4000.000	1.0000
221	Waveform 1	1	49605.810843750	49605.836843750	1400.000	4000.000	1.0000
221	Spectrogram 1	1	49605.810843750	49605.836843750	1400.000	4000.000	1.0000
222	Waveform 1	1	49610.355968750	49610.377093750	1400.000	4000.000	1.0000
222	Spectrogram 1	1	49610.355968750	49610.377093750	1400.000	4000.000	1.0000
223	Waveform 1	1	49612.461968750	49612.470093750	1400.000	4000.000	1.0000
223	Spectrogram 1	1	49612.461968750	49612.470093750	1400.000	4000.000	1.0000
224	Waveform 1	1	49612.783718750	49612.796718750	1400.000	4000.000	1.0000
224	Spectrogram 1	1	49612.783718750	49612.796718750	1400.000	4000.000	1.0000
225	Waveform 1	1	49615.840343750	49615.853343750	1400.000	4000.000	1.0000
225	Spectrogram 1	1	49615.840343750	49615.853343750	1400.000	4000.000	1.0000
226	Waveform 1	1	49618.170593750	49618.191718750	1400.000	4000.000	1.0000
226	Spectrogram 1	1	49618.170593750	49618.191718750	1400.000	4000.000	1.0000
227	Waveform 1	1	49667.482843750	49667.490968750	1400.000	4000.000	1.0000
227	Spectrogram 1	1	49667.482843750	49667.490968750	1400.000	4000.000	1.0000
228	Waveform 1	1	49671.472218750	49671.485218750	1400.000	4000.000	1.0000
228	Spectrogram 1	1	49671.472218750	49671.485218750	1400.000	4000.000	1.0000
229	Waveform 1	1	49679.642718750	49679.660593750	1400.000	4000.000	1.0000
229	Spectrogram 1	1	49679.642718750	49679.660593750	1400.000	4000.000	1.0000
230	Waveform 1	1	49680.736343750	49680.757468750	1400.000	4000.000	1.0000
230	Spectrogram 1	1	49680.736343750	49680.757468750	1400.000	4000.000	1.0000
231	Waveform 1	1	49680.832218750	49680.848468750	1400.000	4000.000	1.0000
231	Spectrogram 1	1	49680.832218750	49680.848468750	1400.000	4000.000	1.0000
232	Waveform 1	1	49685.616218750	49685.632468750	1400.000	4000.000	1.0000
232	Spectrogram 1	1	49685.616218750	49685.632468750	1400.000	4000.000	1.0000
233	Waveform 1	1	49696.677593750	49696.685718750	1400.000	4000.000	1.0000
233	Spectrogram 1	1	49696.677593750	49696.685718750	1400.000	4000.000	1.0000
234	Waveform 1	1	49701.949093750	49701.957218750	1400.000	4000.000	1.0000
234	Spectrogram 1	1	49701.949093750	49701.957218750	1400.000	4000.000	1.0000
235	Waveform 1	1	49707.886843750	49707.898218750	1400.000	4000.000	1.0000
235	Spectrogram 1	1	49707.886843750	49707.898218750	1400.000	4000.000	1.0000
236	Waveform 1	1	49710.026968750	49710.056218750	1400.000	4000.000	1.0000
236	Spectrogram 1	1	49710.026968750	49710.056218750	1400.000	4000.000	1.0000
237	Waveform 1	1	49720.020718750	49720.036968750	1400.000	4000.000	1.0000
237	Spectrogram 1	1	49720.020718750	49720.036968750	1400.000	4000.000	1.0000
238	Waveform 1	1	49791.842468750	49791.855468750	1400.000	4000.000	1.0000
238	Spectrogram 1	1	49791.842468750	49791.855468750	1400.000	4000.000	1.0000
239	Waveform 1	1	49791.951343750	49791.965968750	1400.000	4000.000	1.0000
239	Spectrogram 1	1	49791.951343750	49791.965968750	1400.000	4000.000	1.0000
240	Waveform 1	1	49792.895468750	49792.905218750	1400.000	4000.000	1.0000
240	Spectrogram 1	1	49792.895468750	49792.905218750	1400.000	4000.000	1.0000
241	Waveform 1	1	49792.976718750	49792.986468750	1400.000	4000.000	1.0000
241	Spectrogram 1	1	49792.976718750	49792.986468750	1400.000	4000.000	1.0000
242	Waveform 1	1	49793.686843750	49793.699843750	1400.000	4000.000	1.0000
242	Spectrogram 1	1	49793.686843750	49793.699843750	1400.000	4000.000	1.0000
243	Waveform 1	1	49796.697968750	49796.709343750	1400.000	4000.000	1.0000
243	Spectrogram 1	1	49796.697968750	49796.709343750	1400.000	4000.000	1.0000
244	Waveform 1	1	49796.875093750	49796.886468750	1400.000	4000.000	1.0000
244	Spectrogram 1	1	49796.875093750	49796.886468750	1400.000	4000.000	1.0000
245	Waveform 1	1	49798.097093750	49798.119843750	1400.000	4000.000	1.0000
245	Spectrogram 1	1	49798.097093750	49798.119843750	1400.000	4000.000	1.0000
246	Waveform 1	1	49803.748843750	49803.773218750	1400.000	4000.000	1.0000
246	Spectrogram 1	1	49803.748843750	49803.773218750	1400.000	4000.000	1.0000
247	Waveform 1	1	49803.899968750	49803.914593750	1400.000	4000.000	1.0000
247	Spectrogram 1	1	49803.899968750	49803.914593750	1400.000	4000.000	1.0000
248	Waveform 1	1	49804.350093750	49804.363093750	1400.000	4000.000	1.0000
248	Spectrogram 1	1	49804.350093750	49804.363093750	1400.000	4000.000	1.0000
249	Waveform 1	1	49804.993593750	49805.004968750	1400.000	4000.000	1.0000
249	Spectrogram 1	1	49804.993593750	49805.004968750	1400.000	4000.000	1.0000
250	Waveform 1	1	49807.106093750	49807.130468750	1400.000	4000.000	1.0000
250	Spectrogram 1	1	49807.106093750	49807.130468750	1400.000	4000.000	1.0000
251	Waveform 1	1	49807.169468750	49807.184093750	1400.000	4000.000	1.0000
251	Spectrogram 1	1	49807.169468750	49807.184093750	1400.000	4000.000	1.0000
252	Waveform 1	1	49807.216593750	49807.229593750	1400.000	4000.000	1.0000
252	Spectrogram 1	1	49807.216593750	49807.229593750	1400.000	4000.000	1.0000
253	Waveform 1	1	49807.317343750	49807.333593750	1400.000	4000.000	1.0000
253	Spectrogram 1	1	49807.317343750	49807.333593750	1400.000	4000.000	1.0000
254	Waveform 1	1	49807.465218750	49807.479843750	1400.000	4000.000	1.0000
254	Spectrogram 1	1	49807.465218750	49807.479843750	1400.000	4000.000	1.0000
255	Waveform 1	1	49807.617968750	49807.645593750	1400.000	4000.000	1.0000
255	Spectrogram 1	1	49807.617968750	49807.645593750	1400.000	4000.000	1.0000
256	Waveform 1	1	49809.849093750	49809.862093750	1400.000	4000.000	1.0000
256	Spectrogram 1	1	49809.849093750	49809.862093750	1400.000	4000.000	1.0000
257	Waveform 1	1	49810.451968750	49810.469843750	1400.000	4000.000	1.0000
257	Spectrogram 1	1	49810.451968750	49810.469843750	1400.000	4000.000	1.0000
258	Waveform 1	1	49810.572218750	49810.586843750	1400.000	4000.000	1.0000
258	Spectrogram 1	1	49810.572218750	49810.586843750	1400.000	4000.000	1.0000
259	Waveform 1	1	49827.746843750	49827.772843750	1400.000	4000.000	1.0000
259	Spectrogram 1	1	49827.746843750	49827.772843750	1400.000	4000.000	1.0000
260	Waveform 1	1	49860.713218750	49860.727843750	1400.000	4000.000	1.0000
260	Spectrogram 1	1	49860.713218750	49860.727843750	1400.000	4000.000	1.0000
261	Waveform 1	1	49875.451968750	49875.463343750	1400.000	4000.000	1.0000
261	Spectrogram 1	1	49875.451968750	49875.463343750	1400.000	4000.000	1.0000
262	Waveform 1	1	50003.955343750	50003.966718750	1400.000	4000.000	1.0000
262	Spectrogram 1	1	50003.955343750	50003.966718750	1400.000	4000.000	1.0000
263	Waveform 1	1	50065.167468750	50065.178843750	1400.000	4000.000	1.0000
263	Spectrogram 1	1	50065.167468750	50065.178843750	1400.000	4000.000	1.0000
264	Waveform 1	1	50078.755718750	50078.765468750	1400.000	4000.000	1.0000
264	Spectrogram 1	1	50078.755718750	50078.765468750	1400.000	4000.000	1.0000
265	Waveform 1	1	50084.904718750	50084.916093750	1400.000	4000.000	1.0000
265	Spectrogram 1	1	50084.904718750	50084.916093750	1400.000	4000.000	1.0000
266	Waveform 1	1	50118.134343750	50118.144093750	1400.000	4000.000	1.0000
266	Spectrogram 1	1	50118.134343750	50118.144093750	1400.000	4000.000	1.0000
267	Waveform 1	1	50138.892093750	50138.911593750	1400.000	4000.000	1.0000
267	Spectrogram 1	1	50138.892093750	50138.911593750	1400.000	4000.000	1.0000
268	Waveform 1	1	50140.107593750	50140.130343750	1400.000	4000.000	1.0000
268	Spectrogram 1	1	50140.107593750	50140.130343750	1400.000	4000.000	1.0000
269	Waveform 1	1	50148.068468750	50148.081468750	1400.000	4000.000	1.0000
269	Spectrogram 1	1	50148.068468750	50148.081468750	1400.000	4000.000	1.0000
270	Waveform 1	1	50156.546093750	50156.557468750	1400.000	4000.000	1.0000
270	Spectrogram 1	1	50156.546093750	50156.557468750	1400.000	4000.000	1.0000
271	Waveform 1	1	50206.791093750	50206.815468750	1400.000	4000.000	1.0000
271	Spectrogram 1	1	50206.791093750	50206.815468750	1400.000	4000.000	1.0000
272	Waveform 1	1	50221.637093750	50221.653343750	1400.000	4000.000	1.0000
272	Spectrogram 1	1	50221.637093750	50221.653343750	1400.000	4000.000	1.0000
273	Waveform 1	1	50223.830843750	50223.838968750	1400.000	4000.000	1.0000
273	Spectrogram 1	1	50223.830843750	50223.838968750	1400.000	4000.000	1.0000
274	Waveform 1	1	50224.625468750	50224.646593750	1400.000	4000.000	1.0000
274	Spectrogram 1	1	50224.625468750	50224.646593750	1400.000	4000.000	1.0000
275	Waveform 1	1	50252.430843750	50252.447093750	1400.000	4000.000	1.0000
275	Spectrogram 1	1	50252.430843750	50252.447093750	1400.000	4000.000	1.0000
276	Waveform 1	1	50252.840343750	50252.858218750	1400.000	4000.000	1.0000
276	Spectrogram 1	1	50252.840343750	50252.858218750	1400.000	4000.000	1.0000
277	Waveform 1	1	50253.862468750	50253.877093750	1400.000	4000.000	1.0000
277	Spectrogram 1	1	50253.862468750	50253.877093750	1400.000	4000.000	1.0000
278	Waveform 1	1	50253.916093750	50253.943718750	1400.000	4000.000	1.0000
278	Spectrogram 1	1	50253.916093750	50253.943718750	1400.000	4000.000	1.0000
279	Waveform 1	1	50281.641843750	50281.659718750	1400.000	4000.000	1.0000
279	Spectrogram 1	1	50281.641843750	50281.659718750	1400.000	4000.000	1.0000
280	Waveform 1	1	50285.168093750	50285.179468750	1400.000	4000.000	1.0000
280	Spectrogram 1	1	50285.168093750	50285.179468750	1400.000	4000.000	1.0000
281	Waveform 1	1	50299.594843750	50299.611093750	1400.000	4000.000	1.0000
281	Spectrogram 1	1	50299.594843750	50299.611093750	1400.000	4000.000	1.0000
282	Waveform 1	1	50301.440843750	50301.460343750	1400.000	4000.000	1.0000
282	Spectrogram 1	1	50301.440843750	50301.460343750	1400.000	4000.000	1.0000
283	Waveform 1	1	50310.860968750	50310.877218750	1400.000	4000.000	1.0000
283	Spectrogram 1	1	50310.860968750	50310.877218750	1400.000	4000.000	1.0000
284	Waveform 1	1	50321.129343750	50321.148843750	1400.000	4000.000	1.0000
284	Spectrogram 1	1	50321.129343750	50321.148843750	1400.000	4000.000	1.0000
285	Waveform 1	1	50327.669968750	50327.679718750	1400.000	4000.000	1.0000
285	Spectrogram 1	1	50327.669968750	50327.679718750	1400.000	4000.000	1.0000
286	Waveform 1	1	50329.941718750	50329.964468750	1400.000	4000.000	1.0000
286	Spectrogram 1	1	50329.941718750	50329.964468750	1400.000	4000.000	1.0000
287	Waveform 1	1	50330.016468750	50330.026218750	1400.000	4000.000	1.0000
287	Spectrogram 1	1	50330.016468750	50330.026218750	1400.000	4000.000	1.0000
288	Waveform 1	1	50331.504968750	50331.521218750	1400.000	4000.000	1.0000
288	Spectrogram 1	1	50331.504968750	50331.521218750	1400.000	4000.000	1.0000
289	Waveform 1	1	50335.343218750	50335.354593750	1400.000	4000.000	1.0000
289	Spectrogram 1	1	50335.343218750	50335.354593750	1400.000	4000.000	1.0000
290	Waveform 1	1	50338.726468750	50338.741093750	1400.000	4000.000	1.0000
290	Spectrogram 1	1	50338.726468750	50338.741093750	1400.000	4000.000	1.0000
291	Waveform 1	1	50375.930843750	50375.956843750	1400.000	4000.000	1.0000
291	Spectrogram 1	1	50375.930843750	50375.956843750	1400.000	4000.000	1.0000
292	Waveform 1	1	50384.262218750	50384.271968750	1400.000	4000.000	1.0000
292	Spectrogram 1	1	50384.262218750	50384.271968750	1400.000	4000.000	1.0000
293	Waveform 1	1	50385.186843750	50385.194968750	1400.000	4000.000	1.0000
293	Spectrogram 1	1	50385.186843750	50385.194968750	1400.000	4000.000	1.0000
294	Waveform 1	1	50424.812468750	50424.825468750	1400.000	4000.000	1.0000
294	Spectrogram 1	1	50424.812468750	50424.825468750	1400.000	4000.000	1.0000
295	Waveform 1	1	50424.931093750	50424.945718750	1400.000	4000.000	1.0000
295	Spectrogram 1	1	50424.931093750	50424.945718750	1400.000	4000.000	1.0000
296	Waveform 1	1	50432.263093750	50432.279343750	1400.000	4000.000	1.0000
296	Spectrogram 1	1	50432.263093750	50432.279343750	1400.000	4000.000	1.0000
297	Waveform 1	1	50432.537718750	50432.560468750	1400.000	4000.000	0.7857
297	Spectrogram 1	1	50432.537718750	50432.560468750	1400.000	4000.000	0.7857
298	Waveform 1	1	50445.635218750	50445.644968750	1400.000	4000.000	1.0000
298	Spectrogram 1	1	50445.635218750	50445.644968750	1400.000	4000.000	1.0000
299	Waveform 1	1	50452.227843750	50452.240843750	1400.000	4000.000	1.0000
299	Spectrogram 1	1	50452.227843750	50452.240843750	1400.000	4000.000	1.0000
300	Waveform 1	1	50478.110843750	50478.118968750	1400.000	4000.000	1.0000
300	Spectrogram 1	1	50478.110843750	50478.118968750	1400.000	4000.000	1.0000
301	Waveform 1	1	50487.571593750	50487.587843750	1400.000	4000.000	1.0000
301	Spectrogram 1	1	50487.571593750	50487.587843750	1400.000	4000.000	1.0000
302	Waveform 1	1	50487.630093750	50487.644718750	1400.000	4000.000	1.0000
302	Spectrogram 1	1	50487.630093750	50487.644718750	1400.000	4000.000	1.0000
303	Waveform 1	1	50549.040468750	50549.051843750	1400.000	4000.000	1.0000
303	Spectrogram 1	1	50549.040468750	50549.051843750	1400.000	4000.000	1.0000
304	Waveform 1	1	50581.720843750	50581.735468750	1400.000	4000.000	1.0000
304	Spectrogram 1	1	50581.720843750	50581.735468750	1400.000	4000.000	1.0000
305	Waveform 1	1	50599.290343750	50599.300093750	1400.000	4000.000	1.0000
305	Spectrogram 1	1	50599.290343750	50599.300093750	1400.000	4000.000	1.0000
306	Waveform 1	1	50618.705843750	50618.717218750	1400.000	4000.000	1.0000
306	Spectrogram 1	1	50618.705843750	50618.717218750	1400.000	4000.000	1.0000
307	Waveform 1	1	50649.964343750	50649.982218750	1400.000	4000.000	1.0000
307	Spectrogram 1	1	50649.964343750	50649.982218750	1400.000	4000.000	1.0000
308	Waveform 1	1	50820.898093750	50820.907843750	1400.000	4000.000	1.0000
308	Spectrogram 1	1	50820.898093750	50820.907843750	1400.000	4000.000	1.0000
309	Waveform 1	1	50821.931593750	50821.944593750	1400.000	4000.000	1.0000
309	Spectrogram 1	1	50821.931593750	50821.944593750	1400.000	4000.000	1.0000
310	Waveform 1	1	50822.319968750	50822.341093750	1400.000	4000.000	1.0000
310	Spectrogram 1	1	50822.319968750	50822.341093750	1400.000	4000.000	1.0000
311	Waveform 1	1	50839.294718750	50839.314218750	1400.000	4000.000	1.0000
311	Spectrogram 1	1	50839.294718750	50839.314218750	1400.000	4000.000	1.0000
312	Waveform 1	1	50891.835843750	50891.856968750	1400.000	4000.000	1.0000
312	Spectrogram 1	1	50891.835843750	50891.856968750	1400.000	4000.000	1.0000
313	Waveform 1	1	51020.088968750	51020.103593750	1400.000	4000.000	1.0000
313	Spectrogram 1	1	51020.088968750	51020.103593750	1400.000	4000.000	1.0000
314	Waveform 1	1	51050.916843750	51050.929843750	1400.000	4000.000	1.0000
314	Spectrogram 1	1	51050.916843750	51050.929843750	1400.000	4000.000	1.0000
315	Waveform 1	1	51050.975343750	51050.989968750	1400.000	4000.000	1.0000
315	Spectrogram 1	1	51050.975343750	51050.989968750	1400.000	4000.000	1.0000
316	Waveform 1	1	51051.077718750	51051.093968750	1400.000	4000.000	1.0000
316	Spectrogram 1	1	51051.077718750	51051.093968750	1400.000	4000.000	1.0000
317	Waveform 1	1	51051.142718750	51051.155718750	1400.000	4000.000	1.0000
317	Spectrogram 1	1	51051.142718750	51051.155718750	1400.000	4000.000	1.0000
318	Waveform 1	1	51051.405968750	51051.417343750	1400.000	4000.000	1.0000
318	Spectrogram 1	1	51051.405968750	51051.417343750	1400.000	4000.000	1.0000
319	Waveform 1	1	51051.485593750	51051.500218750	1400.000	4000.000	1.0000
319	Spectrogram 1	1	51051.485593750	51051.500218750	1400.000	4000.000	1.0000
320	Waveform 1	1	51051.657843750	51051.674093750	1400.000	4000.000	1.0000
320	Spectrogram 1	1	51051.657843750	51051.674093750	1400.000	4000.000	1.0000
321	Waveform 1	1	51171.449593750	51171.460968750	1400.000	4000.000	1.0000
321	Spectrogram 1	1	51171.449593750	51171.460968750	1400.000	4000.000	1.0000
322	Waveform 1	1	51173.869218750	51173.880593750	1400.000	4000.000	1.0000
322	Spectrogram 1	1	51173.869218750	51173.880593750	1400.000	4000.000	1.0000
323	Waveform 1	1	51174.041468750	51174.056093750	1400.000	4000.000	1.0000
323	Spectrogram 1	1	51174.041468750	51174.056093750	1400.000	4000.000	1.0000
324	Waveform 1	1	51174.173093750	51174.190968750	1400.000	4000.000	1.0000
324	Spectrogram 1	1	51174.173093750	51174.190968750	1400.000	4000.000	1.0000
325	Waveform 1	1	51184.075843750	51184.090468750	1400.000	4000.000	1.0000
325	Spectrogram 1	1	51184.075843750	51184.090468750	1400.000	4000.000	1.0000
326	Waveform 1	1	51187.571218750	51187.585843750	1400.000	4000.000	1.0000
326	Spectrogram 1	1	51187.571218750	51187.585843750	1400.000	4000.000	1.0000
327	Waveform 1	1	51187.684968750	51187.699593750	1400.000	4000.000	1.0000
327	Spectrogram 1	1	51187.684968750	51187.699593750	1400.000	4000.000	1.0000
328	Waveform 1	1	51190.062343750	51190.081843750	1400.000	4000.000	1.0000
328	Spectrogram 1	1	51190.062343750	51190.081843750	1400.000	4000.000	1.0000
329	Waveform 1	1	51193.239218750	51193.247343750	1400.000	4000.000	1.0000
329	Spectrogram 1	1	51193.239218750	51193.247343750	1400.000	4000.000	1.0000
330	Waveform 1	1	51195.987093750	51195.998468750	1400.000	4000.000	1.0000
330	Spectrogram 1	1	51195.987093750	51195.998468750	1400.000	4000.000	1.0000
331	Waveform 1	1	51233.916218750	51233.932468750	1400.000	4000.000	1.0000
331	Spectrogram 1	1	51233.916218750	51233.932468750	1400.000	4000.000	1.0000
332	Waveform 1	1	51233.973093750	51233.992593750	1400.000	4000.000	1.0000
332	Spectrogram 1	1	51233.973093750	51233.992593750	1400.000	4000.000	1.0000
333	Waveform 1	1	51234.980593750	51234.988718750	1400.000	4000.000	1.0000
333	Spectrogram 1	1	51234.980593750	51234.988718750	1400.000	4000.000	1.0000
334	Waveform 1	1	51242.174468750	51242.198843750	1400.000	4000.000	1.0000
334	Spectrogram 1	1	51242.174468750	51242.198843750	1400.000	4000.000	1.0000
335	Waveform 1	1	51249.217218750	51249.225343750	1400.000	4000.000	1.0000
335	Spectrogram 1	1	51249.217218750	51249.225343750	1400.000	4000.000	1.0000
336	Waveform 1	1	51292.853343750	51292.867968750	1400.000	4000.000	1.0000
336	Spectrogram 1	1	51292.853343750	51292.867968750	1400.000	4000.000	1.0000
337	Waveform 1	1	51342.035593750	51342.050218750	1400.000	4000.000	1.0000
337	Spectrogram 1	1	51342.035593750	51342.050218750	1400.000	4000.000	1.0000
338	Waveform 1	1	51346.281718750	51346.293093750	1400.000	4000.000	1.0000
338	Spectrogram 1	1	51346.281718750	51346.293093750	1400.000	4000.000	1.0000
339	Waveform 1	1	51347.079593750	51347.087718750	1400.000	4000.000	1.0000
339	Spectrogram 1	1	51347.079593750	51347.087718750	1400.000	4000.000	1.0000
340	Waveform 1	1	51348.503093750	51348.511218750	1400.000	4000.000	1.0000
340	Spectrogram 1	1	51348.503093750	51348.511218750	1400.000	4000.000	1.0000
341	Waveform 1	1	51349.104343750	51349.117343750	1400.000	4000.000	1.0000
341	Spectrogram 1	1	51349.104343750	51349.117343750	1400.000	4000.000	1.0000
342	Waveform 1	1	51349.286343750	51349.294468750	1400.000	4000.000	1.0000
342	Spectrogram 1	1	51349.286343750	51349.294468750	1400.000	4000.000	1.0000
343	Waveform 1	1	51352.081343750	51352.091093750	1400.000	4000.000	1.0000
343	Spectrogram 1	1	51352.081343750	51352.091093750	1400.000	4000.000	1.0000
344	Waveform 1	1	51382.020343750	51382.033343750	1400.000	4000.000	1.0000
344	Spectrogram 1	1	51382.020343750	51382.033343750	1400.000	4000.000	1.0000
345	Waveform 1	1	51384.280718750	51384.311593750	1400.000	4000.000	1.0000
345	Spectrogram 1	1	51384.280718750	51384.311593750	1400.000	4000.000	1.0000
346	Waveform 1	1	51386.557343750	51386.568718750	1400.000	4000.000	1.0000
346	Spectrogram 1	1	51386.557343750	51386.568718750	1400.000	4000.000	1.0000
347	Waveform 1	1	51387.629843750	51387.642843750	1400.000	4000.000	1.0000
347	Spectrogram 1	1	51387.629843750	51387.642843750	1400.000	4000.000	1.0000
348	Waveform 1	1	51395.025218750	51395.034968750	1400.000	4000.000	1.0000
348	Spectrogram 1	1	51395.025218750	51395.034968750	1400.000	4000.000	1.0000
349	Waveform 1	1	51397.189718750	51397.197843750	1400.000	4000.000	1.0000
349	Spectrogram 1	1	51397.189718750	51397.197843750	1400.000	4000.000	1.0000
350	Waveform 1	1	51399.422468750	51399.437093750	1400.000	4000.000	1.0000
350	Spectrogram 1	1	51399.422468750	51399.437093750	1400.000	4000.000	1.0000
351	Waveform 1	1	51432.931593750	51432.955968750	1400.000	4000.000	1.0000
351	Spectrogram 1	1	51432.931593750	51432.955968750	1400.000	4000.000	1.0000
352	Waveform 1	1	51435.045718750	51435.053843750	1400.000	4000.000	1.0000
352	Spectrogram 1	1	51435.045718750	51435.053843750	1400.000	4000.000	1.0000
353	Waveform 1	1	51467.154093750	51467.165468750	1400.000	4000.000	1.0000
353	Spectrogram 1	1	51467.154093750	51467.165468750	1400.000	4000.000	1.0000
354	Waveform 1	1	51474.268343750	51474.300843750	1400.000	4000.000	1.0000
354	Spectrogram 1	1	51474.268343750	51474.300843750	1400.000	4000.000	1.0000
355	Waveform 1	1	51477.742593750	51477.766968750	1400.000	4000.000	1.0000
355	Spectrogram 1	1	51477.742593750	51477.766968750	1400.000	4000.000	1.0000
356	Waveform 1	1	51510.247468750	51510.260468750	1400.000	4000.000	1.0000
356	Spectrogram 1	1	51510.247468750	51510.260468750	1400.000	4000.000	1.0000
357	Waveform 1	1	51522.116468750	51522.131093750	1400.000	4000.000	1.0000
357	Spectrogram 1	1	51522.116468750	51522.131093750	1400.000	4000.000	1.0000
358	Waveform 1	1	51529.073093750	51529.084468750	1400.000	4000.000	1.0000
358	Spectrogram 1	1	51529.073093750	51529.084468750	1400.000	4000.000	1.0000
359	Waveform 1	1	51541.739968750	51541.751343750	1400.000	4000.000	1.0000
359	Spectrogram 1	1	51541.739968750	51541.751343750	1400.000	4000.000	1.0000
360	Waveform 1	1	51557.918468750	51557.939593750	1400.000	4000.000	1.0000
360	Spectrogram 1	1	51557.918468750	51557.939593750	1400.000	4000.000	1.0000
361	Waveform 1	1	51559.385843750	51559.403718750	1400.000	4000.000	1.0000
361	Spectrogram 1	1	51559.385843750	51559.403718750	1400.000	4000.000	1.0000
362	Waveform 1	1	51567.900843750	51567.912218750	1400.000	4000.000	1.0000
362	Spectrogram 1	1	51567.900843750	51567.912218750	1400.000	4000.000	1.0000
363	Waveform 1	1	51569.657468750	51569.668843750	1400.000	4000.000	1.0000
363	Spectrogram 1	1	51569.657468750	51569.668843750	1400.000	4000.000	1.0000
364	Waveform 1	1	51574.187968750	51574.207468750	1400.000	4000.000	1.0000
364	Spectrogram 1	1	51574.187968750	51574.207468750	1400.000	4000.000	1.0000
365	Waveform 1	1	51574.282218750	51574.295218750	1400.000	4000.000	1.0000
365	Spectrogram 1	1	51574.282218750	51574.295218750	1400.000	4000.000	1.0000
366	Waveform 1	1	51574.621843750	51574.631593750	1400.000	4000.000	1.0000
366	Spectrogram 1	1	51574.621843750	51574.631593750	1400.000	4000.000	1.0000
367	Waveform 1	1	51576.417468750	51576.432093750	1400.000	4000.000	1.0000
367	Spectrogram 1	1	51576.417468750	51576.432093750	1400.000	4000.000	1.0000
368	Waveform 1	1	51576.635218750	51576.667718750	1400.000	4000.000	1.0000
368	Spectrogram 1	1	51576.635218750	51576.667718750	1400.000	4000.000	1.0000
369	Waveform 1	1	51579.678843750	51579.686968750	1400.000	4000.000	1.0000
369	Spectrogram 1	1	51579.678843750	51579.686968750	1400.000	4000.000	1.0000
370	Waveform 1	1	51579.725968750	51579.740593750	1400.000	4000.000	1.0000
370	Spectrogram 1	1	51579.725968750	51579.740593750	1400.000	4000.000	1.0000
371	Waveform 1	1	51579.828343750	51579.847843750	1400.000	4000.000	1.0000
371	Spectrogram 1	1	51579.828343750	51579.847843750	1400.000	4000.000	1.0000
372	Waveform 1	1	51581.544343750	51581.568718750	1400.000	4000.000	1.0000
372	Spectrogram 1	1	51581.544343750	51581.568718750	1400.000	4000.000	1.0000
373	Waveform 1	1	51582.230093750	51582.241468750	1400.000	4000.000	1.0000
373	Spectrogram 1	1	51582.230093750	51582.241468750	1400.000	4000.000	1.0000
374	Waveform 1	1	51582.285343750	51582.311343750	1400.000	4000.000	1.0000
374	Spectrogram 1	1	51582.285343750	51582.311343750	1400.000	4000.000	1.0000
375	Waveform 1	1	51584.974718750	51585.000718750	1400.000	4000.000	1.0000
375	Spectrogram 1	1	51584.974718750	51585.000718750	1400.000	4000.000	1.0000
376	Waveform 1	1	51585.208718750	51585.236343750	1400.000	4000.000	1.0000
376	Spectrogram 1	1	51585.208718750	51585.236343750	1400.000	4000.000	1.0000
377	Waveform 1	1	51585.272093750	51585.285093750	1400.000	4000.000	1.0000
377	Spectrogram 1	1	51585.272093750	51585.285093750	1400.000	4000.000	1.0000
378	Waveform 1	1	51585.353343750	51585.364718750	1400.000	4000.000	1.0000
378	Spectrogram 1	1	51585.353343750	51585.364718750	1400.000	4000.000	1.0000
379	Waveform 1	1	51585.507718750	51585.525593750	1400.000	4000.000	1.0000
379	Spectrogram 1	1	51585.507718750	51585.525593750	1400.000	4000.000	1.0000
380	Waveform 1	1	51587.041718750	51587.069343750	1400.000	4000.000	1.0000
380	Spectrogram 1	1	51587.041718750	51587.069343750	1400.000	4000.000	1.0000
381	Waveform 1	1	51588.526968750	51588.535093750	1400.000	4000.000	1.0000
381	Spectrogram 1	1	51588.526968750	51588.535093750	1400.000	4000.000	1.0000
382	Waveform 1	1	51594.212843750	51594.220968750	1400.000	4000.000	1.0000
382	Spectrogram 1	1	51594.212843750	51594.220968750	1400.000	4000.000	1.0000
383	Waveform 1	1	51598.393968750	51598.413468750	1400.000	4000.000	0.8333
383	Spectrogram 1	1	51598.393968750	51598.413468750	1400.000	4000.000	0.8333
384	Waveform 1	1	51602.201343750	51602.220843750	1400.000	4000.000	1.0000
384	Spectrogram 1	1	51602.201343750	51602.220843750	1400.000	4000.000	1.0000
385	Waveform 1	1	51602.945593750	51602.965093750	1400.000	4000.000	1.0000
385	Spectrogram 1	1	51602.945593750	51602.965093750	1400.000	4000.000	1.0000
386	Waveform 1	1	51605.755218750	51605.782843750	1400.000	4000.000	1.0000
386	Spectrogram 1	1	51605.755218750	51605.782843750	1400.000	4000.000	1.0000
387	Waveform 1	1	51615.009593750	51615.024218750	1400.000	4000.000	1.0000
387	Spectrogram 1	1	51615.009593750	51615.024218750	1400.000	4000.000	1.0000
388	Waveform 1	1	51615.188343750	51615.206218750	1400.000	4000.000	1.0000
388	Spectrogram 1	1	51615.188343750	51615.206218750	1400.000	4000.000	1.0000
389	Waveform 1	1	51615.277718750	51615.293968750	1400.000	4000.000	1.0000
389	Spectrogram 1	1	51615.277718750	51615.293968750	1400.000	4000.000	1.0000
390	Waveform 1	1	51619.145218750	51619.159843750	1400.000	4000.000	1.0000
390	Spectrogram 1	1	51619.145218750	51619.159843750	1400.000	4000.000	1.0000
391	Waveform 1	1	51619.609968750	51619.640843750	1400.000	4000.000	1.0000
391	Spectrogram 1	1	51619.609968750	51619.640843750	1400.000	4000.000	1.0000
392	Waveform 1	1	51621.795593750	51621.815093750	1400.000	4000.000	1.0000
392	Spectrogram 1	1	51621.795593750	51621.815093750	1400.000	4000.000	1.0000
393	Waveform 1	1	51624.944843750	51624.954593750	1400.000	4000.000	1.0000
393	Spectrogram 1	1	51624.944843750	51624.954593750	1400.000	4000.000	1.0000
394	Waveform 1	1	51632.416593750	51632.449093750	1400.000	4000.000	1.0000
394	Spectrogram 1	1	51632.416593750	51632.449093750	1400.000	4000.000	1.0000
395	Waveform 1	1	51632.549843750	51632.564468750	1400.000	4000.000	1.0000
395	Spectrogram 1	1	51632.549843750	51632.564468750	1400.000	4000.000	1.0000
396	Waveform 1	1	51632.832593750	51632.842343750	1400.000	4000.000	1.0000
396	Spectrogram 1	1	51632.832593750	51632.842343750	1400.000	4000.000	1.0000
397	Waveform 1	1	51633.073093750	51633.089343750	1400.000	4000.000	1.0000
397	Spectrogram 1	1	51633.073093750	51633.089343750	1400.000	4000.000	1.0000
398	Waveform 1	1	51647.293468750	51647.309718750	1400.000	4000.000	1.0000
398	Spectrogram 1	1	51647.293468750	51647.309718750	1400.000	4000.000	1.0000
399	Waveform 1	1	51647.347093750	51647.360093750	1400.000	4000.000	1.0000
399	Spectrogram 1	1	51647.347093750	51647.360093750	1400.000	4000.000	1.0000
400	Waveform 1	1	51647.545343750	51647.553468750	1400.000	4000.000	1.0000
400	Spectrogram 1	1	51647.545343750	51647.553468750	1400.000	4000.000	1.0000
401	Waveform 1	1	51647.592468750	51647.607093750	1400.000	4000.000	1.0000
401	Spectrogram 1	1	51647.592468750	51647.607093750	1400.000	4000.000	1.0000
402	Waveform 1	1	51647.795593750	51647.815093750	1400.000	4000.000	1.0000
402	Spectrogram 1	1	51647.795593750	51647.815093750	1400.000	4000.000	1.0000
403	Waveform 1	1	51649.639968750	51649.667593750	1400.000	4000.000	1.0000
403	Spectrogram 1	1	51649.639968750	51649.667593750	1400.000	4000.000	1.0000
404	Waveform 1	1	51655.463968750	51655.476968750	1400.000	4000.000	1.0000
404	Spectrogram 1	1	51655.463968750	51655.476968750	1400.000	4000.000	1.0000
405	Waveform 1	1	51687.312343750	51687.322093750	1400.000	4000.000	1.0000
405	Spectrogram 1	1	51687.312343750	51687.322093750	1400.000	4000.000	1.0000
406	Waveform 1	1	51700.398468750	51700.406593750	1400.000	4000.000	1.0000
406	Spectrogram 1	1	51700.398468750	51700.406593750	1400.000	4000.000	1.0000
407	Waveform 1	1	51701.066343750	51701.084218750	1400.000	4000.000	1.0000
407	Spectrogram 1	1	51701.066343750	51701.084218750	1400.000	4000.000	1.0000
408	Waveform 1	1	51734.193593750	51734.201718750	1400.000	4000.000	1.0000
408	Spectrogram 1	1	51734.193593750	51734.201718750	1400.000	4000.000	1.0000
409	Waveform 1	1	51754.572718750	51754.587343750	1400.000	4000.000	1.0000
409	Spectrogram 1	1	51754.572718750	51754.587343750	1400.000	4000.000	1.0000
410	Waveform 1	1	51754.874968750	51754.894468750	1400.000	4000.000	1.0000
410	Spectrogram 1	1	51754.874968750	51754.894468750	1400.000	4000.000	1.0000
411	Waveform 1	1	51756.145718750	51756.163593750	1400.000	4000.000	1.0000
411	Spectrogram 1	1	51756.145718750	51756.163593750	1400.000	4000.000	1.0000
412	Waveform 1	1	51779.919468750	51779.930843750	1400.000	4000.000	1.0000
412	Spectrogram 1	1	51779.919468750	51779.930843750	1400.000	4000.000	1.0000
413	Waveform 1	1	51786.702218750	51786.710343750	1400.000	4000.000	1.0000
413	Spectrogram 1	1	51786.702218750	51786.710343750	1400.000	4000.000	1.0000
414	Waveform 1	1	51790.556718750	51790.568093750	1400.000	4000.000	1.0000
414	Spectrogram 1	1	51790.556718750	51790.568093750	1400.000	4000.000	1.0000
415	Waveform 1	1	51790.642843750	51790.650968750	1400.000	4000.000	1.0000
415	Spectrogram 1	1	51790.642843750	51790.650968750	1400.000	4000.000	1.0000
416	Waveform 1	1	51832.483343750	51832.497968750	1400.000	4000.000	1.0000
416	Spectrogram 1	1	51832.483343750	51832.497968750	1400.000	4000.000	1.0000
417	Waveform 1	1	51859.152843750	51859.164218750	1400.000	4000.000	1.0000
417	Spectrogram 1	1	51859.152843750	51859.164218750	1400.000	4000.000	1.0000
418	Waveform 1	1	51866.060718750	51866.070468750	1400.000	4000.000	1.0000
418	Spectrogram 1	1	51866.060718750	51866.070468750	1400.000	4000.000	1.0000
419	Waveform 1	1	51924.651718750	51924.676093750	1400.000	4000.000	1.0000
419	Spectrogram 1	1	51924.651718750	51924.676093750	1400.000	4000.000	1.0000
420	Waveform 1	1	51925.196093750	51925.217218750	1400.000	4000.000	1.0000
420	Spectrogram 1	1	51925.196093750	51925.217218750	1400.000	4000.000	1.0000
421	Waveform 1	1	52075.300593750	52075.318468750	1400.000	4000.000	1.0000
421	Spectrogram 1	1	52075.300593750	52075.318468750	1400.000	4000.000	1.0000
422	Waveform 1	1	52831.796593750	52831.806343750	1400.000	4000.000	1.0000
422	Spectrogram 1	1	52831.796593750	52831.806343750	1400.000	4000.000	1.0000
423	Waveform 1	1	53022.857593750	53022.870593750	1400.000	4000.000	1.0000
423	Spectrogram 1	1	53022.857593750	53022.870593750	1400.000	4000.000	1.0000
424	Waveform 1	1	53442.757593750	53442.778718750	1400.000	4000.000	1.0000
424	Spectrogram 1	1	53442.757593750	53442.778718750	1400.000	4000.000	1.0000
425	Waveform 1	1	53453.896968750	53453.929468750	1400.000	4000.000	1.0000
425	Spectrogram 1	1	53453.896968750	53453.929468750	1400.000	4000.000	1.0000
426	Waveform 1	1	53480.478718750	53480.496593750	1400.000	4000.000	1.0000
426	Spectrogram 1	1	53480.478718750	53480.496593750	1400.000	4000.000	1.0000
427	Waveform 1	1	53531.573593750	53531.596343750	1400.000	4000.000	1.0000
427	Spectrogram 1	1	53531.573593750	53531.596343750	1400.000	4000.000	1.0000
428	Waveform 1	1	53542.907968750	53542.933968750	1400.000	4000.000	1.0000
428	Spectrogram 1	1	53542.907968750	53542.933968750	1400.000	4000.000	1.0000
429	Waveform 1	1	53558.116343750	53558.135843750	1400.000	4000.000	1.0000
429	Spectrogram 1	1	53558.116343750	53558.135843750	1400.000	4000.000	1.0000
430	Waveform 1	1	53562.147968750	53562.159343750	1400.000	4000.000	1.0000
430	Spectrogram 1	1	53562.147968750	53562.159343750	1400.000	4000.000	1.0000
431	Waveform 1	1	53565.758718750	53565.781468750	1400.000	4000.000	1.0000
431	Spectrogram 1	1	53565.758718750	53565.781468750	1400.000	4000.000	1.0000
432	Waveform 1	1	53608.211843750	53608.237843750	1400.000	4000.000	1.0000
432	Spectrogram 1	1	53608.211843750	53608.237843750	1400.000	4000.000	1.0000
433	Waveform 1	1	53608.972343750	53608.993468750	1400.000	4000.000	1.0000
433	Spectrogram 1	1	53608.972343750	53608.993468750	1400.000	4000.000	1.0000
434	Waveform 1	1	53860.254218750	53860.265593750	1400.000	4000.000	1.0000
434	Spectrogram 1	1	53860.254218750	53860.265593750	1400.000	4000.000	1.0000
435	Waveform 1	1	53997.075968750	53997.087343750	1400.000	4000.000	1.0000
435	Spectrogram 1	1	53997.075968750	53997.087343750	1400.000	4000.000	1.0000
436	Waveform 1	1	54274.947718750	54274.957468750	1400.000	4000.000	1.0000
436	Spectrogram 1	1	54274.947718750	54274.957468750	1400.000	4000.000	1.0000
437	Waveform 1	1	54320.902718750	54320.922218750	1400.000	4000.000	1.0000
437	Spectrogram 1	1	54320.902718750	54320.922218750	1400.000	4000.000	1.0000
438	Waveform 1	1	54321.718468750	54321.726593750	1400.000	4000.000	1.0000
438	Spectrogram 1	1	54321.718468750	54321.726593750	1400.000	4000.000	1.0000
439	Waveform 1	1	55979.767718750	55979.783968750	1400.000	4000.000	1.0000
439	Spectrogram 1	1	55979.767718750	55979.783968750	1400.000	4000.000	1.0000
440	Waveform 1	1	56120.378968750	56120.388718750	1400.000	4000.000	1.0000
440	Spectrogram 1	1	56120.378968750	56120.388718750	1400.000	4000.000	1.0000
441	Waveform 1	1	59144.512093750	59144.523468750	1400.000	4000.000	1.0000
441	Spectrogram 1	1	59144.512093750	59144.523468750	1400.000	4000.000	1.0000
442	Waveform 1	1	59192.612093750	59192.621843750	1400.000	4000.000	1.0000
442	Spectrogram 1	1	59192.612093750	59192.621843750	1400.000	4000.000	1.0000
443	Waveform 1	1	59973.398593750	59973.406718750	1400.000	4000.000	1.0000
443	Spectrogram 1	1	59973.398593750	59973.406718750	1400.000	4000.000	1.0000
444	Waveform 1	1	60098.855093750	60098.864843750	1400.000	4000.000	1.0000
444	Spectrogram 1	1	60098.855093750	60098.864843750	1400.000	4000.000	1.0000
445	Waveform 1	1	60223.203343750	60223.217968750	1400.000	4000.000	1.0000
445	Spectrogram 1	1	60223.203343750	60223.217968750	1400.000	4000.000	1.0000
446	Waveform 1	1	60555.619843750	60555.632843750	1400.000	4000.000	1.0000
446	Spectrogram 1	1	60555.619843750	60555.632843750	1400.000	4000.000	1.0000
447	Waveform 1	1	60622.995593750	60623.024843750	1400.000	4000.000	1.0000
447	Spectrogram 1	1	60622.995593750	60623.024843750	1400.000	4000.000	1.0000
448	Waveform 1	1	62000.456093750	62000.473968750	1400.000	4000.000	1.0000
448	Spectrogram 1	1	62000.456093750	62000.473968750	1400.000	4000.000	1.0000
449	Waveform 1	1	62156.589343750	62156.600718750	1400.000	4000.000	1.0000
449	Spectrogram 1	1	62156.589343750	62156.600718750	1400.000	4000.000	1.0000
450	Waveform 1	1	62209.561093750	62209.572468750	1400.000	4000.000	1.0000
450	Spectrogram 1	1	62209.561093750	62209.572468750	1400.000	4000.000	1.0000
451	Waveform 1	1	62210.955343750	62210.969968750	1400.000	4000.000	1.0000
451	Spectrogram 1	1	62210.955343750	62210.969968750	1400.000	4000.000	1.0000
452	Waveform 1	1	62212.047343750	62212.055468750	1400.000	4000.000	1.0000
452	Spectrogram 1	1	62212.047343750	62212.055468750	1400.000	4000.000	1.0000
453	Waveform 1	1	62213.007718750	62213.032093750	1400.000	4000.000	1.0000
453	Spectrogram 1	1	62213.007718750	62213.032093750	1400.000	4000.000	1.0000
454	Waveform 1	1	62213.171843750	62213.179968750	1400.000	4000.000	1.0000
454	Spectrogram 1	1	62213.171843750	62213.179968750	1400.000	4000.000	1.0000
455	Waveform 1	1	62214.104593750	62214.120843750	1400.000	4000.000	1.0000
455	Spectrogram 1	1	62214.104593750	62214.120843750	1400.000	4000.000	1.0000
456	Waveform 1	1	62214.345093750	62214.356468750	1400.000	4000.000	1.0000
456	Spectrogram 1	1	62214.345093750	62214.356468750	1400.000	4000.000	1.0000
457	Waveform 1	1	62271.419968750	62271.429718750	1400.000	4000.000	1.0000
457	Spectrogram 1	1	62271.419968750	62271.429718750	1400.000	4000.000	1.0000
458	Waveform 1	1	62276.985593750	62276.993718750	1400.000	4000.000	1.0000
458	Spectrogram 1	1	62276.985593750	62276.993718750	1400.000	4000.000	1.0000
459	Waveform 1	1	63471.521468750	63471.534468750	1400.000	4000.000	1.0000
459	Spectrogram 1	1	63471.521468750	63471.534468750	1400.000	4000.000	1.0000
460	Waveform 1	1	63794.043343750	63794.056343750	1400.000	4000.000	1.0000
460	Spectrogram 1	1	63794.043343750	63794.056343750	1400.000	4000.000	1.0000
461	Waveform 1	1	63794.098593750	63794.106718750	1400.000	4000.000	1.0000
461	Spectrogram 1	1	63794.098593750	63794.106718750	1400.000	4000.000	1.0000
462	Waveform 1	1	63910.931218750	63910.942593750	1400.000	4000.000	1.0000
462	Spectrogram 1	1	63910.931218750	63910.942593750	1400.000	4000.000	1.0000
463	Waveform 1	1	64838.523468750	64838.533218750	1400.000	4000.000	1.0000
463	Spectrogram 1	1	64838.523468750	64838.533218750	1400.000	4000.000	1.0000
464	Waveform 1	1	65138.392843750	65138.404218750	1400.000	4000.000	1.0000
464	Spectrogram 1	1	65138.392843750	65138.404218750	1400.000	4000.000	1.0000
465	Waveform 1	1	65767.067968750	65767.087468750	1400.000	4000.000	1.0000
465	Spectrogram 1	1	65767.067968750	65767.087468750	1400.000	4000.000	1.0000
466	Waveform 1	1	67629.608843750	67629.628343750	1400.000	4000.000	1.0000
466	Spectrogram 1	1	67629.608843750	67629.628343750	1400.000	4000.000	1.0000
467	Waveform 1	1	67630.086593750	67630.106093750	1400.000	4000.000	1.0000
467	Spectrogram 1	1	67630.086593750	67630.106093750	1400.000	4000.000	1.0000
468	Waveform 1	1	67641.476218750	67641.495718750	1400.000	4000.000	1.0000
468	Spectrogram 1	1	67641.476218750	67641.495718750	1400.000	4000.000	1.0000
469	Waveform 1	1	67641.958843750	67641.975093750	1400.000	4000.000	1.0000
469	Spectrogram 1	1	67641.958843750	67641.975093750	1400.000	4000.000	1.0000
470	Waveform 1	1	67650.888218750	67650.914218750	1400.000	4000.000	1.0000
470	Spectrogram 1	1	67650.888218750	67650.914218750	1400.000	4000.000	1.0000
471	Waveform 1	1	67893.869593750	67893.890718750	1400.000	4000.000	1.0000
471	Spectrogram 1	1	67893.869593750	67893.890718750	1400.000	4000.000	1.0000
472	Waveform 1	1	67894.363593750	67894.373343750	1400.000	4000.000	1.0000
472	Spectrogram 1	1	67894.363593750	67894.373343750	1400.000	4000.000	1.0000
473	Waveform 1	1	67916.032968750	67916.049218750	1400.000	4000.000	1.0000
473	Spectrogram 1	1	67916.032968750	67916.049218750	1400.000	4000.000	1.0000
474	Waveform 1	1	67916.145093750	67916.153218750	1400.000	4000.000	1.0000
474	Spectrogram 1	1	67916.145093750	67916.153218750	1400.000	4000.000	1.0000
475	Waveform 1	1	68006.326093750	68006.342343750	1400.000	4000.000	1.0000
475	Spectrogram 1	1	68006.326093750	68006.342343750	1400.000	4000.000	1.0000
476	Waveform 1	1	68022.436343750	68022.455843750	1400.000	4000.000	1.0000
476	Spectrogram 1	1	68022.436343750	68022.455843750	1400.000	4000.000	1.0000
477	Waveform 1	1	68227.326093750	68227.345593750	1400.000	4000.000	1.0000
477	Spectrogram 1	1	68227.326093750	68227.345593750	1400.000	4000.000	1.0000
478	Waveform 1	1	68227.836343750	68227.852593750	1400.000	4000.000	1.0000
478	Spectrogram 1	1	68227.836343750	68227.852593750	1400.000	4000.000	1.0000
479	Waveform 1	1	68260.373718750	68260.388343750	1400.000	4000.000	1.0000
479	Spectrogram 1	1	68260.373718750	68260.388343750	1400.000	4000.000	1.0000
480	Waveform 1	1	68260.882343750	68260.890468750	1400.000	4000.000	1.0000
480	Spectrogram 1	1	68260.882343750	68260.890468750	1400.000	4000.000	1.0000
481	Waveform 1	1	68282.922218750	68282.936843750	1400.000	4000.000	1.0000
481	Spectrogram 1	1	68282.922218750	68282.936843750	1400.000	4000.000	1.0000
482	Waveform 1	1	68283.048968750	68283.078218750	1400.000	4000.000	1.0000
482	Spectrogram 1	1	68283.048968750	68283.078218750	1400.000	4000.000	1.0000
483	Waveform 1	1	68333.984593750	68334.010593750	1400.000	4000.000	1.0000
483	Spectrogram 1	1	68333.984593750	68334.010593750	1400.000	4000.000	1.0000
484	Waveform 1	1	68429.264843750	68429.276218750	1400.000	4000.000	1.0000
484	Spectrogram 1	1	68429.264843750	68429.276218750	1400.000	4000.000	1.0000
485	Waveform 1	1	68571.710718750	68571.731843750	1400.000	4000.000	1.0000
485	Spectrogram 1	1	68571.710718750	68571.731843750	1400.000	4000.000	1.0000
486	Waveform 1	1	68572.227468750	68572.246968750	1400.000	4000.000	1.0000
486	Spectrogram 1	1	68572.227468750	68572.246968750	1400.000	4000.000	1.0000
487	Waveform 1	1	68785.198343750	68785.208093750	1400.000	4000.000	1.0000
487	Spectrogram 1	1	68785.198343750	68785.208093750	1400.000	4000.000	1.0000
488	Waveform 1	1	68794.360093750	68794.368218750	1400.000	4000.000	1.0000
488	Spectrogram 1	1	68794.360093750	68794.368218750	1400.000	4000.000	1.0000
489	Waveform 1	1	68804.789343750	68804.799093750	1400.000	4000.000	1.0000
489	Spectrogram 1	1	68804.789343750	68804.799093750	1400.000	4000.000	1.0000
490	Waveform 1	1	68804.943718750	68804.953468750	1400.000	4000.000	1.0000
490	Spectrogram 1	1	68804.943718750	68804.953468750	1400.000	4000.000	1.0000
491	Waveform 1	1	68908.802343750	68908.823468750	1400.000	4000.000	1.0000
491	Spectrogram 1	1	68908.802343750	68908.823468750	1400.000	4000.000	1.0000
492	Waveform 1	1	68914.795343750	68914.803468750	1400.000	4000.000	1.0000
492	Spectrogram 1	1	68914.795343750	68914.803468750	1400.000	4000.000	1.0000
493	Waveform 1	1	69049.873468750	69049.883218750	1400.000	4000.000	1.0000
493	Spectrogram 1	1	69049.873468750	69049.883218750	1400.000	4000.000	1.0000
494	Waveform 1	1	69050.414593750	69050.427593750	1400.000	4000.000	1.0000
494	Spectrogram 1	1	69050.414593750	69050.427593750	1400.000	4000.000	1.0000
495	Waveform 1	1	69228.711218750	69228.722593750	1400.000	4000.000	1.0000
495	Spectrogram 1	1	69228.711218750	69228.722593750	1400.000	4000.000	1.0000
496	Waveform 1	1	69254.246468750	69254.254593750	1400.000	4000.000	1.0000
496	Spectrogram 1	1	69254.246468750	69254.254593750	1400.000	4000.000	1.0000
497	Waveform 1	1	69254.329343750	69254.339093750	1400.000	4000.000	1.0000
497	Spectrogram 1	1	69254.329343750	69254.339093750	1400.000	4000.000	1.0000
498	Waveform 1	1	69261.168968750	69261.181968750	1400.000	4000.000	1.0000
498	Spectrogram 1	1	69261.168968750	69261.181968750	1400.000	4000.000	1.0000
499	Waveform 1	1	69261.482593750	69261.495593750	1400.000	4000.000	1.0000
499	Spectrogram 1	1	69261.482593750	69261.495593750	1400.000	4000.000	1.0000
500	Waveform 1	1	69261.609343750	69261.620718750	1400.000	4000.000	1.0000
500	Spectrogram 1	1	69261.609343750	69261.620718750	1400.000	4000.000	1.0000
501	Waveform 1	1	69266.784968750	69266.796343750	1400.000	4000.000	1.0000
501	Spectrogram 1	1	69266.784968750	69266.796343750	1400.000	4000.000	1.0000
502	Waveform 1	1	69267.038468750	69267.049843750	1400.000	4000.000	1.0000
502	Spectrogram 1	1	69267.038468750	69267.049843750	1400.000	4000.000	1.0000
503	Waveform 1	1	69267.355343750	69267.374843750	1400.000	4000.000	1.0000
503	Spectrogram 1	1	69267.355343750	69267.374843750	1400.000	4000.000	1.0000
504	Waveform 1	1	69267.681968750	69267.699843750	1400.000	4000.000	1.0000
504	Spectrogram 1	1	69267.681968750	69267.699843750	1400.000	4000.000	1.0000
505	Waveform 1	1	69268.050843750	69268.063843750	1400.000	4000.000	1.0000
505	Spectrogram 1	1	69268.050843750	69268.063843750	1400.000	4000.000	1.0000
506	Waveform 1	1	69404.562218750	69404.570343750	1400.000	4000.000	1.0000
506	Spectrogram 1	1	69404.562218750	69404.570343750	1400.000	4000.000	1.0000
507	Waveform 1	1	71906.353718750	71906.368343750	1400.000	4000.000	1.0000
507	Spectrogram 1	1	71906.353718750	71906.368343750	1400.000	4000.000	1.0000
508	Waveform 1	1	71913.757218750	71913.789718750	1400.000	4000.000	1.0000
508	Spectrogram 1	1	71913.757218750	71913.789718750	1400.000	4000.000	1.0000
509	Waveform 1	1	71914.236593750	71914.257718750	1400.000	4000.000	1.0000
509	Spectrogram 1	1	71914.236593750	71914.257718750	1400.000	4000.000	1.0000
510	Waveform 1	1	71921.913093750	71921.943968750	1400.000	4000.000	1.0000
510	Spectrogram 1	1	71921.913093750	71921.943968750	1400.000	4000.000	1.0000
511	Waveform 1	1	71922.400593750	71922.408718750	1400.000	4000.000	1.0000
511	Spectrogram 1	1	71922.400593750	71922.408718750	1400.000	4000.000	1.0000
512	Waveform 1	1	71922.472093750	71922.494843750	1400.000	4000.000	1.0000
512	Spectrogram 1	1	71922.472093750	71922.494843750	1400.000	4000.000	1.0000
513	Waveform 1	1	71933.528593750	71933.549718750	1400.000	4000.000	1.0000
513	Spectrogram 1	1	71933.528593750	71933.549718750	1400.000	4000.000	1.0000
514	Waveform 1	1	71945.473968750	71945.499968750	1400.000	4000.000	1.0000
514	Spectrogram 1	1	71945.473968750	71945.499968750	1400.000	4000.000	1.0000
515	Waveform 1	1	72213.764718750	72213.772843750	1400.000	4000.000	1.0000
515	Spectrogram 1	1	72213.764718750	72213.772843750	1400.000	4000.000	1.0000
516	Waveform 1	1	72972.605593750	72972.638093750	1400.000	4000.000	1.0000
516	Spectrogram 1	1	72972.605593750	72972.638093750	1400.000	4000.000	1.0000
517	Waveform 1	1	72997.334843750	72997.355968750	1400.000	4000.000	1.0000
517	Spectrogram 1	1	72997.334843750	72997.355968750	1400.000	4000.000	1.0000
518	Waveform 1	1	72998.127843750	72998.144093750	1400.000	4000.000	1.0000
518	Spectrogram 1	1	72998.127843750	72998.144093750	1400.000	4000.000	1.0000
519	Waveform 1	1	73002.450343750	73002.469843750	1400.000	4000.000	1.0000
519	Spectrogram 1	1	73002.450343750	73002.469843750	1400.000	4000.000	1.0000
520	Waveform 1	1	73006.317843750	73006.338968750	1400.000	4000.000	1.0000
520	Spectrogram 1	1	73006.317843750	73006.338968750	1400.000	4000.000	1.0000
521	Waveform 1	1	73007.109218750	73007.131968750	1400.000	4000.000	1.0000
521	Spectrogram 1	1	73007.109218750	73007.131968750	1400.000	4000.000	1.0000
522	Waveform 1	1	73012.323843750	73012.338468750	1400.000	4000.000	1.0000
522	Spectrogram 1	1	73012.323843750	73012.338468750	1400.000	4000.000	1.0000
523	Waveform 1	1	73012.959218750	73012.978718750	1400.000	4000.000	1.0000
523	Spectrogram 1	1	73012.959218750	73012.978718750	1400.000	4000.000	1.0000
524	Waveform 1	1	73026.120093750	73026.131468750	1400.000	4000.000	1.0000
524	Spectrogram 1	1	73026.120093750	73026.131468750	1400.000	4000.000	1.0000
525	Waveform 1	1	73091.628718750	73091.661218750	1400.000	4000.000	1.0000
525	Spectrogram 1	1	73091.628718750	73091.661218750	1400.000	4000.000	1.0000
526	Waveform 1	1	73114.357593750	73114.375468750	1400.000	4000.000	1.0000
526	Spectrogram 1	1	73114.357593750	73114.375468750	1400.000	4000.000	1.0000
527	Waveform 1	1	73185.452968750	73185.464343750	1400.000	4000.000	1.0000
527	Spectrogram 1	1	73185.452968750	73185.464343750	1400.000	4000.000	1.0000
528	Waveform 1	1	73185.503343750	73185.514718750	1400.000	4000.000	1.0000
528	Spectrogram 1	1	73185.503343750	73185.514718750	1400.000	4000.000	1.0000
529	Waveform 1	1	73266.095218750	73266.122843750	1400.000	4000.000	1.0000
529	Spectrogram 1	1	73266.095218750	73266.122843750	1400.000	4000.000	1.0000
530	Waveform 1	1	73266.868718750	73266.896343750	1400.000	4000.000	1.0000
530	Spectrogram 1	1	73266.868718750	73266.896343750	1400.000	4000.000	1.0000
531	Waveform 1	1	73354.597593750	73354.618718750	1400.000	4000.000	1.0000
531	Spectrogram 1	1	73354.597593750	73354.618718750	1400.000	4000.000	1.0000
532	Waveform 1	1	73404.130843750	73404.156843750	1400.000	4000.000	1.0000
532	Spectrogram 1	1	73404.130843750	73404.156843750	1400.000	4000.000	1.0000
533	Waveform 1	1	73547.671968750	73547.693093750	1400.000	4000.000	1.0000
533	Spectrogram 1	1	73547.671968750	73547.693093750	1400.000	4000.000	1.0000
534	Waveform 1	1	73561.341468750	73561.372343750	1400.000	4000.000	1.0000
534	Spectrogram 1	1	73561.341468750	73561.372343750	1400.000	4000.000	1.0000
535	Waveform 1	1	73587.583593750	73587.604718750	1400.000	4000.000	1.0000
535	Spectrogram 1	1	73587.583593750	73587.604718750	1400.000	4000.000	1.0000
536	Waveform 1	1	73613.122093750	73613.135093750	1400.000	4000.000	1.0000
536	Spectrogram 1	1	73613.122093750	73613.135093750	1400.000	4000.000	1.0000
537	Waveform 1	1	73666.311593750	73666.331093750	1400.000	4000.000	1.0000
537	Spectrogram 1	1	73666.311593750	73666.331093750	1400.000	4000.000	1.0000
538	Waveform 1	1	74057.312593750	74057.320718750	1400.000	4000.000	1.0000
538	Spectrogram 1	1	74057.312593750	74057.320718750	1400.000	4000.000	1.0000
539	Waveform 1	1	74336.438843750	74336.450218750	1400.000	4000.000	1.0000
539	Spectrogram 1	1	74336.438843750	74336.450218750	1400.000	4000.000	1.0000
540	Waveform 1	1	74898.373593750	74898.394718750	1400.000	4000.000	1.0000
540	Spectrogram 1	1	74898.373593750	74898.394718750	1400.000	4000.000	1.0000
541	Waveform 1	1	75303.612843750	75303.635593750	1400.000	4000.000	1.0000
541	Spectrogram 1	1	75303.612843750	75303.635593750	1400.000	4000.000	1.0000
542	Waveform 1	1	75473.867343750	75473.888468750	1400.000	4000.000	1.0000
542	Spectrogram 1	1	75473.867343750	75473.888468750	1400.000	4000.000	1.0000
543	Waveform 1	1	75923.709593750	75923.725843750	1400.000	4000.000	1.0000
543	Spectrogram 1	1	75923.709593750	75923.725843750	1400.000	4000.000	1.0000
544	Waveform 1	1	77362.039343750	77362.070218750	1400.000	4000.000	1.0000
544	Spectrogram 1	1	77362.039343750	77362.070218750	1400.000	4000.000	1.0000
545	Waveform 1	1	77362.856718750	77362.871343750	1400.000	4000.000	1.0000
545	Spectrogram 1	1	77362.856718750	77362.871343750	1400.000	4000.000	1.0000
546	Waveform 1	1	79503.145843750	79503.163718750	1400.000	4000.000	1.0000
546	Spectrogram 1	1	79503.145843750	79503.163718750	1400.000	4000.000	1.0000
547	Waveform 1	1	79682.597843750	79682.612468750	1400.000	4000.000	1.0000
547	Spectrogram 1	1	79682.597843750	79682.612468750	1400.000	4000.000	1.0000
548	Waveform 1	1	80415.628843750	80415.636968750	1400.000	4000.000	1.0000
548	Spectrogram 1	1	80415.628843750	80415.636968750	1400.000	4000.000	1.0000
549	Waveform 1	1	80824.844468750	80824.857468750	1400.000	4000.000	1.0000
549	Spectrogram 1	1	80824.844468750	80824.857468750	1400.000	4000.000	1.0000
550	Waveform 1	1	80869.024968750	80869.044468750	1400.000	4000.000	1.0000
550	Spectrogram 1	1	80869.024968750	80869.044468750	1400.000	4000.000	1.0000
551	Waveform 1	1	83537.328593750	83537.344843750	1400.000	4000.000	1.0000
551	Spectrogram 1	1	83537.328593750	83537.344843750	1400.000	4000.000	1.0000
552	Waveform 1	1	83731.826468750	83731.852468750	1400.000	4000.000	1.0000
552	Spectrogram 1	1	83731.826468750	83731.852468750	1400.000	4000.000	1.0000
553	Waveform 1	1	83732.596718750	83732.622718750	1400.000	4000.000	1.0000
553	Spectrogram 1	1	83732.596718750	83732.622718750	1400.000	4000.000	1.0000
554	Waveform 1	1	83936.305093750	83936.321343750	1400.000	4000.000	1.0000
554	Spectrogram 1	1	83936.305093750	83936.321343750	1400.000	4000.000	1.0000
555	Waveform 1	1	84060.227593750	84060.250343750	1400.000	4000.000	1.0000
555	Spectrogram 1	1	84060.227593750	84060.250343750	1400.000	4000.000	1.0000
556	Waveform 1	1	84061.150593750	84061.160343750	1400.000	4000.000	1.0000
556	Spectrogram 1	1	84061.150593750	84061.160343750	1400.000	4000.000	1.0000
557	Waveform 1	1	84086.900343750	84086.918218750	1400.000	4000.000	1.0000
557	Spectrogram 1	1	84086.900343750	84086.918218750	1400.000	4000.000	1.0000
558	Waveform 1	1	85882.723593750	85882.741468750	1400.000	4000.000	1.0000
558	Spectrogram 1	1	85882.723593750	85882.741468750	1400.000	4000.000	1.0000
559	Waveform 1	1	85960.796718750	85960.811343750	1400.000	4000.000	1.0000
559	Spectrogram 1	1	85960.796718750	85960.811343750	1400.000	4000.000	1.0000
560	Waveform 1	1	85983.275343750	85983.294843750	1400.000	4000.000	1.0000
560	Spectrogram 1	1	85983.275343750	85983.294843750	1400.000	4000.000	1.0000
561	Waveform 1	1	86072.924968750	86072.947718750	1400.000	4000.000	1.0000
561	Spectrogram 1	1	86072.924968750	86072.947718750	1400.000	4000.000	1.0000
562	Waveform 1	1	86073.386468750	86073.404343750	1400.000	4000.000	1.0000
562	Spectrogram 1	1	86073.386468750	86073.404343750	1400.000	4000.000	1.0000
