Selection	View	Channel	Begin Time (s)	End Time (s)	Low Freq (Hz)	High Freq (Hz)	Occupancy
1	Waveform 1	1	2.019593750	2.034218750	1400.000	4000.000	1.0000
1	Spectrogram 1	1	2.019593750	2.034218750	1400.000	4000.000	1.0000
2	Waveform 1	1	119.971843750	119.989718750	1400.000	4000.000	1.0000
2	Spectrogram 1	1	119.971843750	119.989718750	1400.000	4000.000	1.0000
3	Waveform 1	1	126.020093750	126.047718750	1400.000	4000.000	1.0000
3	Spectrogram 1	1	126.020093750	126.047718750	1400.000	4000.000	1.0000
4	Waveform 1	1	160.554593750	160.565968750	1400.000	4000.000	1.0000
4	Spectrogram 1	1	160.554593750	160.565968750	1400.000	4000.000	1.0000
5	Waveform 1	1	202.646968750	202.661593750	1400.000	4000.000	1.0000
5	Spectrogram 1	1	202.646968750	202.661593750	1400.000	4000.000	1.0000
6	Waveform 1	1	228.434093750	228.448718750	1400.000	4000.000	1.0000
6	Spectrogram 1	1	228.434093750	228.448718750	1400.000	4000.000	1.0000
7	Waveform 1	1	283.568718750	283.581718750	1400.000	4000.000	1.0000
7	Spectrogram 1	1	283.568718750	283.581718750	1400.000	4000.000	1.0000
8	Waveform 1	1	291.055093750	291.066468750	1400.000	4000.000	1.0000
8	Spectrogram 1	1	291.055093750	291.066468750	1400.000	4000.000	1.0000
9	Waveform 1	1	357.915718750	357.930343750	1400.000	4000.000	1.0000
9	Spectrogram 1	1	357.915718750	357.930343750	1400.000	4000.000	1.0000
10	Waveform 1	1	4377.005468750	4377.016843750	1400.000	4000.000	1.0000
10	Spectrogram 1	1	4377.005468750	4377.016843750	1400.000	4000.000	1.0000
11	Waveform 1	1	4461.219468750	4461.234093750	1400.000	4000.000	1.0000
11	Spectrogram 1	1	4461.219468750	4461.234093750	1400.000	4000.000	1.0000
12	Waveform 1	1	4587.694843750	4587.717593750	1400.000	4000.000	1.0000
12	Spectrogram 1	1	4587.694843750	4587.717593750	1400.000	4000.000	1.0000
13	Waveform 1	1	4615.082593750	4615.095593750	1400.000	4000.000	1.0000
13	Spectrogram 1	1	4615.082593750	4615.095593750	1400.000	4000.000	1.0000
14	Waveform 1	1	4615.215843750	4615.228843750	1400.000	4000.000	1.0000
14	Spectrogram 1	1	4615.215843750	4615.228843750	1400.000	4000.000	1.0000
15	Waveform 1	1	5351.782843750	5351.795843750	1400.000	4000.000	1.0000
15	Spectrogram 1	1	5351.782843750	5351.795843750	1400.000	4000.000	1.0000
16	Waveform 1	1	5434.573343750	5434.589593750	1400.000	4000.000	1.0000
16	Spectrogram 1	1	5434.573343750	5434.589593750	1400.000	4000.000	1.0000
17	Waveform 1	1	5444.576843750	5444.588218750	1400.000	4000.000	1.0000
17	Spectrogram 1	1	5444.576843750	5444.588218750	1400.000	4000.000	1.0000
18	Waveform 1	1	5570.249468750	5570.257593750	1400.000	4000.000	1.0000
18	Spectrogram 1	1	5570.249468750	5570.257593750	1400.000	4000.000	1.0000
19	Waveform 1	1	6345.744968750	6345.753093750	1400.000	4000.000	1.0000
19	Spectrogram 1	1	6345.744968750	6345.753093750	1400.000	4000.000	1.0000
20	Waveform 1	1	7170.003468750	7170.026218750	1400.000	4000.000	1.0000
20	Spectrogram 1	1	7170.003468750	7170.026218750	1400.000	4000.000	1.0000
21	Waveform 1	1	7346.759593750	7346.774218750	1400.000	4000.000	1.0000
21	Spectrogram 1	1	7346.759593750	7346.774218750	1400.000	4000.000	1.0000
22	Waveform 1	1	7427.331968750	7427.351468750	1400.000	4000.000	1.0000
22	Spectrogram 1	1	7427.331968750	7427.351468750	1400.000	4000.000	1.0000
23	Waveform 1	1	7585.125968750	7585.135718750	1400.000	4000.000	1.0000
23	Spectrogram 1	1	7585.125968750	7585.135718750	1400.000	4000.000	1.0000
24	Waveform 1	1	11052.677718750	11052.700468750	1400.000	4000.000	1.0000
24	Spectrogram 1	1	11052.677718750	11052.700468750	1400.000	4000.000	1.0000
25	Waveform 1	1	11426.871343750	11426.898968750	1400.000	4000.000	0.7647
25	Spectrogram 1	1	11426.871343750	11426.898968750	1400.000	4000.000	0.7647
26	Waveform 1	1	11717.429468750	11717.440843750	1400.000	4000.000	1.0000
26	Spectrogram 1	1	11717.429468750	11717.440843750	1400.000	4000.000	1.0000
27	Waveform 1	1	13713.252843750	13713.267468750	1400.000	4000.000	1.0000
27	Spectrogram 1	1	13713.252843750	13713.267468750	1400.000	4000.000	1.0000
28	Waveform 1	1	13713.442968750	13713.459218750	1400.000	4000.000	1.0000
28	Spectrogram 1	1	13713.442968750	13713.459218750	1400.000	4000.000	1.0000
29	Waveform 1	1	14861.321843750	14861.349468750	1400.000	4000.000	1.0000
29	Spectrogram 1	1	14861.321843750	14861.349468750	1400.000	4000.000	1.0000
30	Waveform 1	1	18860.069843750	18860.086093750	1400.000	4000.000	1.0000
30	Spectrogram 1	1	18860.069843750	18860.086093750	1400.000	4000.000	1.0000
31	Waveform 1	1	18862.738093750	18862.759218750	1400.000	4000.000	1.0000
31	Spectrogram 1	1	18862.738093750	18862.759218750	1400.000	4000.000	1.0000
32	Waveform 1	1	18862.830718750	18862.846968750	1400.000	4000.000	1.0000
32	Spectrogram 1	1	18862.830718750	18862.846968750	1400.000	4000.000	1.0000
33	Waveform 1	1	19683.413468750	19683.429718750	1400.000	4000.000	1.0000
33	Spectrogram 1	1	19683.413468750	19683.429718750	1400.000	4000.000	1.0000
34	Waveform 1	1	20854.589968750	20854.609468750	1400.000	4000.000	1.0000
34	Spectrogram 1	1	20854.589968750	20854.609468750	1400.000	4000.000	1.0000
35	Waveform 1	1	20854.643593750	20854.669593750	1400.000	4000.000	1.0000
35	Spectrogram 1	1	20854.643593750	20854.669593750	1400.000	4000.000	1.0000
36	Waveform 1	1	22302.185468750	22302.200093750	1400.000	4000.000	1.0000
36	Spectrogram 1	1	22302.185468750	22302.200093750	1400.000	4000.000	1.0000
37	Waveform 1	1	24466.766718750	24466.779718750	1400.000	4000.000	1.0000
37	Spectrogram 1	1	24466.766718750	24466.779718750	1400.000	4000.000	1.0000
38	Waveform 1	1	24742.638093750	24742.665718750	1400.000	4000.000	1.0000
38	Spectrogram 1	1	24742.638093750	24742.665718750	1400.000	4000.000	1.0000
39	Waveform 1	1	25352.056968750	25352.071593750	1400.000	4000.000	1.0000
39	Spectrogram 1	1	25352.056968750	25352.071593750	1400.000	4000.000	1.0000
40	Waveform 1	1	25643.674593750	25643.684343750	1400.000	4000.000	1.0000
40	Spectrogram 1	1	25643.674593750	25643.684343750	1400.000	4000.000	1.0000
41	Waveform 1	1	25826.706468750	25826.734093750	1400.000	4000.000	1.0000
41	Spectrogram 1	1	25826.706468750	25826.734093750	1400.000	4000.000	1.0000
42	Waveform 1	1	25827.787093750	25827.811468750	1400.000	4000.000	1.0000
42	Spectrogram 1	1	25827.787093750	25827.811468750	1400.000	4000.000	1.0000
43	Waveform 1	1	25827.852093750	25827.861843750	1400.000	4000.000	1.0000
43	Spectrogram 1	1	25827.852093750	25827.861843750	1400.000	4000.000	1.0000
44	Waveform 1	1	25828.118593750	25828.128343750	1400.000	4000.000	1.0000
44	Spectrogram 1	1	25828.118593750	25828.128343750	1400.000	4000.000	1.0000
45	Waveform 1	1	26548.884093750	26548.895468750	1400.000	4000.000	1.0000
45	Spectrogram 1	1	26548.884093750	26548.895468750	1400.000	4000.000	1.0000
46	Waveform 1	1	31224.754968750	31224.771218750	1400.000	4000.000	1.0000
46	Spectrogram 1	1	31224.754968750	31224.771218750	1400.000	4000.000	1.0000
47	Waveform 1	1	31225.092968750	31225.101093750	1400.000	4000.000	1.0000
47	Spectrogram 1	1	31225.092968750	31225.101093750	1400.000	4000.000	1.0000
48	Waveform 1	1	31251.466718750	31251.474843750	1400.000	4000.000	1.0000
48	Spectrogram 1	1	31251.466718750	31251.474843750	1400.000	4000.000	1.0000
49	Waveform 1	1	31259.495843750	31259.503968750	1400.000	4000.000	1.0000
49	Spectrogram 1	1	31259.495843750	31259.503968750	1400.000	4000.000	1.0000
50	Waveform 1	1	31260.500093750	31260.509843750	1400.000	4000.000	1.0000
50	Spectrogram 1	1	31260.500093750	31260.509843750	1400.000	4000.000	1.0000
51	Waveform 1	1	31378.364593750	31378.380843750	1400.000	4000.000	1.0000
51	Spectrogram 1	1	31378.364593750	31378.380843750	1400.000	4000.000	1.0000
52	Waveform 1	1	32688.236468750	32688.255968750	1400.000	4000.000	1.0000
52	Spectrogram 1	1	32688.236468750	32688.255968750	1400.000	4000.000	1.0000
53	Waveform 1	1	33251.068218750	33251.079593750	1400.000	4000.000	1.0000
53	Spectrogram 1	1	33251.068218750	33251.079593750	1400.000	4000.000	1.0000
54	Waveform 1	1	33251.277843750	33251.292468750	1400.000	4000.000	1.0000
54	Spectrogram 1	1	33251.277843750	33251.292468750	1400.000	4000.000	1.0000
55	Waveform 1	1	34238.460468750	34238.468593750	1400.000	4000.000	1.0000
55	Spectrogram 1	1	34238.460468750	34238.468593750	1400.000	4000.000	1.0000
56	Waveform 1	1	34306.437468750	34306.445593750	1400.000	4000.000	1.0000
56	Spectrogram 1	1	34306.437468750	34306.445593750	1400.000	4000.000	1.0000
57	Waveform 1	1	35636.262718750	35636.270843750	1400.000	4000.000	1.0000
57	Spectrogram 1	1	35636.262718750	35636.270843750	1400.000	4000.000	1.0000
58	Waveform 1	1	35694.213468750	35694.221593750	1400.000	4000.000	1.0000
58	Spectrogram 1	1	35694.213468750	35694.221593750	1400.000	4000.000	1.0000
59	Waveform 1	1	36564.482218750	36564.495218750	1400.000	4000.000	1.0000
59	Spectrogram 1	1	36564.482218750	36564.495218750	1400.000	4000.000	1.0000
60	Waveform 1	1	36675.607843750	36675.617593750	1400.000	4000.000	1.0000
60	Spectrogram 1	1	36675.607843750	36675.617593750	1400.000	4000.000	1.0000
61	Waveform 1	1	36686.436843750	36686.459593750	1400.000	4000.000	1.0000
61	Spectrogram 1	1	36686.436843750	36686.459593750	1400.000	4000.000	1.0000
62	Waveform 1	1	36692.992093750	36693.021343750	1400.000	4000.000	1.0000
62	Spectrogram 1	1	36692.992093750	36693.021343750	1400.000	4000.000	1.0000
63	Waveform 1	1	36693.603093750	36693.627468750	1400.000	4000.000	1.0000
63	Spectrogram 1	1	36693.603093750	36693.627468750	1400.000	4000.000	1.0000
64	Waveform 1	1	36693.661593750	36693.672968750	1400.000	4000.000	1.0000
64	Spectrogram 1	1	36693.661593750	36693.672968750	1400.000	4000.000	1.0000
65	Waveform 1	1	36694.504968750	36694.513093750	1400.000	4000.000	1.0000
65	Spectrogram 1	1	36694.504968750	36694.513093750	1400.000	4000.000	1.0000
66	Waveform 1	1	36694.862468750	36694.875468750	1400.000	4000.000	1.0000
66	Spectrogram 1	1	36694.862468750	36694.875468750	1400.000	4000.000	1.0000
67	Waveform 1	1	36757.740218750	36757.761343750	1400.000	4000.000	1.0000
67	Spectrogram 1	1	36757.740218750	36757.761343750	1400.000	4000.000	1.0000
68	Waveform 1	1	36765.792093750	36765.801843750	1400.000	4000.000	1.0000
68	Spectrogram 1	1	36765.792093750	36765.801843750	1400.000	4000.000	1.0000
69	Waveform 1	1	36766.344593750	36766.355968750	1400.000	4000.000	1.0000
69	Spectrogram 1	1	36766.344593750	36766.355968750	1400.000	4000.000	1.0000
70	Waveform 1	1	36767.352093750	36767.381343750	1400.000	4000.000	1.0000
70	Spectrogram 1	1	36767.352093750	36767.381343750	1400.000	4000.000	1.0000
71	Waveform 1	1	36769.838343750	36769.849718750	1400.000	4000.000	1.0000
71	Spectrogram 1	1	36769.838343750	36769.849718750	1400.000	4000.000	1.0000
72	Waveform 1	1	36770.171468750	36770.192593750	1400.000	4000.000	1.0000
72	Spectrogram 1	1	36770.171468750	36770.192593750	1400.000	4000.000	1.0000
73	Waveform 1	1	36772.566718750	36772.586218750	1400.000	4000.000	1.0000
73	Spectrogram 1	1	36772.566718750	36772.586218750	1400.000	4000.000	1.0000
74	Waveform 1	1	36774.458218750	36774.469593750	1400.000	4000.000	1.0000
74	Spectrogram 1	1	36774.458218750	36774.469593750	1400.000	4000.000	1.0000
75	Waveform 1	1	36778.122593750	36778.130718750	1400.000	4000.000	1.0000
75	Spectrogram 1	1	36778.122593750	36778.130718750	1400.000	4000.000	1.0000
76	Waveform 1	1	36985.974718750	36985.987718750	1400.000	4000.000	1.0000
76	Spectrogram 1	1	36985.974718750	36985.987718750	1400.000	4000.000	1.0000
77	Waveform 1	1	36986.272093750	36986.286718750	1400.000	4000.000	1.0000
77	Spectrogram 1	1	36986.272093750	36986.286718750	1400.000	4000.000	1.0000
78	Waveform 1	1	36986.831093750	36986.852218750	1400.000	4000.000	1.0000
78	Spectrogram 1	1	36986.831093750	36986.852218750	1400.000	4000.000	1.0000
79	Waveform 1	1	36988.356968750	36988.389468750	1400.000	4000.000	0.8500
79	Spectrogram 1	1	36988.356968750	36988.389468750	1400.000	4000.000	0.8500
80	Waveform 1	1	36988.867218750	36988.883468750	1400.000	4000.000	1.0000
80	Spectrogram 1	1	36988.867218750	36988.883468750	1400.000	4000.000	1.0000
81	Waveform 1	1	36988.938718750	36988.946843750	1400.000	4000.000	1.0000
81	Spectrogram 1	1	36988.938718750	36988.946843750	1400.000	4000.000	1.0000
82	Waveform 1	1	36996.332468750	36996.351968750	1400.000	4000.000	1.0000
82	Spectrogram 1	1	36996.332468750	36996.351968750	1400.000	4000.000	1.0000
83	Waveform 1	1	37002.666718750	37002.678093750	1400.000	4000.000	1.0000
83	Spectrogram 1	1	37002.666718750	37002.678093750	1400.000	4000.000	1.0000
84	Waveform 1	1	37075.484593750	37075.499218750	1400.000	4000.000	1.0000
84	Spectrogram 1	1	37075.484593750	37075.499218750	1400.000	4000.000	1.0000
85	Waveform 1	1	37080.406718750	37080.418093750	1400.000	4000.000	1.0000
85	Spectrogram 1	1	37080.406718750	37080.418093750	1400.000	4000.000	1.0000
86	Waveform 1	1	37101.855093750	37101.882718750	1400.000	4000.000	1.0000
86	Spectrogram 1	1	37101.855093750	37101.882718750	1400.000	4000.000	1.0000
87	Waveform 1	1	37103.896093750	37103.907468750	1400.000	4000.000	1.0000
87	Spectrogram 1	1	37103.896093750	37103.907468750	1400.000	4000.000	1.0000
88	Waveform 1	1	37107.896843750	37107.909843750	1400.000	4000.000	1.0000
88	Spectrogram 1	1	37107.896843750	37107.909843750	1400.000	4000.000	1.0000
89	Waveform 1	1	37133.683968750	37133.703468750	1400.000	4000.000	1.0000
89	Spectrogram 1	1	37133.683968750	37133.703468750	1400.000	4000.000	1.0000
90	Waveform 1	1	37149.803968750	37149.823468750	1400.000	4000.000	1.0000
90	Spectrogram 1	1	37149.803968750	37149.823468750	1400.000	4000.000	1.0000
91	Waveform 1	1	37164.266468750	37164.282718750	1400.000	4000.000	1.0000
91	Spectrogram 1	1	37164.266468750	37164.282718750	1400.000	4000.000	1.0000
92	Waveform 1	1	37172.812343750	37172.836718750	1400.000	4000.000	1.0000
92	Spectrogram 1	1	37172.812343750	37172.836718750	1400.000	4000.000	1.0000
93	Waveform 1	1	37429.208093750	37429.219468750	1400.000	4000.000	1.0000
93	Spectrogram 1	1	37429.208093750	37429.219468750	1400.000	4000.000	1.0000
94	Waveform 1	1	37700.880468750	37700.895093750	1400.000	4000.000	1.0000
94	Spectrogram 1	1	37700.880468750	37700.895093750	1400.000	4000.000	1.0000
95	Waveform 1	1	37700.963343750	37700.979593750	1400.000	4000.000	1.0000
95	Spectrogram 1	1	37700.963343750	37700.979593750	1400.000	4000.000	1.0000
96	Waveform 1	1	37701.052718750	37701.062468750	1400.000	4000.000	1.0000
96	Spectrogram 1	1	37701.052718750	37701.062468750	1400.000	4000.000	1.0000
97	Waveform 1	1	37703.139218750	37703.152218750	1400.000	4000.000	1.0000
97	Spectrogram 1	1	37703.139218750	37703.152218750	1400.000	4000.000	1.0000
98	Waveform 1	1	37704.000468750	37704.015093750	1400.000	4000.000	1.0000
98	Spectrogram 1	1	37704.000468750	37704.015093750	1400.000	4000.000	1.0000
99	Waveform 1	1	37704.080093750	37704.089843750	1400.000	4000.000	1.0000
99	Spectrogram 1	1	37704.080093750	37704.089843750	1400.000	4000.000	1.0000
100	Waveform 1	1	37704.707343750	37704.734968750	1400.000	4000.000	0.7647
100	Spectrogram 1	1	37704.707343750	37704.734968750	1400.000	4000.000	0.7647
101	Waveform 1	1	37711.408843750	37711.423468750	1400.000	4000.000	1.0000
101	Spectrogram 1	1	37711.408843750	37711.423468750	1400.000	4000.000	1.0000
102	Waveform 1	1	37728.924718750	37728.936093750	1400.000	4000.000	1.0000
102	Spectrogram 1	1	37728.924718750	37728.936093750	1400.000	4000.000	1.0000
103	Waveform 1	1	37729.287093750	37729.301718750	1400.000	4000.000	1.0000
103	Spectrogram 1	1	37729.287093750	37729.301718750	1400.000	4000.000	1.0000
104	Waveform 1	1	37734.956718750	37734.977843750	1400.000	4000.000	1.0000
104	Spectrogram 1	1	37734.956718750	37734.977843750	1400.000	4000.000	1.0000
105	Waveform 1	1	37735.065593750	37735.089968750	1400.000	4000.000	1.0000
105	Spectrogram 1	1	37735.065593750	37735.089968750	1400.000	4000.000	1.0000
106	Waveform 1	1	37736.658093750	37736.687343750	1400.000	4000.000	1.0000
106	Spectrogram 1	1	37736.658093750	37736.687343750	1400.000	4000.000	1.0000
107	Waveform 1	1	37736.745843750	37736.766968750	1400.000	4000.000	1.0000
107	Spectrogram 1	1	37736.745843750	37736.766968750	1400.000	4000.000	1.0000
108	Waveform 1	1	37738.320468750	37738.330218750	1400.000	4000.000	1.0000
108	Spectrogram 1	1	37738.320468750	37738.330218750	1400.000	4000.000	1.0000
109	Waveform 1	1	37749.466343750	37749.492343750	1400.000	4000.000	1.0000
109	Spectrogram 1	1	37749.466343750	37749.492343750	1400.000	4000.000	1.0000
110	Waveform 1	1	37749.758843750	37749.783218750	1400.000	4000.000	1.0000
110	Spectrogram 1	1	37749.758843750	37749.783218750	1400.000	4000.000	1.0000
111	Waveform 1	1	37751.554468750	37751.578843750	1400.000	4000.000	1.0000
111	Spectrogram 1	1	37751.554468750	37751.578843750	1400.000	4000.000	1.0000
112	Waveform 1	1	37752.587968750	37752.605843750	1400.000	4000.000	1.0000
112	Spectrogram 1	1	37752.587968750	37752.605843750	1400.000	4000.000	1.0000
113	Waveform 1	1	37775.685718750	37775.701968750	1400.000	4000.000	1.0000
113	Spectrogram 1	1	37775.685718750	37775.701968750	1400.000	4000.000	1.0000
114	Waveform 1	1	37776.247968750	37776.275593750	1400.000	4000.000	1.0000
114	Spectrogram 1	1	37776.247968750	37776.275593750	1400.000	4000.000	1.0000
115	Waveform 1	1	37776.516093750	37776.529093750	1400.000	4000.000	1.0000
115	Spectrogram 1	1	37776.516093750	37776.529093750	1400.000	4000.000	1.0000
116	Waveform 1	1	37776.563218750	37776.576218750	1400.000	4000.000	1.0000
116	Spectrogram 1	1	37776.563218750	37776.576218750	1400.000	4000.000	1.0000
117	Waveform 1	1	37777.200218750	37777.209968750	1400.000	4000.000	1.0000
117	Spectrogram 1	1	37777.200218750	37777.209968750	1400.000	4000.000	1.0000
118	Waveform 1	1	37777.248968750	37777.270093750	1400.000	4000.000	1.0000
118	Spectrogram 1	1	37777.248968750	37777.270093750	1400.000	4000.000	1.0000
119	Waveform 1	1	37779.185968750	37779.208718750	1400.000	4000.000	1.0000
119	Spectrogram 1	1	37779.185968750	37779.208718750	1400.000	4000.000	1.0000
120	Waveform 1	1	37780.170718750	37780.193468750	1400.000	4000.000	1.0000
120	Spectrogram 1	1	37780.170718750	37780.193468750	1400.000	4000.000	1.0000
121	Waveform 1	1	37787.744843750	37787.761093750	1400.000	4000.000	1.0000
121	Spectrogram 1	1	37787.744843750	37787.761093750	1400.000	4000.000	1.0000
122	Waveform 1	1	37830.984468750	37831.016968750	1400.000	4000.000	1.0000
122	Spectrogram 1	1	37830.984468750	37831.016968750	1400.000	4000.000	1.0000
123	Waveform 1	1	37831.333843750	37831.361468750	1400.000	4000.000	1.0000
123	Spectrogram 1	1	37831.333843750	37831.361468750	1400.000	4000.000	1.0000
124	Waveform 1	1	37838.753593750	37838.786093750	1400.000	4000.000	1.0000
124	Spectrogram 1	1	37838.753593750	37838.786093750	1400.000	4000.000	1.0000
125	Waveform 1	1	37853.277843750	37853.302218750	1400.000	4000.000	1.0000
125	Spectrogram 1	1	37853.277843750	37853.302218750	1400.000	4000.000	1.0000
126	Waveform 1	1	37861.511718750	37861.531218750	1400.000	4000.000	1.0000
126	Spectrogram 1	1	37861.511718750	37861.531218750	1400.000	4000.000	1.0000
127	Waveform 1	1	37865.068843750	37865.085093750	1400.000	4000.000	1.0000
127	Spectrogram 1	1	37865.068843750	37865.085093750	1400.000	4000.000	1.0000
128	Waveform 1	1	37866.391593750	37866.402968750	1400.000	4000.000	1.0000
128	Spectrogram 1	1	37866.391593750	37866.402968750	1400.000	4000.000	1.0000
129	Waveform 1	1	37866.601218750	37866.609343750	1400.000	4000.000	1.0000
129	Spectrogram 1	1	37866.601218750	37866.609343750	1400.000	4000.000	1.0000
130	Waveform 1	1	37879.485843750	37879.493968750	1400.000	4000.000	1.0000
130	Spectrogram 1	1	37879.485843750	37879.493968750	1400.000	4000.000	1.0000
131	Waveform 1	1	37885.300093750	37885.322843750	1400.000	4000.000	1.0000
131	Spectrogram 1	1	37885.300093750	37885.322843750	1400.000	4000.000	1.0000
132	Waveform 1	1	37890.116593750	37890.129593750	1400.000	4000.000	1.0000
132	Spectrogram 1	1	37890.116593750	37890.129593750	1400.000	4000.000	1.0000
133	Waveform 1	1	37894.642218750	37894.656843750	1400.000	4000.000	1.0000
133	Spectrogram 1	1	37894.642218750	37894.656843750	1400.000	4000.000	1.0000
134	Waveform 1	1	37913.903343750	37913.917968750	1400.000	4000.000	1.0000
134	Spectrogram 1	1	37913.903343750	37913.917968750	1400.000	4000.000	1.0000
135	Waveform 1	1	37915.963843750	37915.975218750	1400.000	4000.000	1.0000
135	Spectrogram 1	1	37915.963843750	37915.975218750	1400.000	4000.000	1.0000
136	Waveform 1	1	37928.986593750	37929.007718750	1400.000	4000.000	1.0000
136	Spectrogram 1	1	37928.986593750	37929.007718750	1400.000	4000.000	1.0000
137	Waveform 1	1	37957.895343750	37957.916468750	1400.000	4000.000	1.0000
137	Spectrogram 1	1	37957.895343750	37957.916468750	1400.000	4000.000	1.0000
138	Waveform 1	1	37962.583468750	37962.596468750	1400.000	4000.000	1.0000
138	Spectrogram 1	1	37962.583468750	37962.596468750	1400.000	4000.000	1.0000
139	Waveform 1	1	37963.482093750	37963.491843750	1400.000	4000.000	1.0000
139	Spectrogram 1	1	37963.482093750	37963.491843750	1400.000	4000.000	1.0000
140	Waveform 1	1	37963.574718750	37963.586093750	1400.000	4000.000	1.0000
140	Spectrogram 1	1	37963.574718750	37963.586093750	1400.000	4000.000	1.0000
141	Waveform 1	1	37986.695218750	37986.719593750	1400.000	4000.000	1.0000
141	Spectrogram 1	1	37986.695218750	37986.719593750	1400.000	4000.000	1.0000
142	Waveform 1	1	37997.858968750	37997.870343750	1400.000	4000.000	1.0000
142	Spectrogram 1	1	37997.858968750	37997.870343750	1400.000	4000.000	1.0000
143	Waveform 1	1	37998.075093750	37998.088093750	1400.000	4000.000	1.0000
143	Spectrogram 1	1	37998.075093750	37998.088093750	1400.000	4000.000	1.0000
144	Waveform 1	1	38022.950593750	38022.960343750	1400.000	4000.000	1.0000
144	Spectrogram 1	1	38022.950593750	38022.960343750	1400.000	4000.000	1.0000
145	Waveform 1	1	38034.725343750	38034.733468750	1400.000	4000.000	1.0000
145	Spectrogram 1	1	38034.725343750	38034.733468750	1400.000	4000.000	1.0000
146	Waveform 1	1	38038.240218750	38038.258093750	1400.000	4000.000	1.0000
146	Spectrogram 1	1	38038.240218750	38038.258093750	1400.000	4000.000	1.0000
147	Waveform 1	1	38038.604218750	38038.625343750	1400.000	4000.000	1.0000
147	Spectrogram 1	1	38038.604218750	38038.625343750	1400.000	4000.000	1.0000
148	Waveform 1	1	38040.586718750	38040.615968750	1400.000	4000.000	1.0000
148	Spectrogram 1	1	38040.586718750	38040.615968750	1400.000	4000.000	1.0000
149	Waveform 1	1	38041.163593750	38041.186343750	1400.000	4000.000	1.0000
149	Spectrogram 1	1	38041.163593750	38041.186343750	1400.000	4000.000	1.0000
150	Waveform 1	1	38042.136968750	38042.164593750	1400.000	4000.000	1.0000
150	Spectrogram 1	1	38042.136968750	38042.164593750	1400.000	4000.000	1.0000
151	Waveform 1	1	38047.099718750	38047.111093750	1400.000	4000.000	1.0000
151	Spectrogram 1	1	38047.099718750	38047.111093750	1400.000	4000.000	1.0000
152	Waveform 1	1	38047.491343750	38047.517343750	1400.000	4000.000	1.0000
152	Spectrogram 1	1	38047.491343750	38047.517343750	1400.000	4000.000	1.0000
153	Waveform 1	1	38049.390968750	38049.400718750	1400.000	4000.000	1.0000
153	Spectrogram 1	1	38049.390968750	38049.400718750	1400.000	4000.000	1.0000
154	Waveform 1	1	38051.040343750	38051.059843750	1400.000	4000.000	1.0000
154	Spectrogram 1	1	38051.040343750	38051.059843750	1400.000	4000.000	1.0000
155	Waveform 1	1	38051.618843750	38051.630218750	1400.000	4000.000	1.0000
155	Spectrogram 1	1	38051.618843750	38051.630218750	1400.000	4000.000	1.0000
156	Waveform 1	1	38052.166468750	38052.179468750	1400.000	4000.000	1.0000
156	Spectrogram 1	1	38052.166468750	38052.179468750	1400.000	4000.000	1.0000
157	Waveform 1	1	38052.634468750	38052.663718750	1400.000	4000.000	1.0000
157	Spectrogram 1	1	38052.634468750	38052.663718750	1400.000	4000.000	1.0000
158	Waveform 1	1	38054.228593750	38054.246468750	1400.000	4000.000	1.0000
158	Spectrogram 1	1	38054.228593750	38054.246468750	1400.000	4000.000	1.0000
159	Waveform 1	1	38054.729093750	38054.746968750	1400.000	4000.000	1.0000
159	Spectrogram 1	1	38054.729093750	38054.746968750	1400.000	4000.000	1.0000
160	Waveform 1	1	38058.731468750	38058.757468750	1400.000	4000.000	1.0000
160	Spectrogram 1	1	38058.731468750	38058.757468750	1400.000	4000.000	1.0000
161	Waveform 1	1	38059.581343750	38059.600843750	1400.000	4000.000	1.0000
161	Spectrogram 1	1	38059.581343750	38059.600843750	1400.000	4000.000	1.0000
162	Waveform 1	1	38064.443343750	38064.461218750	1400.000	4000.000	1.0000
162	Spectrogram 1	1	38064.443343750	38064.461218750	1400.000	4000.000	1.0000
163	Waveform 1	1	38064.584718750	38064.596093750	1400.000	4000.000	1.0000
163	Spectrogram 1	1	38064.584718750	38064.596093750	1400.000	4000.000	1.0000
164	Waveform 1	1	38065.870093750	38065.881468750	1400.000	4000.000	1.0000
164	Spectrogram 1	1	38065.870093750	38065.881468750	1400.000	4000.000	1.0000
165	Waveform 1	1	38066.591593750	38066.607843750	1400.000	4000.000	1.0000
165	Spectrogram 1	1	38066.591593750	38066.607843750	1400.000	4000.000	1.0000
166	Waveform 1	1	38067.534093750	38067.551968750	1400.000	4000.000	1.0000
166	Spectrogram 1	1	38067.534093750	38067.551968750	1400.000	4000.000	1.0000
167	Waveform 1	1	38072.113343750	38072.124718750	1400.000	4000.000	1.0000
167	Spectrogram 1	1	38072.113343750	38072.124718750	1400.000	4000.000	1.0000
168	Waveform 1	1	38073.817968750	38073.837468750	1400.000	4000.000	1.0000
168	Spectrogram 1	1	38073.817968750	38073.837468750	1400.000	4000.000	1.0000
169	Waveform 1	1	38075.878468750	38075.888218750	1400.000	4000.000	1.0000
169	Spectrogram 1	1	38075.878468750	38075.888218750	1400.000	4000.000	1.0000
170	Waveform 1	1	38088.636343750	38088.647718750	1400.000	4000.000	1.0000
170	Spectrogram 1	1	38088.636343750	38088.647718750	1400.000	4000.000	1.0000
171	Waveform 1	1	38092.570468750	38092.602968750	1400.000	4000.000	1.0000
171	Spectrogram 1	1	38092.570468750	38092.602968750	1400.000	4000.000	1.0000
172	Waveform 1	1	38093.597468750	38093.618593750	1400.000	4000.000	1.0000
172	Spectrogram 1	1	38093.597468750	38093.618593750	1400.000	4000.000	1.0000
173	Waveform 1	1	38093.696593750	38093.711218750	1400.000	4000.000	1.0000
173	Spectrogram 1	1	38093.696593750	38093.711218750	1400.000	4000.000	1.0000
174	Waveform 1	1	38096.602093750	38096.626468750	1400.000	4000.000	1.0000
174	Spectrogram 1	1	38096.602093750	38096.626468750	1400.000	4000.000	1.0000
175	Waveform 1	1	38099.582343750	38099.592093750	1400.000	4000.000	1.0000
175	Spectrogram 1	1	38099.582343750	38099.592093750	1400.000	4000.000	1.0000
176	Waveform 1	1	38104.614968750	38104.623093750	1400.000	4000.000	1.0000
176	Spectrogram 1	1	38104.614968750	38104.623093750	1400.000	4000.000	1.0000
177	Waveform 1	1	38105.118718750	38105.149593750	1400.000	4000.000	0.7368
177	Spectrogram 1	1	38105.118718750	38105.149593750	1400.000	4000.000	0.7368
178	Waveform 1	1	38124.051593750	38124.064593750	1400.000	4000.000	1.0000
178	Spectrogram 1	1	38124.051593750	38124.064593750	1400.000	4000.000	1.0000
179	Waveform 1	1	38125.039593750	38125.055843750	1400.000	4000.000	1.0000
179	Spectrogram 1	1	38125.039593750	38125.055843750	1400.000	4000.000	1.0000
180	Waveform 1	1	38125.533593750	38125.551468750	1400.000	4000.000	1.0000
180	Spectrogram 1	1	38125.533593750	38125.551468750	1400.000	4000.000	1.0000
181	Waveform 1	1	38125.609968750	38125.624593750	1400.000	4000.000	1.0000
181	Spectrogram 1	1	38125.609968750	38125.624593750	1400.000	4000.000	1.0000
182	Waveform 1	1	38125.795218750	38125.816343750	1400.000	4000.000	1.0000
182	Spectrogram 1	1	38125.795218750	38125.816343750	1400.000	4000.000	1.0000
183	Waveform 1	1	38142.807343750	38142.815468750	1400.000	4000.000	1.0000
183	Spectrogram 1	1	38142.807343750	38142.815468750	1400.000	4000.000	1.0000
184	Waveform 1	1	38148.519218750	38148.527343750	1400.000	4000.000	1.0000
184	Spectrogram 1	1	38148.519218750	38148.527343750	1400.000	4000.000	1.0000
185	Waveform 1	1	38148.901093750	38148.910843750	1400.000	4000.000	1.0000
185	Spectrogram 1	1	38148.901093750	38148.910843750	1400.000	4000.000	1.0000
186	Waveform 1	1	38168.834968750	38168.844718750	1400.000	4000.000	1.0000
186	Spectrogram 1	1	38168.834968750	38168.844718750	1400.000	4000.000	1.0000
187	Waveform 1	1	38172.757718750	38172.767468750	1400.000	4000.000	1.0000
187	Spectrogram 1	1	38172.757718750	38172.767468750	1400.000	4000.000	1.0000
188	Waveform 1	1	38179.189468750	38179.199218750	1400.000	4000.000	1.0000
188	Spectrogram 1	1	38179.189468750	38179.199218750	1400.000	4000.000	1.0000
189	Waveform 1	1	38179.269093750	38179.278843750	1400.000	4000.000	1.0000
189	Spectrogram 1	1	38179.269093750	38179.278843750	1400.000	4000.000	1.0000
190	Waveform 1	1	38191.661343750	38191.682468750	1400.000	4000.000	1.0000
190	Spectrogram 1	1	38191.661343750	38191.682468750	1400.000	4000.000	1.0000
191	Waveform 1	1	38192.468968750	38192.493343750	1400.000	4000.000	1.0000
191	Spectrogram 1	1	38192.468968750	38192.493343750	1400.000	4000.000	1.0000
192	Waveform 1	1	38199.154218750	38199.163968750	1400.000	4000.000	1.0000
192	Spectrogram 1	1	38199.154218750	38199.163968750	1400.000	4000.000	1.0000
193	Waveform 1	1	38205.423468750	38205.434843750	1400.000	4000.000	1.0000
193	Spectrogram 1	1	38205.423468750	38205.434843750	1400.000	4000.000	1.0000
194	Waveform 1	1	38205.520968750	38205.533968750	1400.000	4000.000	1.0000
194	Spectrogram 1	1	38205.520968750	38205.533968750	1400.000	4000.000	1.0000
195	Waveform 1	1	38218.254468750	38218.270718750	1400.000	4000.000	1.0000
195	Spectrogram 1	1	38218.254468750	38218.270718750	1400.000	4000.000	1.0000
196	Waveform 1	1	38225.056718750	38225.079468750	1400.000	4000.000	1.0000
196	Spectrogram 1	1	38225.056718750	38225.079468750	1400.000	4000.000	1.0000
197	Waveform 1	1	38228.222218750	38228.238468750	1400.000	4000.000	1.0000
197	Spectrogram 1	1	38228.222218750	38228.238468750	1400.000	4000.000	1.0000
198	Waveform 1	1	38238.511718750	38238.527968750	1400.000	4000.000	1.0000
198	Spectrogram 1	1	38238.511718750	38238.527968750	1400.000	4000.000	1.0000
199	Waveform 1	1	38240.971968750	38240.980093750	1400.000	4000.000	1.0000
199	Spectrogram 1	1	38240.971968750	38240.980093750	1400.000	4000.000	1.0000
200	Waveform 1	1	38250.590343750	38250.598468750	1400.000	4000.000	1.0000
200	Spectrogram 1	1	38250.590343750	38250.598468750	1400.000	4000.000	1.0000
201	Waveform 1	1	38250.902343750	38250.913718750	1400.000	4000.000	1.0000
201	Spectrogram 1	1	38250.902343750	38250.913718750	1400.000	4000.000	1.0000
202	Waveform 1	1	38251.142843750	38251.157468750	1400.000	4000.000	1.0000
202	Spectrogram 1	1	38251.142843750	38251.157468750	1400.000	4000.000	1.0000
203	Waveform 1	1	38251.199718750	38251.219218750	1400.000	4000.000	1.0000
203	Spectrogram 1	1	38251.199718750	38251.219218750	1400.000	4000.000	1.0000
204	Waveform 1	1	38286.184343750	38286.197343750	1400.000	4000.000	1.0000
204	Spectrogram 1	1	38286.184343750	38286.197343750	1400.000	4000.000	1.0000
205	Waveform 1	1	38303.787968750	38303.807468750	1400.000	4000.000	1.0000
205	Spectrogram 1	1	38303.787968750	38303.807468750	1400.000	4000.000	1.0000
206	Waveform 1	1	38304.236468750	38304.268968750	1400.000	4000.000	1.0000
206	Spectrogram 1	1	38304.236468750	38304.268968750	1400.000	4000.000	1.0000
207	Waveform 1	1	38310.328593750	38310.346468750	1400.000	4000.000	1.0000
207	Spectrogram 1	1	38310.328593750	38310.346468750	1400.000	4000.000	1.0000
208	Waveform 1	1	38310.398468750	38310.409843750	1400.000	4000.000	1.0000
208	Spectrogram 1	1	38310.398468750	38310.409843750	1400.000	4000.000	1.0000
209	Waveform 1	1	38323.515468750	38323.530093750	1400.000	4000.000	1.0000
209	Spectrogram 1	1	38323.515468750	38323.530093750	1400.000	4000.000	1.0000
210	Waveform 1	1	38326.547718750	38326.580218750	1400.000	4000.000	1.0000
210	Spectrogram 1	1	38326.547718750	38326.580218750	1400.000	4000.000	1.0000
211	Waveform 1	1	38336.843718750	38336.864843750	1400.000	4000.000	1.0000
211	Spectrogram 1	1	38336.843718750	38336.864843750	1400.000	4000.000	1.0000
212	Waveform 1	1	38347.451718750	38347.472843750	1400.000	4000.000	1.0000
212	Spectrogram 1	1	38347.451718750	38347.472843750	1400.000	4000.000	1.0000
213	Waveform 1	1	38353.535718750	38353.566593750	1400.000	4000.000	1.0000
213	Spectrogram 1	1	38353.535718750	38353.566593750	1400.000	4000.000	1.0000
214	Waveform 1	1	38356.119468750	38356.127593750	1400.000	4000.000	1.0000
214	Spectrogram 1	1	38356.119468750	38356.127593750	1400.000	4000.000	1.0000
215	Waveform 1	1	38377.033218750	38377.051093750	1400.000	4000.000	1.0000
215	Spectrogram 1	1	38377.033218750	38377.051093750	1400.000	4000.000	1.0000
216	Waveform 1	1	38439.420218750	38439.434843750	1400.000	4000.000	1.0000
216	Spectrogram 1	1	38439.420218750	38439.434843750	1400.000	4000.000	1.0000
217	Waveform 1	1	38443.862968750	38443.890593750	1400.000	4000.000	1.0000
217	Spectrogram 1	1	38443.862968750	38443.890593750	1400.000	4000.000	1.0000
218	Waveform 1	1	38450.122468750	38450.137093750	1400.000	4000.000	1.0000
218	Spectrogram 1	1	38450.122468750	38450.137093750	1400.000	4000.000	1.0000
219	Waveform 1	1	38450.345093750	38450.372718750	1400.000	4000.000	0.8824
219	Spectrogram 1	1	38450.345093750	38450.372718750	1400.000	4000.000	0.8824
220	Waveform 1	1	38450.418218750	38450.429593750	1400.000	4000.000	1.0000
220	Spectrogram 1	1	38450.418218750	38450.429593750	1400.000	4000.000	1.0000
221	Waveform 1	1	38453.349718750	38453.361093750	1400.000	4000.000	1.0000
221	Spectrogram 1	1	38453.349718750	38453.361093750	1400.000	4000.000	1.0000
222	Waveform 1	1	38453.650343750	38453.674718750	1400.000	4000.000	1.0000
222	Spectrogram 1	1	38453.650343750	38453.674718750	1400.000	4000.000	1.0000
223	Waveform 1	1	38767.369593750	38767.390718750	1400.000	4000.000	1.0000
223	Spectrogram 1	1	38767.369593750	38767.390718750	1400.000	4000.000	1.0000
224	Waveform 1	1	38974.136218750	38974.144343750	1400.000	4000.000	1.0000
224	Spectrogram 1	1	38974.136218750	38974.144343750	1400.000	4000.000	1.0000
225	Waveform 1	1	38974.700093750	38974.711468750	1400.000	4000.000	1.0000
225	Spectrogram 1	1	38974.700093750	38974.711468750	1400.000	4000.000	1.0000
226	Waveform 1	1	38975.402093750	38975.424843750	1400.000	4000.000	1.0000
226	Spectrogram 1	1	38975.402093750	38975.424843750	1400.000	4000.000	1.0000
227	Waveform 1	1	39188.160093750	39188.177968750	1400.000	4000.000	1.0000
227	Spectrogram 1	1	39188.160093750	39188.177968750	1400.000	4000.000	1.0000
228	Waveform 1	1	39188.281968750	39188.293343750	1400.000	4000.000	1.0000
228	Spectrogram 1	1	39188.281968750	39188.293343750	1400.000	4000.000	1.0000
229	Waveform 1	1	39216.467593750	39216.477343750	1400.000	4000.000	1.0000
229	Spectrogram 1	1	39216.467593750	39216.477343750	1400.000	4000.000	1.0000
230	Waveform 1	1	39340.611093750	39340.633843750	1400.000	4000.000	1.0000
230	Spectrogram 1	1	39340.611093750	39340.633843750	1400.000	4000.000	1.0000
231	Waveform 1	1	39364.612343750	39364.620468750	1400.000	4000.000	1.0000
231	Spectrogram 1	1	39364.612343750	39364.620468750	1400.000	4000.000	1.0000
232	Waveform 1	1	39375.628218750	39375.649343750	1400.000	4000.000	1.0000
232	Spectrogram 1	1	39375.628218750	39375.649343750	1400.000	4000.000	1.0000
233	Waveform 1	1	39392.476218750	39392.498968750	1400.000	4000.000	1.0000
233	Spectrogram 1	1	39392.476218750	39392.498968750	1400.000	4000.000	1.0000
234	Waveform 1	1	39615.665093750	39615.673218750	1400.000	4000.000	1.0000
234	Spectrogram 1	1	39615.665093750	39615.673218750	1400.000	4000.000	1.0000
235	Waveform 1	1	39937.012093750	39937.041343750	1400.000	4000.000	1.0000
235	Spectrogram 1	1	39937.012093750	39937.041343750	1400.000	4000.000	1.0000
236	Waveform 1	1	40007.455843750	40007.470468750	1400.000	4000.000	1.0000
236	Spectrogram 1	1	40007.455843750	40007.470468750	1400.000	4000.000	1.0000
237	Waveform 1	1	40020.155218750	40020.187718750	1400.000	4000.000	1.0000
237	Spectrogram 1	1	40020.155218750	40020.187718750	1400.000	4000.000	1.0000
238	Waveform 1	1	40021.811093750	40021.820843750	1400.000	4000.000	1.0000
238	Spectrogram 1	1	40021.811093750	40021.820843750	1400.000	4000.000	1.0000
239	Waveform 1	1	40021.905343750	40021.916718750	1400.000	4000.000	1.0000
239	Spectrogram 1	1	40021.905343750	40021.916718750	1400.000	4000.000	1.0000
240	Waveform 1	1	40027.254843750	40027.277593750	1400.000	4000.000	1.0000
240	Spectrogram 1	1	40027.254843750	40027.277593750	1400.000	4000.000	1.0000
241	Waveform 1	1	40029.572093750	40029.580218750	1400.000	4000.000	1.0000
241	Spectrogram 1	1	40029.572093750	40029.580218750	1400.000	4000.000	1.0000
242	Waveform 1	1	40039.487843750	40039.512218750	1400.000	4000.000	1.0000
242	Spectrogram 1	1	40039.487843750	40039.512218750	1400.000	4000.000	1.0000
243	Waveform 1	1	40050.903468750	40050.914843750	1400.000	4000.000	1.0000
243	Spectrogram 1	1	40050.903468750	40050.914843750	1400.000	4000.000	1.0000
244	Waveform 1	1	40055.840218750	40055.864593750	1400.000	4000.000	1.0000
244	Spectrogram 1	1	40055.840218750	40055.864593750	1400.000	4000.000	1.0000
245	Waveform 1	1	40070.772343750	40070.798343750	1400.000	4000.000	1.0000
245	Spectrogram 1	1	40070.772343750	40070.798343750	1400.000	4000.000	1.0000
246	Waveform 1	1	40070.840593750	40070.860093750	1400.000	4000.000	1.0000
246	Spectrogram 1	1	40070.840593750	40070.860093750	1400.000	4000.000	1.0000
247	Waveform 1	1	40070.938093750	40070.946218750	1400.000	4000.000	1.0000
247	Spectrogram 1	1	40070.938093750	40070.946218750	1400.000	4000.000	1.0000
248	Waveform 1	1	40070.994968750	40071.004718750	1400.000	4000.000	1.0000
248	Spectrogram 1	1	40070.994968750	40071.004718750	1400.000	4000.000	1.0000
249	Waveform 1	1	40071.131468750	40071.142843750	1400.000	4000.000	1.0000
249	Spectrogram 1	1	40071.131468750	40071.142843750	1400.000	4000.000	1.0000
250	Waveform 1	1	40073.580343750	40073.607968750	1400.000	4000.000	1.0000
250	Spectrogram 1	1	40073.580343750	40073.607968750	1400.000	4000.000	1.0000
251	Waveform 1	1	40073.697343750	40073.721718750	1400.000	4000.000	1.0000
251	Spectrogram 1	1	40073.697343750	40073.721718750	1400.000	4000.000	1.0000
252	Waveform 1	1	40078.245718750	40078.253843750	1400.000	4000.000	1.0000
252	Spectrogram 1	1	40078.245718750	40078.253843750	1400.000	4000.000	1.0000
253	Waveform 1	1	40081.537968750	40081.549343750	1400.000	4000.000	1.0000
253	Spectrogram 1	1	40081.537968750	40081.549343750	1400.000	4000.000	1.0000
254	Waveform 1	1	40081.719968750	40081.739468750	1400.000	4000.000	1.0000
254	Spectrogram 1	1	40081.719968750	40081.739468750	1400.000	4000.000	1.0000
255	Waveform 1	1	40084.493843750	40084.519843750	1400.000	4000.000	1.0000
255	Spectrogram 1	1	40084.493843750	40084.519843750	1400.000	4000.000	1.0000
256	Waveform 1	1	40104.172593750	40104.190468750	1400.000	4000.000	1.0000
256	Spectrogram 1	1	40104.172593750	40104.190468750	1400.000	4000.000	1.0000
257	Waveform 1	1	40127.791968750	40127.813093750	1400.000	4000.000	1.0000
257	Spectrogram 1	1	40127.791968750	40127.813093750	1400.000	4000.000	1.0000
258	Waveform 1	1	40127.983718750	40128.006468750	1400.000	4000.000	1.0000
258	Spectrogram 1	1	40127.983718750	40128.006468750	1400.000	4000.000	1.0000
259	Waveform 1	1	40128.323343750	40128.331468750	1400.000	4000.000	1.0000
259	Spectrogram 1	1	40128.323343750	40128.331468750	1400.000	4000.000	1.0000
260	Waveform 1	1	40134.477218750	40134.499968750	1400.000	4000.000	1.0000
260	Spectrogram 1	1	40134.477218750	40134.499968750	1400.000	4000.000	1.0000
261	Waveform 1	1	40134.551968750	40134.563343750	1400.000	4000.000	1.0000
261	Spectrogram 1	1	40134.551968750	40134.563343750	1400.000	4000.000	1.0000
262	Waveform 1	1	40151.464968750	40151.477968750	1400.000	4000.000	1.0000
262	Spectrogram 1	1	40151.464968750	40151.477968750	1400.000	4000.000	1.0000
263	Waveform 1	1	40153.990218750	40154.003218750	1400.000	4000.000	1.0000
263	Spectrogram 1	1	40153.990218750	40154.003218750	1400.000	4000.000	1.0000
264	Waveform 1	1	40154.128343750	40154.141343750	1400.000	4000.000	1.0000
264	Spectrogram 1	1	40154.128343750	40154.141343750	1400.000	4000.000	1.0000
265	Waveform 1	1	40156.335093750	40156.354593750	1400.000	4000.000	1.0000
265	Spectrogram 1	1	40156.335093750	40156.354593750	1400.000	4000.000	1.0000
266	Waveform 1	1	40170.449843750	40170.464468750	1400.000	4000.000	1.0000
266	Spectrogram 1	1	40170.449843750	40170.464468750	1400.000	4000.000	1.0000
267	Waveform 1	1	40213.830843750	40213.855218750	1400.000	4000.000	1.0000
267	Spectrogram 1	1	40213.830843750	40213.855218750	1400.000	4000.000	1.0000
268	Waveform 1	1	40228.470468750	40228.480218750	1400.000	4000.000	1.0000
268	Spectrogram 1	1	40228.470468750	40228.480218750	1400.000	4000.000	1.0000
269	Waveform 1	1	40231.372718750	40231.387343750	1400.000	4000.000	1.0000
269	Spectrogram 1	1	40231.372718750	40231.387343750	1400.000	4000.000	1.0000
270	Waveform 1	1	40243.501718750	40243.522843750	1400.000	4000.000	1.0000
270	Spectrogram 1	1	40243.501718750	40243.522843750	1400.000	4000.000	1.0000
271	Waveform 1	1	40246.158593750	40246.184593750	1400.000	4000.000	1.0000
271	Spectrogram 1	1	40246.158593750	40246.184593750	1400.000	4000.000	1.0000
272	Waveform 1	1	40287.230468750	40287.238593750	1400.000	4000.000	1.0000
272	Spectrogram 1	1	40287.230468750	40287.238593750	1400.000	4000.000	1.0000
273	Waveform 1	1	40296.572593750	40296.601843750	1400.000	4000.000	1.0000
273	Spectrogram 1	1	40296.572593750	40296.601843750	1400.000	4000.000	1.0000
274	Waveform 1	1	40437.846843750	40437.856593750	1400.000	4000.000	1.0000
274	Spectrogram 1	1	40437.846843750	40437.856593750	1400.000	4000.000	1.0000
275	Waveform 1	1	40513.310218750	40513.318343750	1400.000	4000.000	1.0000
275	Spectrogram 1	1	40513.310218750	40513.318343750	1400.000	4000.000	1.0000
276	Waveform 1	1	41051.944093750	41051.957093750	1400.000	4000.000	1.0000
276	Spectrogram 1	1	41051.944093750	41051.957093750	1400.000	4000.000	1.0000
277	Waveform 1	1	41096.313093750	41096.321218750	1400.000	4000.000	1.0000
277	Spectrogram 1	1	41096.313093750	41096.321218750	1400.000	4000.000	1.0000
278	Waveform 1	1	41185.103093750	41185.119343750	1400.000	4000.000	1.0000
278	Spectrogram 1	1	41185.103093750	41185.119343750	1400.000	4000.000	1.0000
279	Waveform 1	1	41285.692218750	41285.701968750	1400.000	4000.000	1.0000
279	Spectrogram 1	1	41285.692218750	41285.701968750	1400.000	4000.000	1.0000
280	Waveform 1	1	41344.557843750	41344.577343750	1400.000	4000.000	1.0000
280	Spectrogram 1	1	41344.557843750	41344.577343750	1400.000	4000.000	1.0000
281	Waveform 1	1	41511.162593750	41511.170718750	1400.000	4000.000	1.0000
281	Spectrogram 1	1	41511.162593750	41511.170718750	1400.000	4000.000	1.0000
282	Waveform 1	1	42092.680218750	42092.691593750	1400.000	4000.000	1.0000
282	Spectrogram 1	1	42092.680218750	42092.691593750	1400.000	4000.000	1.0000
283	Waveform 1	1	42955.724218750	42955.735593750	1400.000	4000.000	1.0000
283	Spectrogram 1	1	42955.724218750	42955.735593750	1400.000	4000.000	1.0000
284	Waveform 1	1	43188.835343750	43188.846718750	1400.000	4000.000	1.0000
284	Spectrogram 1	1	43188.835343750	43188.846718750	1400.000	4000.000	1.0000
285	Waveform 1	1	43906.835093750	43906.856218750	1400.000	4000.000	1.0000
285	Spectrogram 1	1	43906.835093750	43906.856218750	1400.000	4000.000	1.0000
286	Waveform 1	1	44412.440843750	44412.455468750	1400.000	4000.000	1.0000
286	Spectrogram 1	1	44412.440843750	44412.455468750	1400.000	4000.000	1.0000
287	Waveform 1	1	44426.474343750	44426.487343750	1400.000	4000.000	1.0000
287	Spectrogram 1	1	44426.474343750	44426.487343750	1400.000	4000.000	1.0000
288	Waveform 1	1	44466.592343750	44466.605343750	1400.000	4000.000	1.0000
288	Spectrogram 1	1	44466.592343750	44466.605343750	1400.000	4000.000	1.0000
289	Waveform 1	1	44524.885968750	44524.897343750	1400.000	4000.000	1.0000
289	Spectrogram 1	1	44524.885968750	44524.897343750	1400.000	4000.000	1.0000
290	Waveform 1	1	45007.769343750	45007.777468750	1400.000	4000.000	1.0000
290	Spectrogram 1	1	45007.769343750	45007.777468750	1400.000	4000.000	1.0000
291	Waveform 1	1	45197.671718750	45197.684718750	1400.000	4000.000	1.0000
291	Spectrogram 1	1	45197.671718750	45197.684718750	1400.000	4000.000	1.0000
292	Waveform 1	1	45237.671093750	45237.687343750	1400.000	4000.000	1.0000
292	Spectrogram 1	1	45237.671093750	45237.687343750	1400.000	4000.000	1.0000
293	Waveform 1	1	45289.323343750	45289.334718750	1400.000	4000.000	1.0000
293	Spectrogram 1	1	45289.323343750	45289.334718750	1400.000	4000.000	1.0000
294	Waveform 1	1	45330.375718750	45330.387093750	1400.000	4000.000	1.0000
294	Spectrogram 1	1	45330.375718750	45330.387093750	1400.000	4000.000	1.0000
295	Waveform 1	1	45332.978968750	45332.990343750	1400.000	4000.000	1.0000
295	Spectrogram 1	1	45332.978968750	45332.990343750	1400.000	4000.000	1.0000
296	Waveform 1	1	45336.009593750	45336.029093750	1400.000	4000.000	1.0000
296	Spectrogram 1	1	45336.009593750	45336.029093750	1400.000	4000.000	1.0000
297	Waveform 1	1	45352.425343750	45352.443218750	1400.000	4000.000	1.0000
297	Spectrogram 1	1	45352.425343750	45352.443218750	1400.000	4000.000	1.0000
298	Waveform 1	1	45593.250343750	45593.264968750	1400.000	4000.000	1.0000
298	Spectrogram 1	1	45593.250343750	45593.264968750	1400.000	4000.000	1.0000
299	Waveform 1	1	45593.848343750	45593.856468750	1400.000	4000.000	1.0000
299	Spectrogram 1	1	45593.848343750	45593.856468750	1400.000	4000.000	1.0000
300	Waveform 1	1	45651.366843750	45651.386343750	1400.000	4000.000	1.0000
300	Spectrogram 1	1	45651.366843750	45651.386343750	1400.000	4000.000	1.0000
301	Waveform 1	1	45679.541093750	45679.558968750	1400.000	4000.000	1.0000
301	Spectrogram 1	1	45679.541093750	45679.558968750	1400.000	4000.000	1.0000
302	Waveform 1	1	45892.926343750	45892.939343750	1400.000	4000.000	1.0000
302	Spectrogram 1	1	45892.926343750	45892.939343750	1400.000	4000.000	1.0000
303	Waveform 1	1	45911.711343750	45911.719468750	1400.000	4000.000	1.0000
303	Spectrogram 1	1	45911.711343750	45911.719468750	1400.000	4000.000	1.0000
304	Waveform 1	1	45922.496468750	45922.507843750	1400.000	4000.000	1.0000
304	Spectrogram 1	1	45922.496468750	45922.507843750	1400.000	4000.000	1.0000
305	Waveform 1	1	45932.262718750	45932.274093750	1400.000	4000.000	1.0000
305	Spectrogram 1	1	45932.262718750	45932.274093750	1400.000	4000.000	1.0000
306	Waveform 1	1	46093.043468750	46093.051593750	1400.000	4000.000	1.0000
306	Spectrogram 1	1	46093.043468750	46093.051593750	1400.000	4000.000	1.0000
307	Waveform 1	1	46396.315593750	46396.336718750	1400.000	4000.000	1.0000
307	Spectrogram 1	1	46396.315593750	46396.336718750	1400.000	4000.000	1.0000
308	Waveform 1	1	46458.275218750	46458.286593750	1400.000	4000.000	1.0000
308	Spectrogram 1	1	46458.275218750	46458.286593750	1400.000	4000.000	1.0000
309	Waveform 1	1	47182.825343750	47182.849718750	1400.000	4000.000	1.0000
309	Spectrogram 1	1	47182.825343750	47182.849718750	1400.000	4000.000	1.0000
310	Waveform 1	1	47185.683718750	47185.695093750	1400.000	4000.000	1.0000
310	Spectrogram 1	1	47185.683718750	47185.695093750	1400.000	4000.000	1.0000
311	Waveform 1	1	47210.325218750	47210.343093750	1400.000	4000.000	1.0000
311	Spectrogram 1	1	47210.325218750	47210.343093750	1400.000	4000.000	1.0000
312	Waveform 1	1	47216.329593750	47216.347468750	1400.000	4000.000	1.0000
312	Spectrogram 1	1	47216.329593750	47216.347468750	1400.000	4000.000	1.0000
313	Waveform 1	1	47217.467093750	47217.483343750	1400.000	4000.000	1.0000
313	Spectrogram 1	1	47217.467093750	47217.483343750	1400.000	4000.000	1.0000
314	Waveform 1	1	47218.290968750	47218.308843750	1400.000	4000.000	1.0000
314	Spectrogram 1	1	47218.290968750	47218.308843750	1400.000	4000.000	1.0000
315	Waveform 1	1	47218.372218750	47218.390093750	1400.000	4000.000	1.0000
315	Spectrogram 1	1	47218.372218750	47218.390093750	1400.000	4000.000	1.0000
316	Waveform 1	1	47219.439843750	47219.464218750	1400.000	4000.000	1.0000
316	Spectrogram 1	1	47219.439843750	47219.464218750	1400.000	4000.000	1.0000
317	Waveform 1	1	47225.502718750	47225.523843750	1400.000	4000.000	1.0000
317	Spectrogram 1	1	47225.502718750	47225.523843750	1400.000	4000.000	1.0000
318	Waveform 1	1	47229.789468750	47229.799218750	1400.000	4000.000	1.0000
318	Spectrogram 1	1	47229.789468750	47229.799218750	1400.000	4000.000	1.0000
319	Waveform 1	1	47239.367218750	47239.391593750	1400.000	4000.000	1.0000
319	Spectrogram 1	1	47239.367218750	47239.391593750	1400.000	4000.000	1.0000
320	Waveform 1	1	47240.494968750	47240.520968750	1400.000	4000.000	1.0000
320	Spectrogram 1	1	47240.494968750	47240.520968750	1400.000	4000.000	1.0000
321	Waveform 1	1	47243.798593750	47243.819718750	1400.000	4000.000	1.0000
321	Spectrogram 1	1	47243.798593750	47243.819718750	1400.000	4000.000	1.0000
322	Waveform 1	1	47254.911968750	47254.923343750	1400.000	4000.000	1.0000
322	Spectrogram 1	1	47254.911968750	47254.923343750	1400.000	4000.000	1.0000
323	Waveform 1	1	47271.899718750	47271.911093750	1400.000	4000.000	1.0000
323	Spectrogram 1	1	47271.899718750	47271.911093750	1400.000	4000.000	1.0000
324	Waveform 1	1	47280.125468750	47280.136843750	1400.000	4000.000	1.0000
324	Spectrogram 1	1	47280.125468750	47280.136843750	1400.000	4000.000	1.0000
325	Waveform 1	1	47280.926593750	47280.934718750	1400.000	4000.000	1.0000
325	Spectrogram 1	1	47280.926593750	47280.934718750	1400.000	4000.000	1.0000
326	Waveform 1	1	47281.142718750	47281.150843750	1400.000	4000.000	1.0000
326	Spectrogram 1	1	47281.142718750	47281.150843750	1400.000	4000.000	1.0000
327	Waveform 1	1	47296.901968750	47296.921468750	1400.000	4000.000	1.0000
327	Spectrogram 1	1	47296.901968750	47296.921468750	1400.000	4000.000	1.0000
328	Waveform 1	1	47304.425718750	47304.445218750	1400.000	4000.000	1.0000
328	Spectrogram 1	1	47304.425718750	47304.445218750	1400.000	4000.000	1.0000
329	Waveform 1	1	47304.516718750	47304.537843750	1400.000	4000.000	1.0000
329	Spectrogram 1	1	47304.516718750	47304.537843750	1400.000	4000.000	1.0000
330	Waveform 1	1	47304.697093750	47304.711718750	1400.000	4000.000	1.0000
330	Spectrogram 1	1	47304.697093750	47304.711718750	1400.000	4000.000	1.0000
331	Waveform 1	1	47312.630343750	47312.646593750	1400.000	4000.000	1.0000
331	Spectrogram 1	1	47312.630343750	47312.646593750	1400.000	4000.000	1.0000
332	Waveform 1	1	47312.833468750	47312.864343750	1400.000	4000.000	1.0000
332	Spectrogram 1	1	47312.833468750	47312.864343750	1400.000	4000.000	1.0000
333	Waveform 1	1	47327.161093750	47327.178968750	1400.000	4000.000	1.0000
333	Spectrogram 1	1	47327.161093750	47327.178968750	1400.000	4000.000	1.0000
334	Waveform 1	1	47329.232968750	47329.254093750	1400.000	4000.000	1.0000
334	Spectrogram 1	1	47329.232968750	47329.254093750	1400.000	4000.000	1.0000
335	Waveform 1	1	47329.289843750	47329.301218750	1400.000	4000.000	1.0000
335	Spectrogram 1	1	47329.289843750	47329.301218750	1400.000	4000.000	1.0000
336	Waveform 1	1	47353.209843750	47353.221218750	1400.000	4000.000	1.0000
336	Spectrogram 1	1	47353.209843750	47353.221218750	1400.000	4000.000	1.0000
337	Waveform 1	1	47355.548218750	47355.574218750	1400.000	4000.000	1.0000
337	Spectrogram 1	1	47355.548218750	47355.574218750	1400.000	4000.000	1.0000
338	Waveform 1	1	47375.434968750	47375.443093750	1400.000	4000.000	1.0000
338	Spectrogram 1	1	47375.434968750	47375.443093750	1400.000	4000.000	1.0000
339	Waveform 1	1	47383.945093750	47383.954843750	1400.000	4000.000	1.0000
339	Spectrogram 1	1	47383.945093750	47383.954843750	1400.000	4000.000	1.0000
340	Waveform 1	1	47384.114093750	47384.131968750	1400.000	4000.000	1.0000
340	Spectrogram 1	1	47384.114093750	47384.131968750	1400.000	4000.000	1.0000
341	Waveform 1	1	47384.175843750	47384.205093750	1400.000	4000.000	1.0000
341	Spectrogram 1	1	47384.175843750	47384.205093750	1400.000	4000.000	1.0000
342	Waveform 1	1	47419.163718750	47419.176718750	1400.000	4000.000	1.0000
342	Spectrogram 1	1	47419.163718750	47419.176718750	1400.000	4000.000	1.0000
343	Waveform 1	1	47419.214093750	47419.222218750	1400.000	4000.000	1.0000
343	Spectrogram 1	1	47419.214093750	47419.222218750	1400.000	4000.000	1.0000
344	Waveform 1	1	47420.164718750	47420.182593750	1400.000	4000.000	1.0000
344	Spectrogram 1	1	47420.164718750	47420.182593750	1400.000	4000.000	1.0000
345	Waveform 1	1	47430.777593750	47430.803593750	1400.000	4000.000	1.0000
345	Spectrogram 1	1	47430.777593750	47430.803593750	1400.000	4000.000	1.0000
346	Waveform 1	1	47436.052343750	47436.083218750	1400.000	4000.000	0.7895
346	Spectrogram 1	1	47436.052343750	47436.083218750	1400.000	4000.000	0.7895
347	Waveform 1	1	47453.808718750	47453.823343750	1400.000	4000.000	1.0000
347	Spectrogram 1	1	47453.808718750	47453.823343750	1400.000	4000.000	1.0000
348	Waveform 1	1	47453.987468750	47454.008593750	1400.000	4000.000	1.0000
348	Spectrogram 1	1	47453.987468750	47454.008593750	1400.000	4000.000	1.0000
349	Waveform 1	1	47454.487968750	47454.496093750	1400.000	4000.000	1.0000
349	Spectrogram 1	1	47454.487968750	47454.496093750	1400.000	4000.000	1.0000
350	Waveform 1	1	47475.551218750	47475.560968750	1400.000	4000.000	1.0000
350	Spectrogram 1	1	47475.551218750	47475.560968750	1400.000	4000.000	1.0000
351	Waveform 1	1	47475.978593750	47475.991593750	1400.000	4000.000	1.0000
351	Spectrogram 1	1	47475.978593750	47475.991593750	1400.000	4000.000	1.0000
352	Waveform 1	1	47476.118343750	47476.131343750	1400.000	4000.000	1.0000
352	Spectrogram 1	1	47476.118343750	47476.131343750	1400.000	4000.000	1.0000
353	Waveform 1	1	47496.409718750	47496.442218750	1400.000	4000.000	1.0000
353	Spectrogram 1	1	47496.409718750	47496.442218750	1400.000	4000.000	1.0000
354	Waveform 1	1	47498.297968750	47498.312593750	1400.000	4000.000	1.0000
354	Spectrogram 1	1	47498.297968750	47498.312593750	1400.000	4000.000	1.0000
355	Waveform 1	1	47498.345093750	47498.354843750	1400.000	4000.000	1.0000
355	Spectrogram 1	1	47498.345093750	47498.354843750	1400.000	4000.000	1.0000
356	Waveform 1	1	47499.388343750	47499.402968750	1400.000	4000.000	1.0000
356	Spectrogram 1	1	47499.388343750	47499.402968750	1400.000	4000.000	1.0000
357	Waveform 1	1	47518.113218750	47518.132718750	1400.000	4000.000	1.0000
357	Spectrogram 1	1	47518.113218750	47518.132718750	1400.000	4000.000	1.0000
358	Waveform 1	1	47518.665718750	47518.675468750	1400.000	4000.000	1.0000
358	Spectrogram 1	1	47518.665718750	47518.675468750	1400.000	4000.000	1.0000
359	Waveform 1	1	47527.073468750	47527.099468750	1400.000	4000.000	1.0000
359	Spectrogram 1	1	47527.073468750	47527.099468750	1400.000	4000.000	1.0000
360	Waveform 1	1	47533.560468750	47533.571843750	1400.000	4000.000	1.0000
360	Spectrogram 1	1	47533.560468750	47533.571843750	1400.000	4000.000	1.0000
361	Waveform 1	1	47548.071718750	47548.086343750	1400.000	4000.000	1.0000
361	Spectrogram 1	1	47548.071718750	47548.086343750	1400.000	4000.000	1.0000
362	Waveform 1	1	47550.748093750	47550.780593750	1400.000	4000.000	1.0000
362	Spectrogram 1	1	47550.748093750	47550.780593750	1400.000	4000.000	1.0000
363	Waveform 1	1	47553.650343750	47553.668218750	1400.000	4000.000	1.0000
363	Spectrogram 1	1	47553.650343750	47553.668218750	1400.000	4000.000	1.0000
364	Waveform 1	1	47556.472968750	47556.481093750	1400.000	4000.000	1.0000
364	Spectrogram 1	1	47556.472968750	47556.481093750	1400.000	4000.000	1.0000
365	Waveform 1	1	47559.680718750	47559.698593750	1400.000	4000.000	1.0000
365	Spectrogram 1	1	47559.680718750	47559.698593750	1400.000	4000.000	1.0000
366	Waveform 1	1	47560.850718750	47560.868593750	1400.000	4000.000	1.0000
366	Spectrogram 1	1	47560.850718750	47560.868593750	1400.000	4000.000	1.0000
367	Waveform 1	1	47567.529468750	47567.545718750	1400.000	4000.000	1.0000
367	Spectrogram 1	1	47567.529468750	47567.545718750	1400.000	4000.000	1.0000
368	Waveform 1	1	47581.480093750	47581.499593750	1400.000	4000.000	1.0000
368	Spectrogram 1	1	47581.480093750	47581.499593750	1400.000	4000.000	1.0000
369	Waveform 1	1	47762.467718750	47762.485593750	1400.000	4000.000	1.0000
369	Spectrogram 1	1	47762.467718750	47762.485593750	1400.000	4000.000	1.0000
370	Waveform 1	1	47774.920093750	47774.931468750	1400.000	4000.000	1.0000
370	Spectrogram 1	1	47774.920093750	47774.931468750	1400.000	4000.000	1.0000
371	Waveform 1	1	47992.679843750	47992.697718750	1400.000	4000.000	1.0000
371	Spectrogram 1	1	47992.679843750	47992.697718750	1400.000	4000.000	1.0000
372	Waveform 1	1	47993.133218750	47993.141343750	1400.000	4000.000	1.0000
372	Spectrogram 1	1	47993.133218750	47993.141343750	1400.000	4000.000	1.0000
373	Waveform 1	1	47995.874593750	47995.897343750	1400.000	4000.000	1.0000
373	Spectrogram 1	1	47995.874593750	47995.897343750	1400.000	4000.000	1.0000
374	Waveform 1	1	47999.483718750	47999.496718750	1400.000	4000.000	1.0000
374	Spectrogram 1	1	47999.483718750	47999.496718750	1400.000	4000.000	1.0000
375	Waveform 1	1	48021.986718750	48022.011093750	1400.000	4000.000	1.0000
375	Spectrogram 1	1	48021.986718750	48022.011093750	1400.000	4000.000	1.0000
376	Waveform 1	1	48039.349843750	48039.357968750	1400.000	4000.000	1.0000
376	Spectrogram 1	1	48039.349843750	48039.357968750	1400.000	4000.000	1.0000
377	Waveform 1	1	48283.870093750	48283.881468750	1400.000	4000.000	1.0000
377	Spectrogram 1	1	48283.870093750	48283.881468750	1400.000	4000.000	1.0000
378	Waveform 1	1	48440.271468750	48440.295843750	1400.000	4000.000	1.0000
378	Spectrogram 1	1	48440.271468750	48440.295843750	1400.000	4000.000	1.0000
379	Waveform 1	1	48445.128593750	48445.139968750	1400.000	4000.000	1.0000
379	Spectrogram 1	1	48445.128593750	48445.139968750	1400.000	4000.000	1.0000
380	Waveform 1	1	48460.255718750	48460.271968750	1400.000	4000.000	1.0000
380	Spectrogram 1	1	48460.255718750	48460.271968750	1400.000	4000.000	1.0000
381	Waveform 1	1	48502.799843750	48502.814468750	1400.000	4000.000	1.0000
381	Spectrogram 1	1	48502.799843750	48502.814468750	1400.000	4000.000	1.0000
382	Waveform 1	1	48533.619593750	48533.639093750	1400.000	4000.000	1.0000
382	Spectrogram 1	1	48533.619593750	48533.639093750	1400.000	4000.000	1.0000
383	Waveform 1	1	48619.330218750	48619.338343750	1400.000	4000.000	1.0000
383	Spectrogram 1	1	48619.330218750	48619.338343750	1400.000	4000.000	1.0000
384	Waveform 1	1	48650.226343750	48650.244218750	1400.000	4000.000	1.0000
384	Spectrogram 1	1	48650.226343750	48650.244218750	1400.000	4000.000	1.0000
385	Waveform 1	1	48929.011343750	48929.021093750	1400.000	4000.000	1.0000
385	Spectrogram 1	1	48929.011343750	48929.021093750	1400.000	4000.000	1.0000
386	Waveform 1	1	48932.212593750	48932.222343750	1400.000	4000.000	1.0000
386	Spectrogram 1	1	48932.212593750	48932.222343750	1400.000	4000.000	1.0000
387	Waveform 1	1	48947.640343750	48947.648468750	1400.000	4000.000	1.0000
387	Spectrogram 1	1	48947.640343750	48947.648468750	1400.000	4000.000	1.0000
388	Waveform 1	1	48959.939968750	48959.952968750	1400.000	4000.000	1.0000
388	Spectrogram 1	1	48959.939968750	48959.952968750	1400.000	4000.000	1.0000
389	Waveform 1	1	48965.690843750	48965.700593750	1400.000	4000.000	1.0000
389	Spectrogram 1	1	48965.690843750	48965.700593750	1400.000	4000.000	1.0000
390	Waveform 1	1	49159.996968750	49160.008343750	1400.000	4000.000	1.0000
390	Spectrogram 1	1	49159.996968750	49160.008343750	1400.000	4000.000	1.0000
391	Waveform 1	1	49273.636468750	49273.652718750	1400.000	4000.000	1.0000
391	Spectrogram 1	1	49273.636468750	49273.652718750	1400.000	4000.000	1.0000
392	Waveform 1	1	49356.990843750	49357.002218750	1400.000	4000.000	1.0000
392	Spectrogram 1	1	49356.990843750	49357.002218750	1400.000	4000.000	1.0000
393	Waveform 1	1	49476.369843750	49476.379593750	1400.000	4000.000	1.0000
393	Spectrogram 1	1	49476.369843750	49476.379593750	1400.000	4000.000	1.0000
394	Waveform 1	1	49476.418593750	49476.433218750	1400.000	4000.000	1.0000
394	Spectrogram 1	1	49476.418593750	49476.433218750	1400.000	4000.000	1.0000
395	Waveform 1	1	49520.594218750	49520.603968750	1400.000	4000.000	1.0000
395	Spectrogram 1	1	49520.594218750	49520.603968750	1400.000	4000.000	1.0000
396	Waveform 1	1	49520.681968750	49520.701468750	1400.000	4000.000	1.0000
396	Spectrogram 1	1	49520.681968750	49520.701468750	1400.000	4000.000	1.0000
397	Waveform 1	1	50099.516718750	50099.529718750	1400.000	4000.000	1.0000
397	Spectrogram 1	1	50099.516718750	50099.529718750	1400.000	4000.000	1.0000
398	Waveform 1	1	50275.158093750	50275.180843750	1400.000	4000.000	1.0000
398	Spectrogram 1	1	50275.158093750	50275.180843750	1400.000	4000.000	1.0000
399	Waveform 1	1	50275.229593750	50275.240968750	1400.000	4000.000	1.0000
399	Spectrogram 1	1	50275.229593750	50275.240968750	1400.000	4000.000	1.0000
400	Waveform 1	1	50721.740593750	50721.764968750	1400.000	4000.000	1.0000
400	Spectrogram 1	1	50721.740593750	50721.764968750	1400.000	4000.000	1.0000
401	Waveform 1	1	50770.232218750	50770.253343750	1400.000	4000.000	1.0000
401	Spectrogram 1	1	50770.232218750	50770.253343750	1400.000	4000.000	1.0000
402	Waveform 1	1	53015.876593750	53015.884718750	1400.000	4000.000	1.0000
402	Spectrogram 1	1	53015.876593750	53015.884718750	1400.000	4000.000	1.0000
403	Waveform 1	1	53190.369093750	53190.380468750	1400.000	4000.000	1.0000
403	Spectrogram 1	1	53190.369093750	53190.380468750	1400.000	4000.000	1.0000
404	Waveform 1	1	53190.663218750	53190.671343750	1400.000	4000.000	1.0000
404	Spectrogram 1	1	53190.663218750	53190.671343750	1400.000	4000.000	1.0000
405	Waveform 1	1	54029.673468750	54029.683218750	1400.000	4000.000	1.0000
405	Spectrogram 1	1	54029.673468750	54029.683218750	1400.000	4000.000	1.0000
406	Waveform 1	1	54128.268718750	54128.294718750	1400.000	4000.000	1.0000
406	Spectrogram 1	1	54128.268718750	54128.294718750	1400.000	4000.000	1.0000
407	Waveform 1	1	54154.853718750	54154.863468750	1400.000	4000.000	1.0000
407	Spectrogram 1	1	54154.853718750	54154.863468750	1400.000	4000.000	1.0000
408	Waveform 1	1	54154.907343750	54154.918718750	1400.000	4000.000	1.0000
408	Spectrogram 1	1	54154.907343750	54154.918718750	1400.000	4000.000	1.0000
409	Waveform 1	1	54202.123343750	54202.147718750	1400.000	4000.000	1.0000
409	Spectrogram 1	1	54202.123343750	54202.147718750	1400.000	4000.000	1.0000
410	Waveform 1	1	54202.215968750	54202.237093750	1400.000	4000.000	1.0000
410	Spectrogram 1	1	54202.215968750	54202.237093750	1400.000	4000.000	1.0000
411	Waveform 1	1	54314.069593750	54314.092343750	1400.000	4000.000	0.7857
411	Spectrogram 1	1	54314.069593750	54314.092343750	1400.000	4000.000	0.7857
412	Waveform 1	1	54614.064093750	54614.077093750	1400.000	4000.000	1.0000
412	Spectrogram 1	1	54614.064093750	54614.077093750	1400.000	4000.000	1.0000
413	Waveform 1	1	54681.673843750	54681.685218750	1400.000	4000.000	1.0000
413	Spectrogram 1	1	54681.673843750	54681.685218750	1400.000	4000.000	1.0000
414	Waveform 1	1	54883.784843750	54883.801093750	1400.000	4000.000	1.0000
414	Spectrogram 1	1	54883.784843750	54883.801093750	1400.000	4000.000	1.0000
415	Waveform 1	1	56184.223593750	56184.236593750	1400.000	4000.000	1.0000
415	Spectrogram 1	1	56184.223593750	56184.236593750	1400.000	4000.000	1.0000
416	Waveform 1	1	56190.013468750	56190.026468750	1400.000	4000.000	1.0000
416	Spectrogram 1	1	56190.013468750	56190.026468750	1400.000	4000.000	1.0000
417	Waveform 1	1	56410.649468750	56410.664093750	1400.000	4000.000	1.0000
417	Spectrogram 1	1	56410.649468750	56410.664093750	1400.000	4000.000	1.0000
418	Waveform 1	1	56410.707968750	56410.716093750	1400.000	4000.000	1.0000
418	Spectrogram 1	1	56410.707968750	56410.716093750	1400.000	4000.000	1.0000
419	Waveform 1	1	56529.627093750	56529.640093750	1400.000	4000.000	1.0000
419	Spectrogram 1	1	56529.627093750	56529.640093750	1400.000	4000.000	1.0000
420	Waveform 1	1	56785.369593750	56785.380968750	1400.000	4000.000	1.0000
420	Spectrogram 1	1	56785.369593750	56785.380968750	1400.000	4000.000	1.0000
421	Waveform 1	1	56788.327093750	56788.335218750	1400.000	4000.000	1.0000
421	Spectrogram 1	1	56788.327093750	56788.335218750	1400.000	4000.000	1.0000
422	Waveform 1	1	56820.695468750	56820.706843750	1400.000	4000.000	1.0000
422	Spectrogram 1	1	56820.695468750	56820.706843750	1400.000	4000.000	1.0000
423	Waveform 1	1	56822.401718750	56822.416343750	1400.000	4000.000	1.0000
423	Spectrogram 1	1	56822.401718750	56822.416343750	1400.000	4000.000	1.0000
424	Waveform 1	1	56854.461343750	56854.475968750	1400.000	4000.000	1.0000
424	Spectrogram 1	1	56854.461343750	56854.475968750	1400.000	4000.000	1.0000
425	Waveform 1	1	56869.438968750	56869.450343750	1400.000	4000.000	1.0000
425	Spectrogram 1	1	56869.438968750	56869.450343750	1400.000	4000.000	1.0000
426	Waveform 1	1	56886.637968750	56886.652593750	1400.000	4000.000	1.0000
426	Spectrogram 1	1	56886.637968750	56886.652593750	1400.000	4000.000	1.0000
427	Waveform 1	1	56973.282968750	56973.292718750	1400.000	4000.000	1.0000
427	Spectrogram 1	1	56973.282968750	56973.292718750	1400.000	4000.000	1.0000
428	Waveform 1	1	57160.270093750	57160.284718750	1400.000	4000.000	1.0000
428	Spectrogram 1	1	57160.270093750	57160.284718750	1400.000	4000.000	1.0000
429	Waveform 1	1	57190.534093750	57190.556843750	1400.000	4000.000	1.0000
429	Spectrogram 1	1	57190.534093750	57190.556843750	1400.000	4000.000	1.0000
430	Waveform 1	1	57203.755093750	57203.763218750	1400.000	4000.000	1.0000
430	Spectrogram 1	1	57203.755093750	57203.763218750	1400.000	4000.000	1.0000
431	Waveform 1	1	57221.413968750	57221.426968750	1400.000	4000.000	1.0000
431	Spectrogram 1	1	57221.413968750	57221.426968750	1400.000	4000.000	1.0000
432	Waveform 1	1	57251.491093750	57251.504093750	1400.000	4000.000	1.0000
432	Spectrogram 1	1	57251.491093750	57251.504093750	1400.000	4000.000	1.0000
433	Waveform 1	1	57266.260718750	57266.276968750	1400.000	4000.000	1.0000
433	Spectrogram 1	1	57266.260718750	57266.276968750	1400.000	4000.000	1.0000
434	Waveform 1	1	57271.810093750	57271.834468750	1400.000	4000.000	1.0000
434	Spectrogram 1	1	57271.810093750	57271.834468750	1400.000	4000.000	1.0000
435	Waveform 1	1	57272.991468750	57273.010968750	1400.000	4000.000	1.0000
435	Spectrogram 1	1	57272.991468750	57273.010968750	1400.000	4000.000	1.0000
436	Waveform 1	1	57273.566718750	57273.574843750	1400.000	4000.000	1.0000
436	Spectrogram 1	1	57273.566718750	57273.574843750	1400.000	4000.000	1.0000
437	Waveform 1	1	57273.667468750	57273.680468750	1400.000	4000.000	1.0000
437	Spectrogram 1	1	57273.667468750	57273.680468750	1400.000	4000.000	1.0000
438	Waveform 1	1	57330.826843750	57330.846343750	1400.000	4000.000	1.0000
438	Spectrogram 1	1	57330.826843750	57330.846343750	1400.000	4000.000	1.0000
439	Waveform 1	1	57661.504593750	57661.528968750	1400.000	4000.000	1.0000
439	Spectrogram 1	1	57661.504593750	57661.528968750	1400.000	4000.000	1.0000
440	Waveform 1	1	57687.654093750	57687.676843750	1400.000	4000.000	1.0000
440	Spectrogram 1	1	57687.654093750	57687.676843750	1400.000	4000.000	1.0000
441	Waveform 1	1	57692.104968750	57692.126093750	1400.000	4000.000	1.0000
441	Spectrogram 1	1	57692.104968750	57692.126093750	1400.000	4000.000	1.0000
442	Waveform 1	1	57721.441093750	57721.460593750	1400.000	4000.000	1.0000
442	Spectrogram 1	1	57721.441093750	57721.460593750	1400.000	4000.000	1.0000
443	Waveform 1	1	57727.133468750	57727.146468750	1400.000	4000.000	1.0000
443	Spectrogram 1	1	57727.133468750	57727.146468750	1400.000	4000.000	1.0000
444	Waveform 1	1	57740.237468750	57740.248843750	1400.000	4000.000	1.0000
444	Spectrogram 1	1	57740.237468750	57740.248843750	1400.000	4000.000	1.0000
445	Waveform 1	1	57743.461468750	57743.487468750	1400.000	4000.000	1.0000
445	Spectrogram 1	1	57743.461468750	57743.487468750	1400.000	4000.000	1.0000
446	Waveform 1	1	57743.589843750	57743.602843750	1400.000	4000.000	1.0000
446	Spectrogram 1	1	57743.589843750	57743.602843750	1400.000	4000.000	1.0000
447	Waveform 1	1	57749.096968750	57749.108343750	1400.000	4000.000	1.0000
447	Spectrogram 1	1	57749.096968750	57749.108343750	1400.000	4000.000	1.0000
448	Waveform 1	1	57790.838343750	57790.857843750	1400.000	4000.000	1.0000
448	Spectrogram 1	1	57790.838343750	57790.857843750	1400.000	4000.000	1.0000
449	Waveform 1	1	57799.234718750	57799.244468750	1400.000	4000.000	1.0000
449	Spectrogram 1	1	57799.234718750	57799.244468750	1400.000	4000.000	1.0000
450	Waveform 1	1	57801.092093750	57801.105093750	1400.000	4000.000	1.0000
450	Spectrogram 1	1	57801.092093750	57801.105093750	1400.000	4000.000	1.0000
451	Waveform 1	1	57822.241468750	57822.257718750	1400.000	4000.000	1.0000
451	Spectrogram 1	1	57822.241468750	57822.257718750	1400.000	4000.000	1.0000
452	Waveform 1	1	57925.259968750	57925.272968750	1400.000	4000.000	1.0000
452	Spectrogram 1	1	57925.259968750	57925.272968750	1400.000	4000.000	1.0000
453	Waveform 1	1	58024.550718750	58024.562093750	1400.000	4000.000	1.0000
453	Spectrogram 1	1	58024.550718750	58024.562093750	1400.000	4000.000	1.0000
454	Waveform 1	1	58025.069093750	58025.078843750	1400.000	4000.000	1.0000
454	Spectrogram 1	1	58025.069093750	58025.078843750	1400.000	4000.000	1.0000
455	Waveform 1	1	58025.125968750	58025.155218750	1400.000	4000.000	1.0000
455	Spectrogram 1	1	58025.125968750	58025.155218750	1400.000	4000.000	1.0000
456	Waveform 1	1	58025.454218750	58025.468843750	1400.000	4000.000	1.0000
456	Spectrogram 1	1	58025.454218750	58025.468843750	1400.000	4000.000	1.0000
457	Waveform 1	1	58026.094468750	58026.104218750	1400.000	4000.000	1.0000
457	Spectrogram 1	1	58026.094468750	58026.104218750	1400.000	4000.000	1.0000
458	Waveform 1	1	58029.246968750	58029.255093750	1400.000	4000.000	1.0000
458	Spectrogram 1	1	58029.246968750	58029.255093750	1400.000	4000.000	1.0000
459	Waveform 1	1	58057.611343750	58057.621093750	1400.000	4000.000	1.0000
459	Spectrogram 1	1	58057.611343750	58057.621093750	1400.000	4000.000	1.0000
460	Waveform 1	1	58702.354468750	58702.367468750	1400.000	4000.000	1.0000
460	Spectrogram 1	1	58702.354468750	58702.367468750	1400.000	4000.000	1.0000
461	Waveform 1	1	58752.989468750	58753.007343750	1400.000	4000.000	1.0000
461	Spectrogram 1	1	58752.989468750	58753.007343750	1400.000	4000.000	1.0000
462	Waveform 1	1	58757.412718750	58757.422468750	1400.000	4000.000	1.0000
462	Spectrogram 1	1	58757.412718750	58757.422468750	1400.000	4000.000	1.0000
463	Waveform 1	1	58807.020718750	58807.040218750	1400.000	4000.000	1.0000
463	Spectrogram 1	1	58807.020718750	58807.040218750	1400.000	4000.000	1.0000
464	Waveform 1	1	58880.784343750	58880.794093750	1400.000	4000.000	1.0000
464	Spectrogram 1	1	58880.784343750	58880.794093750	1400.000	4000.000	1.0000
465	Waveform 1	1	58884.775343750	58884.785093750	1400.000	4000.000	1.0000
465	Spectrogram 1	1	58884.775343750	58884.785093750	1400.000	4000.000	1.0000
466	Waveform 1	1	58954.829093750	58954.859968750	1400.000	4000.000	1.0000
466	Spectrogram 1	1	58954.829093750	58954.859968750	1400.000	4000.000	1.0000
467	Waveform 1	1	58954.926593750	58954.946093750	1400.000	4000.000	1.0000
467	Spectrogram 1	1	58954.926593750	58954.946093750	1400.000	4000.000	1.0000
468	Waveform 1	1	59780.632968750	59780.645968750	1400.000	4000.000	1.0000
468	Spectrogram 1	1	59780.632968750	59780.645968750	1400.000	4000.000	1.0000
469	Waveform 1	1	59812.546343750	59812.560968750	1400.000	4000.000	1.0000
469	Spectrogram 1	1	59812.546343750	59812.560968750	1400.000	4000.000	1.0000
470	Waveform 1	1	59995.496968750	59995.508343750	1400.000	4000.000	1.0000
470	Spectrogram 1	1	59995.496968750	59995.508343750	1400.000	4000.000	1.0000
471	Waveform 1	1	60244.557468750	60244.565593750	1400.000	4000.000	1.0000
471	Spectrogram 1	1	60244.557468750	60244.565593750	1400.000	4000.000	1.0000
472	Waveform 1	1	60612.840968750	60612.855593750	1400.000	4000.000	1.0000
472	Spectrogram 1	1	60612.840968750	60612.855593750	1400.000	4000.000	1.0000
473	Waveform 1	1	60612.914093750	60612.927093750	1400.000	4000.000	1.0000
473	Spectrogram 1	1	60612.914093750	60612.927093750	1400.000	4000.000	1.0000
474	Waveform 1	1	63061.350343750	63061.371468750	1400.000	4000.000	1.0000
474	Spectrogram 1	1	63061.350343750	63061.371468750	1400.000	4000.000	1.0000
475	Waveform 1	1	63108.494843750	63108.511093750	1400.000	4000.000	1.0000
475	Spectrogram 1	1	63108.494843750	63108.511093750	1400.000	4000.000	1.0000
476	Waveform 1	1	63110.630093750	63110.643093750	1400.000	4000.000	1.0000
476	Spectrogram 1	1	63110.630093750	63110.643093750	1400.000	4000.000	1.0000
477	Waveform 1	1	63116.228218750	63116.237968750	1400.000	4000.000	1.0000
477	Spectrogram 1	1	63116.228218750	63116.237968750	1400.000	4000.000	1.0000
478	Waveform 1	1	63711.407218750	63711.421843750	1400.000	4000.000	1.0000
478	Spectrogram 1	1	63711.407218750	63711.421843750	1400.000	4000.000	1.0000
479	Waveform 1	1	64806.551593750	64806.575968750	1400.000	4000.000	1.0000
479	Spectrogram 1	1	64806.551593750	64806.575968750	1400.000	4000.000	1.0000
480	Waveform 1	1	64822.187343750	64822.195468750	1400.000	4000.000	1.0000
480	Spectrogram 1	1	64822.187343750	64822.195468750	1400.000	4000.000	1.0000
481	Waveform 1	1	65781.135593750	65781.148593750	1400.000	4000.000	1.0000
481	Spectrogram 1	1	65781.135593750	65781.148593750	1400.000	4000.000	1.0000
482	Waveform 1	1	66038.267468750	66038.278843750	1400.000	4000.000	1.0000
482	Spectrogram 1	1	66038.267468750	66038.278843750	1400.000	4000.000	1.0000
483	Waveform 1	1	66039.013343750	66039.036093750	1400.000	4000.000	1.0000
483	Spectrogram 1	1	66039.013343750	66039.036093750	1400.000	4000.000	1.0000
484	Waveform 1	1	66293.402218750	66293.415218750	1400.000	4000.000	1.0000
484	Spectrogram 1	1	66293.402218750	66293.415218750	1400.000	4000.000	1.0000
485	Waveform 1	1	66444.913968750	66444.923718750	1400.000	4000.000	1.0000
485	Spectrogram 1	1	66444.913968750	66444.923718750	1400.000	4000.000	1.0000
486	Waveform 1	1	66496.588968750	66496.611718750	1400.000	4000.000	1.0000
486	Spectrogram 1	1	66496.588968750	66496.611718750	1400.000	4000.000	1.0000
487	Waveform 1	1	66496.845718750	66496.863593750	1400.000	4000.000	1.0000
487	Spectrogram 1	1	66496.845718750	66496.863593750	1400.000	4000.000	1.0000
488	Waveform 1	1	66766.236593750	66766.247968750	1400.000	4000.000	1.0000
488	Spectrogram 1	1	66766.236593750	66766.247968750	1400.000	4000.000	1.0000
489	Waveform 1	1	66789.108468750	66789.136093750	1400.000	4000.000	1.0000
489	Spectrogram 1	1	66789.108468750	66789.136093750	1400.000	4000.000	1.0000
490	Waveform 1	1	66789.178343750	66789.192968750	1400.000	4000.000	1.0000
490	Spectrogram 1	1	66789.178343750	66789.192968750	1400.000	4000.000	1.0000
491	Waveform 1	1	66789.400968750	66789.423718750	1400.000	4000.000	1.0000
491	Spectrogram 1	1	66789.400968750	66789.423718750	1400.000	4000.000	1.0000
492	Waveform 1	1	66841.173468750	66841.183218750	1400.000	4000.000	1.0000
492	Spectrogram 1	1	66841.173468750	66841.183218750	1400.000	4000.000	1.0000
493	Waveform 1	1	67430.333468750	67430.341593750	1400.000	4000.000	1.0000
493	Spectrogram 1	1	67430.333468750	67430.341593750	1400.000	4000.000	1.0000
494	Waveform 1	1	67430.478093750	67430.486218750	1400.000	4000.000	1.0000
494	Spectrogram 1	1	67430.478093750	67430.486218750	1400.000	4000.000	1.0000
495	Waveform 1	1	67733.408968750	67733.417093750	1400.000	4000.000	1.0000
495	Spectrogram 1	1	67733.408968750	67733.417093750	1400.000	4000.000	1.0000
496	Waveform 1	1	67846.049093750	67846.057218750	1400.000	4000.000	1.0000
496	Spectrogram 1	1	67846.049093750	67846.057218750	1400.000	4000.000	1.0000
497	Waveform 1	1	68709.832468750	68709.842218750	1400.000	4000.000	1.0000
497	Spectrogram 1	1	68709.832468750	68709.842218750	1400.000	4000.000	1.0000
498	Waveform 1	1	68884.180343750	68884.199843750	1400.000	4000.000	1.0000
498	Spectrogram 1	1	68884.180343750	68884.199843750	1400.000	4000.000	1.0000
499	Waveform 1	1	68891.791843750	68891.799968750	1400.000	4000.000	1.0000
499	Spectrogram 1	1	68891.791843750	68891.799968750	1400.000	4000.000	1.0000
500	Waveform 1	1	69518.339843750	69518.351218750	1400.000	4000.000	1.0000
500	Spectrogram 1	1	69518.339843750	69518.351218750	1400.000	4000.000	1.0000
501	Waveform 1	1	69519.768218750	69519.786093750	1400.000	4000.000	1.0000
501	Spectrogram 1	1	69519.768218750	69519.786093750	1400.000	4000.000	1.0000
502	Waveform 1	1	69645.447343750	69645.457093750	1400.000	4000.000	1.0000
502	Spectrogram 1	1	69645.447343750	69645.457093750	1400.000	4000.000	1.0000
503	Waveform 1	1	69840.136968750	69840.156468750	1400.000	4000.000	1.0000
503	Spectrogram 1	1	69840.136968750	69840.156468750	1400.000	4000.000	1.0000
504	Waveform 1	1	69867.794468750	69867.802593750	1400.000	4000.000	1.0000
504	Spectrogram 1	1	69867.794468750	69867.802593750	1400.000	4000.000	1.0000
505	Waveform 1	1	70507.049968750	70507.059718750	1400.000	4000.000	1.0000
505	Spectrogram 1	1	70507.049968750	70507.059718750	1400.000	4000.000	1.0000
506	Waveform 1	1	70712.214343750	70712.227343750	1400.000	4000.000	1.0000
506	Spectrogram 1	1	70712.214343750	70712.227343750	1400.000	4000.000	1.0000
507	Waveform 1	1	71045.495343750	71045.509968750	1400.000	4000.000	1.0000
507	Spectrogram 1	1	71045.495343750	71045.509968750	1400.000	4000.000	1.0000
508	Waveform 1	1	71236.203718750	71236.219968750	1400.000	4000.000	1.0000
508	Spectrogram 1	1	71236.203718750	71236.219968750	1400.000	4000.000	1.0000
509	Waveform 1	1	71242.039093750	71242.053718750	1400.000	4000.000	1.0000
509	Spectrogram 1	1	71242.039093750	71242.053718750	1400.000	4000.000	1.0000
510	Waveform 1	1	72150.124843750	72150.136218750	1400.000	4000.000	1.0000
510	Spectrogram 1	1	72150.124843750	72150.136218750	1400.000	4000.000	1.0000
511	Waveform 1	1	73933.198343750	73933.214593750	1400.000	4000.000	1.0000
511	Spectrogram 1	1	73933.198343750	73933.214593750	1400.000	4000.000	1.0000
512	Waveform 1	1	73933.370593750	73933.381968750	1400.000	4000.000	1.0000
512	Spectrogram 1	1	73933.370593750	73933.381968750	1400.000	4000.000	1.0000
513	Waveform 1	1	74169.002093750	74169.019968750	1400.000	4000.000	1.0000
513	Spectrogram 1	1	74169.002093750	74169.019968750	1400.000	4000.000	1.0000
514	Waveform 1	1	74787.004218750	74787.018843750	1400.000	4000.000	1.0000
514	Spectrogram 1	1	74787.004218750	74787.018843750	1400.000	4000.000	1.0000
515	Waveform 1	1	74829.930218750	74829.946468750	1400.000	4000.000	1.0000
515	Spectrogram 1	1	74829.930218750	74829.946468750	1400.000	4000.000	1.0000
516	Waveform 1	1	74846.774968750	74846.783093750	1400.000	4000.000	1.0000
516	Spectrogram 1	1	74846.774968750	74846.783093750	1400.000	4000.000	1.0000
517	Waveform 1	1	75527.237218750	75527.246968750	1400.000	4000.000	1.0000
517	Spectrogram 1	1	75527.237218750	75527.246968750	1400.000	4000.000	1.0000
518	Waveform 1	1	75559.626718750	75559.644593750	1400.000	4000.000	1.0000
518	Spectrogram 1	1	75559.626718750	75559.644593750	1400.000	4000.000	1.0000
519	Waveform 1	1	75607.651968750	75607.666593750	1400.000	4000.000	1.0000
519	Spectrogram 1	1	75607.651968750	75607.666593750	1400.000	4000.000	1.0000
520	Waveform 1	1	75624.222093750	75624.230218750	1400.000	4000.000	1.0000
520	Spectrogram 1	1	75624.222093750	75624.230218750	1400.000	4000.000	1.0000
521	Waveform 1	1	75627.512718750	75627.533843750	1400.000	4000.000	1.0000
521	Spectrogram 1	1	75627.512718750	75627.533843750	1400.000	4000.000	1.0000
522	Waveform 1	1	75637.690093750	75637.704718750	1400.000	4000.000	1.0000
522	Spectrogram 1	1	75637.690093750	75637.704718750	1400.000	4000.000	1.0000
523	Waveform 1	1	75704.913093750	75704.932593750	1400.000	4000.000	1.0000
523	Spectrogram 1	1	75704.913093750	75704.932593750	1400.000	4000.000	1.0000
524	Waveform 1	1	75797.815968750	75797.824093750	1400.000	4000.000	1.0000
524	Spectrogram 1	1	75797.815968750	75797.824093750	1400.000	4000.000	1.0000
525	Waveform 1	1	75807.318968750	75807.335218750	1400.000	4000.000	1.0000
525	Spectrogram 1	1	75807.318968750	75807.335218750	1400.000	4000.000	1.0000
526	Waveform 1	1	76418.141843750	76418.161343750	1400.000	4000.000	1.0000
526	Spectrogram 1	1	76418.141843750	76418.161343750	1400.000	4000.000	1.0000
527	Waveform 1	1	77600.678718750	77600.699843750	1400.000	4000.000	1.0000
527	Spectrogram 1	1	77600.678718750	77600.699843750	1400.000	4000.000	1.0000
528	Waveform 1	1	82721.563968750	82721.575343750	1400.000	4000.000	1.0000
528	Spectrogram 1	1	82721.563968750	82721.575343750	1400.000	4000.000	1.0000
529	Waveform 1	1	82946.069093750	82946.091843750	1400.000	4000.000	1.0000
529	Spectrogram 1	1	82946.069093750	82946.091843750	1400.000	4000.000	1.0000
530	Waveform 1	1	84396.336093750	84396.344218750	1400.000	4000.000	1.0000
530	Spectrogram 1	1	84396.336093750	84396.344218750	1400.000	4000.000	1.0000
531	Waveform 1	1	86211.695093750	86211.709718750	1400.000	4000.000	1.0000
531	Spectrogram 1	1	86211.695093750	86211.709718750	1400.000	4000.000	1.0000
532	Waveform 1	1	86352.528968750	86352.561468750	1400.000	4000.000	0.8500
532	Spectrogram 1	1	86352.528968750	86352.561468750	1400.000	4000.000	0.8500
