Selection	View	Channel	Begin Time (s)	End Time (s)	Low Freq (Hz)	High Freq (Hz)	Occupancy
1	Waveform 1	1	30.447968750	30.455968750	1400.000	4000.000	1.0000
1	Spectrogram 1	1	30.447968750	30.455968750	1400.000	4000.000	1.0000
2	Waveform 1	1	119.591968750	119.599968750	1400.000	4000.000	1.0000
2	Spectrogram 1	1	119.591968750	119.599968750	1400.000	4000.000	1.0000
3	Waveform 1	1	338.703968750	338.711968750	1400.000	4000.000	1.0000
3	Spectrogram 1	1	338.703968750	338.711968750	1400.000	4000.000	1.0000
4	Waveform 1	1	508.071968750	508.079968750	1400.000	4000.000	1.0000
4	Spectrogram 1	1	508.071968750	508.079968750	1400.000	4000.000	1.0000
5	Waveform 1	1	539.295968750	539.303968750	1400.000	4000.000	1.0000
5	Spectrogram 1	1	539.295968750	539.303968750	1400.000	4000.000	1.0000
6	Waveform 1	1	651.047968750	651.063968750	1400.000	4000.000	1.0000
6	Spectrogram 1	1	651.047968750	651.063968750	1400.000	4000.000	1.0000
7	Waveform 1	1	665.759968750	665.767968750	1400.000	4000.000	1.0000
7	Spectrogram 1	1	665.759968750	665.767968750	1400.000	4000.000	1.0000
8	Waveform 1	1	665.799968750	665.807968750	1400.000	4000.000	1.0000
8	Spectrogram 1	1	665.799968750	665.807968750	1400.000	4000.000	1.0000
9	Waveform 1	1	759.655968750	759.679968750	1400.000	4000.000	1.0000
9	Spectrogram 1	1	759.655968750	759.679968750	1400.000	4000.000	1.0000
10	Waveform 1	1	803.439968750	803.455968750	1400.000	4000.000	1.0000
10	Spectrogram 1	1	803.439968750	803.455968750	1400.000	4000.000	1.0000
11	Waveform 1	1	826.967968750	826.975968750	1400.000	4000.000	1.0000
11	Spectrogram 1	1	826.967968750	826.975968750	1400.000	4000.000	1.0000
12	Waveform 1	1	853.047968750	853.055968750	1400.000	4000.000	1.0000
12	Spectrogram 1	1	853.047968750	853.055968750	1400.000	4000.000	1.0000
13	Waveform 1	1	915.615968750	915.623968750	1400.000	4000.000	1.0000
13	Spectrogram 1	1	915.615968750	915.623968750	1400.000	4000.000	1.0000
14	Waveform 1	1	1153.951968750	1153.959968750	1400.000	4000.000	1.0000
14	Spectrogram 1	1	1153.951968750	1153.959968750	1400.000	4000.000	1.0000
15	Waveform 1	1	1168.799968750	1168.807968750	1400.000	4000.000	1.0000
15	Spectrogram 1	1	1168.799968750	1168.807968750	1400.000	4000.000	1.0000
16	Waveform 1	1	1175.327968750	1175.335968750	1400.000	4000.000	1.0000
16	Spectrogram 1	1	1175.327968750	1175.335968750	1400.000	4000.000	1.0000
17	Waveform 1	1	1247.615968750	1247.623968750	1400.000	4000.000	1.0000
17	Spectrogram 1	1	1247.615968750	1247.623968750	1400.000	4000.000	1.0000
18	Waveform 1	1	1678.799968750	1678.823968750	1400.000	4000.000	1.0000
18	Spectrogram 1	1	1678.799968750	1678.823968750	1400.000	4000.000	1.0000
19	Waveform 1	1	1727.623968750	1727.631968750	1400.000	4000.000	1.0000
19	Spectrogram 1	1	1727.623968750	1727.631968750	1400.000	4000.000	1.0000
20	Waveform 1	1	1736.535968750	1736.543968750	1400.000	4000.000	1.0000
20	Spectrogram 1	1	1736.535968750	1736.543968750	1400.000	4000.000	1.0000
21	Waveform 1	1	2098.391968750	2098.415968750	1400.000	4000.000	1.0000
21	Spectrogram 1	1	2098.391968750	2098.415968750	1400.000	4000.000	1.0000
22	Waveform 1	1	2099.335968750	2099.351968750	1400.000	4000.000	1.0000
22	Spectrogram 1	1	2099.335968750	2099.351968750	1400.000	4000.000	1.0000
23	Waveform 1	1	2112.359968750	2112.375968750	1400.000	4000.000	1.0000
23	Spectrogram 1	1	2112.359968750	2112.375968750	1400.000	4000.000	1.0000
24	Waveform 1	1	2159.303968750	2159.311968750	1400.000	4000.000	1.0000
24	Spectrogram 1	1	2159.303968750	2159.311968750	1400.000	4000.000	1.0000
25	Waveform 1	1	2192.055968750	2192.079968750	1400.000	4000.000	1.0000
25	Spectrogram 1	1	2192.055968750	2192.079968750	1400.000	4000.000	1.0000
26	Waveform 1	1	2192.143968750	2192.167968750	1400.000	4000.000	1.0000
26	Spectrogram 1	1	2192.143968750	2192.167968750	1400.000	4000.000	1.0000
27	Waveform 1	1	2192.983968750	2192.991968750	1400.000	4000.000	1.0000
27	Spectrogram 1	1	2192.983968750	2192.991968750	1400.000	4000.000	1.0000
28	Waveform 1	1	2193.063968750	2193.079968750	1400.000	4000.000	1.0000
28	Spectrogram 1	1	2193.063968750	2193.079968750	1400.000	4000.000	1.0000
29	Waveform 1	1	2270.415968750	2270.423968750	1400.000	4000.000	1.0000
29	Spectrogram 1	1	2270.415968750	2270.423968750	1400.000	4000.000	1.0000
30	Waveform 1	1	2270.983968750	2270.991968750	1400.000	4000.000	1.0000
30	Spectrogram 1	1	2270.983968750	2270.991968750	1400.000	4000.000	1.0000
31	Waveform 1	1	2293.959968750	2293.983968750	1400.000	4000.000	1.0000
31	Spectrogram 1	1	2293.959968750	2293.983968750	1400.000	4000.000	1.0000
32	Waveform 1	1	2294.063968750	2294.071968750	1400.000	4000.000	1.0000
32	Spectrogram 1	1	2294.063968750	2294.071968750	1400.000	4000.000	1.0000
33	Waveform 1	1	2294.879968750	2294.895968750	1400.000	4000.000	1.0000
33	Spectrogram 1	1	2294.879968750	2294.895968750	1400.000	4000.000	1.0000
34	Waveform 1	1	2328.943968750	2328.951968750	1400.000	4000.000	1.0000
34	Spectrogram 1	1	2328.943968750	2328.951968750	1400.000	4000.000	1.0000
35	Waveform 1	1	2414.599968750	2414.607968750	1400.000	4000.000	1.0000
35	Spectrogram 1	1	2414.599968750	2414.607968750	1400.000	4000.000	1.0000
36	Waveform 1	1	2434.367968750	2434.391968750	1400.000	4000.000	1.0000
36	Spectrogram 1	1	2434.367968750	2434.391968750	1400.000	4000.000	1.0000
37	Waveform 1	1	2582.999968750	2583.015968750	1400.000	4000.000	1.0000
37	Spectrogram 1	1	2582.999968750	2583.015968750	1400.000	4000.000	1.0000
38	Waveform 1	1	2792.295968750	2792.311968750	1400.000	4000.000	1.0000
38	Spectrogram 1	1	2792.295968750	2792.311968750	1400.000	4000.000	1.0000
39	Waveform 1	1	2792.343968750	2792.367968750	1400.000	4000.000	1.0000
39	Spectrogram 1	1	2792.343968750	2792.367968750	1400.000	4000.000	1.0000
40	Waveform 1	1	2792.407968750	2792.423968750	1400.000	4000.000	1.0000
40	Spectrogram 1	1	2792.407968750	2792.423968750	1400.000	4000.000	1.0000
41	Waveform 1	1	2836.383968750	2836.407968750	1400.000	4000.000	1.0000
41	Spectrogram 1	1	2836.383968750	2836.407968750	1400.000	4000.000	1.0000
42	Waveform 1	1	2862.375968750	2862.391968750	1400.000	4000.000	1.0000
42	Spectrogram 1	1	2862.375968750	2862.391968750	1400.000	4000.000	1.0000
43	Waveform 1	1	2872.239968750	2872.271968750	1400.000	4000.000	1.0000
43	Spectrogram 1	1	2872.239968750	2872.271968750	1400.000	4000.000	1.0000
44	Waveform 1	1	2896.775968750	2896.799968750	1400.000	4000.000	1.0000
44	Spectrogram 1	1	2896.775968750	2896.799968750	1400.000	4000.000	1.0000
45	Waveform 1	1	2897.631968750	2897.639968750	1400.000	4000.000	1.0000
45	Spectrogram 1	1	2897.631968750	2897.639968750	1400.000	4000.000	1.0000
46	Waveform 1	1	3019.839968750	3019.847968750	1400.000	4000.000	1.0000
46	Spectrogram 1	1	3019.839968750	3019.847968750	1400.000	4000.000	1.0000
47	Waveform 1	1	3052.519968750	3052.527968750	1400.000	4000.000	1.0000
47	Spectrogram 1	1	3052.519968750	3052.527968750	1400.000	4000.000	1.0000
48	Waveform 1	1	3059.487968750	3059.495968750	1400.000	4000.000	1.0000
48	Spectrogram 1	1	3059.487968750	3059.495968750	1400.000	4000.000	1.0000
49	Waveform 1	1	3065.543968750	3065.559968750	1400.000	4000.000	1.0000
49	Spectrogram 1	1	3065.543968750	3065.559968750	1400.000	4000.000	1.0000
50	Waveform 1	1	3068.991968750	3068.999968750	1400.000	4000.000	1.0000
50	Spectrogram 1	1	3068.991968750	3068.999968750	1400.000	4000.000	1.0000
51	Waveform 1	1	3101.495968750	3101.503968750	1400.000	4000.000	1.0000
51	Spectrogram 1	1	3101.495968750	3101.503968750	1400.000	4000.000	1.0000
52	Waveform 1	1	3108.111968750	3108.119968750	1400.000	4000.000	1.0000
52	Spectrogram 1	1	3108.111968750	3108.119968750	1400.000	4000.000	1.0000
53	Waveform 1	1	3129.807968750	3129.823968750	1400.000	4000.000	1.0000
53	Spectrogram 1	1	3129.807968750	3129.823968750	1400.000	4000.000	1.0000
54	Waveform 1	1	3129.927968750	3129.943968750	1400.000	4000.000	1.0000
54	Spectrogram 1	1	3129.927968750	3129.943968750	1400.000	4000.000	1.0000
55	Waveform 1	1	3351.791968750	3351.799968750	1400.000	4000.000	1.0000
55	Spectrogram 1	1	3351.791968750	3351.799968750	1400.000	4000.000	1.0000
56	Waveform 1	1	3352.159968750	3352.167968750	1400.000	4000.000	1.0000
56	Spectrogram 1	1	3352.159968750	3352.167968750	1400.000	4000.000	1.0000
57	Waveform 1	1	4660.367968750	4660.375968750	1400.000	4000.000	1.0000
57	Spectrogram 1	1	4660.367968750	4660.375968750	1400.000	4000.000	1.0000
58	Waveform 1	1	4950.487968750	4950.503968750	1400.000	4000.000	1.0000
58	Spectrogram 1	1	4950.487968750	4950.503968750	1400.000	4000.000	1.0000
59	Waveform 1	1	5345.927968750	5345.935968750	1400.000	4000.000	1.0000
59	Spectrogram 1	1	5345.927968750	5345.935968750	1400.000	4000.000	1.0000
60	Waveform 1	1	5735.559968750	5735.575968750	1400.000	4000.000	1.0000
60	Spectrogram 1	1	5735.559968750	5735.575968750	1400.000	4000.000	1.0000
61	Waveform 1	1	6020.191968750	6020.199968750	1400.000	4000.000	1.0000
61	Spectrogram 1	1	6020.191968750	6020.199968750	1400.000	4000.000	1.0000
62	Waveform 1	1	6105.143968750	6105.151968750	1400.000	4000.000	1.0000
62	Spectrogram 1	1	6105.143968750	6105.151968750	1400.000	4000.000	1.0000
63	Waveform 1	1	6232.671968750	6232.679968750	1400.000	4000.000	1.0000
63	Spectrogram 1	1	6232.671968750	6232.679968750	1400.000	4000.000	1.0000
64	Waveform 1	1	6237.727968750	6237.735968750	1400.000	4000.000	1.0000
64	Spectrogram 1	1	6237.727968750	6237.735968750	1400.000	4000.000	1.0000
65	Waveform 1	1	6479.967968750	6479.975968750	1400.000	4000.000	1.0000
65	Spectrogram 1	1	6479.967968750	6479.975968750	1400.000	4000.000	1.0000
66	Waveform 1	1	6732.903968750	6732.911968750	1400.000	4000.000	1.0000
66	Spectrogram 1	1	6732.903968750	6732.911968750	1400.000	4000.000	1.0000
67	Waveform 1	1	6885.007968750	6885.015968750	1400.000	4000.000	1.0000
67	Spectrogram 1	1	6885.007968750	6885.015968750	1400.000	4000.000	1.0000
68	Waveform 1	1	7375.239968750	7375.247968750	1400.000	4000.000	1.0000
68	Spectrogram 1	1	7375.239968750	7375.247968750	1400.000	4000.000	1.0000
69	Waveform 1	1	7510.527968750	7510.543968750	1400.000	4000.000	1.0000
69	Spectrogram 1	1	7510.527968750	7510.543968750	1400.000	4000.000	1.0000
70	Waveform 1	1	7517.807968750	7517.823968750	1400.000	4000.000	1.0000
70	Spectrogram 1	1	7517.807968750	7517.823968750	1400.000	4000.000	1.0000
71	Waveform 1	1	7630.599968750	7630.607968750	1400.000	4000.000	1.0000
71	Spectrogram 1	1	7630.599968750	7630.607968750	1400.000	4000.000	1.0000
72	Waveform 1	1	8275.343968750	8275.351968750	1400.000	4000.000	1.0000
72	Spectrogram 1	1	8275.343968750	8275.351968750	1400.000	4000.000	1.0000
73	Waveform 1	1	8716.847968750	8716.855968750	1400.000	4000.000	1.0000
73	Spectrogram 1	1	8716.847968750	8716.855968750	1400.000	4000.000	1.0000
74	Waveform 1	1	10338.991968750	10338.999968750	1400.000	4000.000	1.0000
74	Spectrogram 1	1	10338.991968750	10338.999968750	1400.000	4000.000	1.0000
75	Waveform 1	1	10699.911968750	10699.919968750	1400.000	4000.000	1.0000
75	Spectrogram 1	1	10699.911968750	10699.919968750	1400.000	4000.000	1.0000
76	Waveform 1	1	10979.335968750	10979.351968750	1400.000	4000.000	1.0000
76	Spectrogram 1	1	10979.335968750	10979.351968750	1400.000	4000.000	1.0000
77	Waveform 1	1	10979.927968750	10979.959968750	1400.000	4000.000	1.0000
77	Spectrogram 1	1	10979.927968750	10979.959968750	1400.000	4000.000	1.0000
78	Waveform 1	1	11047.775968750	11047.783968750	1400.000	4000.000	1.0000
78	Spectrogram 1	1	11047.775968750	11047.783968750	1400.000	4000.000	1.0000
79	Waveform 1	1	11104.519968750	11104.527968750	1400.000	4000.000	1.0000
79	Spectrogram 1	1	11104.519968750	11104.527968750	1400.000	4000.000	1.0000
80	Waveform 1	1	11273.351968750	11273.359968750	1400.000	4000.000	1.0000
80	Spectrogram 1	1	11273.351968750	11273.359968750	1400.000	4000.000	1.0000
81	Waveform 1	1	11481.439968750	11481.447968750	1400.000	4000.000	1.0000
81	Spectrogram 1	1	11481.439968750	11481.447968750	1400.000	4000.000	1.0000
82	Waveform 1	1	11508.703968750	11508.711968750	1400.000	4000.000	1.0000
82	Spectrogram 1	1	11508.703968750	11508.711968750	1400.000	4000.000	1.0000
83	Waveform 1	1	11640.871968750	11640.879968750	1400.000	4000.000	1.0000
83	Spectrogram 1	1	11640.871968750	11640.879968750	1400.000	4000.000	1.0000
84	Waveform 1	1	11644.263968750	11644.271968750	1400.000	4000.000	1.0000
84	Spectrogram 1	1	11644.263968750	11644.271968750	1400.000	4000.000	1.0000
85	Waveform 1	1	11646.671968750	11646.679968750	1400.000	4000.000	1.0000
85	Spectrogram 1	1	11646.671968750	11646.679968750	1400.000	4000.000	1.0000
86	Waveform 1	1	11650.783968750	11650.791968750	1400.000	4000.000	1.0000
86	Spectrogram 1	1	11650.783968750	11650.791968750	1400.000	4000.000	1.0000
87	Waveform 1	1	11653.399968750	11653.407968750	1400.000	4000.000	1.0000
87	Spectrogram 1	1	11653.399968750	11653.407968750	1400.000	4000.000	1.0000
88	Waveform 1	1	11653.479968750	11653.487968750	1400.000	4000.000	1.0000
88	Spectrogram 1	1	11653.479968750	11653.487968750	1400.000	4000.000	1.0000
89	Waveform 1	1	11655.055968750	11655.063968750	1400.000	4000.000	1.0000
89	Spectrogram 1	1	11655.055968750	11655.063968750	1400.000	4000.000	1.0000
90	Waveform 1	1	11655.791968750	11655.799968750	1400.000	4000.000	1.0000
90	Spectrogram 1	1	11655.791968750	11655.799968750	1400.000	4000.000	1.0000
91	Waveform 1	1	11662.047968750	11662.055968750	1400.000	4000.000	1.0000
91	Spectrogram 1	1	11662.047968750	11662.055968750	1400.000	4000.000	1.0000
92	Waveform 1	1	11662.463968750	11662.471968750	1400.000	4000.000	1.0000
92	Spectrogram 1	1	11662.463968750	11662.471968750	1400.000	4000.000	1.0000
93	Waveform 1	1	11666.039968750	11666.047968750	1400.000	4000.000	1.0000
93	Spectrogram 1	1	11666.039968750	11666.047968750	1400.000	4000.000	1.0000
94	Waveform 1	1	11667.255968750	11667.263968750	1400.000	4000.000	1.0000
94	Spectrogram 1	1	11667.255968750	11667.263968750	1400.000	4000.000	1.0000
95	Waveform 1	1	11677.583968750	11677.591968750	1400.000	4000.000	1.0000
95	Spectrogram 1	1	11677.583968750	11677.591968750	1400.000	4000.000	1.0000
96	Waveform 1	1	11680.487968750	11680.495968750	1400.000	4000.000	1.0000
96	Spectrogram 1	1	11680.487968750	11680.495968750	1400.000	4000.000	1.0000
97	Waveform 1	1	11686.327968750	11686.335968750	1400.000	4000.000	1.0000
97	Spectrogram 1	1	11686.327968750	11686.335968750	1400.000	4000.000	1.0000
98	Waveform 1	1	11718.295968750	11718.303968750	1400.000	4000.000	1.0000
98	Spectrogram 1	1	11718.295968750	11718.303968750	1400.000	4000.000	1.0000
99	Waveform 1	1	11729.951968750	11729.959968750	1400.000	4000.000	1.0000
99	Spectrogram 1	1	11729.951968750	11729.959968750	1400.000	4000.000	1.0000
100	Waveform 1	1	11758.823968750	11758.831968750	1400.000	4000.000	1.0000
100	Spectrogram 1	1	11758.823968750	11758.831968750	1400.000	4000.000	1.0000
101	Waveform 1	1	11838.295968750	11838.303968750	1400.000	4000.000	1.0000
101	Spectrogram 1	1	11838.295968750	11838.303968750	1400.000	4000.000	1.0000
102	Waveform 1	1	11914.095968750	11914.103968750	1400.000	4000.000	1.0000
102	Spectrogram 1	1	11914.095968750	11914.103968750	1400.000	4000.000	1.0000
103	Waveform 1	1	11916.503968750	11916.511968750	1400.000	4000.000	1.0000
103	Spectrogram 1	1	11916.503968750	11916.511968750	1400.000	4000.000	1.0000
104	Waveform 1	1	11926.431968750	11926.447968750	1400.000	4000.000	1.0000
104	Spectrogram 1	1	11926.431968750	11926.447968750	1400.000	4000.000	1.0000
105	Waveform 1	1	11976.167968750	11976.183968750	1400.000	4000.000	1.0000
105	Spectrogram 1	1	11976.167968750	11976.183968750	1400.000	4000.000	1.0000
106	Waveform 1	1	11989.239968750	11989.247968750	1400.000	4000.000	1.0000
106	Spectrogram 1	1	11989.239968750	11989.247968750	1400.000	4000.000	1.0000
107	Waveform 1	1	11995.623968750	11995.631968750	1400.000	4000.000	1.0000
107	Spectrogram 1	1	11995.623968750	11995.631968750	1400.000	4000.000	1.0000
108	Waveform 1	1	12079.951968750	12079.959968750	1400.000	4000.000	1.0000
108	Spectrogram 1	1	12079.951968750	12079.959968750	1400.000	4000.000	1.0000
109	Waveform 1	1	12096.583968750	12096.591968750	1400.000	4000.000	1.0000
109	Spectrogram 1	1	12096.583968750	12096.591968750	1400.000	4000.000	1.0000
110	Waveform 1	1	12111.623968750	12111.631968750	1400.000	4000.000	1.0000
110	Spectrogram 1	1	12111.623968750	12111.631968750	1400.000	4000.000	1.0000
111	Waveform 1	1	12169.439968750	12169.447968750	1400.000	4000.000	1.0000
111	Spectrogram 1	1	12169.439968750	12169.447968750	1400.000	4000.000	1.0000
112	Waveform 1	1	12180.143968750	12180.151968750	1400.000	4000.000	1.0000
112	Spectrogram 1	1	12180.143968750	12180.151968750	1400.000	4000.000	1.0000
113	Waveform 1	1	12184.495968750	12184.519968750	1400.000	4000.000	1.0000
113	Spectrogram 1	1	12184.495968750	12184.519968750	1400.000	4000.000	1.0000
114	Waveform 1	1	12185.727968750	12185.735968750	1400.000	4000.000	1.0000
114	Spectrogram 1	1	12185.727968750	12185.735968750	1400.000	4000.000	1.0000
115	Waveform 1	1	12188.407968750	12188.423968750	1400.000	4000.000	1.0000
115	Spectrogram 1	1	12188.407968750	12188.423968750	1400.000	4000.000	1.0000
116	Waveform 1	1	12196.055968750	12196.063968750	1400.000	4000.000	1.0000
116	Spectrogram 1	1	12196.055968750	12196.063968750	1400.000	4000.000	1.0000
117	Waveform 1	1	12196.351968750	12196.383968750	1400.000	4000.000	0.7500
117	Spectrogram 1	1	12196.351968750	12196.383968750	1400.000	4000.000	0.7500
118	Waveform 1	1	12202.175968750	12202.191968750	1400.000	4000.000	1.0000
118	Spectrogram 1	1	12202.175968750	12202.191968750	1400.000	4000.000	1.0000
119	Waveform 1	1	12205.607968750	12205.623968750	1400.000	4000.000	1.0000
119	Spectrogram 1	1	12205.607968750	12205.623968750	1400.000	4000.000	1.0000
120	Waveform 1	1	12206.687968750	12206.695968750	1400.000	4000.000	1.0000
120	Spectrogram 1	1	12206.687968750	12206.695968750	1400.000	4000.000	1.0000
121	Waveform 1	1	12208.567968750	12208.575968750	1400.000	4000.000	1.0000
121	Spectrogram 1	1	12208.567968750	12208.575968750	1400.000	4000.000	1.0000
122	Waveform 1	1	12210.759968750	12210.775968750	1400.000	4000.000	1.0000
122	Spectrogram 1	1	12210.759968750	12210.775968750	1400.000	4000.000	1.0000
123	Waveform 1	1	12215.607968750	12215.615968750	1400.000	4000.000	1.0000
123	Spectrogram 1	1	12215.607968750	12215.615968750	1400.000	4000.000	1.0000
124	Waveform 1	1	12216.095968750	12216.111968750	1400.000	4000.000	1.0000
124	Spectrogram 1	1	12216.095968750	12216.111968750	1400.000	4000.000	1.0000
125	Waveform 1	1	12218.015968750	12218.023968750	1400.000	4000.000	1.0000
125	Spectrogram 1	1	12218.015968750	12218.023968750	1400.000	4000.000	1.0000
126	Waveform 1	1	12218.943968750	12218.951968750	1400.000	4000.000	1.0000
126	Spectrogram 1	1	12218.943968750	12218.951968750	1400.000	4000.000	1.0000
127	Waveform 1	1	12226.551968750	12226.559968750	1400.000	4000.000	1.0000
127	Spectrogram 1	1	12226.551968750	12226.559968750	1400.000	4000.000	1.0000
128	Waveform 1	1	12232.759968750	12232.767968750	1400.000	4000.000	1.0000
128	Spectrogram 1	1	12232.759968750	12232.767968750	1400.000	4000.000	1.0000
129	Waveform 1	1	12243.095968750	12243.103968750	1400.000	4000.000	1.0000
129	Spectrogram 1	1	12243.095968750	12243.103968750	1400.000	4000.000	1.0000
130	Waveform 1	1	12249.367968750	12249.375968750	1400.000	4000.000	1.0000
130	Spectrogram 1	1	12249.367968750	12249.375968750	1400.000	4000.000	1.0000
131	Waveform 1	1	12254.975968750	12254.983968750	1400.000	4000.000	1.0000
131	Spectrogram 1	1	12254.975968750	12254.983968750	1400.000	4000.000	1.0000
132	Waveform 1	1	12259.359968750	12259.367968750	1400.000	4000.000	1.0000
132	Spectrogram 1	1	12259.359968750	12259.367968750	1400.000	4000.000	1.0000
133	Waveform 1	1	12265.623968750	12265.639968750	1400.000	4000.000	1.0000
133	Spectrogram 1	1	12265.623968750	12265.639968750	1400.000	4000.000	1.0000
134	Waveform 1	1	12271.255968750	12271.263968750	1400.000	4000.000	1.0000
134	Spectrogram 1	1	12271.255968750	12271.263968750	1400.000	4000.000	1.0000
135	Waveform 1	1	12273.783968750	12273.799968750	1400.000	4000.000	1.0000
135	Spectrogram 1	1	12273.783968750	12273.799968750	1400.000	4000.000	1.0000
136	Waveform 1	1	12277.743968750	12277.751968750	1400.000	4000.000	1.0000
136	Spectrogram 1	1	12277.743968750	12277.751968750	1400.000	4000.000	1.0000
137	Waveform 1	1	12280.623968750	12280.631968750	1400.000	4000.000	1.0000
137	Spectrogram 1	1	12280.623968750	12280.631968750	1400.000	4000.000	1.0000
138	Waveform 1	1	12287.223968750	12287.231968750	1400.000	4000.000	1.0000
138	Spectrogram 1	1	12287.223968750	12287.231968750	1400.000	4000.000	1.0000
139	Waveform 1	1	12295.079968750	12295.095968750	1400.000	4000.000	1.0000
139	Spectrogram 1	1	12295.079968750	12295.095968750	1400.000	4000.000	1.0000
140	Waveform 1	1	12300.127968750	12300.135968750	1400.000	4000.000	1.0000
140	Spectrogram 1	1	12300.127968750	12300.135968750	1400.000	4000.000	1.0000
141	Waveform 1	1	12306.327968750	12306.359968750	1400.000	4000.000	0.7500
141	Spectrogram 1	1	12306.327968750	12306.359968750	1400.000	4000.000	0.7500
142	Waveform 1	1	12307.463968750	12307.479968750	1400.000	4000.000	1.0000
142	Spectrogram 1	1	12307.463968750	12307.479968750	1400.000	4000.000	1.0000
143	Waveform 1	1	12307.647968750	12307.655968750	1400.000	4000.000	1.0000
143	Spectrogram 1	1	12307.647968750	12307.655968750	1400.000	4000.000	1.0000
144	Waveform 1	1	12313.919968750	12313.927968750	1400.000	4000.000	1.0000
144	Spectrogram 1	1	12313.919968750	12313.927968750	1400.000	4000.000	1.0000
145	Waveform 1	1	12324.455968750	12324.463968750	1400.000	4000.000	1.0000
145	Spectrogram 1	1	12324.455968750	12324.463968750	1400.000	4000.000	1.0000
146	Waveform 1	1	12326.391968750	12326.407968750	1400.000	4000.000	1.0000
146	Spectrogram 1	1	12326.391968750	12326.407968750	1400.000	4000.000	1.0000
147	Waveform 1	1	12339.679968750	12339.687968750	1400.000	4000.000	1.0000
147	Spectrogram 1	1	12339.679968750	12339.687968750	1400.000	4000.000	1.0000
148	Waveform 1	1	12343.831968750	12343.839968750	1400.000	4000.000	1.0000
148	Spectrogram 1	1	12343.831968750	12343.839968750	1400.000	4000.000	1.0000
149	Waveform 1	1	12370.087968750	12370.095968750	1400.000	4000.000	1.0000
149	Spectrogram 1	1	12370.087968750	12370.095968750	1400.000	4000.000	1.0000
150	Waveform 1	1	12394.239968750	12394.247968750	1400.000	4000.000	1.0000
150	Spectrogram 1	1	12394.239968750	12394.247968750	1400.000	4000.000	1.0000
151	Waveform 1	1	12410.751968750	12410.767968750	1400.000	4000.000	1.0000
151	Spectrogram 1	1	12410.751968750	12410.767968750	1400.000	4000.000	1.0000
152	Waveform 1	1	12431.423968750	12431.447968750	1400.000	4000.000	1.0000
152	Spectrogram 1	1	12431.423968750	12431.447968750	1400.000	4000.000	1.0000
153	Waveform 1	1	12431.631968750	12431.639968750	1400.000	4000.000	1.0000
153	Spectrogram 1	1	12431.631968750	12431.639968750	1400.000	4000.000	1.0000
154	Waveform 1	1	12450.095968750	12450.119968750	1400.000	4000.000	1.0000
154	Spectrogram 1	1	12450.095968750	12450.119968750	1400.000	4000.000	1.0000
155	Waveform 1	1	12453.399968750	12453.407968750	1400.000	4000.000	1.0000
155	Spectrogram 1	1	12453.399968750	12453.407968750	1400.000	4000.000	1.0000
156	Waveform 1	1	12477.095968750	12477.119968750	1400.000	4000.000	1.0000
156	Spectrogram 1	1	12477.095968750	12477.119968750	1400.000	4000.000	1.0000
157	Waveform 1	1	12477.343968750	12477.359968750	1400.000	4000.000	1.0000
157	Spectrogram 1	1	12477.343968750	12477.359968750	1400.000	4000.000	1.0000
158	Waveform 1	1	12507.959968750	12507.967968750	1400.000	4000.000	1.0000
158	Spectrogram 1	1	12507.959968750	12507.967968750	1400.000	4000.000	1.0000
159	Waveform 1	1	12592.503968750	12592.511968750	1400.000	4000.000	1.0000
159	Spectrogram 1	1	12592.503968750	12592.511968750	1400.000	4000.000	1.0000
160	Waveform 1	1	12592.543968750	12592.551968750	1400.000	4000.000	1.0000
160	Spectrogram 1	1	12592.543968750	12592.551968750	1400.000	4000.000	1.0000
161	Waveform 1	1	12617.535968750	12617.543968750	1400.000	4000.000	1.0000
161	Spectrogram 1	1	12617.535968750	12617.543968750	1400.000	4000.000	1.0000
162	Waveform 1	1	12639.871968750	12639.895968750	1400.000	4000.000	1.0000
162	Spectrogram 1	1	12639.871968750	12639.895968750	1400.000	4000.000	1.0000
163	Waveform 1	1	12642.623968750	12642.631968750	1400.000	4000.000	1.0000
163	Spectrogram 1	1	12642.623968750	12642.631968750	1400.000	4000.000	1.0000
164	Waveform 1	1	12644.735968750	12644.743968750	1400.000	4000.000	1.0000
164	Spectrogram 1	1	12644.735968750	12644.743968750	1400.000	4000.000	1.0000
165	Waveform 1	1	12647.607968750	12647.615968750	1400.000	4000.000	1.0000
165	Spectrogram 1	1	12647.607968750	12647.615968750	1400.000	4000.000	1.0000
166	Waveform 1	1	12665.023968750	12665.031968750	1400.000	4000.000	1.0000
166	Spectrogram 1	1	12665.023968750	12665.031968750	1400.000	4000.000	1.0000
167	Waveform 1	1	12672.167968750	12672.175968750	1400.000	4000.000	1.0000
167	Spectrogram 1	1	12672.167968750	12672.175968750	1400.000	4000.000	1.0000
168	Waveform 1	1	12748.399968750	12748.415968750	1400.000	4000.000	1.0000
168	Spectrogram 1	1	12748.399968750	12748.415968750	1400.000	4000.000	1.0000
169	Waveform 1	1	12815.759968750	12815.767968750	1400.000	4000.000	1.0000
169	Spectrogram 1	1	12815.759968750	12815.767968750	1400.000	4000.000	1.0000
170	Waveform 1	1	12900.431968750	12900.439968750	1400.000	4000.000	1.0000
170	Spectrogram 1	1	12900.431968750	12900.439968750	1400.000	4000.000	1.0000
171	Waveform 1	1	12900.567968750	12900.575968750	1400.000	4000.000	1.0000
171	Spectrogram 1	1	12900.567968750	12900.575968750	1400.000	4000.000	1.0000
172	Waveform 1	1	12900.615968750	12900.623968750	1400.000	4000.000	1.0000
172	Spectrogram 1	1	12900.615968750	12900.623968750	1400.000	4000.000	1.0000
173	Waveform 1	1	12906.487968750	12906.495968750	1400.000	4000.000	1.0000
173	Spectrogram 1	1	12906.487968750	12906.495968750	1400.000	4000.000	1.0000
174	Waveform 1	1	12909.463968750	12909.479968750	1400.000	4000.000	1.0000
174	Spectrogram 1	1	12909.463968750	12909.479968750	1400.000	4000.000	1.0000
175	Waveform 1	1	12912.039968750	12912.047968750	1400.000	4000.000	1.0000
175	Spectrogram 1	1	12912.039968750	12912.047968750	1400.000	4000.000	1.0000
176	Waveform 1	1	12915.375968750	12915.383968750	1400.000	4000.000	1.0000
176	Spectrogram 1	1	12915.375968750	12915.383968750	1400.000	4000.000	1.0000
177	Waveform 1	1	12927.047968750	12927.055968750	1400.000	4000.000	1.0000
177	Spectrogram 1	1	12927.047968750	12927.055968750	1400.000	4000.000	1.0000
178	Waveform 1	1	12934.071968750	12934.079968750	1400.000	4000.000	1.0000
178	Spectrogram 1	1	12934.071968750	12934.079968750	1400.000	4000.000	1.0000
179	Waveform 1	1	12944.303968750	12944.311968750	1400.000	4000.000	1.0000
179	Spectrogram 1	1	12944.303968750	12944.311968750	1400.000	4000.000	1.0000
180	Waveform 1	1	13033.839968750	13033.847968750	1400.000	4000.000	1.0000
180	Spectrogram 1	1	13033.839968750	13033.847968750	1400.000	4000.000	1.0000
181	Waveform 1	1	13034.223968750	13034.231968750	1400.000	4000.000	1.0000
181	Spectrogram 1	1	13034.223968750	13034.231968750	1400.000	4000.000	1.0000
182	Waveform 1	1	13040.023968750	13040.047968750	1400.000	4000.000	1.0000
182	Spectrogram 1	1	13040.023968750	13040.047968750	1400.000	4000.000	1.0000
183	Waveform 1	1	13040.983968750	13040.991968750	1400.000	4000.000	1.0000
183	Spectrogram 1	1	13040.983968750	13040.991968750	1400.000	4000.000	1.0000
184	Waveform 1	1	13063.527968750	13063.535968750	1400.000	4000.000	1.0000
184	Spectrogram 1	1	13063.527968750	13063.535968750	1400.000	4000.000	1.0000
185	Waveform 1	1	13082.359968750	13082.367968750	1400.000	4000.000	1.0000
185	Spectrogram 1	1	13082.359968750	13082.367968750	1400.000	4000.000	1.0000
186	Waveform 1	1	13111.927968750	13111.935968750	1400.000	4000.000	1.0000
186	Spectrogram 1	1	13111.927968750	13111.935968750	1400.000	4000.000	1.0000
187	Waveform 1	1	13120.647968750	13120.655968750	1400.000	4000.000	1.0000
187	Spectrogram 1	1	13120.647968750	13120.655968750	1400.000	4000.000	1.0000
188	Waveform 1	1	13122.087968750	13122.095968750	1400.000	4000.000	1.0000
188	Spectrogram 1	1	13122.087968750	13122.095968750	1400.000	4000.000	1.0000
189	Waveform 1	1	13123.239968750	13123.247968750	1400.000	4000.000	1.0000
189	Spectrogram 1	1	13123.239968750	13123.247968750	1400.000	4000.000	1.0000
190	Waveform 1	1	13213.871968750	13213.879968750	1400.000	4000.000	1.0000
190	Spectrogram 1	1	13213.871968750	13213.879968750	1400.000	4000.000	1.0000
191	Waveform 1	1	13233.463968750	13233.471968750	1400.000	4000.000	1.0000
191	Spectrogram 1	1	13233.463968750	13233.471968750	1400.000	4000.000	1.0000
192	Waveform 1	1	13350.151968750	13350.159968750	1400.000	4000.000	1.0000
192	Spectrogram 1	1	13350.151968750	13350.159968750	1400.000	4000.000	1.0000
193	Waveform 1	1	13351.271968750	13351.279968750	1400.000	4000.000	1.0000
193	Spectrogram 1	1	13351.271968750	13351.279968750	1400.000	4000.000	1.0000
194	Waveform 1	1	13406.967968750	13406.975968750	1400.000	4000.000	1.0000
194	Spectrogram 1	1	13406.967968750	13406.975968750	1400.000	4000.000	1.0000
195	Waveform 1	1	13507.951968750	13507.959968750	1400.000	4000.000	1.0000
195	Spectrogram 1	1	13507.951968750	13507.959968750	1400.000	4000.000	1.0000
196	Waveform 1	1	13528.679968750	13528.687968750	1400.000	4000.000	1.0000
196	Spectrogram 1	1	13528.679968750	13528.687968750	1400.000	4000.000	1.0000
197	Waveform 1	1	13881.879968750	13881.887968750	1400.000	4000.000	1.0000
197	Spectrogram 1	1	13881.879968750	13881.887968750	1400.000	4000.000	1.0000
198	Waveform 1	1	13920.327968750	13920.335968750	1400.000	4000.000	1.0000
198	Spectrogram 1	1	13920.327968750	13920.335968750	1400.000	4000.000	1.0000
199	Waveform 1	1	13944.095968750	13944.127968750	1400.000	4000.000	1.0000
199	Spectrogram 1	1	13944.095968750	13944.127968750	1400.000	4000.000	1.0000
200	Waveform 1	1	14094.215968750	14094.223968750	1400.000	4000.000	1.0000
200	Spectrogram 1	1	14094.215968750	14094.223968750	1400.000	4000.000	1.0000
201	Waveform 1	1	14098.039968750	14098.047968750	1400.000	4000.000	1.0000
201	Spectrogram 1	1	14098.039968750	14098.047968750	1400.000	4000.000	1.0000
202	Waveform 1	1	14099.567968750	14099.575968750	1400.000	4000.000	1.0000
202	Spectrogram 1	1	14099.567968750	14099.575968750	1400.000	4000.000	1.0000
203	Waveform 1	1	14108.031968750	14108.063968750	1400.000	4000.000	1.0000
203	Spectrogram 1	1	14108.031968750	14108.063968750	1400.000	4000.000	1.0000
204	Waveform 1	1	14110.351968750	14110.359968750	1400.000	4000.000	1.0000
204	Spectrogram 1	1	14110.351968750	14110.359968750	1400.000	4000.000	1.0000
205	Waveform 1	1	14110.559968750	14110.567968750	1400.000	4000.000	1.0000
205	Spectrogram 1	1	14110.559968750	14110.567968750	1400.000	4000.000	1.0000
206	Waveform 1	1	14111.903968750	14111.911968750	1400.000	4000.000	1.0000
206	Spectrogram 1	1	14111.903968750	14111.911968750	1400.000	4000.000	1.0000
207	Waveform 1	1	14168.935968750	14168.951968750	1400.000	4000.000	1.0000
207	Spectrogram 1	1	14168.935968750	14168.951968750	1400.000	4000.000	1.0000
208	Waveform 1	1	14193.007968750	14193.015968750	1400.000	4000.000	1.0000
208	Spectrogram 1	1	14193.007968750	14193.015968750	1400.000	4000.000	1.0000
209	Waveform 1	1	14208.567968750	14208.575968750	1400.000	4000.000	1.0000
209	Spectrogram 1	1	14208.567968750	14208.575968750	1400.000	4000.000	1.0000
210	Waveform 1	1	14219.311968750	14219.319968750	1400.000	4000.000	1.0000
210	Spectrogram 1	1	14219.311968750	14219.319968750	1400.000	4000.000	1.0000
211	Waveform 1	1	14219.351968750	14219.367968750	1400.000	4000.000	1.0000
211	Spectrogram 1	1	14219.351968750	14219.367968750	1400.000	4000.000	1.0000
212	Waveform 1	1	14219.415968750	14219.423968750	1400.000	4000.000	1.0000
212	Spectrogram 1	1	14219.415968750	14219.423968750	1400.000	4000.000	1.0000
213	Waveform 1	1	14419.863968750	14419.871968750	1400.000	4000.000	1.0000
213	Spectrogram 1	1	14419.863968750	14419.871968750	1400.000	4000.000	1.0000
214	Waveform 1	1	14839.983968750	14839.991968750	1400.000	4000.000	1.0000
214	Spectrogram 1	1	14839.983968750	14839.991968750	1400.000	4000.000	1.0000
215	Waveform 1	1	15190.871968750	15190.879968750	1400.000	4000.000	1.0000
215	Spectrogram 1	1	15190.871968750	15190.879968750	1400.000	4000.000	1.0000
216	Waveform 1	1	15277.711968750	15277.719968750	1400.000	4000.000	1.0000
216	Spectrogram 1	1	15277.711968750	15277.719968750	1400.000	4000.000	1.0000
217	Waveform 1	1	15279.311968750	15279.319968750	1400.000	4000.000	1.0000
217	Spectrogram 1	1	15279.311968750	15279.319968750	1400.000	4000.000	1.0000
218	Waveform 1	1	15286.783968750	15286.791968750	1400.000	4000.000	1.0000
218	Spectrogram 1	1	15286.783968750	15286.791968750	1400.000	4000.000	1.0000
219	Waveform 1	1	15291.367968750	15291.375968750	1400.000	4000.000	1.0000
219	Spectrogram 1	1	15291.367968750	15291.375968750	1400.000	4000.000	1.0000
220	Waveform 1	1	15411.559968750	15411.567968750	1400.000	4000.000	1.0000
220	Spectrogram 1	1	15411.559968750	15411.567968750	1400.000	4000.000	1.0000
221	Waveform 1	1	15412.639968750	15412.647968750	1400.000	4000.000	1.0000
221	Spectrogram 1	1	15412.639968750	15412.647968750	1400.000	4000.000	1.0000
222	Waveform 1	1	15426.223968750	15426.231968750	1400.000	4000.000	1.0000
222	Spectrogram 1	1	15426.223968750	15426.231968750	1400.000	4000.000	1.0000
223	Waveform 1	1	15458.615968750	15458.623968750	1400.000	4000.000	1.0000
223	Spectrogram 1	1	15458.615968750	15458.623968750	1400.000	4000.000	1.0000
224	Waveform 1	1	15558.879968750	15558.887968750	1400.000	4000.000	1.0000
224	Spectrogram 1	1	15558.879968750	15558.887968750	1400.000	4000.000	1.0000
225	Waveform 1	1	15594.759968750	15594.767968750	1400.000	4000.000	1.0000
225	Spectrogram 1	1	15594.759968750	15594.767968750	1400.000	4000.000	1.0000
226	Waveform 1	1	15814.071968750	15814.079968750	1400.000	4000.000	1.0000
226	Spectrogram 1	1	15814.071968750	15814.079968750	1400.000	4000.000	1.0000
227	Waveform 1	1	15823.191968750	15823.199968750	1400.000	4000.000	1.0000
227	Spectrogram 1	1	15823.191968750	15823.199968750	1400.000	4000.000	1.0000
228	Waveform 1	1	15942.047968750	15942.055968750	1400.000	4000.000	1.0000
228	Spectrogram 1	1	15942.047968750	15942.055968750	1400.000	4000.000	1.0000
229	Waveform 1	1	16099.727968750	16099.735968750	1400.000	4000.000	1.0000
229	Spectrogram 1	1	16099.727968750	16099.735968750	1400.000	4000.000	1.0000
230	Waveform 1	1	16252.943968750	16252.951968750	1400.000	4000.000	1.0000
230	Spectrogram 1	1	16252.943968750	16252.951968750	1400.000	4000.000	1.0000
231	Waveform 1	1	16411.687968750	16411.695968750	1400.000	4000.000	1.0000
231	Spectrogram 1	1	16411.687968750	16411.695968750	1400.000	4000.000	1.0000
232	Waveform 1	1	16415.663968750	16415.671968750	1400.000	4000.000	1.0000
232	Spectrogram 1	1	16415.663968750	16415.671968750	1400.000	4000.000	1.0000
233	Waveform 1	1	16432.527968750	16432.535968750	1400.000	4000.000	1.0000
233	Spectrogram 1	1	16432.527968750	16432.535968750	1400.000	4000.000	1.0000
234	Waveform 1	1	16441.927968750	16441.943968750	1400.000	4000.000	1.0000
234	Spectrogram 1	1	16441.927968750	16441.943968750	1400.000	4000.000	1.0000
235	Waveform 1	1	16670.383968750	16670.391968750	1400.000	4000.000	1.0000
235	Spectrogram 1	1	16670.383968750	16670.391968750	1400.000	4000.000	1.0000
236	Waveform 1	1	16770.143968750	16770.151968750	1400.000	4000.000	1.0000
236	Spectrogram 1	1	16770.143968750	16770.151968750	1400.000	4000.000	1.0000
237	Waveform 1	1	16777.735968750	16777.743968750	1400.000	4000.000	1.0000
237	Spectrogram 1	1	16777.735968750	16777.743968750	1400.000	4000.000	1.0000
238	Waveform 1	1	16781.495968750	16781.503968750	1400.000	4000.000	1.0000
238	Spectrogram 1	1	16781.495968750	16781.503968750	1400.000	4000.000	1.0000
239	Waveform 1	1	16784.951968750	16784.959968750	1400.000	4000.000	1.0000
239	Spectrogram 1	1	16784.951968750	16784.959968750	1400.000	4000.000	1.0000
240	Waveform 1	1	16789.055968750	16789.063968750	1400.000	4000.000	1.0000
240	Spectrogram 1	1	16789.055968750	16789.063968750	1400.000	4000.000	1.0000
241	Waveform 1	1	16795.047968750	16795.063968750	1400.000	4000.000	1.0000
241	Spectrogram 1	1	16795.047968750	16795.063968750	1400.000	4000.000	1.0000
242	Waveform 1	1	16797.743968750	16797.751968750	1400.000	4000.000	1.0000
242	Spectrogram 1	1	16797.743968750	16797.751968750	1400.000	4000.000	1.0000
243	Waveform 1	1	16807.991968750	16807.999968750	1400.000	4000.000	1.0000
243	Spectrogram 1	1	16807.991968750	16807.999968750	1400.000	4000.000	1.0000
244	Waveform 1	1	16860.023968750	16860.031968750	1400.000	4000.000	1.0000
244	Spectrogram 1	1	16860.023968750	16860.031968750	1400.000	4000.000	1.0000
245	Waveform 1	1	17006.767968750	17006.775968750	1400.000	4000.000	1.0000
245	Spectrogram 1	1	17006.767968750	17006.775968750	1400.000	4000.000	1.0000
246	Waveform 1	1	17057.999968750	17058.007968750	1400.000	4000.000	1.0000
246	Spectrogram 1	1	17057.999968750	17058.007968750	1400.000	4000.000	1.0000
247	Waveform 1	1	17059.855968750	17059.863968750	1400.000	4000.000	1.0000
247	Spectrogram 1	1	17059.855968750	17059.863968750	1400.000	4000.000	1.0000
248	Waveform 1	1	17065.935968750	17065.943968750	1400.000	4000.000	1.0000
248	Spectrogram 1	1	17065.935968750	17065.943968750	1400.000	4000.000	1.0000
249	Waveform 1	1	17316.055968750	17316.063968750	1400.000	4000.000	1.0000
249	Spectrogram 1	1	17316.055968750	17316.063968750	1400.000	4000.000	1.0000
250	Waveform 1	1	17948.479968750	17948.487968750	1400.000	4000.000	1.0000
250	Spectrogram 1	1	17948.479968750	17948.487968750	1400.000	4000.000	1.0000
251	Waveform 1	1	17950.623968750	17950.631968750	1400.000	4000.000	1.0000
251	Spectrogram 1	1	17950.623968750	17950.631968750	1400.000	4000.000	1.0000
252	Waveform 1	1	18160.639968750	18160.647968750	1400.000	4000.000	1.0000
252	Spectrogram 1	1	18160.639968750	18160.647968750	1400.000	4000.000	1.0000
253	Waveform 1	1	18161.191968750	18161.199968750	1400.000	4000.000	1.0000
253	Spectrogram 1	1	18161.191968750	18161.199968750	1400.000	4000.000	1.0000
254	Waveform 1	1	18611.207968750	18611.215968750	1400.000	4000.000	1.0000
254	Spectrogram 1	1	18611.207968750	18611.215968750	1400.000	4000.000	1.0000
255	Waveform 1	1	18882.119968750	18882.127968750	1400.000	4000.000	1.0000
255	Spectrogram 1	1	18882.119968750	18882.127968750	1400.000	4000.000	1.0000
256	Waveform 1	1	18892.063968750	18892.071968750	1400.000	4000.000	1.0000
256	Spectrogram 1	1	18892.063968750	18892.071968750	1400.000	4000.000	1.0000
257	Waveform 1	1	19214.343968750	19214.351968750	1400.000	4000.000	1.0000
257	Spectrogram 1	1	19214.343968750	19214.351968750	1400.000	4000.000	1.0000
258	Waveform 1	1	19552.903968750	19552.911968750	1400.000	4000.000	1.0000
258	Spectrogram 1	1	19552.903968750	19552.911968750	1400.000	4000.000	1.0000
259	Waveform 1	1	19945.167968750	19945.175968750	1400.000	4000.000	1.0000
259	Spectrogram 1	1	19945.167968750	19945.175968750	1400.000	4000.000	1.0000
260	Waveform 1	1	19968.791968750	19968.799968750	1400.000	4000.000	1.0000
260	Spectrogram 1	1	19968.791968750	19968.799968750	1400.000	4000.000	1.0000
261	Waveform 1	1	19971.199968750	19971.207968750	1400.000	4000.000	1.0000
261	Spectrogram 1	1	19971.199968750	19971.207968750	1400.000	4000.000	1.0000
262	Waveform 1	1	19974.127968750	19974.135968750	1400.000	4000.000	1.0000
262	Spectrogram 1	1	19974.127968750	19974.135968750	1400.000	4000.000	1.0000
263	Waveform 1	1	19991.663968750	19991.671968750	1400.000	4000.000	1.0000
263	Spectrogram 1	1	19991.663968750	19991.671968750	1400.000	4000.000	1.0000
264	Waveform 1	1	20029.511968750	20029.519968750	1400.000	4000.000	1.0000
264	Spectrogram 1	1	20029.511968750	20029.519968750	1400.000	4000.000	1.0000
265	Waveform 1	1	20186.511968750	20186.519968750	1400.000	4000.000	1.0000
265	Spectrogram 1	1	20186.511968750	20186.519968750	1400.000	4000.000	1.0000
266	Waveform 1	1	20222.335968750	20222.343968750	1400.000	4000.000	1.0000
266	Spectrogram 1	1	20222.335968750	20222.343968750	1400.000	4000.000	1.0000
267	Waveform 1	1	20697.111968750	20697.119968750	1400.000	4000.000	1.0000
267	Spectrogram 1	1	20697.111968750	20697.119968750	1400.000	4000.000	1.0000
268	Waveform 1	1	20990.663968750	20990.671968750	1400.000	4000.000	1.0000
268	Spectrogram 1	1	20990.663968750	20990.671968750	1400.000	4000.000	1.0000
269	Waveform 1	1	24772.975968750	24772.983968750	1400.000	4000.000	1.0000
269	Spectrogram 1	1	24772.975968750	24772.983968750	1400.000	4000.000	1.0000
270	Waveform 1	1	25159.719968750	25159.727968750	1400.000	4000.000	1.0000
270	Spectrogram 1	1	25159.719968750	25159.727968750	1400.000	4000.000	1.0000
271	Waveform 1	1	25737.375968750	25737.383968750	1400.000	4000.000	1.0000
271	Spectrogram 1	1	25737.375968750	25737.383968750	1400.000	4000.000	1.0000
272	Waveform 1	1	26529.703968750	26529.711968750	1400.000	4000.000	1.0000
272	Spectrogram 1	1	26529.703968750	26529.711968750	1400.000	4000.000	1.0000
273	Waveform 1	1	26951.263968750	26951.271968750	1400.000	4000.000	1.0000
273	Spectrogram 1	1	26951.263968750	26951.271968750	1400.000	4000.000	1.0000
274	Waveform 1	1	27778.295968750	27778.303968750	1400.000	4000.000	1.0000
274	Spectrogram 1	1	27778.295968750	27778.303968750	1400.000	4000.000	1.0000
275	Waveform 1	1	28403.335968750	28403.343968750	1400.000	4000.000	1.0000
275	Spectrogram 1	1	28403.335968750	28403.343968750	1400.000	4000.000	1.0000
276	Waveform 1	1	30020.471968750	30020.479968750	1400.000	4000.000	1.0000
276	Spectrogram 1	1	30020.471968750	30020.479968750	1400.000	4000.000	1.0000
277	Waveform 1	1	30348.743968750	30348.751968750	1400.000	4000.000	1.0000
277	Spectrogram 1	1	30348.743968750	30348.751968750	1400.000	4000.000	1.0000
278	Waveform 1	1	30628.079968750	30628.087968750	1400.000	4000.000	1.0000
278	Spectrogram 1	1	30628.079968750	30628.087968750	1400.000	4000.000	1.0000
279	Waveform 1	1	31987.927968750	31987.935968750	1400.000	4000.000	1.0000
279	Spectrogram 1	1	31987.927968750	31987.935968750	1400.000	4000.000	1.0000
280	Waveform 1	1	31996.391968750	31996.399968750	1400.000	4000.000	1.0000
280	Spectrogram 1	1	31996.391968750	31996.399968750	1400.000	4000.000	1.0000
281	Waveform 1	1	32103.631968750	32103.639968750	1400.000	4000.000	1.0000
281	Spectrogram 1	1	32103.631968750	32103.639968750	1400.000	4000.000	1.0000
282	Waveform 1	1	32108.503968750	32108.511968750	1400.000	4000.000	1.0000
282	Spectrogram 1	1	32108.503968750	32108.511968750	1400.000	4000.000	1.0000
283	Waveform 1	1	32111.247968750	32111.255968750	1400.000	4000.000	1.0000
283	Spectrogram 1	1	32111.247968750	32111.255968750	1400.000	4000.000	1.0000
284	Waveform 1	1	32115.775968750	32115.783968750	1400.000	4000.000	1.0000
284	Spectrogram 1	1	32115.775968750	32115.783968750	1400.000	4000.000	1.0000
285	Waveform 1	1	32119.751968750	32119.759968750	1400.000	4000.000	1.0000
285	Spectrogram 1	1	32119.751968750	32119.759968750	1400.000	4000.000	1.0000
286	Waveform 1	1	32123.143968750	32123.151968750	1400.000	4000.000	1.0000
286	Spectrogram 1	1	32123.143968750	32123.151968750	1400.000	4000.000	1.0000
287	Waveform 1	1	32125.887968750	32125.903968750	1400.000	4000.000	1.0000
287	Spectrogram 1	1	32125.887968750	32125.903968750	1400.000	4000.000	1.0000
288	Waveform 1	1	32128.791968750	32128.799968750	1400.000	4000.000	1.0000
288	Spectrogram 1	1	32128.791968750	32128.799968750	1400.000	4000.000	1.0000
289	Waveform 1	1	32134.087968750	32134.095968750	1400.000	4000.000	1.0000
289	Spectrogram 1	1	32134.087968750	32134.095968750	1400.000	4000.000	1.0000
290	Waveform 1	1	32140.311968750	32140.327968750	1400.000	4000.000	1.0000
290	Spectrogram 1	1	32140.311968750	32140.327968750	1400.000	4000.000	1.0000
291	Waveform 1	1	33089.151968750	33089.167968750	1400.000	4000.000	1.0000
291	Spectrogram 1	1	33089.151968750	33089.167968750	1400.000	4000.000	1.0000
292	Waveform 1	1	33213.871968750	33213.879968750	1400.000	4000.000	1.0000
292	Spectrogram 1	1	33213.871968750	33213.879968750	1400.000	4000.000	1.0000
293	Waveform 1	1	33257.383968750	33257.391968750	1400.000	4000.000	1.0000
293	Spectrogram 1	1	33257.383968750	33257.391968750	1400.000	4000.000	1.0000
294	Waveform 1	1	33276.511968750	33276.519968750	1400.000	4000.000	1.0000
294	Spectrogram 1	1	33276.511968750	33276.519968750	1400.000	4000.000	1.0000
295	Waveform 1	1	33404.591968750	33404.599968750	1400.000	4000.000	1.0000
295	Spectrogram 1	1	33404.591968750	33404.599968750	1400.000	4000.000	1.0000
296	Waveform 1	1	33407.295968750	33407.303968750	1400.000	4000.000	1.0000
296	Spectrogram 1	1	33407.295968750	33407.303968750	1400.000	4000.000	1.0000
297	Waveform 1	1	33710.087968750	33710.095968750	1400.000	4000.000	1.0000
297	Spectrogram 1	1	33710.087968750	33710.095968750	1400.000	4000.000	1.0000
298	Waveform 1	1	35436.615968750	35436.623968750	1400.000	4000.000	1.0000
298	Spectrogram 1	1	35436.615968750	35436.623968750	1400.000	4000.000	1.0000
299	Waveform 1	1	36820.095968750	36820.127968750	1400.000	4000.000	1.0000
299	Spectrogram 1	1	36820.095968750	36820.127968750	1400.000	4000.000	1.0000
300	Waveform 1	1	36978.807968750	36978.815968750	1400.000	4000.000	1.0000
300	Spectrogram 1	1	36978.807968750	36978.815968750	1400.000	4000.000	1.0000
301	Waveform 1	1	37046.095968750	37046.103968750	1400.000	4000.000	1.0000
301	Spectrogram 1	1	37046.095968750	37046.103968750	1400.000	4000.000	1.0000
302	Waveform 1	1	37460.319968750	37460.327968750	1400.000	4000.000	1.0000
302	Spectrogram 1	1	37460.319968750	37460.327968750	1400.000	4000.000	1.0000
303	Waveform 1	1	37467.183968750	37467.199968750	1400.000	4000.000	1.0000
303	Spectrogram 1	1	37467.183968750	37467.199968750	1400.000	4000.000	1.0000
304	Waveform 1	1	37486.127968750	37486.143968750	1400.000	4000.000	1.0000
304	Spectrogram 1	1	37486.127968750	37486.143968750	1400.000	4000.000	1.0000
305	Waveform 1	1	37498.391968750	37498.399968750	1400.000	4000.000	1.0000
305	Spectrogram 1	1	37498.391968750	37498.399968750	1400.000	4000.000	1.0000
306	Waveform 1	1	37582.751968750	37582.759968750	1400.000	4000.000	1.0000
306	Spectrogram 1	1	37582.751968750	37582.759968750	1400.000	4000.000	1.0000
307	Waveform 1	1	38859.343968750	38859.351968750	1400.000	4000.000	1.0000
307	Spectrogram 1	1	38859.343968750	38859.351968750	1400.000	4000.000	1.0000
308	Waveform 1	1	40619.431968750	40619.439968750	1400.000	4000.000	1.0000
308	Spectrogram 1	1	40619.431968750	40619.439968750	1400.000	4000.000	1.0000
309	Waveform 1	1	41068.975968750	41068.983968750	1400.000	4000.000	1.0000
309	Spectrogram 1	1	41068.975968750	41068.983968750	1400.000	4000.000	1.0000
310	Waveform 1	1	41928.071968750	41928.079968750	1400.000	4000.000	1.0000
310	Spectrogram 1	1	41928.071968750	41928.079968750	1400.000	4000.000	1.0000
311	Waveform 1	1	42141.799968750	42141.807968750	1400.000	4000.000	1.0000
311	Spectrogram 1	1	42141.799968750	42141.807968750	1400.000	4000.000	1.0000
312	Waveform 1	1	42229.695968750	42229.711968750	1400.000	4000.000	1.0000
312	Spectrogram 1	1	42229.695968750	42229.711968750	1400.000	4000.000	1.0000
313	Waveform 1	1	42290.159968750	42290.167968750	1400.000	4000.000	1.0000
313	Spectrogram 1	1	42290.159968750	42290.167968750	1400.000	4000.000	1.0000
314	Waveform 1	1	42369.943968750	42369.951968750	1400.000	4000.000	1.0000
314	Spectrogram 1	1	42369.943968750	42369.951968750	1400.000	4000.000	1.0000
315	Waveform 1	1	42486.279968750	42486.287968750	1400.000	4000.000	1.0000
315	Spectrogram 1	1	42486.279968750	42486.287968750	1400.000	4000.000	1.0000
316	Waveform 1	1	42502.535968750	42502.543968750	1400.000	4000.000	1.0000
316	Spectrogram 1	1	42502.535968750	42502.543968750	1400.000	4000.000	1.0000
317	Waveform 1	1	42592.215968750	42592.223968750	1400.000	4000.000	1.0000
317	Spectrogram 1	1	42592.215968750	42592.223968750	1400.000	4000.000	1.0000
318	Waveform 1	1	42598.247968750	42598.255968750	1400.000	4000.000	1.0000
318	Spectrogram 1	1	42598.247968750	42598.255968750	1400.000	4000.000	1.0000
319	Waveform 1	1	42599.751968750	42599.759968750	1400.000	4000.000	1.0000
319	Spectrogram 1	1	42599.751968750	42599.759968750	1400.000	4000.000	1.0000
320	Waveform 1	1	42617.767968750	42617.775968750	1400.000	4000.000	1.0000
320	Spectrogram 1	1	42617.767968750	42617.775968750	1400.000	4000.000	1.0000
321	Waveform 1	1	42626.799968750	42626.807968750	1400.000	4000.000	1.0000
321	Spectrogram 1	1	42626.799968750	42626.807968750	1400.000	4000.000	1.0000
322	Waveform 1	1	42633.663968750	42633.671968750	1400.000	4000.000	1.0000
322	Spectrogram 1	1	42633.663968750	42633.671968750	1400.000	4000.000	1.0000
323	Waveform 1	1	42645.263968750	42645.271968750	1400.000	4000.000	1.0000
323	Spectrogram 1	1	42645.263968750	42645.271968750	1400.000	4000.000	1.0000
324	Waveform 1	1	42649.327968750	42649.335968750	1400.000	4000.000	1.0000
324	Spectrogram 1	1	42649.327968750	42649.335968750	1400.000	4000.000	1.0000
325	Waveform 1	1	42672.823968750	42672.831968750	1400.000	4000.000	1.0000
325	Spectrogram 1	1	42672.823968750	42672.831968750	1400.000	4000.000	1.0000
326	Waveform 1	1	42685.055968750	42685.063968750	1400.000	4000.000	1.0000
326	Spectrogram 1	1	42685.055968750	42685.063968750	1400.000	4000.000	1.0000
327	Waveform 1	1	42697.023968750	42697.031968750	1400.000	4000.000	1.0000
327	Spectrogram 1	1	42697.023968750	42697.031968750	1400.000	4000.000	1.0000
328	Waveform 1	1	42705.687968750	42705.695968750	1400.000	4000.000	1.0000
328	Spectrogram 1	1	42705.687968750	42705.695968750	1400.000	4000.000	1.0000
329	Waveform 1	1	42707.567968750	42707.575968750	1400.000	4000.000	1.0000
329	Spectrogram 1	1	42707.567968750	42707.575968750	1400.000	4000.000	1.0000
330	Waveform 1	1	42709.815968750	42709.823968750	1400.000	4000.000	1.0000
330	Spectrogram 1	1	42709.815968750	42709.823968750	1400.000	4000.000	1.0000
331	Waveform 1	1	42712.943968750	42712.951968750	1400.000	4000.000	1.0000
331	Spectrogram 1	1	42712.943968750	42712.951968750	1400.000	4000.000	1.0000
332	Waveform 1	1	42716.111968750	42716.119968750	1400.000	4000.000	1.0000
332	Spectrogram 1	1	42716.111968750	42716.119968750	1400.000	4000.000	1.0000
333	Waveform 1	1	42731.559968750	42731.567968750	1400.000	4000.000	1.0000
333	Spectrogram 1	1	42731.559968750	42731.567968750	1400.000	4000.000	1.0000
334	Waveform 1	1	42732.287968750	42732.295968750	1400.000	4000.000	1.0000
334	Spectrogram 1	1	42732.287968750	42732.295968750	1400.000	4000.000	1.0000
335	Waveform 1	1	42737.807968750	42737.815968750	1400.000	4000.000	1.0000
335	Spectrogram 1	1	42737.807968750	42737.815968750	1400.000	4000.000	1.0000
336	Waveform 1	1	42737.887968750	42737.895968750	1400.000	4000.000	1.0000
336	Spectrogram 1	1	42737.887968750	42737.895968750	1400.000	4000.000	1.0000
337	Waveform 1	1	42740.135968750	42740.143968750	1400.000	4000.000	1.0000
337	Spectrogram 1	1	42740.135968750	42740.143968750	1400.000	4000.000	1.0000
338	Waveform 1	1	42741.663968750	42741.671968750	1400.000	4000.000	1.0000
338	Spectrogram 1	1	42741.663968750	42741.671968750	1400.000	4000.000	1.0000
339	Waveform 1	1	42754.351968750	42754.359968750	1400.000	4000.000	1.0000
339	Spectrogram 1	1	42754.351968750	42754.359968750	1400.000	4000.000	1.0000
340	Waveform 1	1	42757.375968750	42757.383968750	1400.000	4000.000	1.0000
340	Spectrogram 1	1	42757.375968750	42757.383968750	1400.000	4000.000	1.0000
341	Waveform 1	1	42761.831968750	42761.839968750	1400.000	4000.000	1.0000
341	Spectrogram 1	1	42761.831968750	42761.839968750	1400.000	4000.000	1.0000
342	Waveform 1	1	42768.879968750	42768.887968750	1400.000	4000.000	1.0000
342	Spectrogram 1	1	42768.879968750	42768.887968750	1400.000	4000.000	1.0000
343	Waveform 1	1	42801.639968750	42801.647968750	1400.000	4000.000	1.0000
343	Spectrogram 1	1	42801.639968750	42801.647968750	1400.000	4000.000	1.0000
344	Waveform 1	1	42806.807968750	42806.815968750	1400.000	4000.000	1.0000
344	Spectrogram 1	1	42806.807968750	42806.815968750	1400.000	4000.000	1.0000
345	Waveform 1	1	42814.831968750	42814.839968750	1400.000	4000.000	1.0000
345	Spectrogram 1	1	42814.831968750	42814.839968750	1400.000	4000.000	1.0000
346	Waveform 1	1	42815.599968750	42815.607968750	1400.000	4000.000	1.0000
346	Spectrogram 1	1	42815.599968750	42815.607968750	1400.000	4000.000	1.0000
347	Waveform 1	1	42821.583968750	42821.591968750	1400.000	4000.000	1.0000
347	Spectrogram 1	1	42821.583968750	42821.591968750	1400.000	4000.000	1.0000
348	Waveform 1	1	42835.815968750	42835.823968750	1400.000	4000.000	1.0000
348	Spectrogram 1	1	42835.815968750	42835.823968750	1400.000	4000.000	1.0000
349	Waveform 1	1	42884.047968750	42884.055968750	1400.000	4000.000	1.0000
349	Spectrogram 1	1	42884.047968750	42884.055968750	1400.000	4000.000	1.0000
350	Waveform 1	1	42898.071968750	42898.079968750	1400.000	4000.000	1.0000
350	Spectrogram 1	1	42898.071968750	42898.079968750	1400.000	4000.000	1.0000
351	Waveform 1	1	42910.567968750	42910.575968750	1400.000	4000.000	1.0000
351	Spectrogram 1	1	42910.567968750	42910.575968750	1400.000	4000.000	1.0000
352	Waveform 1	1	42935.719968750	42935.727968750	1400.000	4000.000	1.0000
352	Spectrogram 1	1	42935.719968750	42935.727968750	1400.000	4000.000	1.0000
353	Waveform 1	1	43036.999968750	43037.007968750	1400.000	4000.000	1.0000
353	Spectrogram 1	1	43036.999968750	43037.007968750	1400.000	4000.000	1.0000
354	Waveform 1	1	43130.879968750	43130.887968750	1400.000	4000.000	1.0000
354	Spectrogram 1	1	43130.879968750	43130.887968750	1400.000	4000.000	1.0000
355	Waveform 1	1	43169.647968750	43169.655968750	1400.000	4000.000	1.0000
355	Spectrogram 1	1	43169.647968750	43169.655968750	1400.000	4000.000	1.0000
356	Waveform 1	1	43346.327968750	43346.335968750	1400.000	4000.000	1.0000
356	Spectrogram 1	1	43346.327968750	43346.335968750	1400.000	4000.000	1.0000
357	Waveform 1	1	43352.039968750	43352.047968750	1400.000	4000.000	1.0000
357	Spectrogram 1	1	43352.039968750	43352.047968750	1400.000	4000.000	1.0000
358	Waveform 1	1	43387.431968750	43387.439968750	1400.000	4000.000	1.0000
358	Spectrogram 1	1	43387.431968750	43387.439968750	1400.000	4000.000	1.0000
359	Waveform 1	1	43392.847968750	43392.855968750	1400.000	4000.000	1.0000
359	Spectrogram 1	1	43392.847968750	43392.855968750	1400.000	4000.000	1.0000
360	Waveform 1	1	43396.367968750	43396.375968750	1400.000	4000.000	1.0000
360	Spectrogram 1	1	43396.367968750	43396.375968750	1400.000	4000.000	1.0000
361	Waveform 1	1	43398.407968750	43398.415968750	1400.000	4000.000	1.0000
361	Spectrogram 1	1	43398.407968750	43398.415968750	1400.000	4000.000	1.0000
362	Waveform 1	1	43398.847968750	43398.855968750	1400.000	4000.000	1.0000
362	Spectrogram 1	1	43398.847968750	43398.855968750	1400.000	4000.000	1.0000
363	Waveform 1	1	43399.103968750	43399.111968750	1400.000	4000.000	1.0000
363	Spectrogram 1	1	43399.103968750	43399.111968750	1400.000	4000.000	1.0000
364	Waveform 1	1	43432.623968750	43432.631968750	1400.000	4000.000	1.0000
364	Spectrogram 1	1	43432.623968750	43432.631968750	1400.000	4000.000	1.0000
365	Waveform 1	1	43446.927968750	43446.935968750	1400.000	4000.000	1.0000
365	Spectrogram 1	1	43446.927968750	43446.935968750	1400.000	4000.000	1.0000
366	Waveform 1	1	43464.239968750	43464.247968750	1400.000	4000.000	1.0000
366	Spectrogram 1	1	43464.239968750	43464.247968750	1400.000	4000.000	1.0000
367	Waveform 1	1	43498.279968750	43498.287968750	1400.000	4000.000	1.0000
367	Spectrogram 1	1	43498.279968750	43498.287968750	1400.000	4000.000	1.0000
368	Waveform 1	1	43522.663968750	43522.671968750	1400.000	4000.000	1.0000
368	Spectrogram 1	1	43522.663968750	43522.671968750	1400.000	4000.000	1.0000
369	Waveform 1	1	43626.151968750	43626.159968750	1400.000	4000.000	1.0000
369	Spectrogram 1	1	43626.151968750	43626.159968750	1400.000	4000.000	1.0000
370	Waveform 1	1	43627.951968750	43627.959968750	1400.000	4000.000	1.0000
370	Spectrogram 1	1	43627.951968750	43627.959968750	1400.000	4000.000	1.0000
371	Waveform 1	1	43647.783968750	43647.791968750	1400.000	4000.000	1.0000
371	Spectrogram 1	1	43647.783968750	43647.791968750	1400.000	4000.000	1.0000
372	Waveform 1	1	43695.711968750	43695.719968750	1400.000	4000.000	1.0000
372	Spectrogram 1	1	43695.711968750	43695.719968750	1400.000	4000.000	1.0000
373	Waveform 1	1	44178.487968750	44178.503968750	1400.000	4000.000	1.0000
373	Spectrogram 1	1	44178.487968750	44178.503968750	1400.000	4000.000	1.0000
374	Waveform 1	1	44276.847968750	44276.855968750	1400.000	4000.000	1.0000
374	Spectrogram 1	1	44276.847968750	44276.855968750	1400.000	4000.000	1.0000
375	Waveform 1	1	44920.767968750	44920.775968750	1400.000	4000.000	1.0000
375	Spectrogram 1	1	44920.767968750	44920.775968750	1400.000	4000.000	1.0000
376	Waveform 1	1	46518.503968750	46518.511968750	1400.000	4000.000	1.0000
376	Spectrogram 1	1	46518.503968750	46518.511968750	1400.000	4000.000	1.0000
377	Waveform 1	1	46580.119968750	46580.127968750	1400.000	4000.000	1.0000
377	Spectrogram 1	1	46580.119968750	46580.127968750	1400.000	4000.000	1.0000
378	Waveform 1	1	49680.775968750	49680.783968750	1400.000	4000.000	1.0000
378	Spectrogram 1	1	49680.775968750	49680.783968750	1400.000	4000.000	1.0000
379	Waveform 1	1	50656.815968750	50656.823968750	1400.000	4000.000	1.0000
379	Spectrogram 1	1	50656.815968750	50656.823968750	1400.000	4000.000	1.0000
380	Waveform 1	1	50673.975968750	50673.991968750	1400.000	4000.000	1.0000
380	Spectrogram 1	1	50673.975968750	50673.991968750	1400.000	4000.000	1.0000
381	Waveform 1	1	51188.903968750	51188.911968750	1400.000	4000.000	1.0000
381	Spectrogram 1	1	51188.903968750	51188.911968750	1400.000	4000.000	1.0000
382	Waveform 1	1	51289.623968750	51289.631968750	1400.000	4000.000	1.0000
382	Spectrogram 1	1	51289.623968750	51289.631968750	1400.000	4000.000	1.0000
383	Waveform 1	1	52234.167968750	52234.183968750	1400.000	4000.000	1.0000
383	Spectrogram 1	1	52234.167968750	52234.183968750	1400.000	4000.000	1.0000
384	Waveform 1	1	52703.975968750	52703.983968750	1400.000	4000.000	1.0000
384	Spectrogram 1	1	52703.975968750	52703.983968750	1400.000	4000.000	1.0000
385	Waveform 1	1	56669.159968750	56669.167968750	1400.000	4000.000	1.0000
385	Spectrogram 1	1	56669.159968750	56669.167968750	1400.000	4000.000	1.0000
386	Waveform 1	1	56937.919968750	56937.927968750	1400.000	4000.000	1.0000
386	Spectrogram 1	1	56937.919968750	56937.927968750	1400.000	4000.000	1.0000
387	Waveform 1	1	57310.175968750	57310.183968750	1400.000	4000.000	1.0000
387	Spectrogram 1	1	57310.175968750	57310.183968750	1400.000	4000.000	1.0000
388	Waveform 1	1	58702.263968750	58702.279968750	1400.000	4000.000	1.0000
388	Spectrogram 1	1	58702.263968750	58702.279968750	1400.000	4000.000	1.0000
389	Waveform 1	1	59611.599968750	59611.607968750	1400.000	4000.000	1.0000
389	Spectrogram 1	1	59611.599968750	59611.607968750	1400.000	4000.000	1.0000
390	Waveform 1	1	59621.135968750	59621.143968750	1400.000	4000.000	1.0000
390	Spectrogram 1	1	59621.135968750	59621.143968750	1400.000	4000.000	1.0000
391	Waveform 1	1	59752.311968750	59752.319968750	1400.000	4000.000	1.0000
391	Spectrogram 1	1	59752.311968750	59752.319968750	1400.000	4000.000	1.0000
392	Waveform 1	1	59785.623968750	59785.631968750	1400.000	4000.000	1.0000
392	Spectrogram 1	1	59785.623968750	59785.631968750	1400.000	4000.000	1.0000
393	Waveform 1	1	61986.343968750	61986.367968750	1400.000	4000.000	1.0000
393	Spectrogram 1	1	61986.343968750	61986.367968750	1400.000	4000.000	1.0000
394	Waveform 1	1	61993.463968750	61993.479968750	1400.000	4000.000	1.0000
394	Spectrogram 1	1	61993.463968750	61993.479968750	1400.000	4000.000	1.0000
395	Waveform 1	1	62000.839968750	62000.863968750	1400.000	4000.000	1.0000
395	Spectrogram 1	1	62000.839968750	62000.863968750	1400.000	4000.000	1.0000
396	Waveform 1	1	62001.759968750	62001.775968750	1400.000	4000.000	1.0000
396	Spectrogram 1	1	62001.759968750	62001.775968750	1400.000	4000.000	1.0000
397	Waveform 1	1	62009.911968750	62009.927968750	1400.000	4000.000	1.0000
397	Spectrogram 1	1	62009.911968750	62009.927968750	1400.000	4000.000	1.0000
398	Waveform 1	1	62018.079968750	62018.087968750	1400.000	4000.000	1.0000
398	Spectrogram 1	1	62018.079968750	62018.087968750	1400.000	4000.000	1.0000
399	Waveform 1	1	62018.831968750	62018.855968750	1400.000	4000.000	1.0000
399	Spectrogram 1	1	62018.831968750	62018.855968750	1400.000	4000.000	1.0000
400	Waveform 1	1	62033.527968750	62033.559968750	1400.000	4000.000	1.0000
400	Spectrogram 1	1	62033.527968750	62033.559968750	1400.000	4000.000	1.0000
401	Waveform 1	1	62054.559968750	62054.567968750	1400.000	4000.000	1.0000
401	Spectrogram 1	1	62054.559968750	62054.567968750	1400.000	4000.000	1.0000
402	Waveform 1	1	62078.063968750	62078.095968750	1400.000	4000.000	1.0000
402	Spectrogram 1	1	62078.063968750	62078.095968750	1400.000	4000.000	1.0000
403	Waveform 1	1	62091.271968750	62091.303968750	1400.000	4000.000	1.0000
403	Spectrogram 1	1	62091.271968750	62091.303968750	1400.000	4000.000	1.0000
404	Waveform 1	1	62092.199968750	62092.223968750	1400.000	4000.000	1.0000
404	Spectrogram 1	1	62092.199968750	62092.223968750	1400.000	4000.000	1.0000
405	Waveform 1	1	62812.007968750	62812.015968750	1400.000	4000.000	1.0000
405	Spectrogram 1	1	62812.007968750	62812.015968750	1400.000	4000.000	1.0000
406	Waveform 1	1	62897.839968750	62897.847968750	1400.000	4000.000	1.0000
406	Spectrogram 1	1	62897.839968750	62897.847968750	1400.000	4000.000	1.0000
407	Waveform 1	1	62988.951968750	62988.959968750	1400.000	4000.000	1.0000
407	Spectrogram 1	1	62988.951968750	62988.959968750	1400.000	4000.000	1.0000
408	Waveform 1	1	62989.023968750	62989.031968750	1400.000	4000.000	1.0000
408	Spectrogram 1	1	62989.023968750	62989.031968750	1400.000	4000.000	1.0000
409	Waveform 1	1	63343.343968750	63343.351968750	1400.000	4000.000	1.0000
409	Spectrogram 1	1	63343.343968750	63343.351968750	1400.000	4000.000	1.0000
410	Waveform 1	1	63409.943968750	63409.951968750	1400.000	4000.000	1.0000
410	Spectrogram 1	1	63409.943968750	63409.951968750	1400.000	4000.000	1.0000
411	Waveform 1	1	63658.143968750	63658.151968750	1400.000	4000.000	1.0000
411	Spectrogram 1	1	63658.143968750	63658.151968750	1400.000	4000.000	1.0000
412	Waveform 1	1	64258.119968750	64258.127968750	1400.000	4000.000	1.0000
412	Spectrogram 1	1	64258.119968750	64258.127968750	1400.000	4000.000	1.0000
413	Waveform 1	1	64489.399968750	64489.407968750	1400.000	4000.000	1.0000
413	Spectrogram 1	1	64489.399968750	64489.407968750	1400.000	4000.000	1.0000
414	Waveform 1	1	64489.535968750	64489.543968750	1400.000	4000.000	1.0000
414	Spectrogram 1	1	64489.535968750	64489.543968750	1400.000	4000.000	1.0000
415	Waveform 1	1	64490.583968750	64490.591968750	1400.000	4000.000	1.0000
415	Spectrogram 1	1	64490.583968750	64490.591968750	1400.000	4000.000	1.0000
416	Waveform 1	1	65041.679968750	65041.687968750	1400.000	4000.000	1.0000
416	Spectrogram 1	1	65041.679968750	65041.687968750	1400.000	4000.000	1.0000
417	Waveform 1	1	65960.215968750	65960.231968750	1400.000	4000.000	1.0000
417	Spectrogram 1	1	65960.215968750	65960.231968750	1400.000	4000.000	1.0000
418	Waveform 1	1	65988.671968750	65988.687968750	1400.000	4000.000	1.0000
418	Spectrogram 1	1	65988.671968750	65988.687968750	1400.000	4000.000	1.0000
419	Waveform 1	1	65988.735968750	65988.743968750	1400.000	4000.000	1.0000
419	Spectrogram 1	1	65988.735968750	65988.743968750	1400.000	4000.000	1.0000
420	Waveform 1	1	65989.223968750	65989.255968750	1400.000	4000.000	1.0000
420	Spectrogram 1	1	65989.223968750	65989.255968750	1400.000	4000.000	1.0000
421	Waveform 1	1	66004.007968750	66004.015968750	1400.000	4000.000	1.0000
421	Spectrogram 1	1	66004.007968750	66004.015968750	1400.000	4000.000	1.0000
422	Waveform 1	1	66086.471968750	66086.495968750	1400.000	4000.000	1.0000
422	Spectrogram 1	1	66086.471968750	66086.495968750	1400.000	4000.000	1.0000
423	Waveform 1	1	66087.031968750	66087.039968750	1400.000	4000.000	1.0000
423	Spectrogram 1	1	66087.031968750	66087.039968750	1400.000	4000.000	1.0000
424	Waveform 1	1	66111.607968750	66111.615968750	1400.000	4000.000	1.0000
424	Spectrogram 1	1	66111.607968750	66111.615968750	1400.000	4000.000	1.0000
425	Waveform 1	1	66169.911968750	66169.927968750	1400.000	4000.000	1.0000
425	Spectrogram 1	1	66169.911968750	66169.927968750	1400.000	4000.000	1.0000
426	Waveform 1	1	66170.463968750	66170.471968750	1400.000	4000.000	1.0000
426	Spectrogram 1	1	66170.463968750	66170.471968750	1400.000	4000.000	1.0000
427	Waveform 1	1	66349.407968750	66349.415968750	1400.000	4000.000	1.0000
427	Spectrogram 1	1	66349.407968750	66349.415968750	1400.000	4000.000	1.0000
428	Waveform 1	1	66437.559968750	66437.567968750	1400.000	4000.000	1.0000
428	Spectrogram 1	1	66437.559968750	66437.567968750	1400.000	4000.000	1.0000
429	Waveform 1	1	66443.079968750	66443.087968750	1400.000	4000.000	1.0000
429	Spectrogram 1	1	66443.079968750	66443.087968750	1400.000	4000.000	1.0000
430	Waveform 1	1	66650.607968750	66650.623968750	1400.000	4000.000	1.0000
430	Spectrogram 1	1	66650.607968750	66650.623968750	1400.000	4000.000	1.0000
431	Waveform 1	1	66861.487968750	66861.495968750	1400.000	4000.000	1.0000
431	Spectrogram 1	1	66861.487968750	66861.495968750	1400.000	4000.000	1.0000
432	Waveform 1	1	67108.015968750	67108.023968750	1400.000	4000.000	1.0000
432	Spectrogram 1	1	67108.015968750	67108.023968750	1400.000	4000.000	1.0000
433	Waveform 1	1	67200.879968750	67200.895968750	1400.000	4000.000	1.0000
433	Spectrogram 1	1	67200.879968750	67200.895968750	1400.000	4000.000	1.0000
434	Waveform 1	1	67628.783968750	67628.799968750	1400.000	4000.000	1.0000
434	Spectrogram 1	1	67628.783968750	67628.799968750	1400.000	4000.000	1.0000
435	Waveform 1	1	68042.183968750	68042.191968750	1400.000	4000.000	1.0000
435	Spectrogram 1	1	68042.183968750	68042.191968750	1400.000	4000.000	1.0000
436	Waveform 1	1	68242.711968750	68242.719968750	1400.000	4000.000	1.0000
436	Spectrogram 1	1	68242.711968750	68242.719968750	1400.000	4000.000	1.0000
437	Waveform 1	1	68319.375968750	68319.383968750	1400.000	4000.000	1.0000
437	Spectrogram 1	1	68319.375968750	68319.383968750	1400.000	4000.000	1.0000
438	Waveform 1	1	68319.455968750	68319.463968750	1400.000	4000.000	1.0000
438	Spectrogram 1	1	68319.455968750	68319.463968750	1400.000	4000.000	1.0000
439	Waveform 1	1	68453.247968750	68453.255968750	1400.000	4000.000	1.0000
439	Spectrogram 1	1	68453.247968750	68453.255968750	1400.000	4000.000	1.0000
440	Waveform 1	1	68663.999968750	68664.007968750	1400.000	4000.000	1.0000
440	Spectrogram 1	1	68663.999968750	68664.007968750	1400.000	4000.000	1.0000
441	Waveform 1	1	68834.239968750	68834.247968750	1400.000	4000.000	1.0000
441	Spectrogram 1	1	68834.239968750	68834.247968750	1400.000	4000.000	1.0000
442	Waveform 1	1	68834.479968750	68834.487968750	1400.000	4000.000	1.0000
442	Spectrogram 1	1	68834.479968750	68834.487968750	1400.000	4000.000	1.0000
443	Waveform 1	1	68996.607968750	68996.623968750	1400.000	4000.000	1.0000
443	Spectrogram 1	1	68996.607968750	68996.623968750	1400.000	4000.000	1.0000
444	Waveform 1	1	69127.591968750	69127.615968750	1400.000	4000.000	1.0000
444	Spectrogram 1	1	69127.591968750	69127.615968750	1400.000	4000.000	1.0000
445	Waveform 1	1	69228.631968750	69228.639968750	1400.000	4000.000	1.0000
445	Spectrogram 1	1	69228.631968750	69228.639968750	1400.000	4000.000	1.0000
446	Waveform 1	1	69230.895968750	69230.903968750	1400.000	4000.000	1.0000
446	Spectrogram 1	1	69230.895968750	69230.903968750	1400.000	4000.000	1.0000
447	Waveform 1	1	69231.495968750	69231.503968750	1400.000	4000.000	1.0000
447	Spectrogram 1	1	69231.495968750	69231.503968750	1400.000	4000.000	1.0000
448	Waveform 1	1	69231.543968750	69231.551968750	1400.000	4000.000	1.0000
448	Spectrogram 1	1	69231.543968750	69231.551968750	1400.000	4000.000	1.0000
449	Waveform 1	1	69231.695968750	69231.703968750	1400.000	4000.000	1.0000
449	Spectrogram 1	1	69231.695968750	69231.703968750	1400.000	4000.000	1.0000
450	Waveform 1	1	69668.935968750	69668.943968750	1400.000	4000.000	1.0000
450	Spectrogram 1	1	69668.935968750	69668.943968750	1400.000	4000.000	1.0000
451	Waveform 1	1	69676.015968750	69676.023968750	1400.000	4000.000	1.0000
451	Spectrogram 1	1	69676.015968750	69676.023968750	1400.000	4000.000	1.0000
452	Waveform 1	1	69911.463968750	69911.471968750	1400.000	4000.000	1.0000
452	Spectrogram 1	1	69911.463968750	69911.471968750	1400.000	4000.000	1.0000
453	Waveform 1	1	70004.879968750	70004.887968750	1400.000	4000.000	1.0000
453	Spectrogram 1	1	70004.879968750	70004.887968750	1400.000	4000.000	1.0000
454	Waveform 1	1	71549.991968750	71549.999968750	1400.000	4000.000	1.0000
454	Spectrogram 1	1	71549.991968750	71549.999968750	1400.000	4000.000	1.0000
455	Waveform 1	1	71986.415968750	71986.423968750	1400.000	4000.000	1.0000
455	Spectrogram 1	1	71986.415968750	71986.423968750	1400.000	4000.000	1.0000
456	Waveform 1	1	72004.071968750	72004.079968750	1400.000	4000.000	1.0000
456	Spectrogram 1	1	72004.071968750	72004.079968750	1400.000	4000.000	1.0000
457	Waveform 1	1	72553.391968750	72553.399968750	1400.000	4000.000	1.0000
457	Spectrogram 1	1	72553.391968750	72553.399968750	1400.000	4000.000	1.0000
458	Waveform 1	1	72793.903968750	72793.911968750	1400.000	4000.000	1.0000
458	Spectrogram 1	1	72793.903968750	72793.911968750	1400.000	4000.000	1.0000
459	Waveform 1	1	73195.559968750	73195.567968750	1400.000	4000.000	1.0000
459	Spectrogram 1	1	73195.559968750	73195.567968750	1400.000	4000.000	1.0000
460	Waveform 1	1	73196.975968750	73196.983968750	1400.000	4000.000	1.0000
460	Spectrogram 1	1	73196.975968750	73196.983968750	1400.000	4000.000	1.0000
461	Waveform 1	1	73951.527968750	73951.535968750	1400.000	4000.000	1.0000
461	Spectrogram 1	1	73951.527968750	73951.535968750	1400.000	4000.000	1.0000
462	Waveform 1	1	74103.671968750	74103.679968750	1400.000	4000.000	1.0000
462	Spectrogram 1	1	74103.671968750	74103.679968750	1400.000	4000.000	1.0000
463	Waveform 1	1	74606.231968750	74606.239968750	1400.000	4000.000	1.0000
463	Spectrogram 1	1	74606.231968750	74606.239968750	1400.000	4000.000	1.0000
464	Waveform 1	1	74698.719968750	74698.735968750	1400.000	4000.000	1.0000
464	Spectrogram 1	1	74698.719968750	74698.735968750	1400.000	4000.000	1.0000
465	Waveform 1	1	74714.575968750	74714.583968750	1400.000	4000.000	1.0000
465	Spectrogram 1	1	74714.575968750	74714.583968750	1400.000	4000.000	1.0000
466	Waveform 1	1	74781.295968750	74781.319968750	1400.000	4000.000	1.0000
466	Spectrogram 1	1	74781.295968750	74781.319968750	1400.000	4000.000	1.0000
467	Waveform 1	1	74871.871968750	74871.879968750	1400.000	4000.000	1.0000
467	Spectrogram 1	1	74871.871968750	74871.879968750	1400.000	4000.000	1.0000
468	Waveform 1	1	75949.615968750	75949.623968750	1400.000	4000.000	1.0000
468	Spectrogram 1	1	75949.615968750	75949.623968750	1400.000	4000.000	1.0000
469	Waveform 1	1	76122.647968750	76122.655968750	1400.000	4000.000	1.0000
469	Spectrogram 1	1	76122.647968750	76122.655968750	1400.000	4000.000	1.0000
470	Waveform 1	1	77600.903968750	77600.911968750	1400.000	4000.000	1.0000
470	Spectrogram 1	1	77600.903968750	77600.911968750	1400.000	4000.000	1.0000
471	Waveform 1	1	77602.207968750	77602.215968750	1400.000	4000.000	1.0000
471	Spectrogram 1	1	77602.207968750	77602.215968750	1400.000	4000.000	1.0000
472	Waveform 1	1	77735.775968750	77735.783968750	1400.000	4000.000	1.0000
472	Spectrogram 1	1	77735.775968750	77735.783968750	1400.000	4000.000	1.0000
473	Waveform 1	1	77741.775968750	77741.783968750	1400.000	4000.000	1.0000
473	Spectrogram 1	1	77741.775968750	77741.783968750	1400.000	4000.000	1.0000
474	Waveform 1	1	77941.511968750	77941.519968750	1400.000	4000.000	1.0000
474	Spectrogram 1	1	77941.511968750	77941.519968750	1400.000	4000.000	1.0000
475	Waveform 1	1	78312.791968750	78312.799968750	1400.000	4000.000	1.0000
475	Spectrogram 1	1	78312.791968750	78312.799968750	1400.000	4000.000	1.0000
476	Waveform 1	1	78525.503968750	78525.511968750	1400.000	4000.000	1.0000
476	Spectrogram 1	1	78525.503968750	78525.511968750	1400.000	4000.000	1.0000
477	Waveform 1	1	78642.127968750	78642.135968750	1400.000	4000.000	1.0000
477	Spectrogram 1	1	78642.127968750	78642.135968750	1400.000	4000.000	1.0000
478	Waveform 1	1	78642.199968750	78642.207968750	1400.000	4000.000	1.0000
478	Spectrogram 1	1	78642.199968750	78642.207968750	1400.000	4000.000	1.0000
479	Waveform 1	1	78661.319968750	78661.327968750	1400.000	4000.000	1.0000
479	Spectrogram 1	1	78661.319968750	78661.327968750	1400.000	4000.000	1.0000
480	Waveform 1	1	79200.575968750	79200.583968750	1400.000	4000.000	1.0000
480	Spectrogram 1	1	79200.575968750	79200.583968750	1400.000	4000.000	1.0000
481	Waveform 1	1	79203.111968750	79203.119968750	1400.000	4000.000	1.0000
481	Spectrogram 1	1	79203.111968750	79203.119968750	1400.000	4000.000	1.0000
482	Waveform 1	1	79203.743968750	79203.751968750	1400.000	4000.000	1.0000
482	Spectrogram 1	1	79203.743968750	79203.751968750	1400.000	4000.000	1.0000
483	Waveform 1	1	79736.823968750	79736.831968750	1400.000	4000.000	1.0000
483	Spectrogram 1	1	79736.823968750	79736.831968750	1400.000	4000.000	1.0000
484	Waveform 1	1	79765.543968750	79765.559968750	1400.000	4000.000	1.0000
484	Spectrogram 1	1	79765.543968750	79765.559968750	1400.000	4000.000	1.0000
485	Waveform 1	1	79765.591968750	79765.599968750	1400.000	4000.000	1.0000
485	Spectrogram 1	1	79765.591968750	79765.599968750	1400.000	4000.000	1.0000
486	Waveform 1	1	79765.687968750	79765.695968750	1400.000	4000.000	1.0000
486	Spectrogram 1	1	79765.687968750	79765.695968750	1400.000	4000.000	1.0000
487	Waveform 1	1	79886.927968750	79886.935968750	1400.000	4000.000	1.0000
487	Spectrogram 1	1	79886.927968750	79886.935968750	1400.000	4000.000	1.0000
488	Waveform 1	1	80038.703968750	80038.711968750	1400.000	4000.000	1.0000
488	Spectrogram 1	1	80038.703968750	80038.711968750	1400.000	4000.000	1.0000
489	Waveform 1	1	80118.575968750	80118.583968750	1400.000	4000.000	1.0000
489	Spectrogram 1	1	80118.575968750	80118.583968750	1400.000	4000.000	1.0000
490	Waveform 1	1	80512.855968750	80512.863968750	1400.000	4000.000	1.0000
490	Spectrogram 1	1	80512.855968750	80512.863968750	1400.000	4000.000	1.0000
491	Waveform 1	1	80576.535968750	80576.543968750	1400.000	4000.000	1.0000
491	Spectrogram 1	1	80576.535968750	80576.543968750	1400.000	4000.000	1.0000
492	Waveform 1	1	80677.095968750	80677.103968750	1400.000	4000.000	1.0000
492	Spectrogram 1	1	80677.095968750	80677.103968750	1400.000	4000.000	1.0000
493	Waveform 1	1	80681.255968750	80681.263968750	1400.000	4000.000	1.0000
493	Spectrogram 1	1	80681.255968750	80681.263968750	1400.000	4000.000	1.0000
494	Waveform 1	1	80688.631968750	80688.639968750	1400.000	4000.000	1.0000
494	Spectrogram 1	1	80688.631968750	80688.639968750	1400.000	4000.000	1.0000
495	Waveform 1	1	80689.991968750	80689.999968750	1400.000	4000.000	1.0000
495	Spectrogram 1	1	80689.991968750	80689.999968750	1400.000	4000.000	1.0000
496	Waveform 1	1	80691.895968750	80691.903968750	1400.000	4000.000	1.0000
496	Spectrogram 1	1	80691.895968750	80691.903968750	1400.000	4000.000	1.0000
497	Waveform 1	1	80776.615968750	80776.623968750	1400.000	4000.000	1.0000
497	Spectrogram 1	1	80776.615968750	80776.623968750	1400.000	4000.000	1.0000
498	Waveform 1	1	80941.879968750	80941.887968750	1400.000	4000.000	1.0000
498	Spectrogram 1	1	80941.879968750	80941.887968750	1400.000	4000.000	1.0000
499	Waveform 1	1	80969.967968750	80969.975968750	1400.000	4000.000	1.0000
499	Spectrogram 1	1	80969.967968750	80969.975968750	1400.000	4000.000	1.0000
500	Waveform 1	1	80970.191968750	80970.207968750	1400.000	4000.000	1.0000
500	Spectrogram 1	1	80970.191968750	80970.207968750	1400.000	4000.000	1.0000
501	Waveform 1	1	80971.887968750	80971.895968750	1400.000	4000.000	1.0000
501	Spectrogram 1	1	80971.887968750	80971.895968750	1400.000	4000.000	1.0000
502	Waveform 1	1	80975.495968750	80975.503968750	1400.000	4000.000	1.0000
502	Spectrogram 1	1	80975.495968750	80975.503968750	1400.000	4000.000	1.0000
503	Waveform 1	1	81291.439968750	81291.447968750	1400.000	4000.000	1.0000
503	Spectrogram 1	1	81291.439968750	81291.447968750	1400.000	4000.000	1.0000
504	Waveform 1	1	81378.471968750	81378.487968750	1400.000	4000.000	1.0000
504	Spectrogram 1	1	81378.471968750	81378.487968750	1400.000	4000.000	1.0000
505	Waveform 1	1	82086.879968750	82086.887968750	1400.000	4000.000	1.0000
505	Spectrogram 1	1	82086.879968750	82086.887968750	1400.000	4000.000	1.0000
506	Waveform 1	1	82149.103968750	82149.111968750	1400.000	4000.000	1.0000
506	Spectrogram 1	1	82149.103968750	82149.111968750	1400.000	4000.000	1.0000
507	Waveform 1	1	82161.559968750	82161.567968750	1400.000	4000.000	1.0000
507	Spectrogram 1	1	82161.559968750	82161.567968750	1400.000	4000.000	1.0000
508	Waveform 1	1	82245.119968750	82245.127968750	1400.000	4000.000	1.0000
508	Spectrogram 1	1	82245.119968750	82245.127968750	1400.000	4000.000	1.0000
509	Waveform 1	1	83383.591968750	83383.599968750	1400.000	4000.000	1.0000
509	Spectrogram 1	1	83383.591968750	83383.599968750	1400.000	4000.000	1.0000
510	Waveform 1	1	83383.735968750	83383.743968750	1400.000	4000.000	1.0000
510	Spectrogram 1	1	83383.735968750	83383.743968750	1400.000	4000.000	1.0000
511	Waveform 1	1	84152.271968750	84152.279968750	1400.000	4000.000	1.0000
511	Spectrogram 1	1	84152.271968750	84152.279968750	1400.000	4000.000	1.0000
512	Waveform 1	1	84152.351968750	84152.359968750	1400.000	4000.000	1.0000
512	Spectrogram 1	1	84152.351968750	84152.359968750	1400.000	4000.000	1.0000
513	Waveform 1	1	84346.503968750	84346.511968750	1400.000	4000.000	1.0000
513	Spectrogram 1	1	84346.503968750	84346.511968750	1400.000	4000.000	1.0000
514	Waveform 1	1	84494.887968750	84494.903968750	1400.000	4000.000	1.0000
514	Spectrogram 1	1	84494.887968750	84494.903968750	1400.000	4000.000	1.0000
515	Waveform 1	1	84699.175968750	84699.207968750	1400.000	4000.000	1.0000
515	Spectrogram 1	1	84699.175968750	84699.207968750	1400.000	4000.000	1.0000
516	Waveform 1	1	85790.215968750	85790.223968750	1400.000	4000.000	1.0000
516	Spectrogram 1	1	85790.215968750	85790.223968750	1400.000	4000.000	1.0000
517	Waveform 1	1	86069.495968750	86069.503968750	1400.000	4000.000	1.0000
517	Spectrogram 1	1	86069.495968750	86069.503968750	1400.000	4000.000	1.0000
518	Waveform 1	1	86086.119968750	86086.127968750	1400.000	4000.000	1.0000
518	Spectrogram 1	1	86086.119968750	86086.127968750	1400.000	4000.000	1.0000
519	Waveform 1	1	86367.087968750	86367.103968750	1400.000	4000.000	1.0000
519	Spectrogram 1	1	86367.087968750	86367.103968750	1400.000	4000.000	1.0000
520	Waveform 1	1	86385.703968750	86385.711968750	1400.000	4000.000	1.0000
520	Spectrogram 1	1	86385.703968750	86385.711968750	1400.000	4000.000	1.0000
