Selection	View	Channel	Begin Time (s)	End Time (s)	Low Freq (Hz)	High Freq (Hz)	Occupancy
1	Waveform 1	1	5945.327093750	5945.346593750	1400.000	4000.000	1.0000
1	Spectrogram 1	1	5945.327093750	5945.346593750	1400.000	4000.000	1.0000
2	Waveform 1	1	5945.796718750	5945.819468750	1400.000	4000.000	1.0000
2	Spectrogram 1	1	5945.796718750	5945.819468750	1400.000	4000.000	1.0000
3	Waveform 1	1	10573.648843750	10573.663468750	1400.000	4000.000	1.0000
3	Spectrogram 1	1	10573.648843750	10573.663468750	1400.000	4000.000	1.0000
4	Waveform 1	1	11136.417218750	11136.433468750	1400.000	4000.000	1.0000
4	Spectrogram 1	1	11136.417218750	11136.433468750	1400.000	4000.000	1.0000
5	Waveform 1	1	11735.775718750	11735.787093750	1400.000	4000.000	1.0000
5	Spectrogram 1	1	11735.775718750	11735.787093750	1400.000	4000.000	1.0000
6	Waveform 1	1	11767.294218750	11767.323468750	1400.000	4000.000	1.0000
6	Spectrogram 1	1	11767.294218750	11767.323468750	1400.000	4000.000	1.0000
7	Waveform 1	1	11769.968968750	11769.983593750	1400.000	4000.000	1.0000
7	Spectrogram 1	1	11769.968968750	11769.983593750	1400.000	4000.000	1.0000
8	Waveform 1	1	12041.600718750	12041.615343750	1400.000	4000.000	1.0000
8	Spectrogram 1	1	12041.600718750	12041.615343750	1400.000	4000.000	1.0000
9	Waveform 1	1	12073.044468750	12073.062343750	1400.000	4000.000	1.0000
9	Spectrogram 1	1	12073.044468750	12073.062343750	1400.000	4000.000	1.0000
10	Waveform 1	1	12083.293343750	12083.325843750	1400.000	4000.000	0.8500
10	Spectrogram 1	1	12083.293343750	12083.325843750	1400.000	4000.000	0.8500
11	Waveform 1	1	12086.986968750	12087.003218750	1400.000	4000.000	1.0000
11	Spectrogram 1	1	12086.986968750	12087.003218750	1400.000	4000.000	1.0000
12	Waveform 1	1	12095.354093750	12095.367093750	1400.000	4000.000	1.0000
12	Spectrogram 1	1	12095.354093750	12095.367093750	1400.000	4000.000	1.0000
13	Waveform 1	1	12108.319968750	12108.329718750	1400.000	4000.000	1.0000
13	Spectrogram 1	1	12108.319968750	12108.329718750	1400.000	4000.000	1.0000
14	Waveform 1	1	12112.060718750	12112.070468750	1400.000	4000.000	1.0000
14	Spectrogram 1	1	12112.060718750	12112.070468750	1400.000	4000.000	1.0000
15	Waveform 1	1	12122.891343750	12122.909218750	1400.000	4000.000	1.0000
15	Spectrogram 1	1	12122.891343750	12122.909218750	1400.000	4000.000	1.0000
16	Waveform 1	1	12123.191968750	12123.217968750	1400.000	4000.000	1.0000
16	Spectrogram 1	1	12123.191968750	12123.217968750	1400.000	4000.000	1.0000
17	Waveform 1	1	12128.533343750	12128.551218750	1400.000	4000.000	1.0000
17	Spectrogram 1	1	12128.533343750	12128.551218750	1400.000	4000.000	1.0000
18	Waveform 1	1	12139.003218750	12139.016218750	1400.000	4000.000	1.0000
18	Spectrogram 1	1	12139.003218750	12139.016218750	1400.000	4000.000	1.0000
19	Waveform 1	1	12139.297343750	12139.313593750	1400.000	4000.000	1.0000
19	Spectrogram 1	1	12139.297343750	12139.313593750	1400.000	4000.000	1.0000
20	Waveform 1	1	12139.349343750	12139.359093750	1400.000	4000.000	1.0000
20	Spectrogram 1	1	12139.349343750	12139.359093750	1400.000	4000.000	1.0000
21	Waveform 1	1	12144.453468750	12144.464843750	1400.000	4000.000	1.0000
21	Spectrogram 1	1	12144.453468750	12144.464843750	1400.000	4000.000	1.0000
22	Waveform 1	1	12144.534718750	12144.549343750	1400.000	4000.000	1.0000
22	Spectrogram 1	1	12144.534718750	12144.549343750	1400.000	4000.000	1.0000
23	Waveform 1	1	12144.583468750	12144.598093750	1400.000	4000.000	1.0000
23	Spectrogram 1	1	12144.583468750	12144.598093750	1400.000	4000.000	1.0000
24	Waveform 1	1	12144.685843750	12144.710218750	1400.000	4000.000	1.0000
24	Spectrogram 1	1	12144.685843750	12144.710218750	1400.000	4000.000	1.0000
25	Waveform 1	1	12149.286218750	12149.310593750	1400.000	4000.000	1.0000
25	Spectrogram 1	1	12149.286218750	12149.310593750	1400.000	4000.000	1.0000
26	Waveform 1	1	12173.874093750	12173.904968750	1400.000	4000.000	1.0000
26	Spectrogram 1	1	12173.874093750	12173.904968750	1400.000	4000.000	1.0000
27	Waveform 1	1	12174.062593750	12174.075593750	1400.000	4000.000	1.0000
27	Spectrogram 1	1	12174.062593750	12174.075593750	1400.000	4000.000	1.0000
28	Waveform 1	1	12185.117468750	12185.130468750	1400.000	4000.000	1.0000
28	Spectrogram 1	1	12185.117468750	12185.130468750	1400.000	4000.000	1.0000
29	Waveform 1	1	12185.288093750	12185.305968750	1400.000	4000.000	1.0000
29	Spectrogram 1	1	12185.288093750	12185.305968750	1400.000	4000.000	1.0000
30	Waveform 1	1	12190.185843750	12190.200468750	1400.000	4000.000	1.0000
30	Spectrogram 1	1	12190.185843750	12190.200468750	1400.000	4000.000	1.0000
31	Waveform 1	1	12192.150468750	12192.176468750	1400.000	4000.000	0.8750
31	Spectrogram 1	1	12192.150468750	12192.176468750	1400.000	4000.000	0.8750
32	Waveform 1	1	12201.599843750	12201.616093750	1400.000	4000.000	1.0000
32	Spectrogram 1	1	12201.599843750	12201.616093750	1400.000	4000.000	1.0000
33	Waveform 1	1	12201.762343750	12201.775343750	1400.000	4000.000	1.0000
33	Spectrogram 1	1	12201.762343750	12201.775343750	1400.000	4000.000	1.0000
34	Waveform 1	1	12206.837218750	12206.851843750	1400.000	4000.000	1.0000
34	Spectrogram 1	1	12206.837218750	12206.851843750	1400.000	4000.000	1.0000
35	Waveform 1	1	12212.108718750	12212.124968750	1400.000	4000.000	1.0000
35	Spectrogram 1	1	12212.108718750	12212.124968750	1400.000	4000.000	1.0000
36	Waveform 1	1	12218.993843750	12219.001968750	1400.000	4000.000	1.0000
36	Spectrogram 1	1	12218.993843750	12219.001968750	1400.000	4000.000	1.0000
37	Waveform 1	1	12252.166593750	12252.182843750	1400.000	4000.000	1.0000
37	Spectrogram 1	1	12252.166593750	12252.182843750	1400.000	4000.000	1.0000
38	Waveform 1	1	12253.154593750	12253.169218750	1400.000	4000.000	1.0000
38	Spectrogram 1	1	12253.154593750	12253.169218750	1400.000	4000.000	1.0000
39	Waveform 1	1	12253.393468750	12253.403218750	1400.000	4000.000	1.0000
39	Spectrogram 1	1	12253.393468750	12253.403218750	1400.000	4000.000	1.0000
40	Waveform 1	1	12275.880218750	12275.893218750	1400.000	4000.000	1.0000
40	Spectrogram 1	1	12275.880218750	12275.893218750	1400.000	4000.000	1.0000
41	Waveform 1	1	12310.432593750	12310.452093750	1400.000	4000.000	1.0000
41	Spectrogram 1	1	12310.432593750	12310.452093750	1400.000	4000.000	1.0000
42	Waveform 1	1	12374.709468750	12374.727343750	1400.000	4000.000	1.0000
42	Spectrogram 1	1	12374.709468750	12374.727343750	1400.000	4000.000	1.0000
43	Waveform 1	1	12374.790718750	12374.806968750	1400.000	4000.000	1.0000
43	Spectrogram 1	1	12374.790718750	12374.806968750	1400.000	4000.000	1.0000
44	Waveform 1	1	12379.759968750	12379.776218750	1400.000	4000.000	1.0000
44	Spectrogram 1	1	12379.759968750	12379.776218750	1400.000	4000.000	1.0000
45	Waveform 1	1	12388.950968750	12388.970468750	1400.000	4000.000	1.0000
45	Spectrogram 1	1	12388.950968750	12388.970468750	1400.000	4000.000	1.0000
46	Waveform 1	1	12394.635218750	12394.657968750	1400.000	4000.000	1.0000
46	Spectrogram 1	1	12394.635218750	12394.657968750	1400.000	4000.000	1.0000
47	Waveform 1	1	12400.100093750	12400.126093750	1400.000	4000.000	1.0000
47	Spectrogram 1	1	12400.100093750	12400.126093750	1400.000	4000.000	1.0000
48	Waveform 1	1	12405.753468750	12405.768093750	1400.000	4000.000	1.0000
48	Spectrogram 1	1	12405.753468750	12405.768093750	1400.000	4000.000	1.0000
49	Waveform 1	1	12405.810343750	12405.818468750	1400.000	4000.000	1.0000
49	Spectrogram 1	1	12405.810343750	12405.818468750	1400.000	4000.000	1.0000
50	Waveform 1	1	12410.745468750	12410.755218750	1400.000	4000.000	1.0000
50	Spectrogram 1	1	12410.745468750	12410.755218750	1400.000	4000.000	1.0000
51	Waveform 1	1	12418.038468750	12418.059593750	1400.000	4000.000	1.0000
51	Spectrogram 1	1	12418.038468750	12418.059593750	1400.000	4000.000	1.0000
52	Waveform 1	1	12421.421718750	12421.436343750	1400.000	4000.000	1.0000
52	Spectrogram 1	1	12421.421718750	12421.436343750	1400.000	4000.000	1.0000
53	Waveform 1	1	12423.033718750	12423.045093750	1400.000	4000.000	1.0000
53	Spectrogram 1	1	12423.033718750	12423.045093750	1400.000	4000.000	1.0000
54	Waveform 1	1	12437.787093750	12437.795218750	1400.000	4000.000	1.0000
54	Spectrogram 1	1	12437.787093750	12437.795218750	1400.000	4000.000	1.0000
55	Waveform 1	1	12437.839093750	12437.860218750	1400.000	4000.000	1.0000
55	Spectrogram 1	1	12437.839093750	12437.860218750	1400.000	4000.000	1.0000
56	Waveform 1	1	12445.946218750	12445.957593750	1400.000	4000.000	1.0000
56	Spectrogram 1	1	12445.946218750	12445.957593750	1400.000	4000.000	1.0000
57	Waveform 1	1	12451.021093750	12451.034093750	1400.000	4000.000	1.0000
57	Spectrogram 1	1	12451.021093750	12451.034093750	1400.000	4000.000	1.0000
58	Waveform 1	1	12456.099218750	12456.128468750	1400.000	4000.000	0.8333
58	Spectrogram 1	1	12456.099218750	12456.128468750	1400.000	4000.000	0.8333
59	Waveform 1	1	12462.066218750	12462.075968750	1400.000	4000.000	1.0000
59	Spectrogram 1	1	12462.066218750	12462.075968750	1400.000	4000.000	1.0000
60	Waveform 1	1	12462.114968750	12462.126343750	1400.000	4000.000	1.0000
60	Spectrogram 1	1	12462.114968750	12462.126343750	1400.000	4000.000	1.0000
61	Waveform 1	1	12462.176718750	12462.191343750	1400.000	4000.000	1.0000
61	Spectrogram 1	1	12462.176718750	12462.191343750	1400.000	4000.000	1.0000
62	Waveform 1	1	12467.734218750	12467.745593750	1400.000	4000.000	1.0000
62	Spectrogram 1	1	12467.734218750	12467.745593750	1400.000	4000.000	1.0000
63	Waveform 1	1	12493.683843750	12493.698468750	1400.000	4000.000	1.0000
63	Spectrogram 1	1	12493.683843750	12493.698468750	1400.000	4000.000	1.0000
64	Waveform 1	1	12691.105093750	12691.118093750	1400.000	4000.000	1.0000
64	Spectrogram 1	1	12691.105093750	12691.118093750	1400.000	4000.000	1.0000
65	Waveform 1	1	12691.155468750	12691.166843750	1400.000	4000.000	1.0000
65	Spectrogram 1	1	12691.155468750	12691.166843750	1400.000	4000.000	1.0000
66	Waveform 1	1	12708.468218750	12708.477968750	1400.000	4000.000	1.0000
66	Spectrogram 1	1	12708.468218750	12708.477968750	1400.000	4000.000	1.0000
67	Waveform 1	1	12819.689718750	12819.707593750	1400.000	4000.000	1.0000
67	Spectrogram 1	1	12819.689718750	12819.707593750	1400.000	4000.000	1.0000
68	Waveform 1	1	12824.309593750	12824.333968750	1400.000	4000.000	1.0000
68	Spectrogram 1	1	12824.309593750	12824.333968750	1400.000	4000.000	1.0000
69	Waveform 1	1	12847.842843750	12847.873718750	1400.000	4000.000	1.0000
69	Spectrogram 1	1	12847.842843750	12847.873718750	1400.000	4000.000	1.0000
70	Waveform 1	1	12852.319718750	12852.337593750	1400.000	4000.000	1.0000
70	Spectrogram 1	1	12852.319718750	12852.337593750	1400.000	4000.000	1.0000
71	Waveform 1	1	12887.174343750	12887.193843750	1400.000	4000.000	1.0000
71	Spectrogram 1	1	12887.174343750	12887.193843750	1400.000	4000.000	1.0000
72	Waveform 1	1	12892.606718750	12892.614843750	1400.000	4000.000	1.0000
72	Spectrogram 1	1	12892.606718750	12892.614843750	1400.000	4000.000	1.0000
73	Waveform 1	1	12897.822968750	12897.834343750	1400.000	4000.000	1.0000
73	Spectrogram 1	1	12897.822968750	12897.834343750	1400.000	4000.000	1.0000
74	Waveform 1	1	12902.996968750	12903.005093750	1400.000	4000.000	1.0000
74	Spectrogram 1	1	12902.996968750	12903.005093750	1400.000	4000.000	1.0000
75	Waveform 1	1	12910.621468750	12910.639343750	1400.000	4000.000	1.0000
75	Spectrogram 1	1	12910.621468750	12910.639343750	1400.000	4000.000	1.0000
76	Waveform 1	1	12915.117843750	12915.130843750	1400.000	4000.000	1.0000
76	Spectrogram 1	1	12915.117843750	12915.130843750	1400.000	4000.000	1.0000
77	Waveform 1	1	13027.772593750	13027.780718750	1400.000	4000.000	1.0000
77	Spectrogram 1	1	13027.772593750	13027.780718750	1400.000	4000.000	1.0000
78	Waveform 1	1	13063.052968750	13063.062718750	1400.000	4000.000	1.0000
78	Spectrogram 1	1	13063.052968750	13063.062718750	1400.000	4000.000	1.0000
79	Waveform 1	1	13092.928593750	13092.936718750	1400.000	4000.000	1.0000
79	Spectrogram 1	1	13092.928593750	13092.936718750	1400.000	4000.000	1.0000
80	Waveform 1	1	13101.136468750	13101.149468750	1400.000	4000.000	1.0000
80	Spectrogram 1	1	13101.136468750	13101.149468750	1400.000	4000.000	1.0000
81	Waveform 1	1	13175.465593750	13175.475343750	1400.000	4000.000	1.0000
81	Spectrogram 1	1	13175.465593750	13175.475343750	1400.000	4000.000	1.0000
82	Waveform 1	1	13175.616718750	13175.629718750	1400.000	4000.000	1.0000
82	Spectrogram 1	1	13175.616718750	13175.629718750	1400.000	4000.000	1.0000
83	Waveform 1	1	13181.409843750	13181.422843750	1400.000	4000.000	1.0000
83	Spectrogram 1	1	13181.409843750	13181.422843750	1400.000	4000.000	1.0000
84	Waveform 1	1	13190.974593750	13190.987593750	1400.000	4000.000	1.0000
84	Spectrogram 1	1	13190.974593750	13190.987593750	1400.000	4000.000	1.0000
85	Waveform 1	1	13195.935718750	13195.951968750	1400.000	4000.000	1.0000
85	Spectrogram 1	1	13195.935718750	13195.951968750	1400.000	4000.000	1.0000
86	Waveform 1	1	13214.280343750	13214.288468750	1400.000	4000.000	1.0000
86	Spectrogram 1	1	13214.280343750	13214.288468750	1400.000	4000.000	1.0000
87	Waveform 1	1	13246.268468750	13246.287968750	1400.000	4000.000	1.0000
87	Spectrogram 1	1	13246.268468750	13246.287968750	1400.000	4000.000	1.0000
88	Waveform 1	1	13282.143593750	13282.156593750	1400.000	4000.000	1.0000
88	Spectrogram 1	1	13282.143593750	13282.156593750	1400.000	4000.000	1.0000
89	Waveform 1	1	13287.023468750	13287.033218750	1400.000	4000.000	1.0000
89	Spectrogram 1	1	13287.023468750	13287.033218750	1400.000	4000.000	1.0000
90	Waveform 1	1	13298.008468750	13298.036093750	1400.000	4000.000	1.0000
90	Spectrogram 1	1	13298.008468750	13298.036093750	1400.000	4000.000	1.0000
91	Waveform 1	1	13303.775593750	13303.793468750	1400.000	4000.000	1.0000
91	Spectrogram 1	1	13303.775593750	13303.793468750	1400.000	4000.000	1.0000
92	Waveform 1	1	13304.079468750	13304.094093750	1400.000	4000.000	1.0000
92	Spectrogram 1	1	13304.079468750	13304.094093750	1400.000	4000.000	1.0000
93	Waveform 1	1	13340.277968750	13340.302343750	1400.000	4000.000	1.0000
93	Spectrogram 1	1	13340.277968750	13340.302343750	1400.000	4000.000	1.0000
94	Waveform 1	1	13350.479718750	13350.510593750	1400.000	4000.000	1.0000
94	Spectrogram 1	1	13350.479718750	13350.510593750	1400.000	4000.000	1.0000
95	Waveform 1	1	13608.248593750	13608.259968750	1400.000	4000.000	1.0000
95	Spectrogram 1	1	13608.248593750	13608.259968750	1400.000	4000.000	1.0000
96	Waveform 1	1	13608.500468750	13608.508593750	1400.000	4000.000	1.0000
96	Spectrogram 1	1	13608.500468750	13608.508593750	1400.000	4000.000	1.0000
97	Waveform 1	1	13673.932718750	13673.961968750	1400.000	4000.000	1.0000
97	Spectrogram 1	1	13673.932718750	13673.961968750	1400.000	4000.000	1.0000
98	Waveform 1	1	13678.968593750	13678.992968750	1400.000	4000.000	1.0000
98	Spectrogram 1	1	13678.968593750	13678.992968750	1400.000	4000.000	1.0000
99	Waveform 1	1	13682.395718750	13682.410343750	1400.000	4000.000	1.0000
99	Spectrogram 1	1	13682.395718750	13682.410343750	1400.000	4000.000	1.0000
100	Waveform 1	1	13691.429093750	13691.450218750	1400.000	4000.000	1.0000
100	Spectrogram 1	1	13691.429093750	13691.450218750	1400.000	4000.000	1.0000
101	Waveform 1	1	14066.085843750	14066.093968750	1400.000	4000.000	1.0000
101	Spectrogram 1	1	14066.085843750	14066.093968750	1400.000	4000.000	1.0000
102	Waveform 1	1	14376.322718750	14376.335718750	1400.000	4000.000	1.0000
102	Spectrogram 1	1	14376.322718750	14376.335718750	1400.000	4000.000	1.0000
103	Waveform 1	1	14403.915218750	14403.924968750	1400.000	4000.000	1.0000
103	Spectrogram 1	1	14403.915218750	14403.924968750	1400.000	4000.000	1.0000
104	Waveform 1	1	14409.445093750	14409.458093750	1400.000	4000.000	1.0000
104	Spectrogram 1	1	14409.445093750	14409.458093750	1400.000	4000.000	1.0000
105	Waveform 1	1	14416.115718750	14416.127093750	1400.000	4000.000	1.0000
105	Spectrogram 1	1	14416.115718750	14416.127093750	1400.000	4000.000	1.0000
106	Waveform 1	1	14432.989718750	14433.012468750	1400.000	4000.000	1.0000
106	Spectrogram 1	1	14432.989718750	14433.012468750	1400.000	4000.000	1.0000
107	Waveform 1	1	14458.050468750	14458.079718750	1400.000	4000.000	1.0000
107	Spectrogram 1	1	14458.050468750	14458.079718750	1400.000	4000.000	1.0000
108	Waveform 1	1	14458.146343750	14458.159343750	1400.000	4000.000	1.0000
108	Spectrogram 1	1	14458.146343750	14458.159343750	1400.000	4000.000	1.0000
109	Waveform 1	1	14468.146593750	14468.161218750	1400.000	4000.000	1.0000
109	Spectrogram 1	1	14468.146593750	14468.161218750	1400.000	4000.000	1.0000
110	Waveform 1	1	14541.867968750	14541.879343750	1400.000	4000.000	1.0000
110	Spectrogram 1	1	14541.867968750	14541.879343750	1400.000	4000.000	1.0000
111	Waveform 1	1	14547.469343750	14547.487218750	1400.000	4000.000	1.0000
111	Spectrogram 1	1	14547.469343750	14547.487218750	1400.000	4000.000	1.0000
112	Waveform 1	1	14688.980843750	14688.995468750	1400.000	4000.000	1.0000
112	Spectrogram 1	1	14688.980843750	14688.995468750	1400.000	4000.000	1.0000
113	Waveform 1	1	14696.366468750	14696.387593750	1400.000	4000.000	1.0000
113	Spectrogram 1	1	14696.366468750	14696.387593750	1400.000	4000.000	1.0000
114	Waveform 1	1	14696.488343750	14696.502968750	1400.000	4000.000	1.0000
114	Spectrogram 1	1	14696.488343750	14696.502968750	1400.000	4000.000	1.0000
115	Waveform 1	1	14696.618343750	14696.626468750	1400.000	4000.000	1.0000
115	Spectrogram 1	1	14696.618343750	14696.626468750	1400.000	4000.000	1.0000
116	Waveform 1	1	15377.433218750	15377.441343750	1400.000	4000.000	1.0000
116	Spectrogram 1	1	15377.433218750	15377.441343750	1400.000	4000.000	1.0000
117	Waveform 1	1	15565.106093750	15565.130468750	1400.000	4000.000	1.0000
117	Spectrogram 1	1	15565.106093750	15565.130468750	1400.000	4000.000	1.0000
118	Waveform 1	1	15593.691468750	15593.704468750	1400.000	4000.000	1.0000
118	Spectrogram 1	1	15593.691468750	15593.704468750	1400.000	4000.000	1.0000
119	Waveform 1	1	18522.168968750	18522.183593750	1400.000	4000.000	1.0000
119	Spectrogram 1	1	18522.168968750	18522.183593750	1400.000	4000.000	1.0000
120	Waveform 1	1	18522.586593750	18522.601218750	1400.000	4000.000	1.0000
120	Spectrogram 1	1	18522.586593750	18522.601218750	1400.000	4000.000	1.0000
121	Waveform 1	1	18740.157843750	18740.167593750	1400.000	4000.000	1.0000
121	Spectrogram 1	1	18740.157843750	18740.167593750	1400.000	4000.000	1.0000
122	Waveform 1	1	18741.194593750	18741.202718750	1400.000	4000.000	1.0000
122	Spectrogram 1	1	18741.194593750	18741.202718750	1400.000	4000.000	1.0000
123	Waveform 1	1	18799.793718750	18799.805093750	1400.000	4000.000	1.0000
123	Spectrogram 1	1	18799.793718750	18799.805093750	1400.000	4000.000	1.0000
124	Waveform 1	1	18800.978343750	18800.989718750	1400.000	4000.000	1.0000
124	Spectrogram 1	1	18800.978343750	18800.989718750	1400.000	4000.000	1.0000
125	Waveform 1	1	18802.120718750	18802.132093750	1400.000	4000.000	1.0000
125	Spectrogram 1	1	18802.120718750	18802.132093750	1400.000	4000.000	1.0000
126	Waveform 1	1	18986.733718750	18986.741843750	1400.000	4000.000	1.0000
126	Spectrogram 1	1	18986.733718750	18986.741843750	1400.000	4000.000	1.0000
127	Waveform 1	1	19511.426718750	19511.444593750	1400.000	4000.000	1.0000
127	Spectrogram 1	1	19511.426718750	19511.444593750	1400.000	4000.000	1.0000
128	Waveform 1	1	19558.499718750	19558.525718750	1400.000	4000.000	1.0000
128	Spectrogram 1	1	19558.499718750	19558.525718750	1400.000	4000.000	1.0000
129	Waveform 1	1	20558.805843750	20558.822093750	1400.000	4000.000	1.0000
129	Spectrogram 1	1	20558.805843750	20558.822093750	1400.000	4000.000	1.0000
130	Waveform 1	1	20559.249468750	20559.259218750	1400.000	4000.000	1.0000
130	Spectrogram 1	1	20559.249468750	20559.259218750	1400.000	4000.000	1.0000
131	Waveform 1	1	20585.788968750	20585.811718750	1400.000	4000.000	1.0000
131	Spectrogram 1	1	20585.788968750	20585.811718750	1400.000	4000.000	1.0000
132	Waveform 1	1	20586.227718750	20586.242343750	1400.000	4000.000	1.0000
132	Spectrogram 1	1	20586.227718750	20586.242343750	1400.000	4000.000	1.0000
133	Waveform 1	1	20588.106218750	20588.120843750	1400.000	4000.000	1.0000
133	Spectrogram 1	1	20588.106218750	20588.120843750	1400.000	4000.000	1.0000
134	Waveform 1	1	20740.771718750	20740.779843750	1400.000	4000.000	1.0000
134	Spectrogram 1	1	20740.771718750	20740.779843750	1400.000	4000.000	1.0000
135	Waveform 1	1	21028.299218750	21028.312218750	1400.000	4000.000	1.0000
135	Spectrogram 1	1	21028.299218750	21028.312218750	1400.000	4000.000	1.0000
136	Waveform 1	1	21064.120718750	21064.136968750	1400.000	4000.000	1.0000
136	Spectrogram 1	1	21064.120718750	21064.136968750	1400.000	4000.000	1.0000
137	Waveform 1	1	21066.355093750	21066.366468750	1400.000	4000.000	1.0000
137	Spectrogram 1	1	21066.355093750	21066.366468750	1400.000	4000.000	1.0000
138	Waveform 1	1	21093.765593750	21093.796468750	1400.000	4000.000	1.0000
138	Spectrogram 1	1	21093.765593750	21093.796468750	1400.000	4000.000	1.0000
139	Waveform 1	1	21144.949843750	21144.962843750	1400.000	4000.000	1.0000
139	Spectrogram 1	1	21144.949843750	21144.962843750	1400.000	4000.000	1.0000
140	Waveform 1	1	21177.193093750	21177.210968750	1400.000	4000.000	1.0000
140	Spectrogram 1	1	21177.193093750	21177.210968750	1400.000	4000.000	1.0000
141	Waveform 1	1	21294.444968750	21294.457968750	1400.000	4000.000	1.0000
141	Spectrogram 1	1	21294.444968750	21294.457968750	1400.000	4000.000	1.0000
142	Waveform 1	1	21558.965718750	21558.980343750	1400.000	4000.000	1.0000
142	Spectrogram 1	1	21558.965718750	21558.980343750	1400.000	4000.000	1.0000
143	Waveform 1	1	21580.444968750	21580.470968750	1400.000	4000.000	0.8125
143	Spectrogram 1	1	21580.444968750	21580.470968750	1400.000	4000.000	0.8125
144	Waveform 1	1	21580.522968750	21580.539218750	1400.000	4000.000	1.0000
144	Spectrogram 1	1	21580.522968750	21580.539218750	1400.000	4000.000	1.0000
145	Waveform 1	1	21614.053218750	21614.079218750	1400.000	4000.000	1.0000
145	Spectrogram 1	1	21614.053218750	21614.079218750	1400.000	4000.000	1.0000
146	Waveform 1	1	21628.158218750	21628.167968750	1400.000	4000.000	1.0000
146	Spectrogram 1	1	21628.158218750	21628.167968750	1400.000	4000.000	1.0000
147	Waveform 1	1	21628.237843750	21628.245968750	1400.000	4000.000	1.0000
147	Spectrogram 1	1	21628.237843750	21628.245968750	1400.000	4000.000	1.0000
148	Waveform 1	1	21647.128468750	21647.146343750	1400.000	4000.000	1.0000
148	Spectrogram 1	1	21647.128468750	21647.146343750	1400.000	4000.000	1.0000
149	Waveform 1	1	21689.497093750	21689.514968750	1400.000	4000.000	1.0000
149	Spectrogram 1	1	21689.497093750	21689.514968750	1400.000	4000.000	1.0000
150	Waveform 1	1	21701.392093750	21701.403468750	1400.000	4000.000	1.0000
150	Spectrogram 1	1	21701.392093750	21701.403468750	1400.000	4000.000	1.0000
151	Waveform 1	1	21775.804093750	21775.823593750	1400.000	4000.000	1.0000
151	Spectrogram 1	1	21775.804093750	21775.823593750	1400.000	4000.000	1.0000
152	Waveform 1	1	21783.069468750	21783.077593750	1400.000	4000.000	1.0000
152	Spectrogram 1	1	21783.069468750	21783.077593750	1400.000	4000.000	1.0000
153	Waveform 1	1	21783.202718750	21783.218968750	1400.000	4000.000	1.0000
153	Spectrogram 1	1	21783.202718750	21783.218968750	1400.000	4000.000	1.0000
154	Waveform 1	1	22008.720218750	22008.738093750	1400.000	4000.000	1.0000
154	Spectrogram 1	1	22008.720218750	22008.738093750	1400.000	4000.000	1.0000
155	Waveform 1	1	22064.517843750	22064.537343750	1400.000	4000.000	1.0000
155	Spectrogram 1	1	22064.517843750	22064.537343750	1400.000	4000.000	1.0000
156	Waveform 1	1	22413.184343750	22413.194093750	1400.000	4000.000	1.0000
156	Spectrogram 1	1	22413.184343750	22413.194093750	1400.000	4000.000	1.0000
157	Waveform 1	1	22424.136843750	22424.144968750	1400.000	4000.000	1.0000
157	Spectrogram 1	1	22424.136843750	22424.144968750	1400.000	4000.000	1.0000
158	Waveform 1	1	22661.459968750	22661.471343750	1400.000	4000.000	1.0000
158	Spectrogram 1	1	22661.459968750	22661.471343750	1400.000	4000.000	1.0000
159	Waveform 1	1	22670.472218750	22670.486843750	1400.000	4000.000	1.0000
159	Spectrogram 1	1	22670.472218750	22670.486843750	1400.000	4000.000	1.0000
160	Waveform 1	1	22683.026968750	22683.041593750	1400.000	4000.000	1.0000
160	Spectrogram 1	1	22683.026968750	22683.041593750	1400.000	4000.000	1.0000
161	Waveform 1	1	22683.260968750	22683.272343750	1400.000	4000.000	1.0000
161	Spectrogram 1	1	22683.260968750	22683.272343750	1400.000	4000.000	1.0000
162	Waveform 1	1	22744.606343750	22744.620968750	1400.000	4000.000	1.0000
162	Spectrogram 1	1	22744.606343750	22744.620968750	1400.000	4000.000	1.0000
163	Waveform 1	1	22755.666093750	22755.693718750	1400.000	4000.000	0.7647
163	Spectrogram 1	1	22755.666093750	22755.693718750	1400.000	4000.000	0.7647
164	Waveform 1	1	22932.409218750	22932.431968750	1400.000	4000.000	1.0000
164	Spectrogram 1	1	22932.409218750	22932.431968750	1400.000	4000.000	1.0000
165	Waveform 1	1	23119.493843750	23119.506843750	1400.000	4000.000	1.0000
165	Spectrogram 1	1	23119.493843750	23119.506843750	1400.000	4000.000	1.0000
166	Waveform 1	1	23123.598593750	23123.608343750	1400.000	4000.000	1.0000
166	Spectrogram 1	1	23123.598593750	23123.608343750	1400.000	4000.000	1.0000
167	Waveform 1	1	23307.503093750	23307.516093750	1400.000	4000.000	1.0000
167	Spectrogram 1	1	23307.503093750	23307.516093750	1400.000	4000.000	1.0000
168	Waveform 1	1	24543.765718750	24543.788468750	1400.000	4000.000	1.0000
168	Spectrogram 1	1	24543.765718750	24543.788468750	1400.000	4000.000	1.0000
169	Waveform 1	1	25845.588968750	25845.610093750	1400.000	4000.000	1.0000
169	Spectrogram 1	1	25845.588968750	25845.610093750	1400.000	4000.000	1.0000
170	Waveform 1	1	25959.436468750	25959.462468750	1400.000	4000.000	1.0000
170	Spectrogram 1	1	25959.436468750	25959.462468750	1400.000	4000.000	1.0000
171	Waveform 1	1	25961.921093750	25961.932468750	1400.000	4000.000	1.0000
171	Spectrogram 1	1	25961.921093750	25961.932468750	1400.000	4000.000	1.0000
172	Waveform 1	1	26180.093593750	26180.122843750	1400.000	4000.000	1.0000
172	Spectrogram 1	1	26180.093593750	26180.122843750	1400.000	4000.000	1.0000
173	Waveform 1	1	26180.842718750	26180.850843750	1400.000	4000.000	1.0000
173	Spectrogram 1	1	26180.842718750	26180.850843750	1400.000	4000.000	1.0000
174	Waveform 1	1	26340.594843750	26340.604593750	1400.000	4000.000	1.0000
174	Spectrogram 1	1	26340.594843750	26340.604593750	1400.000	4000.000	1.0000
175	Waveform 1	1	26340.650093750	26340.658218750	1400.000	4000.000	1.0000
175	Spectrogram 1	1	26340.650093750	26340.658218750	1400.000	4000.000	1.0000
176	Waveform 1	1	27319.897843750	27319.912468750	1400.000	4000.000	1.0000
176	Spectrogram 1	1	27319.897843750	27319.912468750	1400.000	4000.000	1.0000
177	Waveform 1	1	27320.630718750	27320.638843750	1400.000	4000.000	1.0000
177	Spectrogram 1	1	27320.630718750	27320.638843750	1400.000	4000.000	1.0000
178	Waveform 1	1	27322.192343750	27322.203718750	1400.000	4000.000	1.0000
178	Spectrogram 1	1	27322.192343750	27322.203718750	1400.000	4000.000	1.0000
179	Waveform 1	1	27400.444218750	27400.462093750	1400.000	4000.000	1.0000
179	Spectrogram 1	1	27400.444218750	27400.462093750	1400.000	4000.000	1.0000
180	Waveform 1	1	27406.269843750	27406.281218750	1400.000	4000.000	1.0000
180	Spectrogram 1	1	27406.269843750	27406.281218750	1400.000	4000.000	1.0000
181	Waveform 1	1	27663.825843750	27663.843718750	1400.000	4000.000	1.0000
181	Spectrogram 1	1	27663.825843750	27663.843718750	1400.000	4000.000	1.0000
182	Waveform 1	1	28008.169843750	28008.179593750	1400.000	4000.000	1.0000
182	Spectrogram 1	1	28008.169843750	28008.179593750	1400.000	4000.000	1.0000
183	Waveform 1	1	28015.734218750	28015.752093750	1400.000	4000.000	1.0000
183	Spectrogram 1	1	28015.734218750	28015.752093750	1400.000	4000.000	1.0000
184	Waveform 1	1	28022.037593750	28022.053843750	1400.000	4000.000	1.0000
184	Spectrogram 1	1	28022.037593750	28022.053843750	1400.000	4000.000	1.0000
185	Waveform 1	1	28071.336843750	28071.353093750	1400.000	4000.000	1.0000
185	Spectrogram 1	1	28071.336843750	28071.353093750	1400.000	4000.000	1.0000
186	Waveform 1	1	28094.813218750	28094.832718750	1400.000	4000.000	1.0000
186	Spectrogram 1	1	28094.813218750	28094.832718750	1400.000	4000.000	1.0000
187	Waveform 1	1	28095.026093750	28095.035843750	1400.000	4000.000	1.0000
187	Spectrogram 1	1	28095.026093750	28095.035843750	1400.000	4000.000	1.0000
188	Waveform 1	1	28124.872468750	28124.887093750	1400.000	4000.000	1.0000
188	Spectrogram 1	1	28124.872468750	28124.887093750	1400.000	4000.000	1.0000
189	Waveform 1	1	28183.985093750	28183.999718750	1400.000	4000.000	1.0000
189	Spectrogram 1	1	28183.985093750	28183.999718750	1400.000	4000.000	1.0000
190	Waveform 1	1	29547.152093750	29547.173218750	1400.000	4000.000	1.0000
190	Spectrogram 1	1	29547.152093750	29547.173218750	1400.000	4000.000	1.0000
191	Waveform 1	1	29861.839843750	29861.854468750	1400.000	4000.000	1.0000
191	Spectrogram 1	1	29861.839843750	29861.854468750	1400.000	4000.000	1.0000
192	Waveform 1	1	29988.692218750	29988.700343750	1400.000	4000.000	1.0000
192	Spectrogram 1	1	29988.692218750	29988.700343750	1400.000	4000.000	1.0000
193	Waveform 1	1	30676.478343750	30676.499468750	1400.000	4000.000	1.0000
193	Spectrogram 1	1	30676.478343750	30676.499468750	1400.000	4000.000	1.0000
194	Waveform 1	1	30700.783468750	30700.791593750	1400.000	4000.000	1.0000
194	Spectrogram 1	1	30700.783468750	30700.791593750	1400.000	4000.000	1.0000
195	Waveform 1	1	30700.892343750	30700.908593750	1400.000	4000.000	1.0000
195	Spectrogram 1	1	30700.892343750	30700.908593750	1400.000	4000.000	1.0000
196	Waveform 1	1	30782.457593750	30782.472218750	1400.000	4000.000	1.0000
196	Spectrogram 1	1	30782.457593750	30782.472218750	1400.000	4000.000	1.0000
197	Waveform 1	1	30783.962343750	30783.973718750	1400.000	4000.000	1.0000
197	Spectrogram 1	1	30783.962343750	30783.973718750	1400.000	4000.000	1.0000
198	Waveform 1	1	30785.476843750	30785.486593750	1400.000	4000.000	1.0000
198	Spectrogram 1	1	30785.476843750	30785.486593750	1400.000	4000.000	1.0000
199	Waveform 1	1	30879.986843750	30879.994968750	1400.000	4000.000	1.0000
199	Spectrogram 1	1	30879.986843750	30879.994968750	1400.000	4000.000	1.0000
200	Waveform 1	1	30901.563593750	30901.576593750	1400.000	4000.000	1.0000
200	Spectrogram 1	1	30901.563593750	30901.576593750	1400.000	4000.000	1.0000
201	Waveform 1	1	30923.666843750	30923.678218750	1400.000	4000.000	1.0000
201	Spectrogram 1	1	30923.666843750	30923.678218750	1400.000	4000.000	1.0000
202	Waveform 1	1	30925.335718750	30925.343843750	1400.000	4000.000	1.0000
202	Spectrogram 1	1	30925.335718750	30925.343843750	1400.000	4000.000	1.0000
203	Waveform 1	1	30928.574343750	30928.584093750	1400.000	4000.000	1.0000
203	Spectrogram 1	1	30928.574343750	30928.584093750	1400.000	4000.000	1.0000
204	Waveform 1	1	30930.249718750	30930.261093750	1400.000	4000.000	1.0000
204	Spectrogram 1	1	30930.249718750	30930.261093750	1400.000	4000.000	1.0000
205	Waveform 1	1	30931.947843750	30931.962468750	1400.000	4000.000	1.0000
205	Spectrogram 1	1	30931.947843750	30931.962468750	1400.000	4000.000	1.0000
206	Waveform 1	1	30933.616718750	30933.626468750	1400.000	4000.000	1.0000
206	Spectrogram 1	1	30933.616718750	30933.626468750	1400.000	4000.000	1.0000
207	Waveform 1	1	30935.324593750	30935.339218750	1400.000	4000.000	1.0000
207	Spectrogram 1	1	30935.324593750	30935.339218750	1400.000	4000.000	1.0000
208	Waveform 1	1	30944.348218750	30944.364468750	1400.000	4000.000	1.0000
208	Spectrogram 1	1	30944.348218750	30944.364468750	1400.000	4000.000	1.0000
209	Waveform 1	1	30946.161718750	30946.169843750	1400.000	4000.000	1.0000
209	Spectrogram 1	1	30946.161718750	30946.169843750	1400.000	4000.000	1.0000
210	Waveform 1	1	30953.129718750	30953.141093750	1400.000	4000.000	1.0000
210	Spectrogram 1	1	30953.129718750	30953.141093750	1400.000	4000.000	1.0000
211	Waveform 1	1	30953.188218750	30953.210968750	1400.000	4000.000	1.0000
211	Spectrogram 1	1	30953.188218750	30953.210968750	1400.000	4000.000	1.0000
212	Waveform 1	1	30958.412593750	30958.420718750	1400.000	4000.000	1.0000
212	Spectrogram 1	1	30958.412593750	30958.420718750	1400.000	4000.000	1.0000
213	Waveform 1	1	31156.188093750	31156.197843750	1400.000	4000.000	1.0000
213	Spectrogram 1	1	31156.188093750	31156.197843750	1400.000	4000.000	1.0000
214	Waveform 1	1	31178.213343750	31178.223093750	1400.000	4000.000	1.0000
214	Spectrogram 1	1	31178.213343750	31178.223093750	1400.000	4000.000	1.0000
215	Waveform 1	1	31208.867343750	31208.878718750	1400.000	4000.000	1.0000
215	Spectrogram 1	1	31208.867343750	31208.878718750	1400.000	4000.000	1.0000
216	Waveform 1	1	31233.817593750	31233.825718750	1400.000	4000.000	1.0000
216	Spectrogram 1	1	31233.817593750	31233.825718750	1400.000	4000.000	1.0000
217	Waveform 1	1	31233.885843750	31233.902093750	1400.000	4000.000	1.0000
217	Spectrogram 1	1	31233.885843750	31233.902093750	1400.000	4000.000	1.0000
218	Waveform 1	1	31251.499218750	31251.512218750	1400.000	4000.000	1.0000
218	Spectrogram 1	1	31251.499218750	31251.512218750	1400.000	4000.000	1.0000
219	Waveform 1	1	31260.517968750	31260.526093750	1400.000	4000.000	1.0000
219	Spectrogram 1	1	31260.517968750	31260.526093750	1400.000	4000.000	1.0000
220	Waveform 1	1	31277.765718750	31277.777093750	1400.000	4000.000	1.0000
220	Spectrogram 1	1	31277.765718750	31277.777093750	1400.000	4000.000	1.0000
221	Waveform 1	1	31291.012718750	31291.024093750	1400.000	4000.000	1.0000
221	Spectrogram 1	1	31291.012718750	31291.024093750	1400.000	4000.000	1.0000
222	Waveform 1	1	31320.530843750	31320.538968750	1400.000	4000.000	1.0000
222	Spectrogram 1	1	31320.530843750	31320.538968750	1400.000	4000.000	1.0000
223	Waveform 1	1	31320.633218750	31320.641343750	1400.000	4000.000	1.0000
223	Spectrogram 1	1	31320.633218750	31320.641343750	1400.000	4000.000	1.0000
224	Waveform 1	1	31327.167343750	31327.177093750	1400.000	4000.000	1.0000
224	Spectrogram 1	1	31327.167343750	31327.177093750	1400.000	4000.000	1.0000
225	Waveform 1	1	31327.708468750	31327.719843750	1400.000	4000.000	1.0000
225	Spectrogram 1	1	31327.708468750	31327.719843750	1400.000	4000.000	1.0000
226	Waveform 1	1	31339.572593750	31339.592093750	1400.000	4000.000	1.0000
226	Spectrogram 1	1	31339.572593750	31339.592093750	1400.000	4000.000	1.0000
227	Waveform 1	1	31340.528093750	31340.537843750	1400.000	4000.000	1.0000
227	Spectrogram 1	1	31340.528093750	31340.537843750	1400.000	4000.000	1.0000
228	Waveform 1	1	31347.102843750	31347.133718750	1400.000	4000.000	1.0000
228	Spectrogram 1	1	31347.102843750	31347.133718750	1400.000	4000.000	1.0000
229	Waveform 1	1	31349.740218750	31349.748343750	1400.000	4000.000	1.0000
229	Spectrogram 1	1	31349.740218750	31349.748343750	1400.000	4000.000	1.0000
230	Waveform 1	1	31411.797343750	31411.829843750	1400.000	4000.000	1.0000
230	Spectrogram 1	1	31411.797343750	31411.829843750	1400.000	4000.000	1.0000
231	Waveform 1	1	31411.886718750	31411.898093750	1400.000	4000.000	1.0000
231	Spectrogram 1	1	31411.886718750	31411.898093750	1400.000	4000.000	1.0000
232	Waveform 1	1	31419.408843750	31419.429968750	1400.000	4000.000	1.0000
232	Spectrogram 1	1	31419.408843750	31419.429968750	1400.000	4000.000	1.0000
233	Waveform 1	1	31430.639218750	31430.647343750	1400.000	4000.000	1.0000
233	Spectrogram 1	1	31430.639218750	31430.647343750	1400.000	4000.000	1.0000
234	Waveform 1	1	31430.878093750	31430.886218750	1400.000	4000.000	1.0000
234	Spectrogram 1	1	31430.878093750	31430.886218750	1400.000	4000.000	1.0000
235	Waveform 1	1	31431.645093750	31431.658093750	1400.000	4000.000	1.0000
235	Spectrogram 1	1	31431.645093750	31431.658093750	1400.000	4000.000	1.0000
236	Waveform 1	1	31451.466843750	31451.481468750	1400.000	4000.000	1.0000
236	Spectrogram 1	1	31451.466843750	31451.481468750	1400.000	4000.000	1.0000
237	Waveform 1	1	31451.614718750	31451.629343750	1400.000	4000.000	1.0000
237	Spectrogram 1	1	31451.614718750	31451.629343750	1400.000	4000.000	1.0000
238	Waveform 1	1	31451.921843750	31451.933218750	1400.000	4000.000	1.0000
238	Spectrogram 1	1	31451.921843750	31451.933218750	1400.000	4000.000	1.0000
239	Waveform 1	1	31452.506843750	31452.519843750	1400.000	4000.000	1.0000
239	Spectrogram 1	1	31452.506843750	31452.519843750	1400.000	4000.000	1.0000
240	Waveform 1	1	31462.674468750	31462.689093750	1400.000	4000.000	1.0000
240	Spectrogram 1	1	31462.674468750	31462.689093750	1400.000	4000.000	1.0000
241	Waveform 1	1	31466.671968750	31466.686593750	1400.000	4000.000	1.0000
241	Spectrogram 1	1	31466.671968750	31466.686593750	1400.000	4000.000	1.0000
242	Waveform 1	1	31467.435718750	31467.451968750	1400.000	4000.000	1.0000
242	Spectrogram 1	1	31467.435718750	31467.451968750	1400.000	4000.000	1.0000
243	Waveform 1	1	31539.088468750	31539.112843750	1400.000	4000.000	1.0000
243	Spectrogram 1	1	31539.088468750	31539.112843750	1400.000	4000.000	1.0000
244	Waveform 1	1	31539.257468750	31539.270468750	1400.000	4000.000	1.0000
244	Spectrogram 1	1	31539.257468750	31539.270468750	1400.000	4000.000	1.0000
245	Waveform 1	1	31540.459968750	31540.484343750	1400.000	4000.000	1.0000
245	Spectrogram 1	1	31540.459968750	31540.484343750	1400.000	4000.000	1.0000
246	Waveform 1	1	31546.607343750	31546.631718750	1400.000	4000.000	1.0000
246	Spectrogram 1	1	31546.607343750	31546.631718750	1400.000	4000.000	1.0000
247	Waveform 1	1	31553.017968750	31553.027718750	1400.000	4000.000	1.0000
247	Spectrogram 1	1	31553.017968750	31553.027718750	1400.000	4000.000	1.0000
248	Waveform 1	1	31553.068343750	31553.078093750	1400.000	4000.000	1.0000
248	Spectrogram 1	1	31553.068343750	31553.078093750	1400.000	4000.000	1.0000
249	Waveform 1	1	31553.968593750	31554.001093750	1400.000	4000.000	1.0000
249	Spectrogram 1	1	31553.968593750	31554.001093750	1400.000	4000.000	1.0000
250	Waveform 1	1	31556.776593750	31556.791218750	1400.000	4000.000	1.0000
250	Spectrogram 1	1	31556.776593750	31556.791218750	1400.000	4000.000	1.0000
251	Waveform 1	1	31560.262218750	31560.286593750	1400.000	4000.000	1.0000
251	Spectrogram 1	1	31560.262218750	31560.286593750	1400.000	4000.000	1.0000
252	Waveform 1	1	31562.972718750	31562.984093750	1400.000	4000.000	1.0000
252	Spectrogram 1	1	31562.972718750	31562.984093750	1400.000	4000.000	1.0000
253	Waveform 1	1	31563.128718750	31563.138468750	1400.000	4000.000	1.0000
253	Spectrogram 1	1	31563.128718750	31563.138468750	1400.000	4000.000	1.0000
254	Waveform 1	1	31574.051968750	31574.063343750	1400.000	4000.000	1.0000
254	Spectrogram 1	1	31574.051968750	31574.063343750	1400.000	4000.000	1.0000
255	Waveform 1	1	31574.112093750	31574.128343750	1400.000	4000.000	1.0000
255	Spectrogram 1	1	31574.112093750	31574.128343750	1400.000	4000.000	1.0000
256	Waveform 1	1	31574.172218750	31574.181968750	1400.000	4000.000	1.0000
256	Spectrogram 1	1	31574.172218750	31574.181968750	1400.000	4000.000	1.0000
257	Waveform 1	1	31580.142468750	31580.168468750	1400.000	4000.000	1.0000
257	Spectrogram 1	1	31580.142468750	31580.168468750	1400.000	4000.000	1.0000
258	Waveform 1	1	31613.632093750	31613.661343750	1400.000	4000.000	1.0000
258	Spectrogram 1	1	31613.632093750	31613.661343750	1400.000	4000.000	1.0000
259	Waveform 1	1	31619.771343750	31619.803843750	1400.000	4000.000	1.0000
259	Spectrogram 1	1	31619.771343750	31619.803843750	1400.000	4000.000	1.0000
260	Waveform 1	1	31623.222843750	31623.230968750	1400.000	4000.000	1.0000
260	Spectrogram 1	1	31623.222843750	31623.230968750	1400.000	4000.000	1.0000
261	Waveform 1	1	31628.604843750	31628.616218750	1400.000	4000.000	1.0000
261	Spectrogram 1	1	31628.604843750	31628.616218750	1400.000	4000.000	1.0000
262	Waveform 1	1	31634.570218750	31634.592968750	1400.000	4000.000	0.8571
262	Spectrogram 1	1	31634.570218750	31634.592968750	1400.000	4000.000	0.8571
263	Waveform 1	1	31655.955218750	31655.964968750	1400.000	4000.000	1.0000
263	Spectrogram 1	1	31655.955218750	31655.964968750	1400.000	4000.000	1.0000
264	Waveform 1	1	31672.634218750	31672.655343750	1400.000	4000.000	1.0000
264	Spectrogram 1	1	31672.634218750	31672.655343750	1400.000	4000.000	1.0000
265	Waveform 1	1	31679.015593750	31679.025343750	1400.000	4000.000	1.0000
265	Spectrogram 1	1	31679.015593750	31679.025343750	1400.000	4000.000	1.0000
266	Waveform 1	1	31679.067593750	31679.077343750	1400.000	4000.000	1.0000
266	Spectrogram 1	1	31679.067593750	31679.077343750	1400.000	4000.000	1.0000
267	Waveform 1	1	31679.130968750	31679.142343750	1400.000	4000.000	1.0000
267	Spectrogram 1	1	31679.130968750	31679.142343750	1400.000	4000.000	1.0000
268	Waveform 1	1	31725.898468750	31725.906593750	1400.000	4000.000	1.0000
268	Spectrogram 1	1	31725.898468750	31725.906593750	1400.000	4000.000	1.0000
269	Waveform 1	1	31810.616218750	31810.627593750	1400.000	4000.000	1.0000
269	Spectrogram 1	1	31810.616218750	31810.627593750	1400.000	4000.000	1.0000
270	Waveform 1	1	31810.915218750	31810.923343750	1400.000	4000.000	1.0000
270	Spectrogram 1	1	31810.915218750	31810.923343750	1400.000	4000.000	1.0000
271	Waveform 1	1	31816.731093750	31816.742468750	1400.000	4000.000	1.0000
271	Spectrogram 1	1	31816.731093750	31816.742468750	1400.000	4000.000	1.0000
272	Waveform 1	1	31817.657343750	31817.670343750	1400.000	4000.000	1.0000
272	Spectrogram 1	1	31817.657343750	31817.670343750	1400.000	4000.000	1.0000
273	Waveform 1	1	31817.816593750	31817.831218750	1400.000	4000.000	1.0000
273	Spectrogram 1	1	31817.816593750	31817.831218750	1400.000	4000.000	1.0000
274	Waveform 1	1	31818.632343750	31818.646968750	1400.000	4000.000	1.0000
274	Spectrogram 1	1	31818.632343750	31818.646968750	1400.000	4000.000	1.0000
275	Waveform 1	1	31826.443718750	31826.451843750	1400.000	4000.000	1.0000
275	Spectrogram 1	1	31826.443718750	31826.451843750	1400.000	4000.000	1.0000
276	Waveform 1	1	31832.777968750	31832.789343750	1400.000	4000.000	1.0000
276	Spectrogram 1	1	31832.777968750	31832.789343750	1400.000	4000.000	1.0000
277	Waveform 1	1	31833.463718750	31833.471843750	1400.000	4000.000	1.0000
277	Spectrogram 1	1	31833.463718750	31833.471843750	1400.000	4000.000	1.0000
278	Waveform 1	1	31834.700343750	31834.714968750	1400.000	4000.000	1.0000
278	Spectrogram 1	1	31834.700343750	31834.714968750	1400.000	4000.000	1.0000
279	Waveform 1	1	31834.822218750	31834.835218750	1400.000	4000.000	1.0000
279	Spectrogram 1	1	31834.822218750	31834.835218750	1400.000	4000.000	1.0000
280	Waveform 1	1	31849.395218750	31849.404968750	1400.000	4000.000	1.0000
280	Spectrogram 1	1	31849.395218750	31849.404968750	1400.000	4000.000	1.0000
281	Waveform 1	1	31878.666343750	31878.676093750	1400.000	4000.000	1.0000
281	Spectrogram 1	1	31878.666343750	31878.676093750	1400.000	4000.000	1.0000
282	Waveform 1	1	31884.378218750	31884.387968750	1400.000	4000.000	1.0000
282	Spectrogram 1	1	31884.378218750	31884.387968750	1400.000	4000.000	1.0000
283	Waveform 1	1	31886.133218750	31886.147843750	1400.000	4000.000	1.0000
283	Spectrogram 1	1	31886.133218750	31886.147843750	1400.000	4000.000	1.0000
284	Waveform 1	1	31890.988718750	31890.996843750	1400.000	4000.000	1.0000
284	Spectrogram 1	1	31890.988718750	31890.996843750	1400.000	4000.000	1.0000
285	Waveform 1	1	31891.373843750	31891.381968750	1400.000	4000.000	1.0000
285	Spectrogram 1	1	31891.373843750	31891.381968750	1400.000	4000.000	1.0000
286	Waveform 1	1	31899.843343750	31899.862843750	1400.000	4000.000	1.0000
286	Spectrogram 1	1	31899.843343750	31899.862843750	1400.000	4000.000	1.0000
287	Waveform 1	1	31922.711968750	31922.724968750	1400.000	4000.000	1.0000
287	Spectrogram 1	1	31922.711968750	31922.724968750	1400.000	4000.000	1.0000
288	Waveform 1	1	31922.760718750	31922.786718750	1400.000	4000.000	1.0000
288	Spectrogram 1	1	31922.760718750	31922.786718750	1400.000	4000.000	1.0000
289	Waveform 1	1	32086.432343750	32086.450218750	1400.000	4000.000	1.0000
289	Spectrogram 1	1	32086.432343750	32086.450218750	1400.000	4000.000	1.0000
290	Waveform 1	1	32092.257968750	32092.270968750	1400.000	4000.000	1.0000
290	Spectrogram 1	1	32092.257968750	32092.270968750	1400.000	4000.000	1.0000
291	Waveform 1	1	32092.303468750	32092.314843750	1400.000	4000.000	1.0000
291	Spectrogram 1	1	32092.303468750	32092.314843750	1400.000	4000.000	1.0000
292	Waveform 1	1	32108.899593750	32108.915843750	1400.000	4000.000	1.0000
292	Spectrogram 1	1	32108.899593750	32108.915843750	1400.000	4000.000	1.0000
293	Waveform 1	1	32122.822593750	32122.842093750	1400.000	4000.000	1.0000
293	Spectrogram 1	1	32122.822593750	32122.842093750	1400.000	4000.000	1.0000
294	Waveform 1	1	32126.009218750	32126.018968750	1400.000	4000.000	1.0000
294	Spectrogram 1	1	32126.009218750	32126.018968750	1400.000	4000.000	1.0000
295	Waveform 1	1	32131.747093750	32131.760093750	1400.000	4000.000	1.0000
295	Spectrogram 1	1	32131.747093750	32131.760093750	1400.000	4000.000	1.0000
296	Waveform 1	1	32133.714968750	32133.724718750	1400.000	4000.000	1.0000
296	Spectrogram 1	1	32133.714968750	32133.724718750	1400.000	4000.000	1.0000
297	Waveform 1	1	32137.294843750	32137.302968750	1400.000	4000.000	1.0000
297	Spectrogram 1	1	32137.294843750	32137.302968750	1400.000	4000.000	1.0000
298	Waveform 1	1	32144.454593750	32144.462718750	1400.000	4000.000	1.0000
298	Spectrogram 1	1	32144.454593750	32144.462718750	1400.000	4000.000	1.0000
299	Waveform 1	1	32192.351468750	32192.366093750	1400.000	4000.000	1.0000
299	Spectrogram 1	1	32192.351468750	32192.366093750	1400.000	4000.000	1.0000
300	Waveform 1	1	32201.427093750	32201.438468750	1400.000	4000.000	1.0000
300	Spectrogram 1	1	32201.427093750	32201.438468750	1400.000	4000.000	1.0000
301	Waveform 1	1	32207.145468750	32207.171468750	1400.000	4000.000	1.0000
301	Spectrogram 1	1	32207.145468750	32207.171468750	1400.000	4000.000	1.0000
302	Waveform 1	1	32247.781843750	32247.791593750	1400.000	4000.000	1.0000
302	Spectrogram 1	1	32247.781843750	32247.791593750	1400.000	4000.000	1.0000
303	Waveform 1	1	32294.466468750	32294.476218750	1400.000	4000.000	1.0000
303	Spectrogram 1	1	32294.466468750	32294.476218750	1400.000	4000.000	1.0000
304	Waveform 1	1	32306.541843750	32306.567843750	1400.000	4000.000	1.0000
304	Spectrogram 1	1	32306.541843750	32306.567843750	1400.000	4000.000	1.0000
305	Waveform 1	1	32325.393468750	32325.401593750	1400.000	4000.000	1.0000
305	Spectrogram 1	1	32325.393468750	32325.401593750	1400.000	4000.000	1.0000
306	Waveform 1	1	32326.404218750	32326.413968750	1400.000	4000.000	1.0000
306	Spectrogram 1	1	32326.404218750	32326.413968750	1400.000	4000.000	1.0000
307	Waveform 1	1	32333.152843750	32333.160968750	1400.000	4000.000	1.0000
307	Spectrogram 1	1	32333.152843750	32333.160968750	1400.000	4000.000	1.0000
308	Waveform 1	1	32334.106718750	32334.124593750	1400.000	4000.000	1.0000
308	Spectrogram 1	1	32334.106718750	32334.124593750	1400.000	4000.000	1.0000
309	Waveform 1	1	32335.060593750	32335.075218750	1400.000	4000.000	1.0000
309	Spectrogram 1	1	32335.060593750	32335.075218750	1400.000	4000.000	1.0000
310	Waveform 1	1	32335.965718750	32335.977093750	1400.000	4000.000	1.0000
310	Spectrogram 1	1	32335.965718750	32335.977093750	1400.000	4000.000	1.0000
311	Waveform 1	1	32340.491343750	32340.505968750	1400.000	4000.000	1.0000
311	Spectrogram 1	1	32340.491343750	32340.505968750	1400.000	4000.000	1.0000
312	Waveform 1	1	32341.136468750	32341.155968750	1400.000	4000.000	1.0000
312	Spectrogram 1	1	32341.136468750	32341.155968750	1400.000	4000.000	1.0000
313	Waveform 1	1	32341.765343750	32341.784843750	1400.000	4000.000	1.0000
313	Spectrogram 1	1	32341.765343750	32341.784843750	1400.000	4000.000	1.0000
314	Waveform 1	1	32342.371468750	32342.387718750	1400.000	4000.000	1.0000
314	Spectrogram 1	1	32342.371468750	32342.387718750	1400.000	4000.000	1.0000
315	Waveform 1	1	32342.953218750	32342.961343750	1400.000	4000.000	1.0000
315	Spectrogram 1	1	32342.953218750	32342.961343750	1400.000	4000.000	1.0000
316	Waveform 1	1	32343.512218750	32343.521968750	1400.000	4000.000	1.0000
316	Spectrogram 1	1	32343.512218750	32343.521968750	1400.000	4000.000	1.0000
317	Waveform 1	1	32344.032218750	32344.040343750	1400.000	4000.000	1.0000
317	Spectrogram 1	1	32344.032218750	32344.040343750	1400.000	4000.000	1.0000
318	Waveform 1	1	32348.273468750	32348.286468750	1400.000	4000.000	1.0000
318	Spectrogram 1	1	32348.273468750	32348.286468750	1400.000	4000.000	1.0000
319	Waveform 1	1	32349.204593750	32349.219218750	1400.000	4000.000	1.0000
319	Spectrogram 1	1	32349.204593750	32349.219218750	1400.000	4000.000	1.0000
320	Waveform 1	1	32350.119468750	32350.135718750	1400.000	4000.000	1.0000
320	Spectrogram 1	1	32350.119468750	32350.135718750	1400.000	4000.000	1.0000
321	Waveform 1	1	32351.022968750	32351.035968750	1400.000	4000.000	1.0000
321	Spectrogram 1	1	32351.022968750	32351.035968750	1400.000	4000.000	1.0000
322	Waveform 1	1	32351.962218750	32351.971968750	1400.000	4000.000	1.0000
322	Spectrogram 1	1	32351.962218750	32351.971968750	1400.000	4000.000	1.0000
323	Waveform 1	1	32352.764968750	32352.779593750	1400.000	4000.000	1.0000
323	Spectrogram 1	1	32352.764968750	32352.779593750	1400.000	4000.000	1.0000
324	Waveform 1	1	32353.538468750	32353.551468750	1400.000	4000.000	1.0000
324	Spectrogram 1	1	32353.538468750	32353.551468750	1400.000	4000.000	1.0000
325	Waveform 1	1	32356.452093750	32356.463468750	1400.000	4000.000	1.0000
325	Spectrogram 1	1	32356.452093750	32356.463468750	1400.000	4000.000	1.0000
326	Waveform 1	1	32362.997593750	32363.008968750	1400.000	4000.000	1.0000
326	Spectrogram 1	1	32362.997593750	32363.008968750	1400.000	4000.000	1.0000
327	Waveform 1	1	32377.315468750	32377.326843750	1400.000	4000.000	1.0000
327	Spectrogram 1	1	32377.315468750	32377.326843750	1400.000	4000.000	1.0000
328	Waveform 1	1	32378.474093750	32378.483843750	1400.000	4000.000	1.0000
328	Spectrogram 1	1	32378.474093750	32378.483843750	1400.000	4000.000	1.0000
329	Waveform 1	1	32410.965968750	32410.974093750	1400.000	4000.000	1.0000
329	Spectrogram 1	1	32410.965968750	32410.974093750	1400.000	4000.000	1.0000
330	Waveform 1	1	32411.937718750	32411.947468750	1400.000	4000.000	1.0000
330	Spectrogram 1	1	32411.937718750	32411.947468750	1400.000	4000.000	1.0000
331	Waveform 1	1	32421.510593750	32421.525218750	1400.000	4000.000	1.0000
331	Spectrogram 1	1	32421.510593750	32421.525218750	1400.000	4000.000	1.0000
332	Waveform 1	1	32423.907468750	32423.922093750	1400.000	4000.000	1.0000
332	Spectrogram 1	1	32423.907468750	32423.922093750	1400.000	4000.000	1.0000
333	Waveform 1	1	32425.187968750	32425.196093750	1400.000	4000.000	1.0000
333	Spectrogram 1	1	32425.187968750	32425.196093750	1400.000	4000.000	1.0000
334	Waveform 1	1	32444.037968750	32444.049343750	1400.000	4000.000	1.0000
334	Spectrogram 1	1	32444.037968750	32444.049343750	1400.000	4000.000	1.0000
335	Waveform 1	1	32445.281093750	32445.290843750	1400.000	4000.000	1.0000
335	Spectrogram 1	1	32445.281093750	32445.290843750	1400.000	4000.000	1.0000
336	Waveform 1	1	32452.265343750	32452.275093750	1400.000	4000.000	1.0000
336	Spectrogram 1	1	32452.265343750	32452.275093750	1400.000	4000.000	1.0000
337	Waveform 1	1	32467.096718750	32467.104843750	1400.000	4000.000	1.0000
337	Spectrogram 1	1	32467.096718750	32467.104843750	1400.000	4000.000	1.0000
338	Waveform 1	1	32467.959593750	32467.970968750	1400.000	4000.000	1.0000
338	Spectrogram 1	1	32467.959593750	32467.970968750	1400.000	4000.000	1.0000
339	Waveform 1	1	32468.980093750	32468.989843750	1400.000	4000.000	1.0000
339	Spectrogram 1	1	32468.980093750	32468.989843750	1400.000	4000.000	1.0000
340	Waveform 1	1	32495.433468750	32495.443218750	1400.000	4000.000	1.0000
340	Spectrogram 1	1	32495.433468750	32495.443218750	1400.000	4000.000	1.0000
341	Waveform 1	1	32552.123218750	32552.131343750	1400.000	4000.000	1.0000
341	Spectrogram 1	1	32552.123218750	32552.131343750	1400.000	4000.000	1.0000
342	Waveform 1	1	32662.277093750	32662.285218750	1400.000	4000.000	1.0000
342	Spectrogram 1	1	32662.277093750	32662.285218750	1400.000	4000.000	1.0000
343	Waveform 1	1	32694.440718750	32694.450468750	1400.000	4000.000	1.0000
343	Spectrogram 1	1	32694.440718750	32694.450468750	1400.000	4000.000	1.0000
344	Waveform 1	1	32709.948093750	32709.957843750	1400.000	4000.000	1.0000
344	Spectrogram 1	1	32709.948093750	32709.957843750	1400.000	4000.000	1.0000
345	Waveform 1	1	32733.105968750	32733.114093750	1400.000	4000.000	1.0000
345	Spectrogram 1	1	32733.105968750	32733.114093750	1400.000	4000.000	1.0000
346	Waveform 1	1	32733.257093750	32733.266843750	1400.000	4000.000	1.0000
346	Spectrogram 1	1	32733.257093750	32733.266843750	1400.000	4000.000	1.0000
347	Waveform 1	1	32746.047468750	32746.060468750	1400.000	4000.000	1.0000
347	Spectrogram 1	1	32746.047468750	32746.060468750	1400.000	4000.000	1.0000
348	Waveform 1	1	32753.080468750	32753.101593750	1400.000	4000.000	1.0000
348	Spectrogram 1	1	32753.080468750	32753.101593750	1400.000	4000.000	1.0000
349	Waveform 1	1	32758.321093750	32758.332468750	1400.000	4000.000	1.0000
349	Spectrogram 1	1	32758.321093750	32758.332468750	1400.000	4000.000	1.0000
350	Waveform 1	1	32760.524593750	32760.535968750	1400.000	4000.000	1.0000
350	Spectrogram 1	1	32760.524593750	32760.535968750	1400.000	4000.000	1.0000
351	Waveform 1	1	32760.740718750	32760.755343750	1400.000	4000.000	1.0000
351	Spectrogram 1	1	32760.740718750	32760.755343750	1400.000	4000.000	1.0000
352	Waveform 1	1	32763.272468750	32763.282218750	1400.000	4000.000	1.0000
352	Spectrogram 1	1	32763.272468750	32763.282218750	1400.000	4000.000	1.0000
353	Waveform 1	1	32765.922843750	32765.930968750	1400.000	4000.000	1.0000
353	Spectrogram 1	1	32765.922843750	32765.930968750	1400.000	4000.000	1.0000
354	Waveform 1	1	32767.014843750	32767.026218750	1400.000	4000.000	1.0000
354	Spectrogram 1	1	32767.014843750	32767.026218750	1400.000	4000.000	1.0000
355	Waveform 1	1	32767.304093750	32767.312218750	1400.000	4000.000	1.0000
355	Spectrogram 1	1	32767.304093750	32767.312218750	1400.000	4000.000	1.0000
356	Waveform 1	1	32770.061718750	32770.076343750	1400.000	4000.000	1.0000
356	Spectrogram 1	1	32770.061718750	32770.076343750	1400.000	4000.000	1.0000
357	Waveform 1	1	32771.527468750	32771.537218750	1400.000	4000.000	1.0000
357	Spectrogram 1	1	32771.527468750	32771.537218750	1400.000	4000.000	1.0000
358	Waveform 1	1	32773.519718750	32773.531093750	1400.000	4000.000	1.0000
358	Spectrogram 1	1	32773.519718750	32773.531093750	1400.000	4000.000	1.0000
359	Waveform 1	1	32774.034843750	32774.046218750	1400.000	4000.000	1.0000
359	Spectrogram 1	1	32774.034843750	32774.046218750	1400.000	4000.000	1.0000
360	Waveform 1	1	32845.692468750	32845.700593750	1400.000	4000.000	1.0000
360	Spectrogram 1	1	32845.692468750	32845.700593750	1400.000	4000.000	1.0000
361	Waveform 1	1	32885.371718750	32885.392843750	1400.000	4000.000	1.0000
361	Spectrogram 1	1	32885.371718750	32885.392843750	1400.000	4000.000	1.0000
362	Waveform 1	1	32885.612218750	32885.625218750	1400.000	4000.000	1.0000
362	Spectrogram 1	1	32885.612218750	32885.625218750	1400.000	4000.000	1.0000
363	Waveform 1	1	32885.773093750	32885.786093750	1400.000	4000.000	1.0000
363	Spectrogram 1	1	32885.773093750	32885.786093750	1400.000	4000.000	1.0000
364	Waveform 1	1	32919.113218750	32919.126218750	1400.000	4000.000	1.0000
364	Spectrogram 1	1	32919.113218750	32919.126218750	1400.000	4000.000	1.0000
365	Waveform 1	1	32922.132468750	32922.140593750	1400.000	4000.000	1.0000
365	Spectrogram 1	1	32922.132468750	32922.140593750	1400.000	4000.000	1.0000
366	Waveform 1	1	32931.394968750	32931.406343750	1400.000	4000.000	1.0000
366	Spectrogram 1	1	32931.394968750	32931.406343750	1400.000	4000.000	1.0000
367	Waveform 1	1	32933.081718750	32933.096343750	1400.000	4000.000	1.0000
367	Spectrogram 1	1	32933.081718750	32933.096343750	1400.000	4000.000	1.0000
368	Waveform 1	1	32946.681343750	32946.699218750	1400.000	4000.000	1.0000
368	Spectrogram 1	1	32946.681343750	32946.699218750	1400.000	4000.000	1.0000
369	Waveform 1	1	32949.240718750	32949.252093750	1400.000	4000.000	1.0000
369	Spectrogram 1	1	32949.240718750	32949.252093750	1400.000	4000.000	1.0000
370	Waveform 1	1	32951.158218750	32951.171218750	1400.000	4000.000	1.0000
370	Spectrogram 1	1	32951.158218750	32951.171218750	1400.000	4000.000	1.0000
371	Waveform 1	1	32954.101093750	32954.117343750	1400.000	4000.000	1.0000
371	Spectrogram 1	1	32954.101093750	32954.117343750	1400.000	4000.000	1.0000
372	Waveform 1	1	32964.570968750	32964.579093750	1400.000	4000.000	1.0000
372	Spectrogram 1	1	32964.570968750	32964.579093750	1400.000	4000.000	1.0000
373	Waveform 1	1	32964.660343750	32964.689593750	1400.000	4000.000	1.0000
373	Spectrogram 1	1	32964.660343750	32964.689593750	1400.000	4000.000	1.0000
374	Waveform 1	1	32964.725343750	32964.751343750	1400.000	4000.000	1.0000
374	Spectrogram 1	1	32964.725343750	32964.751343750	1400.000	4000.000	1.0000
375	Waveform 1	1	32966.381218750	32966.402343750	1400.000	4000.000	1.0000
375	Spectrogram 1	1	32966.381218750	32966.402343750	1400.000	4000.000	1.0000
376	Waveform 1	1	32975.469843750	32975.490968750	1400.000	4000.000	1.0000
376	Spectrogram 1	1	32975.469843750	32975.490968750	1400.000	4000.000	1.0000
377	Waveform 1	1	32983.008218750	32983.022843750	1400.000	4000.000	1.0000
377	Spectrogram 1	1	32983.008218750	32983.022843750	1400.000	4000.000	1.0000
378	Waveform 1	1	32986.263093750	32986.271218750	1400.000	4000.000	1.0000
378	Spectrogram 1	1	32986.263093750	32986.271218750	1400.000	4000.000	1.0000
379	Waveform 1	1	32986.748968750	32986.765218750	1400.000	4000.000	1.0000
379	Spectrogram 1	1	32986.748968750	32986.765218750	1400.000	4000.000	1.0000
380	Waveform 1	1	32996.302343750	32996.315343750	1400.000	4000.000	1.0000
380	Spectrogram 1	1	32996.302343750	32996.315343750	1400.000	4000.000	1.0000
381	Waveform 1	1	33002.149093750	33002.160468750	1400.000	4000.000	1.0000
381	Spectrogram 1	1	33002.149093750	33002.160468750	1400.000	4000.000	1.0000
382	Waveform 1	1	33013.447718750	33013.455843750	1400.000	4000.000	1.0000
382	Spectrogram 1	1	33013.447718750	33013.455843750	1400.000	4000.000	1.0000
383	Waveform 1	1	33014.286218750	33014.294343750	1400.000	4000.000	1.0000
383	Spectrogram 1	1	33014.286218750	33014.294343750	1400.000	4000.000	1.0000
384	Waveform 1	1	33029.572593750	33029.590468750	1400.000	4000.000	1.0000
384	Spectrogram 1	1	33029.572593750	33029.590468750	1400.000	4000.000	1.0000
385	Waveform 1	1	33030.030843750	33030.038968750	1400.000	4000.000	1.0000
385	Spectrogram 1	1	33030.030843750	33030.038968750	1400.000	4000.000	1.0000
386	Waveform 1	1	33337.809093750	33337.822093750	1400.000	4000.000	1.0000
386	Spectrogram 1	1	33337.809093750	33337.822093750	1400.000	4000.000	1.0000
387	Waveform 1	1	33339.958968750	33339.968718750	1400.000	4000.000	1.0000
387	Spectrogram 1	1	33339.958968750	33339.968718750	1400.000	4000.000	1.0000
388	Waveform 1	1	33343.104968750	33343.114718750	1400.000	4000.000	1.0000
388	Spectrogram 1	1	33343.104968750	33343.114718750	1400.000	4000.000	1.0000
389	Waveform 1	1	33347.472968750	33347.481093750	1400.000	4000.000	1.0000
389	Spectrogram 1	1	33347.472968750	33347.481093750	1400.000	4000.000	1.0000
390	Waveform 1	1	33364.790593750	33364.805218750	1400.000	4000.000	1.0000
390	Spectrogram 1	1	33364.790593750	33364.805218750	1400.000	4000.000	1.0000
391	Waveform 1	1	33396.222968750	33396.234343750	1400.000	4000.000	1.0000
391	Spectrogram 1	1	33396.222968750	33396.234343750	1400.000	4000.000	1.0000
392	Waveform 1	1	33396.315593750	33396.336718750	1400.000	4000.000	1.0000
392	Spectrogram 1	1	33396.315593750	33396.336718750	1400.000	4000.000	1.0000
393	Waveform 1	1	33396.426093750	33396.445593750	1400.000	4000.000	1.0000
393	Spectrogram 1	1	33396.426093750	33396.445593750	1400.000	4000.000	1.0000
394	Waveform 1	1	33401.934843750	33401.944593750	1400.000	4000.000	1.0000
394	Spectrogram 1	1	33401.934843750	33401.944593750	1400.000	4000.000	1.0000
395	Waveform 1	1	33427.167843750	33427.175968750	1400.000	4000.000	1.0000
395	Spectrogram 1	1	33427.167843750	33427.175968750	1400.000	4000.000	1.0000
396	Waveform 1	1	33495.820843750	33495.843593750	1400.000	4000.000	1.0000
396	Spectrogram 1	1	33495.820843750	33495.843593750	1400.000	4000.000	1.0000
397	Waveform 1	1	33496.101968750	33496.114968750	1400.000	4000.000	1.0000
397	Spectrogram 1	1	33496.101968750	33496.114968750	1400.000	4000.000	1.0000
398	Waveform 1	1	33501.524593750	33501.540843750	1400.000	4000.000	1.0000
398	Spectrogram 1	1	33501.524593750	33501.540843750	1400.000	4000.000	1.0000
399	Waveform 1	1	33516.859718750	33516.867843750	1400.000	4000.000	1.0000
399	Spectrogram 1	1	33516.859718750	33516.867843750	1400.000	4000.000	1.0000
400	Waveform 1	1	33592.004593750	33592.012718750	1400.000	4000.000	1.0000
400	Spectrogram 1	1	33592.004593750	33592.012718750	1400.000	4000.000	1.0000
401	Waveform 1	1	33860.981093750	33860.994093750	1400.000	4000.000	1.0000
401	Spectrogram 1	1	33860.981093750	33860.994093750	1400.000	4000.000	1.0000
402	Waveform 1	1	33862.342843750	33862.355843750	1400.000	4000.000	1.0000
402	Spectrogram 1	1	33862.342843750	33862.355843750	1400.000	4000.000	1.0000
403	Waveform 1	1	33864.612968750	33864.621093750	1400.000	4000.000	1.0000
403	Spectrogram 1	1	33864.612968750	33864.621093750	1400.000	4000.000	1.0000
404	Waveform 1	1	33869.751218750	33869.764218750	1400.000	4000.000	1.0000
404	Spectrogram 1	1	33869.751218750	33869.764218750	1400.000	4000.000	1.0000
405	Waveform 1	1	33871.051218750	33871.070718750	1400.000	4000.000	1.0000
405	Spectrogram 1	1	33871.051218750	33871.070718750	1400.000	4000.000	1.0000
406	Waveform 1	1	33872.414593750	33872.432468750	1400.000	4000.000	1.0000
406	Spectrogram 1	1	33872.414593750	33872.432468750	1400.000	4000.000	1.0000
407	Waveform 1	1	33873.773093750	33873.789343750	1400.000	4000.000	1.0000
407	Spectrogram 1	1	33873.773093750	33873.789343750	1400.000	4000.000	1.0000
408	Waveform 1	1	33874.778968750	33874.796843750	1400.000	4000.000	1.0000
408	Spectrogram 1	1	33874.778968750	33874.796843750	1400.000	4000.000	1.0000
409	Waveform 1	1	33890.393593750	33890.401718750	1400.000	4000.000	1.0000
409	Spectrogram 1	1	33890.393593750	33890.401718750	1400.000	4000.000	1.0000
410	Waveform 1	1	33906.399843750	33906.409593750	1400.000	4000.000	1.0000
410	Spectrogram 1	1	33906.399843750	33906.409593750	1400.000	4000.000	1.0000
411	Waveform 1	1	33924.859843750	33924.869593750	1400.000	4000.000	1.0000
411	Spectrogram 1	1	33924.859843750	33924.869593750	1400.000	4000.000	1.0000
412	Waveform 1	1	33925.171843750	33925.194593750	1400.000	4000.000	1.0000
412	Spectrogram 1	1	33925.171843750	33925.194593750	1400.000	4000.000	1.0000
413	Waveform 1	1	33925.227093750	33925.236843750	1400.000	4000.000	1.0000
413	Spectrogram 1	1	33925.227093750	33925.236843750	1400.000	4000.000	1.0000
414	Waveform 1	1	34562.262843750	34562.274218750	1400.000	4000.000	1.0000
414	Spectrogram 1	1	34562.262843750	34562.274218750	1400.000	4000.000	1.0000
415	Waveform 1	1	35036.112843750	35036.132343750	1400.000	4000.000	1.0000
415	Spectrogram 1	1	35036.112843750	35036.132343750	1400.000	4000.000	1.0000
416	Waveform 1	1	35048.495343750	35048.509968750	1400.000	4000.000	1.0000
416	Spectrogram 1	1	35048.495343750	35048.509968750	1400.000	4000.000	1.0000
417	Waveform 1	1	35058.575218750	35058.596343750	1400.000	4000.000	1.0000
417	Spectrogram 1	1	35058.575218750	35058.596343750	1400.000	4000.000	1.0000
418	Waveform 1	1	35058.648343750	35058.667843750	1400.000	4000.000	1.0000
418	Spectrogram 1	1	35058.648343750	35058.667843750	1400.000	4000.000	1.0000
419	Waveform 1	1	35854.872343750	35854.882093750	1400.000	4000.000	1.0000
419	Spectrogram 1	1	35854.872343750	35854.882093750	1400.000	4000.000	1.0000
420	Waveform 1	1	38421.192593750	38421.200718750	1400.000	4000.000	1.0000
420	Spectrogram 1	1	38421.192593750	38421.200718750	1400.000	4000.000	1.0000
421	Waveform 1	1	38470.654343750	38470.681968750	1400.000	4000.000	0.7647
421	Spectrogram 1	1	38470.654343750	38470.681968750	1400.000	4000.000	0.7647
422	Waveform 1	1	38505.499218750	38505.525218750	1400.000	4000.000	1.0000
422	Spectrogram 1	1	38505.499218750	38505.525218750	1400.000	4000.000	1.0000
423	Waveform 1	1	40157.602593750	40157.613968750	1400.000	4000.000	1.0000
423	Spectrogram 1	1	40157.602593750	40157.613968750	1400.000	4000.000	1.0000
424	Waveform 1	1	40719.220468750	40719.233468750	1400.000	4000.000	1.0000
424	Spectrogram 1	1	40719.220468750	40719.233468750	1400.000	4000.000	1.0000
425	Waveform 1	1	42767.471218750	42767.495593750	1400.000	4000.000	0.8000
425	Spectrogram 1	1	42767.471218750	42767.495593750	1400.000	4000.000	0.8000
426	Waveform 1	1	43738.231593750	43738.239718750	1400.000	4000.000	1.0000
426	Spectrogram 1	1	43738.231593750	43738.239718750	1400.000	4000.000	1.0000
427	Waveform 1	1	45084.873968750	45084.888593750	1400.000	4000.000	1.0000
427	Spectrogram 1	1	45084.873968750	45084.888593750	1400.000	4000.000	1.0000
428	Waveform 1	1	45245.971593750	45245.981343750	1400.000	4000.000	1.0000
428	Spectrogram 1	1	45245.971593750	45245.981343750	1400.000	4000.000	1.0000
429	Waveform 1	1	45383.163843750	45383.176843750	1400.000	4000.000	1.0000
429	Spectrogram 1	1	45383.163843750	45383.176843750	1400.000	4000.000	1.0000
430	Waveform 1	1	48416.289718750	48416.299468750	1400.000	4000.000	1.0000
430	Spectrogram 1	1	48416.289718750	48416.299468750	1400.000	4000.000	1.0000
431	Waveform 1	1	50365.402468750	50365.410593750	1400.000	4000.000	1.0000
431	Spectrogram 1	1	50365.402468750	50365.410593750	1400.000	4000.000	1.0000
432	Waveform 1	1	53935.234968750	53935.243093750	1400.000	4000.000	1.0000
432	Spectrogram 1	1	53935.234968750	53935.243093750	1400.000	4000.000	1.0000
433	Waveform 1	1	54211.761218750	54211.787218750	1400.000	4000.000	1.0000
433	Spectrogram 1	1	54211.761218750	54211.787218750	1400.000	4000.000	1.0000
434	Waveform 1	1	62373.114093750	62373.123843750	1400.000	4000.000	1.0000
434	Spectrogram 1	1	62373.114093750	62373.123843750	1400.000	4000.000	1.0000
435	Waveform 1	1	62513.528718750	62513.551468750	1400.000	4000.000	1.0000
435	Spectrogram 1	1	62513.528718750	62513.551468750	1400.000	4000.000	1.0000
436	Waveform 1	1	62596.623093750	62596.640968750	1400.000	4000.000	1.0000
436	Spectrogram 1	1	62596.623093750	62596.640968750	1400.000	4000.000	1.0000
437	Waveform 1	1	62636.113843750	62636.130093750	1400.000	4000.000	1.0000
437	Spectrogram 1	1	62636.113843750	62636.130093750	1400.000	4000.000	1.0000
438	Waveform 1	1	62640.545218750	62640.558218750	1400.000	4000.000	1.0000
438	Spectrogram 1	1	62640.545218750	62640.558218750	1400.000	4000.000	1.0000
439	Waveform 1	1	62651.778843750	62651.786968750	1400.000	4000.000	1.0000
439	Spectrogram 1	1	62651.778843750	62651.786968750	1400.000	4000.000	1.0000
440	Waveform 1	1	62815.651968750	62815.668218750	1400.000	4000.000	1.0000
440	Spectrogram 1	1	62815.651968750	62815.668218750	1400.000	4000.000	1.0000
441	Waveform 1	1	62826.641843750	62826.656468750	1400.000	4000.000	1.0000
441	Spectrogram 1	1	62826.641843750	62826.656468750	1400.000	4000.000	1.0000
442	Waveform 1	1	62924.193843750	62924.208468750	1400.000	4000.000	1.0000
442	Spectrogram 1	1	62924.193843750	62924.208468750	1400.000	4000.000	1.0000
443	Waveform 1	1	62971.266843750	62971.289593750	1400.000	4000.000	1.0000
443	Spectrogram 1	1	62971.266843750	62971.289593750	1400.000	4000.000	1.0000
444	Waveform 1	1	62975.423593750	62975.436593750	1400.000	4000.000	1.0000
444	Spectrogram 1	1	62975.423593750	62975.436593750	1400.000	4000.000	1.0000
445	Waveform 1	1	63006.880343750	63006.893343750	1400.000	4000.000	1.0000
445	Spectrogram 1	1	63006.880343750	63006.893343750	1400.000	4000.000	1.0000
446	Waveform 1	1	63100.829718750	63100.849218750	1400.000	4000.000	1.0000
446	Spectrogram 1	1	63100.829718750	63100.849218750	1400.000	4000.000	1.0000
447	Waveform 1	1	63106.054093750	63106.063843750	1400.000	4000.000	1.0000
447	Spectrogram 1	1	63106.054093750	63106.063843750	1400.000	4000.000	1.0000
448	Waveform 1	1	63129.168093750	63129.177843750	1400.000	4000.000	1.0000
448	Spectrogram 1	1	63129.168093750	63129.177843750	1400.000	4000.000	1.0000
449	Waveform 1	1	63151.885593750	63151.905093750	1400.000	4000.000	1.0000
449	Spectrogram 1	1	63151.885593750	63151.905093750	1400.000	4000.000	1.0000
450	Waveform 1	1	63182.661468750	63182.674468750	1400.000	4000.000	1.0000
450	Spectrogram 1	1	63182.661468750	63182.674468750	1400.000	4000.000	1.0000
451	Waveform 1	1	63191.667218750	63191.680218750	1400.000	4000.000	1.0000
451	Spectrogram 1	1	63191.667218750	63191.680218750	1400.000	4000.000	1.0000
452	Waveform 1	1	63232.271093750	63232.279218750	1400.000	4000.000	1.0000
452	Spectrogram 1	1	63232.271093750	63232.279218750	1400.000	4000.000	1.0000
453	Waveform 1	1	63276.061593750	63276.077843750	1400.000	4000.000	1.0000
453	Spectrogram 1	1	63276.061593750	63276.077843750	1400.000	4000.000	1.0000
454	Waveform 1	1	63276.141218750	63276.168843750	1400.000	4000.000	1.0000
454	Spectrogram 1	1	63276.141218750	63276.168843750	1400.000	4000.000	1.0000
455	Waveform 1	1	63277.137343750	63277.148718750	1400.000	4000.000	1.0000
455	Spectrogram 1	1	63277.137343750	63277.148718750	1400.000	4000.000	1.0000
456	Waveform 1	1	63277.704468750	63277.717468750	1400.000	4000.000	1.0000
456	Spectrogram 1	1	63277.704468750	63277.717468750	1400.000	4000.000	1.0000
457	Waveform 1	1	63280.710718750	63280.726968750	1400.000	4000.000	1.0000
457	Spectrogram 1	1	63280.710718750	63280.726968750	1400.000	4000.000	1.0000
458	Waveform 1	1	63281.411093750	63281.425718750	1400.000	4000.000	1.0000
458	Spectrogram 1	1	63281.411093750	63281.425718750	1400.000	4000.000	1.0000
459	Waveform 1	1	63285.176218750	63285.190843750	1400.000	4000.000	1.0000
459	Spectrogram 1	1	63285.176218750	63285.190843750	1400.000	4000.000	1.0000
460	Waveform 1	1	63285.224968750	63285.236343750	1400.000	4000.000	1.0000
460	Spectrogram 1	1	63285.224968750	63285.236343750	1400.000	4000.000	1.0000
461	Waveform 1	1	63285.340343750	63285.350093750	1400.000	4000.000	1.0000
461	Spectrogram 1	1	63285.340343750	63285.350093750	1400.000	4000.000	1.0000
462	Waveform 1	1	63285.597093750	63285.627968750	1400.000	4000.000	1.0000
462	Spectrogram 1	1	63285.597093750	63285.627968750	1400.000	4000.000	1.0000
463	Waveform 1	1	63287.118093750	63287.132718750	1400.000	4000.000	1.0000
463	Spectrogram 1	1	63287.118093750	63287.132718750	1400.000	4000.000	1.0000
464	Waveform 1	1	63287.498343750	63287.525968750	1400.000	4000.000	1.0000
464	Spectrogram 1	1	63287.498343750	63287.525968750	1400.000	4000.000	1.0000
465	Waveform 1	1	63289.095718750	63289.111968750	1400.000	4000.000	1.0000
465	Spectrogram 1	1	63289.095718750	63289.111968750	1400.000	4000.000	1.0000
466	Waveform 1	1	63289.961843750	63289.971593750	1400.000	4000.000	1.0000
466	Spectrogram 1	1	63289.961843750	63289.971593750	1400.000	4000.000	1.0000
467	Waveform 1	1	63291.351218750	63291.369093750	1400.000	4000.000	1.0000
467	Spectrogram 1	1	63291.351218750	63291.369093750	1400.000	4000.000	1.0000
468	Waveform 1	1	63294.692218750	63294.705218750	1400.000	4000.000	1.0000
468	Spectrogram 1	1	63294.692218750	63294.705218750	1400.000	4000.000	1.0000
469	Waveform 1	1	63299.749218750	63299.765468750	1400.000	4000.000	1.0000
469	Spectrogram 1	1	63299.749218750	63299.765468750	1400.000	4000.000	1.0000
470	Waveform 1	1	63307.346093750	63307.355843750	1400.000	4000.000	1.0000
470	Spectrogram 1	1	63307.346093750	63307.355843750	1400.000	4000.000	1.0000
471	Waveform 1	1	63447.461718750	63447.476343750	1400.000	4000.000	1.0000
471	Spectrogram 1	1	63447.461718750	63447.476343750	1400.000	4000.000	1.0000
472	Waveform 1	1	63483.045968750	63483.063843750	1400.000	4000.000	1.0000
472	Spectrogram 1	1	63483.045968750	63483.063843750	1400.000	4000.000	1.0000
473	Waveform 1	1	63487.659343750	63487.683718750	1400.000	4000.000	1.0000
473	Spectrogram 1	1	63487.659343750	63487.683718750	1400.000	4000.000	1.0000
474	Waveform 1	1	63494.739468750	63494.749218750	1400.000	4000.000	1.0000
474	Spectrogram 1	1	63494.739468750	63494.749218750	1400.000	4000.000	1.0000
475	Waveform 1	1	63499.936218750	63499.955718750	1400.000	4000.000	1.0000
475	Spectrogram 1	1	63499.936218750	63499.955718750	1400.000	4000.000	1.0000
476	Waveform 1	1	63747.974593750	63747.982718750	1400.000	4000.000	1.0000
476	Spectrogram 1	1	63747.974593750	63747.982718750	1400.000	4000.000	1.0000
477	Waveform 1	1	63761.510843750	63761.520593750	1400.000	4000.000	1.0000
477	Spectrogram 1	1	63761.510843750	63761.520593750	1400.000	4000.000	1.0000
478	Waveform 1	1	63763.738718750	63763.746843750	1400.000	4000.000	1.0000
478	Spectrogram 1	1	63763.738718750	63763.746843750	1400.000	4000.000	1.0000
479	Waveform 1	1	63764.674718750	63764.684468750	1400.000	4000.000	1.0000
479	Spectrogram 1	1	63764.674718750	63764.684468750	1400.000	4000.000	1.0000
480	Waveform 1	1	63765.001343750	63765.032218750	1400.000	4000.000	1.0000
480	Spectrogram 1	1	63765.001343750	63765.032218750	1400.000	4000.000	1.0000
481	Waveform 1	1	63766.372843750	63766.380968750	1400.000	4000.000	1.0000
481	Spectrogram 1	1	63766.372843750	63766.380968750	1400.000	4000.000	1.0000
482	Waveform 1	1	63783.536093750	63783.549093750	1400.000	4000.000	1.0000
482	Spectrogram 1	1	63783.536093750	63783.549093750	1400.000	4000.000	1.0000
483	Waveform 1	1	63786.210843750	63786.231968750	1400.000	4000.000	1.0000
483	Spectrogram 1	1	63786.210843750	63786.231968750	1400.000	4000.000	1.0000
484	Waveform 1	1	63792.751468750	63792.772593750	1400.000	4000.000	1.0000
484	Spectrogram 1	1	63792.751468750	63792.772593750	1400.000	4000.000	1.0000
485	Waveform 1	1	63794.675468750	63794.693343750	1400.000	4000.000	1.0000
485	Spectrogram 1	1	63794.675468750	63794.693343750	1400.000	4000.000	1.0000
486	Waveform 1	1	63800.993468750	63801.011343750	1400.000	4000.000	1.0000
486	Spectrogram 1	1	63800.993468750	63801.011343750	1400.000	4000.000	1.0000
487	Waveform 1	1	63804.293843750	63804.310093750	1400.000	4000.000	1.0000
487	Spectrogram 1	1	63804.293843750	63804.310093750	1400.000	4000.000	1.0000
488	Waveform 1	1	63807.288718750	63807.303343750	1400.000	4000.000	1.0000
488	Spectrogram 1	1	63807.288718750	63807.303343750	1400.000	4000.000	1.0000
489	Waveform 1	1	63813.427968750	63813.437718750	1400.000	4000.000	1.0000
489	Spectrogram 1	1	63813.427968750	63813.437718750	1400.000	4000.000	1.0000
490	Waveform 1	1	63815.753343750	63815.766343750	1400.000	4000.000	1.0000
490	Spectrogram 1	1	63815.753343750	63815.766343750	1400.000	4000.000	1.0000
491	Waveform 1	1	63823.176343750	63823.184468750	1400.000	4000.000	1.0000
491	Spectrogram 1	1	63823.176343750	63823.184468750	1400.000	4000.000	1.0000
492	Waveform 1	1	63849.806843750	63849.814968750	1400.000	4000.000	1.0000
492	Spectrogram 1	1	63849.806843750	63849.814968750	1400.000	4000.000	1.0000
493	Waveform 1	1	63902.260218750	63902.278093750	1400.000	4000.000	1.0000
493	Spectrogram 1	1	63902.260218750	63902.278093750	1400.000	4000.000	1.0000
494	Waveform 1	1	63916.680468750	63916.701593750	1400.000	4000.000	1.0000
494	Spectrogram 1	1	63916.680468750	63916.701593750	1400.000	4000.000	1.0000
495	Waveform 1	1	63944.230718750	63944.248593750	1400.000	4000.000	1.0000
495	Spectrogram 1	1	63944.230718750	63944.248593750	1400.000	4000.000	1.0000
496	Waveform 1	1	63944.438718750	63944.453343750	1400.000	4000.000	1.0000
496	Spectrogram 1	1	63944.438718750	63944.453343750	1400.000	4000.000	1.0000
497	Waveform 1	1	63950.566593750	63950.574718750	1400.000	4000.000	1.0000
497	Spectrogram 1	1	63950.566593750	63950.574718750	1400.000	4000.000	1.0000
498	Waveform 1	1	64023.823218750	64023.837843750	1400.000	4000.000	1.0000
498	Spectrogram 1	1	64023.823218750	64023.837843750	1400.000	4000.000	1.0000
499	Waveform 1	1	64026.783968750	64026.792093750	1400.000	4000.000	1.0000
499	Spectrogram 1	1	64026.783968750	64026.792093750	1400.000	4000.000	1.0000
500	Waveform 1	1	64092.931218750	64092.952343750	1400.000	4000.000	1.0000
500	Spectrogram 1	1	64092.931218750	64092.952343750	1400.000	4000.000	1.0000
501	Waveform 1	1	64093.646218750	64093.655968750	1400.000	4000.000	1.0000
501	Spectrogram 1	1	64093.646218750	64093.655968750	1400.000	4000.000	1.0000
502	Waveform 1	1	64183.752468750	64183.770343750	1400.000	4000.000	1.0000
502	Spectrogram 1	1	64183.752468750	64183.770343750	1400.000	4000.000	1.0000
503	Waveform 1	1	64415.376718750	64415.388093750	1400.000	4000.000	1.0000
503	Spectrogram 1	1	64415.376718750	64415.388093750	1400.000	4000.000	1.0000
504	Waveform 1	1	64443.602968750	64443.625718750	1400.000	4000.000	1.0000
504	Spectrogram 1	1	64443.602968750	64443.625718750	1400.000	4000.000	1.0000
505	Waveform 1	1	64839.643093750	64839.651218750	1400.000	4000.000	1.0000
505	Spectrogram 1	1	64839.643093750	64839.651218750	1400.000	4000.000	1.0000
506	Waveform 1	1	64844.661093750	64844.672468750	1400.000	4000.000	1.0000
506	Spectrogram 1	1	64844.661093750	64844.672468750	1400.000	4000.000	1.0000
507	Waveform 1	1	64845.676718750	64845.689718750	1400.000	4000.000	1.0000
507	Spectrogram 1	1	64845.676718750	64845.689718750	1400.000	4000.000	1.0000
508	Waveform 1	1	64846.768718750	64846.783343750	1400.000	4000.000	1.0000
508	Spectrogram 1	1	64846.768718750	64846.783343750	1400.000	4000.000	1.0000
509	Waveform 1	1	64847.850968750	64847.865593750	1400.000	4000.000	1.0000
509	Spectrogram 1	1	64847.850968750	64847.865593750	1400.000	4000.000	1.0000
510	Waveform 1	1	64848.894218750	64848.905593750	1400.000	4000.000	1.0000
510	Spectrogram 1	1	64848.894218750	64848.905593750	1400.000	4000.000	1.0000
511	Waveform 1	1	64856.596718750	64856.606468750	1400.000	4000.000	1.0000
511	Spectrogram 1	1	64856.596718750	64856.606468750	1400.000	4000.000	1.0000
512	Waveform 1	1	64857.436843750	64857.444968750	1400.000	4000.000	1.0000
512	Spectrogram 1	1	64857.436843750	64857.444968750	1400.000	4000.000	1.0000
513	Waveform 1	1	64858.236343750	64858.244468750	1400.000	4000.000	1.0000
513	Spectrogram 1	1	64858.236343750	64858.244468750	1400.000	4000.000	1.0000
514	Waveform 1	1	64859.016343750	64859.024468750	1400.000	4000.000	1.0000
514	Spectrogram 1	1	64859.016343750	64859.024468750	1400.000	4000.000	1.0000
515	Waveform 1	1	64875.487343750	64875.495468750	1400.000	4000.000	1.0000
515	Spectrogram 1	1	64875.487343750	64875.495468750	1400.000	4000.000	1.0000
516	Waveform 1	1	64880.607718750	64880.623968750	1400.000	4000.000	1.0000
516	Spectrogram 1	1	64880.607718750	64880.623968750	1400.000	4000.000	1.0000
517	Waveform 1	1	64882.172593750	64882.182343750	1400.000	4000.000	1.0000
517	Spectrogram 1	1	64882.172593750	64882.182343750	1400.000	4000.000	1.0000
518	Waveform 1	1	64885.274718750	64885.284468750	1400.000	4000.000	1.0000
518	Spectrogram 1	1	64885.274718750	64885.284468750	1400.000	4000.000	1.0000
519	Waveform 1	1	64888.485718750	64888.495468750	1400.000	4000.000	1.0000
519	Spectrogram 1	1	64888.485718750	64888.495468750	1400.000	4000.000	1.0000
520	Waveform 1	1	64889.590718750	64889.600468750	1400.000	4000.000	1.0000
520	Spectrogram 1	1	64889.590718750	64889.600468750	1400.000	4000.000	1.0000
521	Waveform 1	1	64890.703843750	64890.711968750	1400.000	4000.000	1.0000
521	Spectrogram 1	1	64890.703843750	64890.711968750	1400.000	4000.000	1.0000
522	Waveform 1	1	64891.803968750	64891.815343750	1400.000	4000.000	1.0000
522	Spectrogram 1	1	64891.803968750	64891.815343750	1400.000	4000.000	1.0000
523	Waveform 1	1	64892.762718750	64892.775718750	1400.000	4000.000	1.0000
523	Spectrogram 1	1	64892.762718750	64892.775718750	1400.000	4000.000	1.0000
524	Waveform 1	1	64897.714093750	64897.723843750	1400.000	4000.000	1.0000
524	Spectrogram 1	1	64897.714093750	64897.723843750	1400.000	4000.000	1.0000
525	Waveform 1	1	64900.591968750	64900.600093750	1400.000	4000.000	1.0000
525	Spectrogram 1	1	64900.591968750	64900.600093750	1400.000	4000.000	1.0000
526	Waveform 1	1	64901.544218750	64901.552343750	1400.000	4000.000	1.0000
526	Spectrogram 1	1	64901.544218750	64901.552343750	1400.000	4000.000	1.0000
527	Waveform 1	1	64902.457468750	64902.465593750	1400.000	4000.000	1.0000
527	Spectrogram 1	1	64902.457468750	64902.465593750	1400.000	4000.000	1.0000
528	Waveform 1	1	64903.360968750	64903.370718750	1400.000	4000.000	1.0000
528	Spectrogram 1	1	64903.360968750	64903.370718750	1400.000	4000.000	1.0000
529	Waveform 1	1	64914.610843750	64914.622218750	1400.000	4000.000	1.0000
529	Spectrogram 1	1	64914.610843750	64914.622218750	1400.000	4000.000	1.0000
530	Waveform 1	1	64916.718468750	64916.737968750	1400.000	4000.000	1.0000
530	Spectrogram 1	1	64916.718468750	64916.737968750	1400.000	4000.000	1.0000
531	Waveform 1	1	64922.974718750	64922.982843750	1400.000	4000.000	1.0000
531	Spectrogram 1	1	64922.974718750	64922.982843750	1400.000	4000.000	1.0000
532	Waveform 1	1	64953.159093750	64953.168843750	1400.000	4000.000	1.0000
532	Spectrogram 1	1	64953.159093750	64953.168843750	1400.000	4000.000	1.0000
533	Waveform 1	1	65155.229468750	65155.237593750	1400.000	4000.000	1.0000
533	Spectrogram 1	1	65155.229468750	65155.237593750	1400.000	4000.000	1.0000
534	Waveform 1	1	65353.749218750	65353.770343750	1400.000	4000.000	1.0000
534	Spectrogram 1	1	65353.749218750	65353.770343750	1400.000	4000.000	1.0000
535	Waveform 1	1	65381.097968750	65381.119093750	1400.000	4000.000	1.0000
535	Spectrogram 1	1	65381.097968750	65381.119093750	1400.000	4000.000	1.0000
536	Waveform 1	1	65633.437718750	65633.445843750	1400.000	4000.000	1.0000
536	Spectrogram 1	1	65633.437718750	65633.445843750	1400.000	4000.000	1.0000
537	Waveform 1	1	65804.979218750	65804.987343750	1400.000	4000.000	1.0000
537	Spectrogram 1	1	65804.979218750	65804.987343750	1400.000	4000.000	1.0000
538	Waveform 1	1	66715.447218750	66715.455343750	1400.000	4000.000	1.0000
538	Spectrogram 1	1	66715.447218750	66715.455343750	1400.000	4000.000	1.0000
539	Waveform 1	1	66716.500218750	66716.508343750	1400.000	4000.000	1.0000
539	Spectrogram 1	1	66716.500218750	66716.508343750	1400.000	4000.000	1.0000
540	Waveform 1	1	66717.444343750	66717.455718750	1400.000	4000.000	1.0000
540	Spectrogram 1	1	66717.444343750	66717.455718750	1400.000	4000.000	1.0000
541	Waveform 1	1	66718.310468750	66718.320218750	1400.000	4000.000	1.0000
541	Spectrogram 1	1	66718.310468750	66718.320218750	1400.000	4000.000	1.0000
542	Waveform 1	1	66719.265968750	66719.278968750	1400.000	4000.000	1.0000
542	Spectrogram 1	1	66719.265968750	66719.278968750	1400.000	4000.000	1.0000
543	Waveform 1	1	66720.260468750	66720.271843750	1400.000	4000.000	1.0000
543	Spectrogram 1	1	66720.260468750	66720.271843750	1400.000	4000.000	1.0000
544	Waveform 1	1	66721.176968750	66721.188343750	1400.000	4000.000	1.0000
544	Spectrogram 1	1	66721.176968750	66721.188343750	1400.000	4000.000	1.0000
545	Waveform 1	1	66722.101593750	66722.114593750	1400.000	4000.000	1.0000
545	Spectrogram 1	1	66722.101593750	66722.114593750	1400.000	4000.000	1.0000
546	Waveform 1	1	66723.003468750	66723.014843750	1400.000	4000.000	1.0000
546	Spectrogram 1	1	66723.003468750	66723.014843750	1400.000	4000.000	1.0000
547	Waveform 1	1	66723.871218750	66723.884218750	1400.000	4000.000	1.0000
547	Spectrogram 1	1	66723.871218750	66723.884218750	1400.000	4000.000	1.0000
548	Waveform 1	1	66724.732468750	66724.743843750	1400.000	4000.000	1.0000
548	Spectrogram 1	1	66724.732468750	66724.743843750	1400.000	4000.000	1.0000
549	Waveform 1	1	66725.622968750	66725.632718750	1400.000	4000.000	1.0000
549	Spectrogram 1	1	66725.622968750	66725.632718750	1400.000	4000.000	1.0000
550	Waveform 1	1	66727.493343750	66727.506343750	1400.000	4000.000	1.0000
550	Spectrogram 1	1	66727.493343750	66727.506343750	1400.000	4000.000	1.0000
551	Waveform 1	1	66728.328593750	66728.339968750	1400.000	4000.000	1.0000
551	Spectrogram 1	1	66728.328593750	66728.339968750	1400.000	4000.000	1.0000
552	Waveform 1	1	66729.098843750	66729.106968750	1400.000	4000.000	1.0000
552	Spectrogram 1	1	66729.098843750	66729.106968750	1400.000	4000.000	1.0000
553	Waveform 1	1	66731.195093750	66731.206468750	1400.000	4000.000	1.0000
553	Spectrogram 1	1	66731.195093750	66731.206468750	1400.000	4000.000	1.0000
554	Waveform 1	1	66831.834593750	66831.842718750	1400.000	4000.000	1.0000
554	Spectrogram 1	1	66831.834593750	66831.842718750	1400.000	4000.000	1.0000
555	Waveform 1	1	66930.771093750	66930.779218750	1400.000	4000.000	1.0000
555	Spectrogram 1	1	66930.771093750	66930.779218750	1400.000	4000.000	1.0000
556	Waveform 1	1	66930.842593750	66930.858843750	1400.000	4000.000	1.0000
556	Spectrogram 1	1	66930.842593750	66930.858843750	1400.000	4000.000	1.0000
557	Waveform 1	1	66930.988843750	66931.021343750	1400.000	4000.000	1.0000
557	Spectrogram 1	1	66930.988843750	66931.021343750	1400.000	4000.000	1.0000
558	Waveform 1	1	67796.558093750	67796.572718750	1400.000	4000.000	1.0000
558	Spectrogram 1	1	67796.558093750	67796.572718750	1400.000	4000.000	1.0000
559	Waveform 1	1	68118.613593750	68118.626593750	1400.000	4000.000	1.0000
559	Spectrogram 1	1	68118.613593750	68118.626593750	1400.000	4000.000	1.0000
560	Waveform 1	1	68119.918468750	68119.936343750	1400.000	4000.000	1.0000
560	Spectrogram 1	1	68119.918468750	68119.936343750	1400.000	4000.000	1.0000
561	Waveform 1	1	69330.156718750	69330.177843750	1400.000	4000.000	1.0000
561	Spectrogram 1	1	69330.156718750	69330.177843750	1400.000	4000.000	1.0000
562	Waveform 1	1	69339.948968750	69339.974968750	1400.000	4000.000	1.0000
562	Spectrogram 1	1	69339.948968750	69339.974968750	1400.000	4000.000	1.0000
563	Waveform 1	1	69340.535593750	69340.563218750	1400.000	4000.000	1.0000
563	Spectrogram 1	1	69340.535593750	69340.563218750	1400.000	4000.000	1.0000
564	Waveform 1	1	69361.891343750	69361.904343750	1400.000	4000.000	1.0000
564	Spectrogram 1	1	69361.891343750	69361.904343750	1400.000	4000.000	1.0000
565	Waveform 1	1	69362.048968750	69362.071718750	1400.000	4000.000	1.0000
565	Spectrogram 1	1	69362.048968750	69362.071718750	1400.000	4000.000	1.0000
566	Waveform 1	1	73911.017093750	73911.025218750	1400.000	4000.000	1.0000
566	Spectrogram 1	1	73911.017093750	73911.025218750	1400.000	4000.000	1.0000
567	Waveform 1	1	73943.014968750	73943.039343750	1400.000	4000.000	1.0000
567	Spectrogram 1	1	73943.014968750	73943.039343750	1400.000	4000.000	1.0000
568	Waveform 1	1	74175.248593750	74175.264843750	1400.000	4000.000	1.0000
568	Spectrogram 1	1	74175.248593750	74175.264843750	1400.000	4000.000	1.0000
569	Waveform 1	1	74227.256718750	74227.277843750	1400.000	4000.000	1.0000
569	Spectrogram 1	1	74227.256718750	74227.277843750	1400.000	4000.000	1.0000
570	Waveform 1	1	74300.657968750	74300.672593750	1400.000	4000.000	1.0000
570	Spectrogram 1	1	74300.657968750	74300.672593750	1400.000	4000.000	1.0000
571	Waveform 1	1	74668.348343750	74668.366218750	1400.000	4000.000	1.0000
571	Spectrogram 1	1	74668.348343750	74668.366218750	1400.000	4000.000	1.0000
572	Waveform 1	1	75051.708593750	75051.723218750	1400.000	4000.000	1.0000
572	Spectrogram 1	1	75051.708593750	75051.723218750	1400.000	4000.000	1.0000
573	Waveform 1	1	75129.854843750	75129.882468750	1400.000	4000.000	1.0000
573	Spectrogram 1	1	75129.854843750	75129.882468750	1400.000	4000.000	1.0000
574	Waveform 1	1	75130.436593750	75130.464218750	1400.000	4000.000	1.0000
574	Spectrogram 1	1	75130.436593750	75130.464218750	1400.000	4000.000	1.0000
575	Waveform 1	1	75139.166093750	75139.198593750	1400.000	4000.000	1.0000
575	Spectrogram 1	1	75139.166093750	75139.198593750	1400.000	4000.000	1.0000
576	Waveform 1	1	75149.345093750	75149.371093750	1400.000	4000.000	1.0000
576	Spectrogram 1	1	75149.345093750	75149.371093750	1400.000	4000.000	1.0000
577	Waveform 1	1	75149.931718750	75149.946343750	1400.000	4000.000	1.0000
577	Spectrogram 1	1	75149.931718750	75149.946343750	1400.000	4000.000	1.0000
578	Waveform 1	1	75161.530968750	75161.561843750	1400.000	4000.000	1.0000
578	Spectrogram 1	1	75161.530968750	75161.561843750	1400.000	4000.000	1.0000
579	Waveform 1	1	75162.122468750	75162.153343750	1400.000	4000.000	1.0000
579	Spectrogram 1	1	75162.122468750	75162.153343750	1400.000	4000.000	1.0000
580	Waveform 1	1	75188.535218750	75188.559593750	1400.000	4000.000	1.0000
580	Spectrogram 1	1	75188.535218750	75188.559593750	1400.000	4000.000	1.0000
581	Waveform 1	1	75189.123468750	75189.152718750	1400.000	4000.000	1.0000
581	Spectrogram 1	1	75189.123468750	75189.152718750	1400.000	4000.000	1.0000
582	Waveform 1	1	75463.650968750	75463.676968750	1400.000	4000.000	1.0000
582	Spectrogram 1	1	75463.650968750	75463.676968750	1400.000	4000.000	1.0000
583	Waveform 1	1	75464.312343750	75464.330218750	1400.000	4000.000	1.0000
583	Spectrogram 1	1	75464.312343750	75464.330218750	1400.000	4000.000	1.0000
584	Waveform 1	1	75467.440468750	75467.463218750	1400.000	4000.000	1.0000
584	Spectrogram 1	1	75467.440468750	75467.463218750	1400.000	4000.000	1.0000
585	Waveform 1	1	75468.101843750	75468.129468750	1400.000	4000.000	1.0000
585	Spectrogram 1	1	75468.101843750	75468.129468750	1400.000	4000.000	1.0000
586	Waveform 1	1	75471.288468750	75471.301468750	1400.000	4000.000	1.0000
586	Spectrogram 1	1	75471.288468750	75471.301468750	1400.000	4000.000	1.0000
587	Waveform 1	1	75478.755343750	75478.776468750	1400.000	4000.000	1.0000
587	Spectrogram 1	1	75478.755343750	75478.776468750	1400.000	4000.000	1.0000
588	Waveform 1	1	75486.636593750	75486.657718750	1400.000	4000.000	1.0000
588	Spectrogram 1	1	75486.636593750	75486.657718750	1400.000	4000.000	1.0000
589	Waveform 1	1	75516.694218750	75516.713718750	1400.000	4000.000	1.0000
589	Spectrogram 1	1	75516.694218750	75516.713718750	1400.000	4000.000	1.0000
590	Waveform 1	1	75520.014093750	75520.036843750	1400.000	4000.000	1.0000
590	Spectrogram 1	1	75520.014093750	75520.036843750	1400.000	4000.000	1.0000
591	Waveform 1	1	75532.877593750	75532.888968750	1400.000	4000.000	1.0000
591	Spectrogram 1	1	75532.877593750	75532.888968750	1400.000	4000.000	1.0000
592	Waveform 1	1	75539.783843750	75539.791968750	1400.000	4000.000	1.0000
592	Spectrogram 1	1	75539.783843750	75539.791968750	1400.000	4000.000	1.0000
593	Waveform 1	1	75561.068093750	75561.082718750	1400.000	4000.000	1.0000
593	Spectrogram 1	1	75561.068093750	75561.082718750	1400.000	4000.000	1.0000
594	Waveform 1	1	75561.748968750	75561.761968750	1400.000	4000.000	1.0000
594	Spectrogram 1	1	75561.748968750	75561.761968750	1400.000	4000.000	1.0000
595	Waveform 1	1	75585.745343750	75585.758343750	1400.000	4000.000	1.0000
595	Spectrogram 1	1	75585.745343750	75585.758343750	1400.000	4000.000	1.0000
596	Waveform 1	1	75610.435593750	75610.463218750	1400.000	4000.000	1.0000
596	Spectrogram 1	1	75610.435593750	75610.463218750	1400.000	4000.000	1.0000
597	Waveform 1	1	75629.137718750	75629.150718750	1400.000	4000.000	1.0000
597	Spectrogram 1	1	75629.137718750	75629.150718750	1400.000	4000.000	1.0000
598	Waveform 1	1	75657.510218750	75657.534593750	1400.000	4000.000	1.0000
598	Spectrogram 1	1	75657.510218750	75657.534593750	1400.000	4000.000	1.0000
599	Waveform 1	1	75658.225218750	75658.254468750	1400.000	4000.000	1.0000
599	Spectrogram 1	1	75658.225218750	75658.254468750	1400.000	4000.000	1.0000
600	Waveform 1	1	75673.176843750	75673.202843750	1400.000	4000.000	1.0000
600	Spectrogram 1	1	75673.176843750	75673.202843750	1400.000	4000.000	1.0000
601	Waveform 1	1	75696.393218750	75696.414343750	1400.000	4000.000	1.0000
601	Spectrogram 1	1	75696.393218750	75696.414343750	1400.000	4000.000	1.0000
602	Waveform 1	1	75697.119593750	75697.134218750	1400.000	4000.000	1.0000
602	Spectrogram 1	1	75697.119593750	75697.134218750	1400.000	4000.000	1.0000
603	Waveform 1	1	75714.113843750	75714.126843750	1400.000	4000.000	1.0000
603	Spectrogram 1	1	75714.113843750	75714.126843750	1400.000	4000.000	1.0000
604	Waveform 1	1	75719.096093750	75719.120468750	1400.000	4000.000	1.0000
604	Spectrogram 1	1	75719.096093750	75719.120468750	1400.000	4000.000	1.0000
605	Waveform 1	1	75726.166468750	75726.176218750	1400.000	4000.000	1.0000
605	Spectrogram 1	1	75726.166468750	75726.176218750	1400.000	4000.000	1.0000
606	Waveform 1	1	75743.251718750	75743.267968750	1400.000	4000.000	1.0000
606	Spectrogram 1	1	75743.251718750	75743.267968750	1400.000	4000.000	1.0000
607	Waveform 1	1	75770.028468750	75770.051218750	1400.000	4000.000	1.0000
607	Spectrogram 1	1	75770.028468750	75770.051218750	1400.000	4000.000	1.0000
608	Waveform 1	1	75773.648968750	75773.668468750	1400.000	4000.000	1.0000
608	Spectrogram 1	1	75773.648968750	75773.668468750	1400.000	4000.000	1.0000
609	Waveform 1	1	75794.411593750	75794.426218750	1400.000	4000.000	1.0000
609	Spectrogram 1	1	75794.411593750	75794.426218750	1400.000	4000.000	1.0000
610	Waveform 1	1	75797.874468750	75797.892343750	1400.000	4000.000	1.0000
610	Spectrogram 1	1	75797.874468750	75797.892343750	1400.000	4000.000	1.0000
611	Waveform 1	1	75812.367843750	75812.398718750	1400.000	4000.000	1.0000
611	Spectrogram 1	1	75812.367843750	75812.398718750	1400.000	4000.000	1.0000
612	Waveform 1	1	75835.839343750	75835.857218750	1400.000	4000.000	1.0000
612	Spectrogram 1	1	75835.839343750	75835.857218750	1400.000	4000.000	1.0000
613	Waveform 1	1	75850.729218750	75850.742218750	1400.000	4000.000	1.0000
613	Spectrogram 1	1	75850.729218750	75850.742218750	1400.000	4000.000	1.0000
614	Waveform 1	1	75864.960968750	75864.983718750	1400.000	4000.000	1.0000
614	Spectrogram 1	1	75864.960968750	75864.983718750	1400.000	4000.000	1.0000
615	Waveform 1	1	75867.609718750	75867.632468750	1400.000	4000.000	1.0000
615	Spectrogram 1	1	75867.609718750	75867.632468750	1400.000	4000.000	1.0000
616	Waveform 1	1	75908.556468750	75908.587343750	1400.000	4000.000	1.0000
616	Spectrogram 1	1	75908.556468750	75908.587343750	1400.000	4000.000	1.0000
617	Waveform 1	1	75922.754093750	75922.762218750	1400.000	4000.000	1.0000
617	Spectrogram 1	1	75922.754093750	75922.762218750	1400.000	4000.000	1.0000
618	Waveform 1	1	75929.956093750	75929.970718750	1400.000	4000.000	1.0000
618	Spectrogram 1	1	75929.956093750	75929.970718750	1400.000	4000.000	1.0000
619	Waveform 1	1	75955.349968750	75955.364593750	1400.000	4000.000	1.0000
619	Spectrogram 1	1	75955.349968750	75955.364593750	1400.000	4000.000	1.0000
620	Waveform 1	1	75968.762718750	75968.787093750	1400.000	4000.000	1.0000
620	Spectrogram 1	1	75968.762718750	75968.787093750	1400.000	4000.000	1.0000
621	Waveform 1	1	75969.560593750	75969.580093750	1400.000	4000.000	1.0000
621	Spectrogram 1	1	75969.560593750	75969.580093750	1400.000	4000.000	1.0000
622	Waveform 1	1	76084.535843750	76084.566718750	1400.000	4000.000	1.0000
622	Spectrogram 1	1	76084.535843750	76084.566718750	1400.000	4000.000	1.0000
623	Waveform 1	1	76191.714343750	76191.746843750	1400.000	4000.000	1.0000
623	Spectrogram 1	1	76191.714343750	76191.746843750	1400.000	4000.000	1.0000
624	Waveform 1	1	76195.614343750	76195.632218750	1400.000	4000.000	1.0000
624	Spectrogram 1	1	76195.614343750	76195.632218750	1400.000	4000.000	1.0000
625	Waveform 1	1	76226.086343750	76226.110718750	1400.000	4000.000	1.0000
625	Spectrogram 1	1	76226.086343750	76226.110718750	1400.000	4000.000	1.0000
626	Waveform 1	1	76229.961968750	76229.984718750	1400.000	4000.000	1.0000
626	Spectrogram 1	1	76229.961968750	76229.984718750	1400.000	4000.000	1.0000
627	Waveform 1	1	76243.217093750	76243.246343750	1400.000	4000.000	1.0000
627	Spectrogram 1	1	76243.217093750	76243.246343750	1400.000	4000.000	1.0000
628	Waveform 1	1	76248.743718750	76248.753468750	1400.000	4000.000	1.0000
628	Spectrogram 1	1	76248.743718750	76248.753468750	1400.000	4000.000	1.0000
629	Waveform 1	1	76270.715343750	76270.747843750	1400.000	4000.000	1.0000
629	Spectrogram 1	1	76270.715343750	76270.747843750	1400.000	4000.000	1.0000
630	Waveform 1	1	76274.028718750	76274.049843750	1400.000	4000.000	1.0000
630	Spectrogram 1	1	76274.028718750	76274.049843750	1400.000	4000.000	1.0000
631	Waveform 1	1	76279.938843750	76279.948593750	1400.000	4000.000	1.0000
631	Spectrogram 1	1	76279.938843750	76279.948593750	1400.000	4000.000	1.0000
632	Waveform 1	1	76280.049343750	76280.072093750	1400.000	4000.000	1.0000
632	Spectrogram 1	1	76280.049343750	76280.072093750	1400.000	4000.000	1.0000
633	Waveform 1	1	76295.100093750	76295.117968750	1400.000	4000.000	1.0000
633	Spectrogram 1	1	76295.100093750	76295.117968750	1400.000	4000.000	1.0000
634	Waveform 1	1	77866.634343750	77866.648968750	1400.000	4000.000	1.0000
634	Spectrogram 1	1	77866.634343750	77866.648968750	1400.000	4000.000	1.0000
635	Waveform 1	1	78741.027343750	78741.048468750	1400.000	4000.000	1.0000
635	Spectrogram 1	1	78741.027343750	78741.048468750	1400.000	4000.000	1.0000
636	Waveform 1	1	80247.199218750	80247.213843750	1400.000	4000.000	1.0000
636	Spectrogram 1	1	80247.199218750	80247.213843750	1400.000	4000.000	1.0000
637	Waveform 1	1	80307.983968750	80307.996968750	1400.000	4000.000	1.0000
637	Spectrogram 1	1	80307.983968750	80307.996968750	1400.000	4000.000	1.0000
638	Waveform 1	1	80807.378968750	80807.391968750	1400.000	4000.000	1.0000
638	Spectrogram 1	1	80807.378968750	80807.391968750	1400.000	4000.000	1.0000
639	Waveform 1	1	81475.102843750	81475.112593750	1400.000	4000.000	1.0000
639	Spectrogram 1	1	81475.102843750	81475.112593750	1400.000	4000.000	1.0000
640	Waveform 1	1	81475.190593750	81475.211718750	1400.000	4000.000	1.0000
640	Spectrogram 1	1	81475.190593750	81475.211718750	1400.000	4000.000	1.0000
641	Waveform 1	1	81475.275093750	81475.296218750	1400.000	4000.000	1.0000
641	Spectrogram 1	1	81475.275093750	81475.296218750	1400.000	4000.000	1.0000
642	Waveform 1	1	81475.554593750	81475.569218750	1400.000	4000.000	1.0000
642	Spectrogram 1	1	81475.554593750	81475.569218750	1400.000	4000.000	1.0000
643	Waveform 1	1	81475.720343750	81475.736593750	1400.000	4000.000	1.0000
643	Spectrogram 1	1	81475.720343750	81475.736593750	1400.000	4000.000	1.0000
644	Waveform 1	1	81479.175093750	81479.186468750	1400.000	4000.000	1.0000
644	Spectrogram 1	1	81479.175093750	81479.186468750	1400.000	4000.000	1.0000
645	Waveform 1	1	82362.637218750	82362.658343750	1400.000	4000.000	1.0000
645	Spectrogram 1	1	82362.637218750	82362.658343750	1400.000	4000.000	1.0000
646	Waveform 1	1	84676.858218750	84676.876093750	1400.000	4000.000	1.0000
646	Spectrogram 1	1	84676.858218750	84676.876093750	1400.000	4000.000	1.0000
647	Waveform 1	1	86228.310718750	86228.323718750	1400.000	4000.000	1.0000
647	Spectrogram 1	1	86228.310718750	86228.323718750	1400.000	4000.000	1.0000
