Selection	View	Channel	Begin Time (s)	End Time (s)	Low Freq (Hz)	High Freq (Hz)	Occupancy
1	Waveform 1	1	1512.829218750	1512.851968750	1400.000	4000.000	1.0000
1	Spectrogram 1	1	1512.829218750	1512.851968750	1400.000	4000.000	1.0000
2	Waveform 1	1	4601.109218750	4601.136843750	1400.000	4000.000	1.0000
2	Spectrogram 1	1	4601.109218750	4601.136843750	1400.000	4000.000	1.0000
3	Waveform 1	1	4658.884468750	4658.892593750	1400.000	4000.000	1.0000
3	Spectrogram 1	1	4658.884468750	4658.892593750	1400.000	4000.000	1.0000
4	Waveform 1	1	4817.876093750	4817.889093750	1400.000	4000.000	1.0000
4	Spectrogram 1	1	4817.876093750	4817.889093750	1400.000	4000.000	1.0000
5	Waveform 1	1	4930.738843750	4930.748593750	1400.000	4000.000	1.0000
5	Spectrogram 1	1	4930.738843750	4930.748593750	1400.000	4000.000	1.0000
6	Waveform 1	1	6156.806218750	6156.814343750	1400.000	4000.000	1.0000
6	Spectrogram 1	1	6156.806218750	6156.814343750	1400.000	4000.000	1.0000
7	Waveform 1	1	7752.531843750	7752.554593750	1400.000	4000.000	1.0000
7	Spectrogram 1	1	7752.531843750	7752.554593750	1400.000	4000.000	1.0000
8	Waveform 1	1	7765.302718750	7765.328718750	1400.000	4000.000	1.0000
8	Spectrogram 1	1	7765.302718750	7765.328718750	1400.000	4000.000	1.0000
9	Waveform 1	1	7765.816218750	7765.843843750	1400.000	4000.000	1.0000
9	Spectrogram 1	1	7765.816218750	7765.843843750	1400.000	4000.000	1.0000
10	Waveform 1	1	7956.945468750	7956.958468750	1400.000	4000.000	1.0000
10	Spectrogram 1	1	7956.945468750	7956.958468750	1400.000	4000.000	1.0000
11	Waveform 1	1	7957.018593750	7957.029968750	1400.000	4000.000	1.0000
11	Spectrogram 1	1	7957.018593750	7957.029968750	1400.000	4000.000	1.0000
12	Waveform 1	1	8117.753843750	8117.783093750	1400.000	4000.000	1.0000
12	Spectrogram 1	1	8117.753843750	8117.783093750	1400.000	4000.000	1.0000
13	Waveform 1	1	8117.828593750	8117.839968750	1400.000	4000.000	1.0000
13	Spectrogram 1	1	8117.828593750	8117.839968750	1400.000	4000.000	1.0000
14	Waveform 1	1	9069.110093750	9069.127968750	1400.000	4000.000	1.0000
14	Spectrogram 1	1	9069.110093750	9069.127968750	1400.000	4000.000	1.0000
15	Waveform 1	1	10443.005343750	10443.021593750	1400.000	4000.000	1.0000
15	Spectrogram 1	1	10443.005343750	10443.021593750	1400.000	4000.000	1.0000
16	Waveform 1	1	10443.078468750	10443.086593750	1400.000	4000.000	1.0000
16	Spectrogram 1	1	10443.078468750	10443.086593750	1400.000	4000.000	1.0000
17	Waveform 1	1	10479.109593750	10479.119343750	1400.000	4000.000	1.0000
17	Spectrogram 1	1	10479.109593750	10479.119343750	1400.000	4000.000	1.0000
18	Waveform 1	1	10487.790343750	10487.809843750	1400.000	4000.000	1.0000
18	Spectrogram 1	1	10487.790343750	10487.809843750	1400.000	4000.000	1.0000
19	Waveform 1	1	10488.529718750	10488.562218750	1400.000	4000.000	1.0000
19	Spectrogram 1	1	10488.529718750	10488.562218750	1400.000	4000.000	1.0000
20	Waveform 1	1	10562.704468750	10562.719093750	1400.000	4000.000	1.0000
20	Spectrogram 1	1	10562.704468750	10562.719093750	1400.000	4000.000	1.0000
21	Waveform 1	1	10576.032718750	10576.042468750	1400.000	4000.000	1.0000
21	Spectrogram 1	1	10576.032718750	10576.042468750	1400.000	4000.000	1.0000
22	Waveform 1	1	10834.423968750	10834.445093750	1400.000	4000.000	1.0000
22	Spectrogram 1	1	10834.423968750	10834.445093750	1400.000	4000.000	1.0000
23	Waveform 1	1	11358.969093750	11358.988593750	1400.000	4000.000	1.0000
23	Spectrogram 1	1	11358.969093750	11358.988593750	1400.000	4000.000	1.0000
24	Waveform 1	1	11806.693968750	11806.718343750	1400.000	4000.000	1.0000
24	Spectrogram 1	1	11806.693968750	11806.718343750	1400.000	4000.000	1.0000
25	Waveform 1	1	12205.953218750	12205.969468750	1400.000	4000.000	1.0000
25	Spectrogram 1	1	12205.953218750	12205.969468750	1400.000	4000.000	1.0000
26	Waveform 1	1	12314.092093750	12314.105093750	1400.000	4000.000	1.0000
26	Spectrogram 1	1	12314.092093750	12314.105093750	1400.000	4000.000	1.0000
27	Waveform 1	1	12430.583468750	12430.596468750	1400.000	4000.000	1.0000
27	Spectrogram 1	1	12430.583468750	12430.596468750	1400.000	4000.000	1.0000
28	Waveform 1	1	13673.918093750	13673.932718750	1400.000	4000.000	1.0000
28	Spectrogram 1	1	13673.918093750	13673.932718750	1400.000	4000.000	1.0000
29	Waveform 1	1	13674.839468750	13674.849218750	1400.000	4000.000	1.0000
29	Spectrogram 1	1	13674.839468750	13674.849218750	1400.000	4000.000	1.0000
30	Waveform 1	1	13739.906093750	13739.915843750	1400.000	4000.000	1.0000
30	Spectrogram 1	1	13739.906093750	13739.915843750	1400.000	4000.000	1.0000
31	Waveform 1	1	15183.861593750	15183.879468750	1400.000	4000.000	1.0000
31	Spectrogram 1	1	15183.861593750	15183.879468750	1400.000	4000.000	1.0000
32	Waveform 1	1	15809.301343750	15809.330593750	1400.000	4000.000	1.0000
32	Spectrogram 1	1	15809.301343750	15809.330593750	1400.000	4000.000	1.0000
33	Waveform 1	1	18694.553843750	18694.561968750	1400.000	4000.000	1.0000
33	Spectrogram 1	1	18694.553843750	18694.561968750	1400.000	4000.000	1.0000
34	Waveform 1	1	18731.077343750	18731.087093750	1400.000	4000.000	1.0000
34	Spectrogram 1	1	18731.077343750	18731.087093750	1400.000	4000.000	1.0000
35	Waveform 1	1	19397.965968750	19397.993593750	1400.000	4000.000	1.0000
35	Spectrogram 1	1	19397.965968750	19397.993593750	1400.000	4000.000	1.0000
36	Waveform 1	1	20196.970343750	20196.978468750	1400.000	4000.000	1.0000
36	Spectrogram 1	1	20196.970343750	20196.978468750	1400.000	4000.000	1.0000
37	Waveform 1	1	20512.288593750	20512.301593750	1400.000	4000.000	1.0000
37	Spectrogram 1	1	20512.288593750	20512.301593750	1400.000	4000.000	1.0000
38	Waveform 1	1	20942.482968750	20942.495968750	1400.000	4000.000	1.0000
38	Spectrogram 1	1	20942.482968750	20942.495968750	1400.000	4000.000	1.0000
39	Waveform 1	1	23888.620968750	23888.635593750	1400.000	4000.000	1.0000
39	Spectrogram 1	1	23888.620968750	23888.635593750	1400.000	4000.000	1.0000
40	Waveform 1	1	24030.819843750	24030.842593750	1400.000	4000.000	1.0000
40	Spectrogram 1	1	24030.819843750	24030.842593750	1400.000	4000.000	1.0000
41	Waveform 1	1	24180.612343750	24180.620468750	1400.000	4000.000	1.0000
41	Spectrogram 1	1	24180.612343750	24180.620468750	1400.000	4000.000	1.0000
42	Waveform 1	1	24415.327343750	24415.345218750	1400.000	4000.000	1.0000
42	Spectrogram 1	1	24415.327343750	24415.345218750	1400.000	4000.000	1.0000
43	Waveform 1	1	24415.806718750	24415.816468750	1400.000	4000.000	1.0000
43	Spectrogram 1	1	24415.806718750	24415.816468750	1400.000	4000.000	1.0000
44	Waveform 1	1	24897.940968750	24897.960468750	1400.000	4000.000	1.0000
44	Spectrogram 1	1	24897.940968750	24897.960468750	1400.000	4000.000	1.0000
45	Waveform 1	1	25005.229968750	25005.255968750	1400.000	4000.000	1.0000
45	Spectrogram 1	1	25005.229968750	25005.255968750	1400.000	4000.000	1.0000
46	Waveform 1	1	25545.665968750	25545.680593750	1400.000	4000.000	1.0000
46	Spectrogram 1	1	25545.665968750	25545.680593750	1400.000	4000.000	1.0000
47	Waveform 1	1	26354.308218750	26354.326093750	1400.000	4000.000	1.0000
47	Spectrogram 1	1	26354.308218750	26354.326093750	1400.000	4000.000	1.0000
48	Waveform 1	1	26423.211468750	26423.224468750	1400.000	4000.000	1.0000
48	Spectrogram 1	1	26423.211468750	26423.224468750	1400.000	4000.000	1.0000
49	Waveform 1	1	26737.039593750	26737.065593750	1400.000	4000.000	1.0000
49	Spectrogram 1	1	26737.039593750	26737.065593750	1400.000	4000.000	1.0000
50	Waveform 1	1	26737.158218750	26737.180968750	1400.000	4000.000	1.0000
50	Spectrogram 1	1	26737.158218750	26737.180968750	1400.000	4000.000	1.0000
51	Waveform 1	1	27345.732093750	27345.741843750	1400.000	4000.000	1.0000
51	Spectrogram 1	1	27345.732093750	27345.741843750	1400.000	4000.000	1.0000
52	Waveform 1	1	28365.687718750	28365.697468750	1400.000	4000.000	1.0000
52	Spectrogram 1	1	28365.687718750	28365.697468750	1400.000	4000.000	1.0000
53	Waveform 1	1	29040.223593750	29040.236593750	1400.000	4000.000	1.0000
53	Spectrogram 1	1	29040.223593750	29040.236593750	1400.000	4000.000	1.0000
54	Waveform 1	1	29080.911968750	29080.923343750	1400.000	4000.000	1.0000
54	Spectrogram 1	1	29080.911968750	29080.923343750	1400.000	4000.000	1.0000
55	Waveform 1	1	29084.046593750	29084.059593750	1400.000	4000.000	1.0000
55	Spectrogram 1	1	29084.046593750	29084.059593750	1400.000	4000.000	1.0000
56	Waveform 1	1	29090.223218750	29090.247593750	1400.000	4000.000	1.0000
56	Spectrogram 1	1	29090.223218750	29090.247593750	1400.000	4000.000	1.0000
57	Waveform 1	1	29111.931593750	29111.947843750	1400.000	4000.000	1.0000
57	Spectrogram 1	1	29111.931593750	29111.947843750	1400.000	4000.000	1.0000
58	Waveform 1	1	29293.634218750	29293.642343750	1400.000	4000.000	1.0000
58	Spectrogram 1	1	29293.634218750	29293.642343750	1400.000	4000.000	1.0000
59	Waveform 1	1	29328.384843750	29328.396218750	1400.000	4000.000	1.0000
59	Spectrogram 1	1	29328.384843750	29328.396218750	1400.000	4000.000	1.0000
60	Waveform 1	1	29339.230093750	29339.241468750	1400.000	4000.000	1.0000
60	Spectrogram 1	1	29339.230093750	29339.241468750	1400.000	4000.000	1.0000
61	Waveform 1	1	32824.684468750	32824.695843750	1400.000	4000.000	1.0000
61	Spectrogram 1	1	32824.684468750	32824.695843750	1400.000	4000.000	1.0000
62	Waveform 1	1	33221.727218750	33221.740218750	1400.000	4000.000	1.0000
62	Spectrogram 1	1	33221.727218750	33221.740218750	1400.000	4000.000	1.0000
63	Waveform 1	1	37755.782718750	37755.792468750	1400.000	4000.000	1.0000
63	Spectrogram 1	1	37755.782718750	37755.792468750	1400.000	4000.000	1.0000
64	Waveform 1	1	41046.027468750	41046.048593750	1400.000	4000.000	1.0000
64	Spectrogram 1	1	41046.027468750	41046.048593750	1400.000	4000.000	1.0000
65	Waveform 1	1	41453.621343750	41453.632718750	1400.000	4000.000	1.0000
65	Spectrogram 1	1	41453.621343750	41453.632718750	1400.000	4000.000	1.0000
66	Waveform 1	1	41578.091468750	41578.101218750	1400.000	4000.000	1.0000
66	Spectrogram 1	1	41578.091468750	41578.101218750	1400.000	4000.000	1.0000
67	Waveform 1	1	41620.880968750	41620.890718750	1400.000	4000.000	1.0000
67	Spectrogram 1	1	41620.880968750	41620.890718750	1400.000	4000.000	1.0000
68	Waveform 1	1	42260.500468750	42260.510218750	1400.000	4000.000	1.0000
68	Spectrogram 1	1	42260.500468750	42260.510218750	1400.000	4000.000	1.0000
69	Waveform 1	1	42489.310218750	42489.323218750	1400.000	4000.000	1.0000
69	Spectrogram 1	1	42489.310218750	42489.323218750	1400.000	4000.000	1.0000
70	Waveform 1	1	42736.887093750	42736.896843750	1400.000	4000.000	1.0000
70	Spectrogram 1	1	42736.887093750	42736.896843750	1400.000	4000.000	1.0000
71	Waveform 1	1	42753.765968750	42753.778968750	1400.000	4000.000	1.0000
71	Spectrogram 1	1	42753.765968750	42753.778968750	1400.000	4000.000	1.0000
72	Waveform 1	1	42905.735968750	42905.761968750	1400.000	4000.000	1.0000
72	Spectrogram 1	1	42905.735968750	42905.761968750	1400.000	4000.000	1.0000
73	Waveform 1	1	43169.546593750	43169.556343750	1400.000	4000.000	1.0000
73	Spectrogram 1	1	43169.546593750	43169.556343750	1400.000	4000.000	1.0000
74	Waveform 1	1	43260.216718750	43260.237843750	1400.000	4000.000	1.0000
74	Spectrogram 1	1	43260.216718750	43260.237843750	1400.000	4000.000	1.0000
75	Waveform 1	1	43260.949593750	43260.964218750	1400.000	4000.000	1.0000
75	Spectrogram 1	1	43260.949593750	43260.964218750	1400.000	4000.000	1.0000
76	Waveform 1	1	43348.147093750	43348.173093750	1400.000	4000.000	1.0000
76	Spectrogram 1	1	43348.147093750	43348.173093750	1400.000	4000.000	1.0000
77	Waveform 1	1	43385.652093750	43385.666718750	1400.000	4000.000	1.0000
77	Spectrogram 1	1	43385.652093750	43385.666718750	1400.000	4000.000	1.0000
78	Waveform 1	1	43408.470343750	43408.481718750	1400.000	4000.000	1.0000
78	Spectrogram 1	1	43408.470343750	43408.481718750	1400.000	4000.000	1.0000
79	Waveform 1	1	43415.318093750	43415.331093750	1400.000	4000.000	1.0000
79	Spectrogram 1	1	43415.318093750	43415.331093750	1400.000	4000.000	1.0000
80	Waveform 1	1	43440.477968750	43440.494218750	1400.000	4000.000	1.0000
80	Spectrogram 1	1	43440.477968750	43440.494218750	1400.000	4000.000	1.0000
81	Waveform 1	1	43502.756093750	43502.765843750	1400.000	4000.000	1.0000
81	Spectrogram 1	1	43502.756093750	43502.765843750	1400.000	4000.000	1.0000
82	Waveform 1	1	43524.912968750	43524.925968750	1400.000	4000.000	1.0000
82	Spectrogram 1	1	43524.912968750	43524.925968750	1400.000	4000.000	1.0000
83	Waveform 1	1	43525.432968750	43525.454093750	1400.000	4000.000	1.0000
83	Spectrogram 1	1	43525.432968750	43525.454093750	1400.000	4000.000	1.0000
84	Waveform 1	1	43540.998843750	43541.011843750	1400.000	4000.000	1.0000
84	Spectrogram 1	1	43540.998843750	43541.011843750	1400.000	4000.000	1.0000
85	Waveform 1	1	43730.049718750	43730.070843750	1400.000	4000.000	1.0000
85	Spectrogram 1	1	43730.049718750	43730.070843750	1400.000	4000.000	1.0000
86	Waveform 1	1	43730.585968750	43730.605468750	1400.000	4000.000	1.0000
86	Spectrogram 1	1	43730.585968750	43730.605468750	1400.000	4000.000	1.0000
87	Waveform 1	1	44359.239968750	44359.248093750	1400.000	4000.000	1.0000
87	Spectrogram 1	1	44359.239968750	44359.248093750	1400.000	4000.000	1.0000
88	Waveform 1	1	44379.217718750	44379.250218750	1400.000	4000.000	1.0000
88	Spectrogram 1	1	44379.217718750	44379.250218750	1400.000	4000.000	1.0000
89	Waveform 1	1	44379.703593750	44379.718218750	1400.000	4000.000	1.0000
89	Spectrogram 1	1	44379.703593750	44379.718218750	1400.000	4000.000	1.0000
90	Waveform 1	1	44559.669093750	44559.680468750	1400.000	4000.000	1.0000
90	Spectrogram 1	1	44559.669093750	44559.680468750	1400.000	4000.000	1.0000
91	Waveform 1	1	45204.698218750	45204.707968750	1400.000	4000.000	1.0000
91	Spectrogram 1	1	45204.698218750	45204.707968750	1400.000	4000.000	1.0000
92	Waveform 1	1	45366.674968750	45366.689593750	1400.000	4000.000	1.0000
92	Spectrogram 1	1	45366.674968750	45366.689593750	1400.000	4000.000	1.0000
93	Waveform 1	1	46488.591218750	46488.610718750	1400.000	4000.000	1.0000
93	Spectrogram 1	1	46488.591218750	46488.610718750	1400.000	4000.000	1.0000
94	Waveform 1	1	47193.337468750	47193.347218750	1400.000	4000.000	1.0000
94	Spectrogram 1	1	47193.337468750	47193.347218750	1400.000	4000.000	1.0000
95	Waveform 1	1	47546.891968750	47546.900093750	1400.000	4000.000	1.0000
95	Spectrogram 1	1	47546.891968750	47546.900093750	1400.000	4000.000	1.0000
96	Waveform 1	1	48084.362343750	48084.391593750	1400.000	4000.000	1.0000
96	Spectrogram 1	1	48084.362343750	48084.391593750	1400.000	4000.000	1.0000
97	Waveform 1	1	48393.976843750	48393.993093750	1400.000	4000.000	1.0000
97	Spectrogram 1	1	48393.976843750	48393.993093750	1400.000	4000.000	1.0000
98	Waveform 1	1	49359.368218750	49359.394218750	1400.000	4000.000	1.0000
98	Spectrogram 1	1	49359.368218750	49359.394218750	1400.000	4000.000	1.0000
99	Waveform 1	1	49690.476593750	49690.487968750	1400.000	4000.000	1.0000
99	Spectrogram 1	1	49690.476593750	49690.487968750	1400.000	4000.000	1.0000
100	Waveform 1	1	49735.458218750	49735.487468750	1400.000	4000.000	1.0000
100	Spectrogram 1	1	49735.458218750	49735.487468750	1400.000	4000.000	1.0000
101	Waveform 1	1	49765.439468750	49765.447593750	1400.000	4000.000	1.0000
101	Spectrogram 1	1	49765.439468750	49765.447593750	1400.000	4000.000	1.0000
102	Waveform 1	1	49784.057093750	49784.070093750	1400.000	4000.000	1.0000
102	Spectrogram 1	1	49784.057093750	49784.070093750	1400.000	4000.000	1.0000
103	Waveform 1	1	51243.294093750	51243.308718750	1400.000	4000.000	1.0000
103	Spectrogram 1	1	51243.294093750	51243.308718750	1400.000	4000.000	1.0000
104	Waveform 1	1	52122.061593750	52122.079468750	1400.000	4000.000	1.0000
104	Spectrogram 1	1	52122.061593750	52122.079468750	1400.000	4000.000	1.0000
105	Waveform 1	1	53241.325843750	53241.358343750	1400.000	4000.000	1.0000
105	Spectrogram 1	1	53241.325843750	53241.358343750	1400.000	4000.000	1.0000
106	Waveform 1	1	65985.807593750	65985.830343750	1400.000	4000.000	1.0000
106	Spectrogram 1	1	65985.807593750	65985.830343750	1400.000	4000.000	1.0000
107	Waveform 1	1	66605.184468750	66605.194218750	1400.000	4000.000	1.0000
107	Spectrogram 1	1	66605.184468750	66605.194218750	1400.000	4000.000	1.0000
108	Waveform 1	1	66667.738843750	66667.769718750	1400.000	4000.000	1.0000
108	Spectrogram 1	1	66667.738843750	66667.769718750	1400.000	4000.000	1.0000
109	Waveform 1	1	67611.732218750	67611.741968750	1400.000	4000.000	1.0000
109	Spectrogram 1	1	67611.732218750	67611.741968750	1400.000	4000.000	1.0000
110	Waveform 1	1	73226.294093750	73226.315218750	1400.000	4000.000	1.0000
110	Spectrogram 1	1	73226.294093750	73226.315218750	1400.000	4000.000	1.0000
111	Waveform 1	1	73566.170968750	73566.185593750	1400.000	4000.000	1.0000
111	Spectrogram 1	1	73566.170968750	73566.185593750	1400.000	4000.000	1.0000
112	Waveform 1	1	73566.656843750	73566.682843750	1400.000	4000.000	1.0000
112	Spectrogram 1	1	73566.656843750	73566.682843750	1400.000	4000.000	1.0000
113	Waveform 1	1	73597.237718750	73597.250718750	1400.000	4000.000	1.0000
113	Spectrogram 1	1	73597.237718750	73597.250718750	1400.000	4000.000	1.0000
114	Waveform 1	1	73597.484718750	73597.492843750	1400.000	4000.000	1.0000
114	Spectrogram 1	1	73597.484718750	73597.492843750	1400.000	4000.000	1.0000
115	Waveform 1	1	73597.606593750	73597.624468750	1400.000	4000.000	1.0000
115	Spectrogram 1	1	73597.606593750	73597.624468750	1400.000	4000.000	1.0000
116	Waveform 1	1	73728.581593750	73728.589718750	1400.000	4000.000	1.0000
116	Spectrogram 1	1	73728.581593750	73728.589718750	1400.000	4000.000	1.0000
117	Waveform 1	1	73745.164718750	73745.179343750	1400.000	4000.000	1.0000
117	Spectrogram 1	1	73745.164718750	73745.179343750	1400.000	4000.000	1.0000
118	Waveform 1	1	73758.101343750	73758.115968750	1400.000	4000.000	1.0000
118	Spectrogram 1	1	73758.101343750	73758.115968750	1400.000	4000.000	1.0000
119	Waveform 1	1	73785.648343750	73785.659718750	1400.000	4000.000	1.0000
119	Spectrogram 1	1	73785.648343750	73785.659718750	1400.000	4000.000	1.0000
120	Waveform 1	1	73785.957093750	73785.965218750	1400.000	4000.000	1.0000
120	Spectrogram 1	1	73785.957093750	73785.965218750	1400.000	4000.000	1.0000
121	Waveform 1	1	73786.082218750	73786.098468750	1400.000	4000.000	1.0000
121	Spectrogram 1	1	73786.082218750	73786.098468750	1400.000	4000.000	1.0000
122	Waveform 1	1	73794.259218750	73794.267343750	1400.000	4000.000	1.0000
122	Spectrogram 1	1	73794.259218750	73794.267343750	1400.000	4000.000	1.0000
123	Waveform 1	1	73795.112343750	73795.122093750	1400.000	4000.000	1.0000
123	Spectrogram 1	1	73795.112343750	73795.122093750	1400.000	4000.000	1.0000
124	Waveform 1	1	73808.637218750	73808.650218750	1400.000	4000.000	1.0000
124	Spectrogram 1	1	73808.637218750	73808.650218750	1400.000	4000.000	1.0000
125	Waveform 1	1	73809.254718750	73809.264468750	1400.000	4000.000	1.0000
125	Spectrogram 1	1	73809.254718750	73809.264468750	1400.000	4000.000	1.0000
126	Waveform 1	1	73809.620343750	73809.634968750	1400.000	4000.000	1.0000
126	Spectrogram 1	1	73809.620343750	73809.634968750	1400.000	4000.000	1.0000
127	Waveform 1	1	73814.064718750	73814.072843750	1400.000	4000.000	1.0000
127	Spectrogram 1	1	73814.064718750	73814.072843750	1400.000	4000.000	1.0000
128	Waveform 1	1	73814.310093750	73814.318218750	1400.000	4000.000	1.0000
128	Spectrogram 1	1	73814.310093750	73814.318218750	1400.000	4000.000	1.0000
129	Waveform 1	1	73824.256718750	73824.268093750	1400.000	4000.000	1.0000
129	Spectrogram 1	1	73824.256718750	73824.268093750	1400.000	4000.000	1.0000
130	Waveform 1	1	73828.920468750	73828.935093750	1400.000	4000.000	1.0000
130	Spectrogram 1	1	73828.920468750	73828.935093750	1400.000	4000.000	1.0000
131	Waveform 1	1	73833.842593750	73833.855593750	1400.000	4000.000	1.0000
131	Spectrogram 1	1	73833.842593750	73833.855593750	1400.000	4000.000	1.0000
132	Waveform 1	1	73834.091218750	73834.105843750	1400.000	4000.000	1.0000
132	Spectrogram 1	1	73834.091218750	73834.105843750	1400.000	4000.000	1.0000
133	Waveform 1	1	73840.370218750	73840.381593750	1400.000	4000.000	1.0000
133	Spectrogram 1	1	73840.370218750	73840.381593750	1400.000	4000.000	1.0000
134	Waveform 1	1	73844.590343750	73844.601718750	1400.000	4000.000	1.0000
134	Spectrogram 1	1	73844.590343750	73844.601718750	1400.000	4000.000	1.0000
135	Waveform 1	1	73845.682343750	73845.692093750	1400.000	4000.000	1.0000
135	Spectrogram 1	1	73845.682343750	73845.692093750	1400.000	4000.000	1.0000
136	Waveform 1	1	73852.413093750	73852.421218750	1400.000	4000.000	1.0000
136	Spectrogram 1	1	73852.413093750	73852.421218750	1400.000	4000.000	1.0000
137	Waveform 1	1	73859.205593750	73859.213718750	1400.000	4000.000	1.0000
137	Spectrogram 1	1	73859.205593750	73859.213718750	1400.000	4000.000	1.0000
138	Waveform 1	1	73861.644718750	73861.654468750	1400.000	4000.000	1.0000
138	Spectrogram 1	1	73861.644718750	73861.654468750	1400.000	4000.000	1.0000
139	Waveform 1	1	73861.890093750	73861.899843750	1400.000	4000.000	1.0000
139	Spectrogram 1	1	73861.890093750	73861.899843750	1400.000	4000.000	1.0000
140	Waveform 1	1	73865.128718750	73865.138468750	1400.000	4000.000	1.0000
140	Spectrogram 1	1	73865.128718750	73865.138468750	1400.000	4000.000	1.0000
141	Waveform 1	1	73865.499218750	73865.515468750	1400.000	4000.000	1.0000
141	Spectrogram 1	1	73865.499218750	73865.515468750	1400.000	4000.000	1.0000
142	Waveform 1	1	73865.754343750	73865.765718750	1400.000	4000.000	1.0000
142	Spectrogram 1	1	73865.754343750	73865.765718750	1400.000	4000.000	1.0000
143	Waveform 1	1	73866.121593750	73866.134593750	1400.000	4000.000	1.0000
143	Spectrogram 1	1	73866.121593750	73866.134593750	1400.000	4000.000	1.0000
144	Waveform 1	1	73866.847968750	73866.870718750	1400.000	4000.000	1.0000
144	Spectrogram 1	1	73866.847968750	73866.870718750	1400.000	4000.000	1.0000
145	Waveform 1	1	73867.096593750	73867.114468750	1400.000	4000.000	1.0000
145	Spectrogram 1	1	73867.096593750	73867.114468750	1400.000	4000.000	1.0000
146	Waveform 1	1	73867.353343750	73867.367968750	1400.000	4000.000	1.0000
146	Spectrogram 1	1	73867.353343750	73867.367968750	1400.000	4000.000	1.0000
147	Waveform 1	1	73869.262718750	73869.275718750	1400.000	4000.000	1.0000
147	Spectrogram 1	1	73869.262718750	73869.275718750	1400.000	4000.000	1.0000
148	Waveform 1	1	73869.636468750	73869.644593750	1400.000	4000.000	1.0000
148	Spectrogram 1	1	73869.636468750	73869.644593750	1400.000	4000.000	1.0000
149	Waveform 1	1	73869.885093750	73869.896468750	1400.000	4000.000	1.0000
149	Spectrogram 1	1	73869.885093750	73869.896468750	1400.000	4000.000	1.0000
150	Waveform 1	1	73870.497718750	73870.510718750	1400.000	4000.000	1.0000
150	Spectrogram 1	1	73870.497718750	73870.510718750	1400.000	4000.000	1.0000
151	Waveform 1	1	73870.746343750	73870.756093750	1400.000	4000.000	1.0000
151	Spectrogram 1	1	73870.746343750	73870.756093750	1400.000	4000.000	1.0000
152	Waveform 1	1	73871.116843750	73871.126593750	1400.000	4000.000	1.0000
152	Spectrogram 1	1	73871.116843750	73871.126593750	1400.000	4000.000	1.0000
153	Waveform 1	1	73871.490593750	73871.503593750	1400.000	4000.000	1.0000
153	Spectrogram 1	1	73871.490593750	73871.503593750	1400.000	4000.000	1.0000
154	Waveform 1	1	73872.473718750	73872.486718750	1400.000	4000.000	1.0000
154	Spectrogram 1	1	73872.473718750	73872.486718750	1400.000	4000.000	1.0000
155	Waveform 1	1	73872.725593750	73872.736968750	1400.000	4000.000	1.0000
155	Spectrogram 1	1	73872.725593750	73872.736968750	1400.000	4000.000	1.0000
156	Waveform 1	1	73872.970968750	73872.983968750	1400.000	4000.000	1.0000
156	Spectrogram 1	1	73872.970968750	73872.983968750	1400.000	4000.000	1.0000
157	Waveform 1	1	73873.096093750	73873.107468750	1400.000	4000.000	1.0000
157	Spectrogram 1	1	73873.096093750	73873.107468750	1400.000	4000.000	1.0000
158	Waveform 1	1	73873.343093750	73873.357718750	1400.000	4000.000	1.0000
158	Spectrogram 1	1	73873.343093750	73873.357718750	1400.000	4000.000	1.0000
159	Waveform 1	1	73873.591718750	73873.601468750	1400.000	4000.000	1.0000
159	Spectrogram 1	1	73873.591718750	73873.601468750	1400.000	4000.000	1.0000
160	Waveform 1	1	73873.718468750	73873.729843750	1400.000	4000.000	1.0000
160	Spectrogram 1	1	73873.718468750	73873.729843750	1400.000	4000.000	1.0000
161	Waveform 1	1	73873.963843750	73873.973593750	1400.000	4000.000	1.0000
161	Spectrogram 1	1	73873.963843750	73873.973593750	1400.000	4000.000	1.0000
162	Waveform 1	1	73876.440343750	73876.448468750	1400.000	4000.000	1.0000
162	Spectrogram 1	1	73876.440343750	73876.448468750	1400.000	4000.000	1.0000
163	Waveform 1	1	73879.862593750	73879.875593750	1400.000	4000.000	1.0000
163	Spectrogram 1	1	73879.862593750	73879.875593750	1400.000	4000.000	1.0000
164	Waveform 1	1	73879.987718750	73880.000718750	1400.000	4000.000	1.0000
164	Spectrogram 1	1	73879.987718750	73880.000718750	1400.000	4000.000	1.0000
165	Waveform 1	1	73880.106343750	73880.122593750	1400.000	4000.000	1.0000
165	Spectrogram 1	1	73880.106343750	73880.122593750	1400.000	4000.000	1.0000
166	Waveform 1	1	73880.226593750	73880.234718750	1400.000	4000.000	1.0000
166	Spectrogram 1	1	73880.226593750	73880.234718750	1400.000	4000.000	1.0000
167	Waveform 1	1	73880.354968750	73880.364718750	1400.000	4000.000	1.0000
167	Spectrogram 1	1	73880.354968750	73880.364718750	1400.000	4000.000	1.0000
168	Waveform 1	1	73880.835968750	73880.853843750	1400.000	4000.000	1.0000
168	Spectrogram 1	1	73880.835968750	73880.853843750	1400.000	4000.000	1.0000
169	Waveform 1	1	73881.082968750	73881.099218750	1400.000	4000.000	1.0000
169	Spectrogram 1	1	73881.082968750	73881.099218750	1400.000	4000.000	1.0000
170	Waveform 1	1	73881.451843750	73881.461593750	1400.000	4000.000	1.0000
170	Spectrogram 1	1	73881.451843750	73881.461593750	1400.000	4000.000	1.0000
171	Waveform 1	1	73889.461468750	73889.469593750	1400.000	4000.000	1.0000
171	Spectrogram 1	1	73889.461468750	73889.469593750	1400.000	4000.000	1.0000
172	Waveform 1	1	73889.706843750	73889.718218750	1400.000	4000.000	1.0000
172	Spectrogram 1	1	73889.706843750	73889.718218750	1400.000	4000.000	1.0000
173	Waveform 1	1	73889.960343750	73889.968468750	1400.000	4000.000	1.0000
173	Spectrogram 1	1	73889.960343750	73889.968468750	1400.000	4000.000	1.0000
174	Waveform 1	1	73890.327593750	73890.342218750	1400.000	4000.000	1.0000
174	Spectrogram 1	1	73890.327593750	73890.342218750	1400.000	4000.000	1.0000
175	Waveform 1	1	73890.454343750	73890.464093750	1400.000	4000.000	1.0000
175	Spectrogram 1	1	73890.454343750	73890.464093750	1400.000	4000.000	1.0000
176	Waveform 1	1	73890.701343750	73890.711093750	1400.000	4000.000	1.0000
176	Spectrogram 1	1	73890.701343750	73890.711093750	1400.000	4000.000	1.0000
177	Waveform 1	1	73891.198593750	73891.211593750	1400.000	4000.000	1.0000
177	Spectrogram 1	1	73891.198593750	73891.211593750	1400.000	4000.000	1.0000
178	Waveform 1	1	73891.447218750	73891.455343750	1400.000	4000.000	1.0000
178	Spectrogram 1	1	73891.447218750	73891.455343750	1400.000	4000.000	1.0000
179	Waveform 1	1	73896.463593750	73896.474968750	1400.000	4000.000	1.0000
179	Spectrogram 1	1	73896.463593750	73896.474968750	1400.000	4000.000	1.0000
180	Waveform 1	1	73900.334343750	73900.342468750	1400.000	4000.000	1.0000
180	Spectrogram 1	1	73900.334343750	73900.342468750	1400.000	4000.000	1.0000
181	Waveform 1	1	73901.211843750	73901.219968750	1400.000	4000.000	1.0000
181	Spectrogram 1	1	73901.211843750	73901.219968750	1400.000	4000.000	1.0000
182	Waveform 1	1	73901.442593750	73901.458843750	1400.000	4000.000	1.0000
182	Spectrogram 1	1	73901.442593750	73901.458843750	1400.000	4000.000	1.0000
183	Waveform 1	1	73901.697718750	73901.707468750	1400.000	4000.000	1.0000
183	Spectrogram 1	1	73901.697718750	73901.707468750	1400.000	4000.000	1.0000
184	Waveform 1	1	73903.109843750	73903.119593750	1400.000	4000.000	1.0000
184	Spectrogram 1	1	73903.109843750	73903.119593750	1400.000	4000.000	1.0000
185	Waveform 1	1	73903.862218750	73903.873593750	1400.000	4000.000	1.0000
185	Spectrogram 1	1	73903.862218750	73903.873593750	1400.000	4000.000	1.0000
186	Waveform 1	1	73905.735843750	73905.745593750	1400.000	4000.000	1.0000
186	Spectrogram 1	1	73905.735843750	73905.745593750	1400.000	4000.000	1.0000
187	Waveform 1	1	73907.331593750	73907.339718750	1400.000	4000.000	1.0000
187	Spectrogram 1	1	73907.331593750	73907.339718750	1400.000	4000.000	1.0000
188	Waveform 1	1	73912.968718750	73912.980093750	1400.000	4000.000	1.0000
188	Spectrogram 1	1	73912.968718750	73912.980093750	1400.000	4000.000	1.0000
189	Waveform 1	1	73913.712968750	73913.722718750	1400.000	4000.000	1.0000
189	Spectrogram 1	1	73913.712968750	73913.722718750	1400.000	4000.000	1.0000
190	Waveform 1	1	73915.687343750	73915.695468750	1400.000	4000.000	1.0000
190	Spectrogram 1	1	73915.687343750	73915.695468750	1400.000	4000.000	1.0000
191	Waveform 1	1	73916.415343750	73916.423468750	1400.000	4000.000	1.0000
191	Spectrogram 1	1	73916.415343750	73916.423468750	1400.000	4000.000	1.0000
192	Waveform 1	1	73961.835718750	73961.843843750	1400.000	4000.000	1.0000
192	Spectrogram 1	1	73961.835718750	73961.843843750	1400.000	4000.000	1.0000
193	Waveform 1	1	73962.038843750	73962.048593750	1400.000	4000.000	1.0000
193	Spectrogram 1	1	73962.038843750	73962.048593750	1400.000	4000.000	1.0000
194	Waveform 1	1	73965.985968750	73965.994093750	1400.000	4000.000	1.0000
194	Spectrogram 1	1	73965.985968750	73965.994093750	1400.000	4000.000	1.0000
195	Waveform 1	1	74109.218343750	74109.232968750	1400.000	4000.000	1.0000
195	Spectrogram 1	1	74109.218343750	74109.232968750	1400.000	4000.000	1.0000
196	Waveform 1	1	74109.270343750	74109.281718750	1400.000	4000.000	1.0000
196	Spectrogram 1	1	74109.270343750	74109.281718750	1400.000	4000.000	1.0000
197	Waveform 1	1	74109.341843750	74109.358093750	1400.000	4000.000	1.0000
197	Spectrogram 1	1	74109.341843750	74109.358093750	1400.000	4000.000	1.0000
198	Waveform 1	1	74156.988468750	74156.996593750	1400.000	4000.000	1.0000
198	Spectrogram 1	1	74156.988468750	74156.996593750	1400.000	4000.000	1.0000
199	Waveform 1	1	74158.155218750	74158.164968750	1400.000	4000.000	1.0000
199	Spectrogram 1	1	74158.155218750	74158.164968750	1400.000	4000.000	1.0000
200	Waveform 1	1	78813.637218750	78813.648593750	1400.000	4000.000	1.0000
200	Spectrogram 1	1	78813.637218750	78813.648593750	1400.000	4000.000	1.0000
201	Waveform 1	1	79314.382593750	79314.397218750	1400.000	4000.000	1.0000
201	Spectrogram 1	1	79314.382593750	79314.397218750	1400.000	4000.000	1.0000
202	Waveform 1	1	79543.874843750	79543.887843750	1400.000	4000.000	1.0000
202	Spectrogram 1	1	79543.874843750	79543.887843750	1400.000	4000.000	1.0000
203	Waveform 1	1	79739.279468750	79739.295718750	1400.000	4000.000	1.0000
203	Spectrogram 1	1	79739.279468750	79739.295718750	1400.000	4000.000	1.0000
204	Waveform 1	1	80187.064468750	80187.074218750	1400.000	4000.000	1.0000
204	Spectrogram 1	1	80187.064468750	80187.074218750	1400.000	4000.000	1.0000
205	Waveform 1	1	80656.564343750	80656.580593750	1400.000	4000.000	1.0000
205	Spectrogram 1	1	80656.564343750	80656.580593750	1400.000	4000.000	1.0000
206	Waveform 1	1	81527.738218750	81527.751218750	1400.000	4000.000	1.0000
206	Spectrogram 1	1	81527.738218750	81527.751218750	1400.000	4000.000	1.0000
207	Waveform 1	1	82528.437593750	82528.452218750	1400.000	4000.000	1.0000
207	Spectrogram 1	1	82528.437593750	82528.452218750	1400.000	4000.000	1.0000
208	Waveform 1	1	82716.965218750	82716.974968750	1400.000	4000.000	1.0000
208	Spectrogram 1	1	82716.965218750	82716.974968750	1400.000	4000.000	1.0000
209	Waveform 1	1	82735.628343750	82735.644593750	1400.000	4000.000	1.0000
209	Spectrogram 1	1	82735.628343750	82735.644593750	1400.000	4000.000	1.0000
210	Waveform 1	1	82751.197468750	82751.218593750	1400.000	4000.000	1.0000
210	Spectrogram 1	1	82751.197468750	82751.218593750	1400.000	4000.000	1.0000
211	Waveform 1	1	82910.923593750	82910.938218750	1400.000	4000.000	1.0000
211	Spectrogram 1	1	82910.923593750	82910.938218750	1400.000	4000.000	1.0000
212	Waveform 1	1	83572.963218750	83572.972968750	1400.000	4000.000	1.0000
212	Spectrogram 1	1	83572.963218750	83572.972968750	1400.000	4000.000	1.0000
213	Waveform 1	1	83628.726718750	83628.741343750	1400.000	4000.000	1.0000
213	Spectrogram 1	1	83628.726718750	83628.741343750	1400.000	4000.000	1.0000
214	Waveform 1	1	83801.946843750	83801.961468750	1400.000	4000.000	1.0000
214	Spectrogram 1	1	83801.946843750	83801.961468750	1400.000	4000.000	1.0000
215	Waveform 1	1	83802.819468750	83802.840593750	1400.000	4000.000	1.0000
215	Spectrogram 1	1	83802.819468750	83802.840593750	1400.000	4000.000	1.0000
216	Waveform 1	1	84169.651843750	84169.668093750	1400.000	4000.000	1.0000
216	Spectrogram 1	1	84169.651843750	84169.668093750	1400.000	4000.000	1.0000
217	Waveform 1	1	84273.440593750	84273.448718750	1400.000	4000.000	1.0000
217	Spectrogram 1	1	84273.440593750	84273.448718750	1400.000	4000.000	1.0000
218	Waveform 1	1	84321.077468750	84321.088843750	1400.000	4000.000	1.0000
218	Spectrogram 1	1	84321.077468750	84321.088843750	1400.000	4000.000	1.0000
219	Waveform 1	1	84322.902343750	84322.912093750	1400.000	4000.000	1.0000
219	Spectrogram 1	1	84322.902343750	84322.912093750	1400.000	4000.000	1.0000
220	Waveform 1	1	84339.410718750	84339.423718750	1400.000	4000.000	1.0000
220	Spectrogram 1	1	84339.410718750	84339.423718750	1400.000	4000.000	1.0000
221	Waveform 1	1	84597.455843750	84597.463968750	1400.000	4000.000	1.0000
221	Spectrogram 1	1	84597.455843750	84597.463968750	1400.000	4000.000	1.0000
222	Waveform 1	1	84795.614843750	84795.627843750	1400.000	4000.000	1.0000
222	Spectrogram 1	1	84795.614843750	84795.627843750	1400.000	4000.000	1.0000
223	Waveform 1	1	84828.486968750	84828.496718750	1400.000	4000.000	1.0000
223	Spectrogram 1	1	84828.486968750	84828.496718750	1400.000	4000.000	1.0000
224	Waveform 1	1	84832.162718750	84832.178968750	1400.000	4000.000	1.0000
224	Spectrogram 1	1	84832.162718750	84832.178968750	1400.000	4000.000	1.0000
225	Waveform 1	1	84839.523968750	84839.540218750	1400.000	4000.000	1.0000
225	Spectrogram 1	1	84839.523968750	84839.540218750	1400.000	4000.000	1.0000
226	Waveform 1	1	84840.130093750	84840.138218750	1400.000	4000.000	1.0000
226	Spectrogram 1	1	84840.130093750	84840.138218750	1400.000	4000.000	1.0000
227	Waveform 1	1	84846.566718750	84846.591093750	1400.000	4000.000	1.0000
227	Spectrogram 1	1	84846.566718750	84846.591093750	1400.000	4000.000	1.0000
228	Waveform 1	1	84848.139718750	84848.152718750	1400.000	4000.000	1.0000
228	Spectrogram 1	1	84848.139718750	84848.152718750	1400.000	4000.000	1.0000
229	Waveform 1	1	84856.040468750	84856.056718750	1400.000	4000.000	1.0000
229	Spectrogram 1	1	84856.040468750	84856.056718750	1400.000	4000.000	1.0000
230	Waveform 1	1	84911.649593750	84911.662593750	1400.000	4000.000	1.0000
230	Spectrogram 1	1	84911.649593750	84911.662593750	1400.000	4000.000	1.0000
231	Waveform 1	1	84928.757593750	84928.765718750	1400.000	4000.000	1.0000
231	Spectrogram 1	1	84928.757593750	84928.765718750	1400.000	4000.000	1.0000
232	Waveform 1	1	84962.798093750	84962.817593750	1400.000	4000.000	1.0000
232	Spectrogram 1	1	84962.798093750	84962.817593750	1400.000	4000.000	1.0000
233	Waveform 1	1	85036.402468750	85036.412218750	1400.000	4000.000	1.0000
233	Spectrogram 1	1	85036.402468750	85036.412218750	1400.000	4000.000	1.0000
234	Waveform 1	1	85117.260843750	85117.268968750	1400.000	4000.000	1.0000
234	Spectrogram 1	1	85117.260843750	85117.268968750	1400.000	4000.000	1.0000
235	Waveform 1	1	85141.452218750	85141.463593750	1400.000	4000.000	1.0000
235	Spectrogram 1	1	85141.452218750	85141.463593750	1400.000	4000.000	1.0000
236	Waveform 1	1	85264.948968750	85264.961968750	1400.000	4000.000	1.0000
236	Spectrogram 1	1	85264.948968750	85264.961968750	1400.000	4000.000	1.0000
237	Waveform 1	1	85688.789593750	85688.822093750	1400.000	4000.000	1.0000
237	Spectrogram 1	1	85688.789593750	85688.822093750	1400.000	4000.000	1.0000
238	Waveform 1	1	86057.623968750	86057.632093750	1400.000	4000.000	1.0000
238	Spectrogram 1	1	86057.623968750	86057.632093750	1400.000	4000.000	1.0000
