Selection	View	Channel	Begin Time (s)	End Time (s)	Low Freq (Hz)	High Freq (Hz)	Occupancy
1	Waveform 1	1	533.253218750	533.266218750	1400.000	4000.000	1.0000
1	Spectrogram 1	1	533.253218750	533.266218750	1400.000	4000.000	1.0000
2	Waveform 1	1	3252.286093750	3252.302343750	1400.000	4000.000	1.0000
2	Spectrogram 1	1	3252.286093750	3252.302343750	1400.000	4000.000	1.0000
3	Waveform 1	1	3295.775968750	3295.792218750	1400.000	4000.000	1.0000
3	Spectrogram 1	1	3295.775968750	3295.792218750	1400.000	4000.000	1.0000
4	Waveform 1	1	3914.610093750	3914.629593750	1400.000	4000.000	1.0000
4	Spectrogram 1	1	3914.610093750	3914.629593750	1400.000	4000.000	1.0000
5	Waveform 1	1	4047.474968750	4047.484718750	1400.000	4000.000	1.0000
5	Spectrogram 1	1	4047.474968750	4047.484718750	1400.000	4000.000	1.0000
6	Waveform 1	1	4543.914093750	4543.930343750	1400.000	4000.000	1.0000
6	Spectrogram 1	1	4543.914093750	4543.930343750	1400.000	4000.000	1.0000
7	Waveform 1	1	4950.121843750	4950.129968750	1400.000	4000.000	1.0000
7	Spectrogram 1	1	4950.121843750	4950.129968750	1400.000	4000.000	1.0000
8	Waveform 1	1	5912.008093750	5912.017843750	1400.000	4000.000	1.0000
8	Spectrogram 1	1	5912.008093750	5912.017843750	1400.000	4000.000	1.0000
9	Waveform 1	1	6721.956843750	6721.974718750	1400.000	4000.000	1.0000
9	Spectrogram 1	1	6721.956843750	6721.974718750	1400.000	4000.000	1.0000
10	Waveform 1	1	6852.816468750	6852.835968750	1400.000	4000.000	1.0000
10	Spectrogram 1	1	6852.816468750	6852.835968750	1400.000	4000.000	1.0000
11	Waveform 1	1	7074.637093750	7074.653343750	1400.000	4000.000	1.0000
11	Spectrogram 1	1	7074.637093750	7074.653343750	1400.000	4000.000	1.0000
12	Waveform 1	1	7083.987343750	7084.001968750	1400.000	4000.000	1.0000
12	Spectrogram 1	1	7083.987343750	7084.001968750	1400.000	4000.000	1.0000
13	Waveform 1	1	7284.093093750	7284.119093750	1400.000	4000.000	1.0000
13	Spectrogram 1	1	7284.093093750	7284.119093750	1400.000	4000.000	1.0000
14	Waveform 1	1	7427.765843750	7427.782093750	1400.000	4000.000	1.0000
14	Spectrogram 1	1	7427.765843750	7427.782093750	1400.000	4000.000	1.0000
15	Waveform 1	1	8560.286843750	8560.303093750	1400.000	4000.000	1.0000
15	Spectrogram 1	1	8560.286843750	8560.303093750	1400.000	4000.000	1.0000
16	Waveform 1	1	8884.903343750	8884.913093750	1400.000	4000.000	1.0000
16	Spectrogram 1	1	8884.903343750	8884.913093750	1400.000	4000.000	1.0000
17	Waveform 1	1	8903.124468750	8903.132593750	1400.000	4000.000	1.0000
17	Spectrogram 1	1	8903.124468750	8903.132593750	1400.000	4000.000	1.0000
18	Waveform 1	1	8948.366093750	8948.374218750	1400.000	4000.000	1.0000
18	Spectrogram 1	1	8948.366093750	8948.374218750	1400.000	4000.000	1.0000
19	Waveform 1	1	10994.049343750	10994.072093750	1400.000	4000.000	1.0000
19	Spectrogram 1	1	10994.049343750	10994.072093750	1400.000	4000.000	1.0000
20	Waveform 1	1	11151.099093750	11151.112093750	1400.000	4000.000	1.0000
20	Spectrogram 1	1	11151.099093750	11151.112093750	1400.000	4000.000	1.0000
21	Waveform 1	1	11444.786968750	11444.798343750	1400.000	4000.000	1.0000
21	Spectrogram 1	1	11444.786968750	11444.798343750	1400.000	4000.000	1.0000
22	Waveform 1	1	11545.302968750	11545.311093750	1400.000	4000.000	1.0000
22	Spectrogram 1	1	11545.302968750	11545.311093750	1400.000	4000.000	1.0000
23	Waveform 1	1	11644.673343750	11644.691218750	1400.000	4000.000	1.0000
23	Spectrogram 1	1	11644.673343750	11644.691218750	1400.000	4000.000	1.0000
24	Waveform 1	1	11647.582093750	11647.599968750	1400.000	4000.000	1.0000
24	Spectrogram 1	1	11647.582093750	11647.599968750	1400.000	4000.000	1.0000
25	Waveform 1	1	11647.660093750	11647.674718750	1400.000	4000.000	1.0000
25	Spectrogram 1	1	11647.660093750	11647.674718750	1400.000	4000.000	1.0000
26	Waveform 1	1	11702.641968750	11702.661468750	1400.000	4000.000	1.0000
26	Spectrogram 1	1	11702.641968750	11702.661468750	1400.000	4000.000	1.0000
27	Waveform 1	1	11703.503218750	11703.519468750	1400.000	4000.000	1.0000
27	Spectrogram 1	1	11703.503218750	11703.519468750	1400.000	4000.000	1.0000
28	Waveform 1	1	13044.162343750	13044.186718750	1400.000	4000.000	1.0000
28	Spectrogram 1	1	13044.162343750	13044.186718750	1400.000	4000.000	1.0000
29	Waveform 1	1	13889.160718750	13889.173718750	1400.000	4000.000	1.0000
29	Spectrogram 1	1	13889.160718750	13889.173718750	1400.000	4000.000	1.0000
30	Waveform 1	1	15555.945968750	15555.960593750	1400.000	4000.000	1.0000
30	Spectrogram 1	1	15555.945968750	15555.960593750	1400.000	4000.000	1.0000
31	Waveform 1	1	15556.246593750	15556.259593750	1400.000	4000.000	1.0000
31	Spectrogram 1	1	15556.246593750	15556.259593750	1400.000	4000.000	1.0000
32	Waveform 1	1	15712.844593750	15712.854343750	1400.000	4000.000	1.0000
32	Spectrogram 1	1	15712.844593750	15712.854343750	1400.000	4000.000	1.0000
33	Waveform 1	1	16300.420218750	16300.434843750	1400.000	4000.000	1.0000
33	Spectrogram 1	1	16300.420218750	16300.434843750	1400.000	4000.000	1.0000
34	Waveform 1	1	16313.724093750	16313.738718750	1400.000	4000.000	1.0000
34	Spectrogram 1	1	16313.724093750	16313.738718750	1400.000	4000.000	1.0000
35	Waveform 1	1	16313.784218750	16313.793968750	1400.000	4000.000	1.0000
35	Spectrogram 1	1	16313.784218750	16313.793968750	1400.000	4000.000	1.0000
36	Waveform 1	1	16339.230093750	16339.249593750	1400.000	4000.000	1.0000
36	Spectrogram 1	1	16339.230093750	16339.249593750	1400.000	4000.000	1.0000
37	Waveform 1	1	16339.295093750	16339.308093750	1400.000	4000.000	1.0000
37	Spectrogram 1	1	16339.295093750	16339.308093750	1400.000	4000.000	1.0000
38	Waveform 1	1	16413.604718750	16413.622593750	1400.000	4000.000	1.0000
38	Spectrogram 1	1	16413.604718750	16413.622593750	1400.000	4000.000	1.0000
39	Waveform 1	1	16413.663218750	16413.672968750	1400.000	4000.000	1.0000
39	Spectrogram 1	1	16413.663218750	16413.672968750	1400.000	4000.000	1.0000
40	Waveform 1	1	16432.318218750	16432.332843750	1400.000	4000.000	1.0000
40	Spectrogram 1	1	16432.318218750	16432.332843750	1400.000	4000.000	1.0000
41	Waveform 1	1	16432.370218750	16432.388093750	1400.000	4000.000	1.0000
41	Spectrogram 1	1	16432.370218750	16432.388093750	1400.000	4000.000	1.0000
42	Waveform 1	1	16817.256343750	16817.269343750	1400.000	4000.000	1.0000
42	Spectrogram 1	1	16817.256343750	16817.269343750	1400.000	4000.000	1.0000
43	Waveform 1	1	16889.949093750	16889.957218750	1400.000	4000.000	1.0000
43	Spectrogram 1	1	16889.949093750	16889.957218750	1400.000	4000.000	1.0000
44	Waveform 1	1	17018.112843750	17018.129093750	1400.000	4000.000	1.0000
44	Spectrogram 1	1	17018.112843750	17018.129093750	1400.000	4000.000	1.0000
45	Waveform 1	1	17042.531718750	17042.547968750	1400.000	4000.000	1.0000
45	Spectrogram 1	1	17042.531718750	17042.547968750	1400.000	4000.000	1.0000
46	Waveform 1	1	17042.593468750	17042.606468750	1400.000	4000.000	1.0000
46	Spectrogram 1	1	17042.593468750	17042.606468750	1400.000	4000.000	1.0000
47	Waveform 1	1	17049.935218750	17049.951468750	1400.000	4000.000	1.0000
47	Spectrogram 1	1	17049.935218750	17049.951468750	1400.000	4000.000	1.0000
48	Waveform 1	1	17049.992093750	17050.006718750	1400.000	4000.000	1.0000
48	Spectrogram 1	1	17049.992093750	17050.006718750	1400.000	4000.000	1.0000
49	Waveform 1	1	17135.938343750	17135.948093750	1400.000	4000.000	1.0000
49	Spectrogram 1	1	17135.938343750	17135.948093750	1400.000	4000.000	1.0000
50	Waveform 1	1	17398.486343750	17398.497718750	1400.000	4000.000	1.0000
50	Spectrogram 1	1	17398.486343750	17398.497718750	1400.000	4000.000	1.0000
51	Waveform 1	1	17398.551343750	17398.565968750	1400.000	4000.000	1.0000
51	Spectrogram 1	1	17398.551343750	17398.565968750	1400.000	4000.000	1.0000
52	Waveform 1	1	17405.568093750	17405.581093750	1400.000	4000.000	1.0000
52	Spectrogram 1	1	17405.568093750	17405.581093750	1400.000	4000.000	1.0000
53	Waveform 1	1	17405.624968750	17405.637968750	1400.000	4000.000	1.0000
53	Spectrogram 1	1	17405.624968750	17405.637968750	1400.000	4000.000	1.0000
54	Waveform 1	1	17523.001968750	17523.014968750	1400.000	4000.000	1.0000
54	Spectrogram 1	1	17523.001968750	17523.014968750	1400.000	4000.000	1.0000
55	Waveform 1	1	19490.668968750	19490.685218750	1400.000	4000.000	1.0000
55	Spectrogram 1	1	19490.668968750	19490.685218750	1400.000	4000.000	1.0000
56	Waveform 1	1	19825.363718750	19825.371843750	1400.000	4000.000	1.0000
56	Spectrogram 1	1	19825.363718750	19825.371843750	1400.000	4000.000	1.0000
57	Waveform 1	1	21045.195968750	21045.207343750	1400.000	4000.000	1.0000
57	Spectrogram 1	1	21045.195968750	21045.207343750	1400.000	4000.000	1.0000
58	Waveform 1	1	21168.837343750	21168.845468750	1400.000	4000.000	1.0000
58	Spectrogram 1	1	21168.837343750	21168.845468750	1400.000	4000.000	1.0000
59	Waveform 1	1	21191.561343750	21191.574343750	1400.000	4000.000	1.0000
59	Spectrogram 1	1	21191.561343750	21191.574343750	1400.000	4000.000	1.0000
60	Waveform 1	1	21203.742343750	21203.760218750	1400.000	4000.000	1.0000
60	Spectrogram 1	1	21203.742343750	21203.760218750	1400.000	4000.000	1.0000
61	Waveform 1	1	21205.219468750	21205.227593750	1400.000	4000.000	1.0000
61	Spectrogram 1	1	21205.219468750	21205.227593750	1400.000	4000.000	1.0000
62	Waveform 1	1	21344.672093750	21344.680218750	1400.000	4000.000	1.0000
62	Spectrogram 1	1	21344.672093750	21344.680218750	1400.000	4000.000	1.0000
63	Waveform 1	1	26313.429718750	26313.442718750	1400.000	4000.000	1.0000
63	Spectrogram 1	1	26313.429718750	26313.442718750	1400.000	4000.000	1.0000
64	Waveform 1	1	26886.139843750	26886.147968750	1400.000	4000.000	1.0000
64	Spectrogram 1	1	26886.139843750	26886.147968750	1400.000	4000.000	1.0000
65	Waveform 1	1	27164.819218750	27164.833843750	1400.000	4000.000	1.0000
65	Spectrogram 1	1	27164.819218750	27164.833843750	1400.000	4000.000	1.0000
66	Waveform 1	1	28520.000968750	28520.009093750	1400.000	4000.000	1.0000
66	Spectrogram 1	1	28520.000968750	28520.009093750	1400.000	4000.000	1.0000
67	Waveform 1	1	28523.718968750	28523.736843750	1400.000	4000.000	1.0000
67	Spectrogram 1	1	28523.718968750	28523.736843750	1400.000	4000.000	1.0000
68	Waveform 1	1	28526.315718750	28526.331968750	1400.000	4000.000	1.0000
68	Spectrogram 1	1	28526.315718750	28526.331968750	1400.000	4000.000	1.0000
69	Waveform 1	1	28663.660718750	28663.673718750	1400.000	4000.000	1.0000
69	Spectrogram 1	1	28663.660718750	28663.673718750	1400.000	4000.000	1.0000
70	Waveform 1	1	29467.192343750	29467.205343750	1400.000	4000.000	1.0000
70	Spectrogram 1	1	29467.192343750	29467.205343750	1400.000	4000.000	1.0000
71	Waveform 1	1	33865.711468750	33865.730968750	1400.000	4000.000	1.0000
71	Spectrogram 1	1	33865.711468750	33865.730968750	1400.000	4000.000	1.0000
72	Waveform 1	1	34129.578968750	34129.590343750	1400.000	4000.000	1.0000
72	Spectrogram 1	1	34129.578968750	34129.590343750	1400.000	4000.000	1.0000
73	Waveform 1	1	34180.631593750	34180.639718750	1400.000	4000.000	1.0000
73	Spectrogram 1	1	34180.631593750	34180.639718750	1400.000	4000.000	1.0000
74	Waveform 1	1	34183.696343750	34183.709343750	1400.000	4000.000	1.0000
74	Spectrogram 1	1	34183.696343750	34183.709343750	1400.000	4000.000	1.0000
75	Waveform 1	1	34218.138218750	34218.146343750	1400.000	4000.000	1.0000
75	Spectrogram 1	1	34218.138218750	34218.146343750	1400.000	4000.000	1.0000
76	Waveform 1	1	34300.738593750	34300.749968750	1400.000	4000.000	1.0000
76	Spectrogram 1	1	34300.738593750	34300.749968750	1400.000	4000.000	1.0000
77	Waveform 1	1	34320.228843750	34320.248343750	1400.000	4000.000	1.0000
77	Spectrogram 1	1	34320.228843750	34320.248343750	1400.000	4000.000	1.0000
78	Waveform 1	1	34336.859093750	34336.886718750	1400.000	4000.000	1.0000
78	Spectrogram 1	1	34336.859093750	34336.886718750	1400.000	4000.000	1.0000
79	Waveform 1	1	34391.369718750	34391.389218750	1400.000	4000.000	1.0000
79	Spectrogram 1	1	34391.369718750	34391.389218750	1400.000	4000.000	1.0000
80	Waveform 1	1	34398.553843750	34398.565218750	1400.000	4000.000	1.0000
80	Spectrogram 1	1	34398.553843750	34398.565218750	1400.000	4000.000	1.0000
81	Waveform 1	1	34431.726593750	34431.739593750	1400.000	4000.000	1.0000
81	Spectrogram 1	1	34431.726593750	34431.739593750	1400.000	4000.000	1.0000
82	Waveform 1	1	34444.383718750	34444.401593750	1400.000	4000.000	1.0000
82	Spectrogram 1	1	34444.383718750	34444.401593750	1400.000	4000.000	1.0000
83	Waveform 1	1	34450.779718750	34450.792718750	1400.000	4000.000	1.0000
83	Spectrogram 1	1	34450.779718750	34450.792718750	1400.000	4000.000	1.0000
84	Waveform 1	1	34455.326468750	34455.347593750	1400.000	4000.000	1.0000
84	Spectrogram 1	1	34455.326468750	34455.347593750	1400.000	4000.000	1.0000
85	Waveform 1	1	34494.747343750	34494.766843750	1400.000	4000.000	1.0000
85	Spectrogram 1	1	34494.747343750	34494.766843750	1400.000	4000.000	1.0000
86	Waveform 1	1	34515.938968750	34515.960093750	1400.000	4000.000	1.0000
86	Spectrogram 1	1	34515.938968750	34515.960093750	1400.000	4000.000	1.0000
87	Waveform 1	1	34530.021218750	34530.040718750	1400.000	4000.000	1.0000
87	Spectrogram 1	1	34530.021218750	34530.040718750	1400.000	4000.000	1.0000
88	Waveform 1	1	34633.551593750	34633.566218750	1400.000	4000.000	1.0000
88	Spectrogram 1	1	34633.551593750	34633.566218750	1400.000	4000.000	1.0000
89	Waveform 1	1	34956.812843750	34956.822593750	1400.000	4000.000	1.0000
89	Spectrogram 1	1	34956.812843750	34956.822593750	1400.000	4000.000	1.0000
90	Waveform 1	1	35106.628093750	35106.647593750	1400.000	4000.000	1.0000
90	Spectrogram 1	1	35106.628093750	35106.647593750	1400.000	4000.000	1.0000
91	Waveform 1	1	35114.956218750	35114.972468750	1400.000	4000.000	1.0000
91	Spectrogram 1	1	35114.956218750	35114.972468750	1400.000	4000.000	1.0000
92	Waveform 1	1	35123.053593750	35123.069843750	1400.000	4000.000	1.0000
92	Spectrogram 1	1	35123.053593750	35123.069843750	1400.000	4000.000	1.0000
93	Waveform 1	1	35134.729218750	35134.745468750	1400.000	4000.000	1.0000
93	Spectrogram 1	1	35134.729218750	35134.745468750	1400.000	4000.000	1.0000
94	Waveform 1	1	35191.625343750	35191.641593750	1400.000	4000.000	1.0000
94	Spectrogram 1	1	35191.625343750	35191.641593750	1400.000	4000.000	1.0000
95	Waveform 1	1	35195.993343750	35196.007968750	1400.000	4000.000	1.0000
95	Spectrogram 1	1	35195.993343750	35196.007968750	1400.000	4000.000	1.0000
96	Waveform 1	1	35218.265593750	35218.281843750	1400.000	4000.000	1.0000
96	Spectrogram 1	1	35218.265593750	35218.281843750	1400.000	4000.000	1.0000
97	Waveform 1	1	35221.990093750	35222.007968750	1400.000	4000.000	1.0000
97	Spectrogram 1	1	35221.990093750	35222.007968750	1400.000	4000.000	1.0000
98	Waveform 1	1	35226.488093750	35226.502718750	1400.000	4000.000	1.0000
98	Spectrogram 1	1	35226.488093750	35226.502718750	1400.000	4000.000	1.0000
99	Waveform 1	1	35333.858343750	35333.871343750	1400.000	4000.000	1.0000
99	Spectrogram 1	1	35333.858343750	35333.871343750	1400.000	4000.000	1.0000
100	Waveform 1	1	35657.751718750	35657.764718750	1400.000	4000.000	1.0000
100	Spectrogram 1	1	35657.751718750	35657.764718750	1400.000	4000.000	1.0000
101	Waveform 1	1	35792.766468750	35792.777843750	1400.000	4000.000	1.0000
101	Spectrogram 1	1	35792.766468750	35792.777843750	1400.000	4000.000	1.0000
102	Waveform 1	1	36142.921468750	36142.942593750	1400.000	4000.000	1.0000
102	Spectrogram 1	1	36142.921468750	36142.942593750	1400.000	4000.000	1.0000
103	Waveform 1	1	36143.472343750	36143.485343750	1400.000	4000.000	1.0000
103	Spectrogram 1	1	36143.472343750	36143.485343750	1400.000	4000.000	1.0000
104	Waveform 1	1	36162.931718750	36162.939843750	1400.000	4000.000	1.0000
104	Spectrogram 1	1	36162.931718750	36162.939843750	1400.000	4000.000	1.0000
105	Waveform 1	1	36182.647843750	36182.668968750	1400.000	4000.000	1.0000
105	Spectrogram 1	1	36182.647843750	36182.668968750	1400.000	4000.000	1.0000
106	Waveform 1	1	36251.999593750	36252.012593750	1400.000	4000.000	1.0000
106	Spectrogram 1	1	36251.999593750	36252.012593750	1400.000	4000.000	1.0000
107	Waveform 1	1	36293.875843750	36293.890468750	1400.000	4000.000	1.0000
107	Spectrogram 1	1	36293.875843750	36293.890468750	1400.000	4000.000	1.0000
108	Waveform 1	1	36394.039218750	36394.050593750	1400.000	4000.000	1.0000
108	Spectrogram 1	1	36394.039218750	36394.050593750	1400.000	4000.000	1.0000
109	Waveform 1	1	36466.220093750	36466.250968750	1400.000	4000.000	1.0000
109	Spectrogram 1	1	36466.220093750	36466.250968750	1400.000	4000.000	1.0000
110	Waveform 1	1	36484.909218750	36484.917343750	1400.000	4000.000	1.0000
110	Spectrogram 1	1	36484.909218750	36484.917343750	1400.000	4000.000	1.0000
111	Waveform 1	1	36665.596218750	36665.610843750	1400.000	4000.000	1.0000
111	Spectrogram 1	1	36665.596218750	36665.610843750	1400.000	4000.000	1.0000
112	Waveform 1	1	36680.341468750	36680.352843750	1400.000	4000.000	1.0000
112	Spectrogram 1	1	36680.341468750	36680.352843750	1400.000	4000.000	1.0000
113	Waveform 1	1	36785.357093750	36785.368468750	1400.000	4000.000	1.0000
113	Spectrogram 1	1	36785.357093750	36785.368468750	1400.000	4000.000	1.0000
114	Waveform 1	1	36785.407468750	36785.417218750	1400.000	4000.000	1.0000
114	Spectrogram 1	1	36785.407468750	36785.417218750	1400.000	4000.000	1.0000
115	Waveform 1	1	36800.453343750	36800.466343750	1400.000	4000.000	1.0000
115	Spectrogram 1	1	36800.453343750	36800.466343750	1400.000	4000.000	1.0000
116	Waveform 1	1	36801.673718750	36801.683468750	1400.000	4000.000	1.0000
116	Spectrogram 1	1	36801.673718750	36801.683468750	1400.000	4000.000	1.0000
117	Waveform 1	1	36844.212968750	36844.225968750	1400.000	4000.000	1.0000
117	Spectrogram 1	1	36844.212968750	36844.225968750	1400.000	4000.000	1.0000
118	Waveform 1	1	36855.721218750	36855.737468750	1400.000	4000.000	1.0000
118	Spectrogram 1	1	36855.721218750	36855.737468750	1400.000	4000.000	1.0000
119	Waveform 1	1	36858.425218750	36858.436593750	1400.000	4000.000	1.0000
119	Spectrogram 1	1	36858.425218750	36858.436593750	1400.000	4000.000	1.0000
120	Waveform 1	1	36884.012468750	36884.022218750	1400.000	4000.000	1.0000
120	Spectrogram 1	1	36884.012468750	36884.022218750	1400.000	4000.000	1.0000
121	Waveform 1	1	36923.012468750	36923.030343750	1400.000	4000.000	1.0000
121	Spectrogram 1	1	36923.012468750	36923.030343750	1400.000	4000.000	1.0000
122	Waveform 1	1	36949.748593750	36949.768093750	1400.000	4000.000	1.0000
122	Spectrogram 1	1	36949.748593750	36949.768093750	1400.000	4000.000	1.0000
123	Waveform 1	1	36956.398093750	36956.406218750	1400.000	4000.000	1.0000
123	Spectrogram 1	1	36956.398093750	36956.406218750	1400.000	4000.000	1.0000
124	Waveform 1	1	37471.848093750	37471.856218750	1400.000	4000.000	1.0000
124	Spectrogram 1	1	37471.848093750	37471.856218750	1400.000	4000.000	1.0000
125	Waveform 1	1	37495.919218750	37495.930593750	1400.000	4000.000	1.0000
125	Spectrogram 1	1	37495.919218750	37495.930593750	1400.000	4000.000	1.0000
126	Waveform 1	1	37886.902343750	37886.910468750	1400.000	4000.000	1.0000
126	Spectrogram 1	1	37886.902343750	37886.910468750	1400.000	4000.000	1.0000
127	Waveform 1	1	37966.626468750	37966.636218750	1400.000	4000.000	1.0000
127	Spectrogram 1	1	37966.626468750	37966.636218750	1400.000	4000.000	1.0000
128	Waveform 1	1	37993.957343750	37993.970343750	1400.000	4000.000	1.0000
128	Spectrogram 1	1	37993.957343750	37993.970343750	1400.000	4000.000	1.0000
129	Waveform 1	1	38232.169343750	38232.180718750	1400.000	4000.000	1.0000
129	Spectrogram 1	1	38232.169343750	38232.180718750	1400.000	4000.000	1.0000
130	Waveform 1	1	38539.609593750	38539.619343750	1400.000	4000.000	1.0000
130	Spectrogram 1	1	38539.609593750	38539.619343750	1400.000	4000.000	1.0000
131	Waveform 1	1	38572.883093750	38572.899343750	1400.000	4000.000	1.0000
131	Spectrogram 1	1	38572.883093750	38572.899343750	1400.000	4000.000	1.0000
132	Waveform 1	1	38676.203843750	38676.215218750	1400.000	4000.000	1.0000
132	Spectrogram 1	1	38676.203843750	38676.215218750	1400.000	4000.000	1.0000
133	Waveform 1	1	38691.472343750	38691.490218750	1400.000	4000.000	1.0000
133	Spectrogram 1	1	38691.472343750	38691.490218750	1400.000	4000.000	1.0000
134	Waveform 1	1	38696.014218750	38696.033718750	1400.000	4000.000	1.0000
134	Spectrogram 1	1	38696.014218750	38696.033718750	1400.000	4000.000	1.0000
135	Waveform 1	1	38700.432593750	38700.450468750	1400.000	4000.000	1.0000
135	Spectrogram 1	1	38700.432593750	38700.450468750	1400.000	4000.000	1.0000
136	Waveform 1	1	38705.812968750	38705.822718750	1400.000	4000.000	1.0000
136	Spectrogram 1	1	38705.812968750	38705.822718750	1400.000	4000.000	1.0000
137	Waveform 1	1	38711.126718750	38711.149468750	1400.000	4000.000	1.0000
137	Spectrogram 1	1	38711.126718750	38711.149468750	1400.000	4000.000	1.0000
138	Waveform 1	1	38715.710843750	38715.723843750	1400.000	4000.000	1.0000
138	Spectrogram 1	1	38715.710843750	38715.723843750	1400.000	4000.000	1.0000
139	Waveform 1	1	38720.005718750	38720.026843750	1400.000	4000.000	1.0000
139	Spectrogram 1	1	38720.005718750	38720.026843750	1400.000	4000.000	1.0000
140	Waveform 1	1	38724.636968750	38724.651593750	1400.000	4000.000	1.0000
140	Spectrogram 1	1	38724.636968750	38724.651593750	1400.000	4000.000	1.0000
141	Waveform 1	1	38743.480468750	38743.490218750	1400.000	4000.000	1.0000
141	Spectrogram 1	1	38743.480468750	38743.490218750	1400.000	4000.000	1.0000
142	Waveform 1	1	38856.349718750	38856.359468750	1400.000	4000.000	1.0000
142	Spectrogram 1	1	38856.349718750	38856.359468750	1400.000	4000.000	1.0000
143	Waveform 1	1	38907.005843750	38907.017218750	1400.000	4000.000	1.0000
143	Spectrogram 1	1	38907.005843750	38907.017218750	1400.000	4000.000	1.0000
144	Waveform 1	1	39133.303343750	39133.314718750	1400.000	4000.000	1.0000
144	Spectrogram 1	1	39133.303343750	39133.314718750	1400.000	4000.000	1.0000
145	Waveform 1	1	39139.686343750	39139.702593750	1400.000	4000.000	1.0000
145	Spectrogram 1	1	39139.686343750	39139.702593750	1400.000	4000.000	1.0000
146	Waveform 1	1	39169.784593750	39169.797593750	1400.000	4000.000	1.0000
146	Spectrogram 1	1	39169.784593750	39169.797593750	1400.000	4000.000	1.0000
147	Waveform 1	1	39183.145343750	39183.168093750	1400.000	4000.000	1.0000
147	Spectrogram 1	1	39183.145343750	39183.168093750	1400.000	4000.000	1.0000
148	Waveform 1	1	39221.188218750	39221.197968750	1400.000	4000.000	1.0000
148	Spectrogram 1	1	39221.188218750	39221.197968750	1400.000	4000.000	1.0000
149	Waveform 1	1	39502.722718750	39502.732468750	1400.000	4000.000	1.0000
149	Spectrogram 1	1	39502.722718750	39502.732468750	1400.000	4000.000	1.0000
150	Waveform 1	1	39527.451968750	39527.461718750	1400.000	4000.000	1.0000
150	Spectrogram 1	1	39527.451968750	39527.461718750	1400.000	4000.000	1.0000
151	Waveform 1	1	39617.525718750	39617.540343750	1400.000	4000.000	1.0000
151	Spectrogram 1	1	39617.525718750	39617.540343750	1400.000	4000.000	1.0000
152	Waveform 1	1	39945.751343750	39945.761093750	1400.000	4000.000	1.0000
152	Spectrogram 1	1	39945.751343750	39945.761093750	1400.000	4000.000	1.0000
153	Waveform 1	1	39958.699343750	39958.707468750	1400.000	4000.000	1.0000
153	Spectrogram 1	1	39958.699343750	39958.707468750	1400.000	4000.000	1.0000
154	Waveform 1	1	40039.240843750	40039.255468750	1400.000	4000.000	1.0000
154	Spectrogram 1	1	40039.240843750	40039.255468750	1400.000	4000.000	1.0000
155	Waveform 1	1	40039.296093750	40039.312343750	1400.000	4000.000	1.0000
155	Spectrogram 1	1	40039.296093750	40039.312343750	1400.000	4000.000	1.0000
156	Waveform 1	1	40065.383843750	40065.403343750	1400.000	4000.000	1.0000
156	Spectrogram 1	1	40065.383843750	40065.403343750	1400.000	4000.000	1.0000
157	Waveform 1	1	40065.447218750	40065.465093750	1400.000	4000.000	1.0000
157	Spectrogram 1	1	40065.447218750	40065.465093750	1400.000	4000.000	1.0000
158	Waveform 1	1	40114.881343750	40114.892718750	1400.000	4000.000	1.0000
158	Spectrogram 1	1	40114.881343750	40114.892718750	1400.000	4000.000	1.0000
159	Waveform 1	1	40305.102218750	40305.116843750	1400.000	4000.000	1.0000
159	Spectrogram 1	1	40305.102218750	40305.116843750	1400.000	4000.000	1.0000
160	Waveform 1	1	40402.585968750	40402.594093750	1400.000	4000.000	1.0000
160	Spectrogram 1	1	40402.585968750	40402.594093750	1400.000	4000.000	1.0000
161	Waveform 1	1	40454.342218750	40454.360093750	1400.000	4000.000	1.0000
161	Spectrogram 1	1	40454.342218750	40454.360093750	1400.000	4000.000	1.0000
162	Waveform 1	1	40454.399093750	40454.413718750	1400.000	4000.000	1.0000
162	Spectrogram 1	1	40454.399093750	40454.413718750	1400.000	4000.000	1.0000
163	Waveform 1	1	40463.853343750	40463.861468750	1400.000	4000.000	1.0000
163	Spectrogram 1	1	40463.853343750	40463.861468750	1400.000	4000.000	1.0000
164	Waveform 1	1	40564.294593750	40564.302718750	1400.000	4000.000	1.0000
164	Spectrogram 1	1	40564.294593750	40564.302718750	1400.000	4000.000	1.0000
165	Waveform 1	1	40599.817093750	40599.825218750	1400.000	4000.000	1.0000
165	Spectrogram 1	1	40599.817093750	40599.825218750	1400.000	4000.000	1.0000
166	Waveform 1	1	40725.332093750	40725.340218750	1400.000	4000.000	1.0000
166	Spectrogram 1	1	40725.332093750	40725.340218750	1400.000	4000.000	1.0000
167	Waveform 1	1	40954.964093750	40954.977093750	1400.000	4000.000	1.0000
167	Spectrogram 1	1	40954.964093750	40954.977093750	1400.000	4000.000	1.0000
168	Waveform 1	1	41032.656968750	41032.669968750	1400.000	4000.000	1.0000
168	Spectrogram 1	1	41032.656968750	41032.669968750	1400.000	4000.000	1.0000
169	Waveform 1	1	41098.986218750	41099.004093750	1400.000	4000.000	1.0000
169	Spectrogram 1	1	41098.986218750	41099.004093750	1400.000	4000.000	1.0000
170	Waveform 1	1	41172.805093750	41172.813218750	1400.000	4000.000	1.0000
170	Spectrogram 1	1	41172.805093750	41172.813218750	1400.000	4000.000	1.0000
171	Waveform 1	1	41200.956593750	41200.971218750	1400.000	4000.000	1.0000
171	Spectrogram 1	1	41200.956593750	41200.971218750	1400.000	4000.000	1.0000
172	Waveform 1	1	41213.293593750	41213.303343750	1400.000	4000.000	1.0000
172	Spectrogram 1	1	41213.293593750	41213.303343750	1400.000	4000.000	1.0000
173	Waveform 1	1	41239.849343750	41239.857468750	1400.000	4000.000	1.0000
173	Spectrogram 1	1	41239.849343750	41239.857468750	1400.000	4000.000	1.0000
174	Waveform 1	1	41295.312218750	41295.323593750	1400.000	4000.000	1.0000
174	Spectrogram 1	1	41295.312218750	41295.323593750	1400.000	4000.000	1.0000
175	Waveform 1	1	41368.412843750	41368.422593750	1400.000	4000.000	1.0000
175	Spectrogram 1	1	41368.412843750	41368.422593750	1400.000	4000.000	1.0000
176	Waveform 1	1	41370.669968750	41370.691093750	1400.000	4000.000	1.0000
176	Spectrogram 1	1	41370.669968750	41370.691093750	1400.000	4000.000	1.0000
177	Waveform 1	1	41490.947593750	41490.971968750	1400.000	4000.000	1.0000
177	Spectrogram 1	1	41490.947593750	41490.971968750	1400.000	4000.000	1.0000
178	Waveform 1	1	41491.007718750	41491.025593750	1400.000	4000.000	1.0000
178	Spectrogram 1	1	41491.007718750	41491.025593750	1400.000	4000.000	1.0000
179	Waveform 1	1	41523.350093750	41523.359843750	1400.000	4000.000	1.0000
179	Spectrogram 1	1	41523.350093750	41523.359843750	1400.000	4000.000	1.0000
180	Waveform 1	1	41552.608218750	41552.617968750	1400.000	4000.000	1.0000
180	Spectrogram 1	1	41552.608218750	41552.617968750	1400.000	4000.000	1.0000
181	Waveform 1	1	41905.280343750	41905.288468750	1400.000	4000.000	1.0000
181	Spectrogram 1	1	41905.280343750	41905.288468750	1400.000	4000.000	1.0000
182	Waveform 1	1	41916.197093750	41916.223093750	1400.000	4000.000	1.0000
182	Spectrogram 1	1	41916.197093750	41916.223093750	1400.000	4000.000	1.0000
183	Waveform 1	1	41916.260468750	41916.278343750	1400.000	4000.000	1.0000
183	Spectrogram 1	1	41916.260468750	41916.278343750	1400.000	4000.000	1.0000
184	Waveform 1	1	41949.126093750	41949.148843750	1400.000	4000.000	1.0000
184	Spectrogram 1	1	41949.126093750	41949.148843750	1400.000	4000.000	1.0000
185	Waveform 1	1	42110.014093750	42110.022218750	1400.000	4000.000	1.0000
185	Spectrogram 1	1	42110.014093750	42110.022218750	1400.000	4000.000	1.0000
186	Waveform 1	1	42110.170093750	42110.178218750	1400.000	4000.000	1.0000
186	Spectrogram 1	1	42110.170093750	42110.178218750	1400.000	4000.000	1.0000
187	Waveform 1	1	42368.582468750	42368.592218750	1400.000	4000.000	1.0000
187	Spectrogram 1	1	42368.582468750	42368.592218750	1400.000	4000.000	1.0000
188	Waveform 1	1	42448.436593750	42448.444718750	1400.000	4000.000	1.0000
188	Spectrogram 1	1	42448.436593750	42448.444718750	1400.000	4000.000	1.0000
189	Waveform 1	1	42611.305468750	42611.313593750	1400.000	4000.000	1.0000
189	Spectrogram 1	1	42611.305468750	42611.313593750	1400.000	4000.000	1.0000
190	Waveform 1	1	42903.646218750	42903.662468750	1400.000	4000.000	1.0000
190	Spectrogram 1	1	42903.646218750	42903.662468750	1400.000	4000.000	1.0000
191	Waveform 1	1	42915.247093750	42915.260093750	1400.000	4000.000	1.0000
191	Spectrogram 1	1	42915.247093750	42915.260093750	1400.000	4000.000	1.0000
192	Waveform 1	1	42936.393218750	42936.401343750	1400.000	4000.000	1.0000
192	Spectrogram 1	1	42936.393218750	42936.401343750	1400.000	4000.000	1.0000
193	Waveform 1	1	43142.113343750	43142.132843750	1400.000	4000.000	1.0000
193	Spectrogram 1	1	43142.113343750	43142.132843750	1400.000	4000.000	1.0000
194	Waveform 1	1	43150.472343750	43150.485343750	1400.000	4000.000	1.0000
194	Spectrogram 1	1	43150.472343750	43150.485343750	1400.000	4000.000	1.0000
195	Waveform 1	1	43183.446843750	43183.467968750	1400.000	4000.000	1.0000
195	Spectrogram 1	1	43183.446843750	43183.467968750	1400.000	4000.000	1.0000
196	Waveform 1	1	43248.170593750	43248.183593750	1400.000	4000.000	1.0000
196	Spectrogram 1	1	43248.170593750	43248.183593750	1400.000	4000.000	1.0000
197	Waveform 1	1	43332.579593750	43332.599093750	1400.000	4000.000	1.0000
197	Spectrogram 1	1	43332.579593750	43332.599093750	1400.000	4000.000	1.0000
198	Waveform 1	1	43558.231968750	43558.254718750	1400.000	4000.000	1.0000
198	Spectrogram 1	1	43558.231968750	43558.254718750	1400.000	4000.000	1.0000
199	Waveform 1	1	43577.437843750	43577.447593750	1400.000	4000.000	1.0000
199	Spectrogram 1	1	43577.437843750	43577.447593750	1400.000	4000.000	1.0000
200	Waveform 1	1	43581.412593750	43581.441843750	1400.000	4000.000	1.0000
200	Spectrogram 1	1	43581.412593750	43581.441843750	1400.000	4000.000	1.0000
201	Waveform 1	1	43609.338218750	43609.357718750	1400.000	4000.000	1.0000
201	Spectrogram 1	1	43609.338218750	43609.357718750	1400.000	4000.000	1.0000
202	Waveform 1	1	43638.339593750	43638.347718750	1400.000	4000.000	1.0000
202	Spectrogram 1	1	43638.339593750	43638.347718750	1400.000	4000.000	1.0000
203	Waveform 1	1	43645.825968750	43645.837343750	1400.000	4000.000	1.0000
203	Spectrogram 1	1	43645.825968750	43645.837343750	1400.000	4000.000	1.0000
204	Waveform 1	1	43664.006468750	43664.025968750	1400.000	4000.000	1.0000
204	Spectrogram 1	1	43664.006468750	43664.025968750	1400.000	4000.000	1.0000
205	Waveform 1	1	43737.516593750	43737.524718750	1400.000	4000.000	1.0000
205	Spectrogram 1	1	43737.516593750	43737.524718750	1400.000	4000.000	1.0000
206	Waveform 1	1	43932.380093750	43932.404468750	1400.000	4000.000	1.0000
206	Spectrogram 1	1	43932.380093750	43932.404468750	1400.000	4000.000	1.0000
207	Waveform 1	1	44265.430343750	44265.448218750	1400.000	4000.000	1.0000
207	Spectrogram 1	1	44265.430343750	44265.448218750	1400.000	4000.000	1.0000
208	Waveform 1	1	44877.707593750	44877.715718750	1400.000	4000.000	1.0000
208	Spectrogram 1	1	44877.707593750	44877.715718750	1400.000	4000.000	1.0000
209	Waveform 1	1	44881.854593750	44881.862718750	1400.000	4000.000	1.0000
209	Spectrogram 1	1	44881.854593750	44881.862718750	1400.000	4000.000	1.0000
210	Waveform 1	1	44967.232093750	44967.240218750	1400.000	4000.000	1.0000
210	Spectrogram 1	1	44967.232093750	44967.240218750	1400.000	4000.000	1.0000
211	Waveform 1	1	45355.883343750	45355.904468750	1400.000	4000.000	1.0000
211	Spectrogram 1	1	45355.883343750	45355.904468750	1400.000	4000.000	1.0000
212	Waveform 1	1	45903.532718750	45903.545718750	1400.000	4000.000	1.0000
212	Spectrogram 1	1	45903.532718750	45903.545718750	1400.000	4000.000	1.0000
213	Waveform 1	1	45904.101468750	45904.120968750	1400.000	4000.000	1.0000
213	Spectrogram 1	1	45904.101468750	45904.120968750	1400.000	4000.000	1.0000
214	Waveform 1	1	46124.347468750	46124.355593750	1400.000	4000.000	1.0000
214	Spectrogram 1	1	46124.347468750	46124.355593750	1400.000	4000.000	1.0000
215	Waveform 1	1	46152.147968750	46152.162593750	1400.000	4000.000	1.0000
215	Spectrogram 1	1	46152.147968750	46152.162593750	1400.000	4000.000	1.0000
216	Waveform 1	1	46195.114593750	46195.122718750	1400.000	4000.000	1.0000
216	Spectrogram 1	1	46195.114593750	46195.122718750	1400.000	4000.000	1.0000
217	Waveform 1	1	46195.205593750	46195.223468750	1400.000	4000.000	1.0000
217	Spectrogram 1	1	46195.205593750	46195.223468750	1400.000	4000.000	1.0000
218	Waveform 1	1	46253.018218750	46253.026343750	1400.000	4000.000	1.0000
218	Spectrogram 1	1	46253.018218750	46253.026343750	1400.000	4000.000	1.0000
219	Waveform 1	1	46394.141343750	46394.159218750	1400.000	4000.000	1.0000
219	Spectrogram 1	1	46394.141343750	46394.159218750	1400.000	4000.000	1.0000
220	Waveform 1	1	46493.368718750	46493.384968750	1400.000	4000.000	1.0000
220	Spectrogram 1	1	46493.368718750	46493.384968750	1400.000	4000.000	1.0000
221	Waveform 1	1	46571.362218750	46571.376843750	1400.000	4000.000	1.0000
221	Spectrogram 1	1	46571.362218750	46571.376843750	1400.000	4000.000	1.0000
222	Waveform 1	1	46665.189718750	46665.205968750	1400.000	4000.000	1.0000
222	Spectrogram 1	1	46665.189718750	46665.205968750	1400.000	4000.000	1.0000
223	Waveform 1	1	46833.209843750	46833.229343750	1400.000	4000.000	1.0000
223	Spectrogram 1	1	46833.209843750	46833.229343750	1400.000	4000.000	1.0000
224	Waveform 1	1	46846.165968750	46846.174093750	1400.000	4000.000	1.0000
224	Spectrogram 1	1	46846.165968750	46846.174093750	1400.000	4000.000	1.0000
225	Waveform 1	1	46848.670093750	46848.687968750	1400.000	4000.000	1.0000
225	Spectrogram 1	1	46848.670093750	46848.687968750	1400.000	4000.000	1.0000
226	Waveform 1	1	46855.508093750	46855.521093750	1400.000	4000.000	1.0000
226	Spectrogram 1	1	46855.508093750	46855.521093750	1400.000	4000.000	1.0000
227	Waveform 1	1	46857.063218750	46857.079468750	1400.000	4000.000	1.0000
227	Spectrogram 1	1	46857.063218750	46857.079468750	1400.000	4000.000	1.0000
228	Waveform 1	1	46858.559843750	46858.571218750	1400.000	4000.000	1.0000
228	Spectrogram 1	1	46858.559843750	46858.571218750	1400.000	4000.000	1.0000
229	Waveform 1	1	46860.118218750	46860.139343750	1400.000	4000.000	1.0000
229	Spectrogram 1	1	46860.118218750	46860.139343750	1400.000	4000.000	1.0000
230	Waveform 1	1	46862.245343750	46862.266468750	1400.000	4000.000	1.0000
230	Spectrogram 1	1	46862.245343750	46862.266468750	1400.000	4000.000	1.0000
231	Waveform 1	1	46938.877093750	46938.885218750	1400.000	4000.000	1.0000
231	Spectrogram 1	1	46938.877093750	46938.885218750	1400.000	4000.000	1.0000
232	Waveform 1	1	47019.148843750	47019.166718750	1400.000	4000.000	1.0000
232	Spectrogram 1	1	47019.148843750	47019.166718750	1400.000	4000.000	1.0000
233	Waveform 1	1	47060.544093750	47060.557093750	1400.000	4000.000	1.0000
233	Spectrogram 1	1	47060.544093750	47060.557093750	1400.000	4000.000	1.0000
234	Waveform 1	1	47143.716468750	47143.734343750	1400.000	4000.000	1.0000
234	Spectrogram 1	1	47143.716468750	47143.734343750	1400.000	4000.000	1.0000
235	Waveform 1	1	47164.254843750	47164.277593750	1400.000	4000.000	1.0000
235	Spectrogram 1	1	47164.254843750	47164.277593750	1400.000	4000.000	1.0000
236	Waveform 1	1	47165.150218750	47165.169718750	1400.000	4000.000	1.0000
236	Spectrogram 1	1	47165.150218750	47165.169718750	1400.000	4000.000	1.0000
237	Waveform 1	1	47170.517593750	47170.530593750	1400.000	4000.000	1.0000
237	Spectrogram 1	1	47170.517593750	47170.530593750	1400.000	4000.000	1.0000
238	Waveform 1	1	47191.961093750	47191.977343750	1400.000	4000.000	1.0000
238	Spectrogram 1	1	47191.961093750	47191.977343750	1400.000	4000.000	1.0000
239	Waveform 1	1	47362.574718750	47362.587718750	1400.000	4000.000	1.0000
239	Spectrogram 1	1	47362.574718750	47362.587718750	1400.000	4000.000	1.0000
240	Waveform 1	1	47738.692343750	47738.718343750	1400.000	4000.000	1.0000
240	Spectrogram 1	1	47738.692343750	47738.718343750	1400.000	4000.000	1.0000
241	Waveform 1	1	47854.367968750	47854.385843750	1400.000	4000.000	1.0000
241	Spectrogram 1	1	47854.367968750	47854.385843750	1400.000	4000.000	1.0000
242	Waveform 1	1	47856.438218750	47856.456093750	1400.000	4000.000	1.0000
242	Spectrogram 1	1	47856.438218750	47856.456093750	1400.000	4000.000	1.0000
243	Waveform 1	1	47859.056093750	47859.070718750	1400.000	4000.000	1.0000
243	Spectrogram 1	1	47859.056093750	47859.070718750	1400.000	4000.000	1.0000
244	Waveform 1	1	47863.674343750	47863.698718750	1400.000	4000.000	1.0000
244	Spectrogram 1	1	47863.674343750	47863.698718750	1400.000	4000.000	1.0000
245	Waveform 1	1	47865.783593750	47865.801468750	1400.000	4000.000	1.0000
245	Spectrogram 1	1	47865.783593750	47865.801468750	1400.000	4000.000	1.0000
246	Waveform 1	1	47867.670218750	47867.694593750	1400.000	4000.000	1.0000
246	Spectrogram 1	1	47867.670218750	47867.694593750	1400.000	4000.000	1.0000
247	Waveform 1	1	47869.599093750	47869.615343750	1400.000	4000.000	1.0000
247	Spectrogram 1	1	47869.599093750	47869.615343750	1400.000	4000.000	1.0000
248	Waveform 1	1	47871.859468750	47871.880593750	1400.000	4000.000	1.0000
248	Spectrogram 1	1	47871.859468750	47871.880593750	1400.000	4000.000	1.0000
249	Waveform 1	1	47874.340843750	47874.360343750	1400.000	4000.000	1.0000
249	Spectrogram 1	1	47874.340843750	47874.360343750	1400.000	4000.000	1.0000
250	Waveform 1	1	47878.162843750	47878.182343750	1400.000	4000.000	1.0000
250	Spectrogram 1	1	47878.162843750	47878.182343750	1400.000	4000.000	1.0000
251	Waveform 1	1	47883.478218750	47883.510718750	1400.000	4000.000	1.0000
251	Spectrogram 1	1	47883.478218750	47883.510718750	1400.000	4000.000	1.0000
252	Waveform 1	1	47886.021343750	47886.035968750	1400.000	4000.000	1.0000
252	Spectrogram 1	1	47886.021343750	47886.035968750	1400.000	4000.000	1.0000
253	Waveform 1	1	47888.265468750	47888.278468750	1400.000	4000.000	1.0000
253	Spectrogram 1	1	47888.265468750	47888.278468750	1400.000	4000.000	1.0000
254	Waveform 1	1	47902.099093750	47902.113718750	1400.000	4000.000	1.0000
254	Spectrogram 1	1	47902.099093750	47902.113718750	1400.000	4000.000	1.0000
255	Waveform 1	1	47914.705843750	47914.718843750	1400.000	4000.000	1.0000
255	Spectrogram 1	1	47914.705843750	47914.718843750	1400.000	4000.000	1.0000
256	Waveform 1	1	47920.539593750	47920.554218750	1400.000	4000.000	1.0000
256	Spectrogram 1	1	47920.539593750	47920.554218750	1400.000	4000.000	1.0000
257	Waveform 1	1	47920.640343750	47920.651718750	1400.000	4000.000	1.0000
257	Spectrogram 1	1	47920.640343750	47920.651718750	1400.000	4000.000	1.0000
258	Waveform 1	1	47955.481968750	47955.490093750	1400.000	4000.000	1.0000
258	Spectrogram 1	1	47955.481968750	47955.490093750	1400.000	4000.000	1.0000
259	Waveform 1	1	47987.543218750	47987.565968750	1400.000	4000.000	1.0000
259	Spectrogram 1	1	47987.543218750	47987.565968750	1400.000	4000.000	1.0000
260	Waveform 1	1	48124.262593750	48124.282093750	1400.000	4000.000	1.0000
260	Spectrogram 1	1	48124.262593750	48124.282093750	1400.000	4000.000	1.0000
261	Waveform 1	1	48219.013093750	48219.024468750	1400.000	4000.000	1.0000
261	Spectrogram 1	1	48219.013093750	48219.024468750	1400.000	4000.000	1.0000
262	Waveform 1	1	48252.782218750	48252.793593750	1400.000	4000.000	1.0000
262	Spectrogram 1	1	48252.782218750	48252.793593750	1400.000	4000.000	1.0000
263	Waveform 1	1	48255.877843750	48255.892468750	1400.000	4000.000	1.0000
263	Spectrogram 1	1	48255.877843750	48255.892468750	1400.000	4000.000	1.0000
264	Waveform 1	1	48285.826593750	48285.839593750	1400.000	4000.000	1.0000
264	Spectrogram 1	1	48285.826593750	48285.839593750	1400.000	4000.000	1.0000
265	Waveform 1	1	48287.778218750	48287.786343750	1400.000	4000.000	1.0000
265	Spectrogram 1	1	48287.778218750	48287.786343750	1400.000	4000.000	1.0000
266	Waveform 1	1	48434.627843750	48434.645718750	1400.000	4000.000	1.0000
266	Spectrogram 1	1	48434.627843750	48434.645718750	1400.000	4000.000	1.0000
267	Waveform 1	1	48531.043968750	48531.055343750	1400.000	4000.000	1.0000
267	Spectrogram 1	1	48531.043968750	48531.055343750	1400.000	4000.000	1.0000
268	Waveform 1	1	48682.129968750	48682.138093750	1400.000	4000.000	1.0000
268	Spectrogram 1	1	48682.129968750	48682.138093750	1400.000	4000.000	1.0000
269	Waveform 1	1	50626.453843750	50626.471718750	1400.000	4000.000	1.0000
269	Spectrogram 1	1	50626.453843750	50626.471718750	1400.000	4000.000	1.0000
270	Waveform 1	1	51001.840218750	51001.848343750	1400.000	4000.000	1.0000
270	Spectrogram 1	1	51001.840218750	51001.848343750	1400.000	4000.000	1.0000
271	Waveform 1	1	52043.837343750	52043.851968750	1400.000	4000.000	1.0000
271	Spectrogram 1	1	52043.837343750	52043.851968750	1400.000	4000.000	1.0000
272	Waveform 1	1	52070.280968750	52070.292343750	1400.000	4000.000	1.0000
272	Spectrogram 1	1	52070.280968750	52070.292343750	1400.000	4000.000	1.0000
273	Waveform 1	1	52230.751343750	52230.762718750	1400.000	4000.000	1.0000
273	Spectrogram 1	1	52230.751343750	52230.762718750	1400.000	4000.000	1.0000
274	Waveform 1	1	52255.636593750	52255.660968750	1400.000	4000.000	1.0000
274	Spectrogram 1	1	52255.636593750	52255.660968750	1400.000	4000.000	1.0000
275	Waveform 1	1	54582.511468750	54582.526093750	1400.000	4000.000	1.0000
275	Spectrogram 1	1	54582.511468750	54582.526093750	1400.000	4000.000	1.0000
276	Waveform 1	1	54585.033468750	54585.043218750	1400.000	4000.000	1.0000
276	Spectrogram 1	1	54585.033468750	54585.043218750	1400.000	4000.000	1.0000
277	Waveform 1	1	54589.958843750	54589.975093750	1400.000	4000.000	1.0000
277	Spectrogram 1	1	54589.958843750	54589.975093750	1400.000	4000.000	1.0000
278	Waveform 1	1	54596.978843750	54596.986968750	1400.000	4000.000	1.0000
278	Spectrogram 1	1	54596.978843750	54596.986968750	1400.000	4000.000	1.0000
279	Waveform 1	1	54603.394343750	54603.412218750	1400.000	4000.000	1.0000
279	Spectrogram 1	1	54603.394343750	54603.412218750	1400.000	4000.000	1.0000
280	Waveform 1	1	54621.669093750	54621.683718750	1400.000	4000.000	1.0000
280	Spectrogram 1	1	54621.669093750	54621.683718750	1400.000	4000.000	1.0000
281	Waveform 1	1	54812.271843750	54812.283218750	1400.000	4000.000	1.0000
281	Spectrogram 1	1	54812.271843750	54812.283218750	1400.000	4000.000	1.0000
282	Waveform 1	1	54951.019218750	54951.035468750	1400.000	4000.000	1.0000
282	Spectrogram 1	1	54951.019218750	54951.035468750	1400.000	4000.000	1.0000
283	Waveform 1	1	55560.585968750	55560.608718750	1400.000	4000.000	1.0000
283	Spectrogram 1	1	55560.585968750	55560.608718750	1400.000	4000.000	1.0000
284	Waveform 1	1	55611.992843750	55612.015593750	1400.000	4000.000	1.0000
284	Spectrogram 1	1	55611.992843750	55612.015593750	1400.000	4000.000	1.0000
285	Waveform 1	1	55622.131218750	55622.150718750	1400.000	4000.000	1.0000
285	Spectrogram 1	1	55622.131218750	55622.150718750	1400.000	4000.000	1.0000
286	Waveform 1	1	55625.901218750	55625.917468750	1400.000	4000.000	1.0000
286	Spectrogram 1	1	55625.901218750	55625.917468750	1400.000	4000.000	1.0000
287	Waveform 1	1	55627.077718750	55627.092343750	1400.000	4000.000	1.0000
287	Spectrogram 1	1	55627.077718750	55627.092343750	1400.000	4000.000	1.0000
288	Waveform 1	1	55636.055843750	55636.078593750	1400.000	4000.000	1.0000
288	Spectrogram 1	1	55636.055843750	55636.078593750	1400.000	4000.000	1.0000
289	Waveform 1	1	55684.833468750	55684.852968750	1400.000	4000.000	1.0000
289	Spectrogram 1	1	55684.833468750	55684.852968750	1400.000	4000.000	1.0000
290	Waveform 1	1	55710.831843750	55710.849718750	1400.000	4000.000	1.0000
290	Spectrogram 1	1	55710.831843750	55710.849718750	1400.000	4000.000	1.0000
291	Waveform 1	1	55914.935093750	55914.944843750	1400.000	4000.000	1.0000
291	Spectrogram 1	1	55914.935093750	55914.944843750	1400.000	4000.000	1.0000
292	Waveform 1	1	56041.904468750	56041.914218750	1400.000	4000.000	1.0000
292	Spectrogram 1	1	56041.904468750	56041.914218750	1400.000	4000.000	1.0000
293	Waveform 1	1	56282.591343750	56282.599468750	1400.000	4000.000	1.0000
293	Spectrogram 1	1	56282.591343750	56282.599468750	1400.000	4000.000	1.0000
294	Waveform 1	1	56532.467593750	56532.475718750	1400.000	4000.000	1.0000
294	Spectrogram 1	1	56532.467593750	56532.475718750	1400.000	4000.000	1.0000
295	Waveform 1	1	56582.138968750	56582.150343750	1400.000	4000.000	1.0000
295	Spectrogram 1	1	56582.138968750	56582.150343750	1400.000	4000.000	1.0000
296	Waveform 1	1	56593.093093750	56593.110968750	1400.000	4000.000	1.0000
296	Spectrogram 1	1	56593.093093750	56593.110968750	1400.000	4000.000	1.0000
297	Waveform 1	1	57153.243593750	57153.258218750	1400.000	4000.000	1.0000
297	Spectrogram 1	1	57153.243593750	57153.258218750	1400.000	4000.000	1.0000
298	Waveform 1	1	57249.019468750	57249.034093750	1400.000	4000.000	1.0000
298	Spectrogram 1	1	57249.019468750	57249.034093750	1400.000	4000.000	1.0000
299	Waveform 1	1	57303.076718750	57303.092968750	1400.000	4000.000	1.0000
299	Spectrogram 1	1	57303.076718750	57303.092968750	1400.000	4000.000	1.0000
300	Waveform 1	1	57380.733843750	57380.750093750	1400.000	4000.000	1.0000
300	Spectrogram 1	1	57380.733843750	57380.750093750	1400.000	4000.000	1.0000
301	Waveform 1	1	57434.787843750	57434.799218750	1400.000	4000.000	1.0000
301	Spectrogram 1	1	57434.787843750	57434.799218750	1400.000	4000.000	1.0000
302	Waveform 1	1	57477.114218750	57477.125593750	1400.000	4000.000	1.0000
302	Spectrogram 1	1	57477.114218750	57477.125593750	1400.000	4000.000	1.0000
303	Waveform 1	1	57478.947218750	57478.955343750	1400.000	4000.000	1.0000
303	Spectrogram 1	1	57478.947218750	57478.955343750	1400.000	4000.000	1.0000
304	Waveform 1	1	57480.916718750	57480.932968750	1400.000	4000.000	1.0000
304	Spectrogram 1	1	57480.916718750	57480.932968750	1400.000	4000.000	1.0000
305	Waveform 1	1	57481.168593750	57481.183218750	1400.000	4000.000	1.0000
305	Spectrogram 1	1	57481.168593750	57481.183218750	1400.000	4000.000	1.0000
306	Waveform 1	1	57481.272593750	57481.305093750	1400.000	4000.000	0.7000
306	Spectrogram 1	1	57481.272593750	57481.305093750	1400.000	4000.000	0.7000
307	Waveform 1	1	57491.960218750	57491.973218750	1400.000	4000.000	1.0000
307	Spectrogram 1	1	57491.960218750	57491.973218750	1400.000	4000.000	1.0000
308	Waveform 1	1	57505.345343750	57505.356718750	1400.000	4000.000	1.0000
308	Spectrogram 1	1	57505.345343750	57505.356718750	1400.000	4000.000	1.0000
309	Waveform 1	1	57516.398593750	57516.413218750	1400.000	4000.000	1.0000
309	Spectrogram 1	1	57516.398593750	57516.413218750	1400.000	4000.000	1.0000
310	Waveform 1	1	57593.857468750	57593.867218750	1400.000	4000.000	1.0000
310	Spectrogram 1	1	57593.857468750	57593.867218750	1400.000	4000.000	1.0000
311	Waveform 1	1	57598.828343750	57598.844593750	1400.000	4000.000	1.0000
311	Spectrogram 1	1	57598.828343750	57598.844593750	1400.000	4000.000	1.0000
312	Waveform 1	1	57617.436218750	57617.444343750	1400.000	4000.000	1.0000
312	Spectrogram 1	1	57617.436218750	57617.444343750	1400.000	4000.000	1.0000
313	Waveform 1	1	57662.528343750	57662.536468750	1400.000	4000.000	1.0000
313	Spectrogram 1	1	57662.528343750	57662.536468750	1400.000	4000.000	1.0000
314	Waveform 1	1	57971.718718750	57971.738218750	1400.000	4000.000	1.0000
314	Spectrogram 1	1	57971.718718750	57971.738218750	1400.000	4000.000	1.0000
315	Waveform 1	1	58040.023968750	58040.043468750	1400.000	4000.000	1.0000
315	Spectrogram 1	1	58040.023968750	58040.043468750	1400.000	4000.000	1.0000
316	Waveform 1	1	58096.526843750	58096.538218750	1400.000	4000.000	1.0000
316	Spectrogram 1	1	58096.526843750	58096.538218750	1400.000	4000.000	1.0000
317	Waveform 1	1	58141.848093750	58141.869218750	1400.000	4000.000	1.0000
317	Spectrogram 1	1	58141.848093750	58141.869218750	1400.000	4000.000	1.0000
318	Waveform 1	1	58293.262343750	58293.272093750	1400.000	4000.000	1.0000
318	Spectrogram 1	1	58293.262343750	58293.272093750	1400.000	4000.000	1.0000
319	Waveform 1	1	58310.791218750	58310.799343750	1400.000	4000.000	1.0000
319	Spectrogram 1	1	58310.791218750	58310.799343750	1400.000	4000.000	1.0000
320	Waveform 1	1	58355.691593750	58355.720843750	1400.000	4000.000	1.0000
320	Spectrogram 1	1	58355.691593750	58355.720843750	1400.000	4000.000	1.0000
321	Waveform 1	1	58380.609343750	58380.622343750	1400.000	4000.000	1.0000
321	Spectrogram 1	1	58380.609343750	58380.622343750	1400.000	4000.000	1.0000
322	Waveform 1	1	58382.094593750	58382.104343750	1400.000	4000.000	1.0000
322	Spectrogram 1	1	58382.094593750	58382.104343750	1400.000	4000.000	1.0000
323	Waveform 1	1	58387.491218750	58387.502593750	1400.000	4000.000	1.0000
323	Spectrogram 1	1	58387.491218750	58387.502593750	1400.000	4000.000	1.0000
324	Waveform 1	1	58388.955343750	58388.963468750	1400.000	4000.000	1.0000
324	Spectrogram 1	1	58388.955343750	58388.963468750	1400.000	4000.000	1.0000
325	Waveform 1	1	58389.098343750	58389.108093750	1400.000	4000.000	1.0000
325	Spectrogram 1	1	58389.098343750	58389.108093750	1400.000	4000.000	1.0000
326	Waveform 1	1	58389.961218750	58389.970968750	1400.000	4000.000	1.0000
326	Spectrogram 1	1	58389.961218750	58389.970968750	1400.000	4000.000	1.0000
327	Waveform 1	1	58406.139718750	58406.152718750	1400.000	4000.000	1.0000
327	Spectrogram 1	1	58406.139718750	58406.152718750	1400.000	4000.000	1.0000
328	Waveform 1	1	58407.368218750	58407.379593750	1400.000	4000.000	1.0000
328	Spectrogram 1	1	58407.368218750	58407.379593750	1400.000	4000.000	1.0000
329	Waveform 1	1	58442.869593750	58442.884218750	1400.000	4000.000	1.0000
329	Spectrogram 1	1	58442.869593750	58442.884218750	1400.000	4000.000	1.0000
330	Waveform 1	1	58443.009343750	58443.017468750	1400.000	4000.000	1.0000
330	Spectrogram 1	1	58443.009343750	58443.017468750	1400.000	4000.000	1.0000
331	Waveform 1	1	58445.591468750	58445.604468750	1400.000	4000.000	1.0000
331	Spectrogram 1	1	58445.591468750	58445.604468750	1400.000	4000.000	1.0000
332	Waveform 1	1	58446.811843750	58446.834593750	1400.000	4000.000	1.0000
332	Spectrogram 1	1	58446.811843750	58446.834593750	1400.000	4000.000	1.0000
333	Waveform 1	1	58448.155718750	58448.168718750	1400.000	4000.000	1.0000
333	Spectrogram 1	1	58448.155718750	58448.168718750	1400.000	4000.000	1.0000
334	Waveform 1	1	58449.740093750	58449.749843750	1400.000	4000.000	1.0000
334	Spectrogram 1	1	58449.740093750	58449.749843750	1400.000	4000.000	1.0000
335	Waveform 1	1	58450.004968750	58450.013093750	1400.000	4000.000	1.0000
335	Spectrogram 1	1	58450.004968750	58450.013093750	1400.000	4000.000	1.0000
336	Waveform 1	1	58450.988093750	58450.996218750	1400.000	4000.000	1.0000
336	Spectrogram 1	1	58450.988093750	58450.996218750	1400.000	4000.000	1.0000
337	Waveform 1	1	58451.707968750	58451.725843750	1400.000	4000.000	1.0000
337	Spectrogram 1	1	58451.707968750	58451.725843750	1400.000	4000.000	1.0000
338	Waveform 1	1	58452.075218750	58452.086593750	1400.000	4000.000	1.0000
338	Spectrogram 1	1	58452.075218750	58452.086593750	1400.000	4000.000	1.0000
339	Waveform 1	1	58453.679093750	58453.687218750	1400.000	4000.000	1.0000
339	Spectrogram 1	1	58453.679093750	58453.687218750	1400.000	4000.000	1.0000
340	Waveform 1	1	58527.047843750	58527.067343750	1400.000	4000.000	1.0000
340	Spectrogram 1	1	58527.047843750	58527.067343750	1400.000	4000.000	1.0000
341	Waveform 1	1	58931.024468750	58931.042343750	1400.000	4000.000	1.0000
341	Spectrogram 1	1	58931.024468750	58931.042343750	1400.000	4000.000	1.0000
342	Waveform 1	1	59321.100843750	59321.115468750	1400.000	4000.000	1.0000
342	Spectrogram 1	1	59321.100843750	59321.115468750	1400.000	4000.000	1.0000
343	Waveform 1	1	59432.416593750	59432.442593750	1400.000	4000.000	1.0000
343	Spectrogram 1	1	59432.416593750	59432.442593750	1400.000	4000.000	1.0000
344	Waveform 1	1	59888.970093750	59888.981468750	1400.000	4000.000	1.0000
344	Spectrogram 1	1	59888.970093750	59888.981468750	1400.000	4000.000	1.0000
345	Waveform 1	1	60224.946968750	60224.958343750	1400.000	4000.000	1.0000
345	Spectrogram 1	1	60224.946968750	60224.958343750	1400.000	4000.000	1.0000
346	Waveform 1	1	61017.027218750	61017.046718750	1400.000	4000.000	1.0000
346	Spectrogram 1	1	61017.027218750	61017.046718750	1400.000	4000.000	1.0000
347	Waveform 1	1	61039.949468750	61039.965718750	1400.000	4000.000	1.0000
347	Spectrogram 1	1	61039.949468750	61039.965718750	1400.000	4000.000	1.0000
348	Waveform 1	1	61222.401218750	61222.410968750	1400.000	4000.000	1.0000
348	Spectrogram 1	1	61222.401218750	61222.410968750	1400.000	4000.000	1.0000
349	Waveform 1	1	61685.743968750	61685.753718750	1400.000	4000.000	1.0000
349	Spectrogram 1	1	61685.743968750	61685.753718750	1400.000	4000.000	1.0000
350	Waveform 1	1	61992.303468750	61992.318093750	1400.000	4000.000	1.0000
350	Spectrogram 1	1	61992.303468750	61992.318093750	1400.000	4000.000	1.0000
351	Waveform 1	1	62275.459718750	62275.469468750	1400.000	4000.000	1.0000
351	Spectrogram 1	1	62275.459718750	62275.469468750	1400.000	4000.000	1.0000
352	Waveform 1	1	62621.846343750	62621.856093750	1400.000	4000.000	1.0000
352	Spectrogram 1	1	62621.846343750	62621.856093750	1400.000	4000.000	1.0000
353	Waveform 1	1	62680.097718750	62680.118843750	1400.000	4000.000	1.0000
353	Spectrogram 1	1	62680.097718750	62680.118843750	1400.000	4000.000	1.0000
354	Waveform 1	1	62680.360968750	62680.377218750	1400.000	4000.000	1.0000
354	Spectrogram 1	1	62680.360968750	62680.377218750	1400.000	4000.000	1.0000
355	Waveform 1	1	63240.004468750	63240.020718750	1400.000	4000.000	1.0000
355	Spectrogram 1	1	63240.004468750	63240.020718750	1400.000	4000.000	1.0000
356	Waveform 1	1	63823.920593750	63823.931968750	1400.000	4000.000	1.0000
356	Spectrogram 1	1	63823.920593750	63823.931968750	1400.000	4000.000	1.0000
357	Waveform 1	1	64338.434593750	64338.452468750	1400.000	4000.000	1.0000
357	Spectrogram 1	1	64338.434593750	64338.452468750	1400.000	4000.000	1.0000
358	Waveform 1	1	64462.318093750	64462.326218750	1400.000	4000.000	1.0000
358	Spectrogram 1	1	64462.318093750	64462.326218750	1400.000	4000.000	1.0000
359	Waveform 1	1	64670.485468750	64670.496843750	1400.000	4000.000	1.0000
359	Spectrogram 1	1	64670.485468750	64670.496843750	1400.000	4000.000	1.0000
360	Waveform 1	1	64699.202468750	64699.217093750	1400.000	4000.000	1.0000
360	Spectrogram 1	1	64699.202468750	64699.217093750	1400.000	4000.000	1.0000
361	Waveform 1	1	65107.603968750	65107.621843750	1400.000	4000.000	1.0000
361	Spectrogram 1	1	65107.603968750	65107.621843750	1400.000	4000.000	1.0000
362	Waveform 1	1	65534.389093750	65534.403718750	1400.000	4000.000	1.0000
362	Spectrogram 1	1	65534.389093750	65534.403718750	1400.000	4000.000	1.0000
363	Waveform 1	1	65748.516968750	65748.529968750	1400.000	4000.000	1.0000
363	Spectrogram 1	1	65748.516968750	65748.529968750	1400.000	4000.000	1.0000
364	Waveform 1	1	65775.690218750	65775.698343750	1400.000	4000.000	1.0000
364	Spectrogram 1	1	65775.690218750	65775.698343750	1400.000	4000.000	1.0000
365	Waveform 1	1	68425.267343750	68425.283593750	1400.000	4000.000	1.0000
365	Spectrogram 1	1	68425.267343750	68425.283593750	1400.000	4000.000	1.0000
366	Waveform 1	1	68576.974093750	68576.983843750	1400.000	4000.000	1.0000
366	Spectrogram 1	1	68576.974093750	68576.983843750	1400.000	4000.000	1.0000
367	Waveform 1	1	68728.271343750	68728.285968750	1400.000	4000.000	1.0000
367	Spectrogram 1	1	68728.271343750	68728.285968750	1400.000	4000.000	1.0000
368	Waveform 1	1	70008.434968750	70008.447968750	1400.000	4000.000	1.0000
368	Spectrogram 1	1	70008.434968750	70008.447968750	1400.000	4000.000	1.0000
369	Waveform 1	1	70284.251093750	70284.267343750	1400.000	4000.000	1.0000
369	Spectrogram 1	1	70284.251093750	70284.267343750	1400.000	4000.000	1.0000
370	Waveform 1	1	71139.576343750	71139.599093750	1400.000	4000.000	1.0000
370	Spectrogram 1	1	71139.576343750	71139.599093750	1400.000	4000.000	1.0000
371	Waveform 1	1	71467.392468750	71467.407093750	1400.000	4000.000	1.0000
371	Spectrogram 1	1	71467.392468750	71467.407093750	1400.000	4000.000	1.0000
372	Waveform 1	1	72135.000968750	72135.012343750	1400.000	4000.000	1.0000
372	Spectrogram 1	1	72135.000968750	72135.012343750	1400.000	4000.000	1.0000
373	Waveform 1	1	72142.950468750	72142.965093750	1400.000	4000.000	1.0000
373	Spectrogram 1	1	72142.950468750	72142.965093750	1400.000	4000.000	1.0000
374	Waveform 1	1	72146.567718750	72146.592093750	1400.000	4000.000	1.0000
374	Spectrogram 1	1	72146.567718750	72146.592093750	1400.000	4000.000	1.0000
375	Waveform 1	1	72188.174218750	72188.188843750	1400.000	4000.000	1.0000
375	Spectrogram 1	1	72188.174218750	72188.188843750	1400.000	4000.000	1.0000
376	Waveform 1	1	72200.556718750	72200.571343750	1400.000	4000.000	1.0000
376	Spectrogram 1	1	72200.556718750	72200.571343750	1400.000	4000.000	1.0000
377	Waveform 1	1	76858.084593750	76858.104093750	1400.000	4000.000	1.0000
377	Spectrogram 1	1	76858.084593750	76858.104093750	1400.000	4000.000	1.0000
378	Waveform 1	1	77208.148593750	77208.166468750	1400.000	4000.000	1.0000
378	Spectrogram 1	1	77208.148593750	77208.166468750	1400.000	4000.000	1.0000
379	Waveform 1	1	77317.753218750	77317.766218750	1400.000	4000.000	1.0000
379	Spectrogram 1	1	77317.753218750	77317.766218750	1400.000	4000.000	1.0000
380	Waveform 1	1	78758.559468750	78758.569218750	1400.000	4000.000	1.0000
380	Spectrogram 1	1	78758.559468750	78758.569218750	1400.000	4000.000	1.0000
381	Waveform 1	1	79129.399093750	79129.408843750	1400.000	4000.000	1.0000
381	Spectrogram 1	1	79129.399093750	79129.408843750	1400.000	4000.000	1.0000
382	Waveform 1	1	79129.446218750	79129.454343750	1400.000	4000.000	1.0000
382	Spectrogram 1	1	79129.446218750	79129.454343750	1400.000	4000.000	1.0000
383	Waveform 1	1	80398.637843750	80398.655718750	1400.000	4000.000	1.0000
383	Spectrogram 1	1	80398.637843750	80398.655718750	1400.000	4000.000	1.0000
384	Waveform 1	1	80399.599843750	80399.607968750	1400.000	4000.000	1.0000
384	Spectrogram 1	1	80399.599843750	80399.607968750	1400.000	4000.000	1.0000
385	Waveform 1	1	80632.878343750	80632.896218750	1400.000	4000.000	1.0000
385	Spectrogram 1	1	80632.878343750	80632.896218750	1400.000	4000.000	1.0000
386	Waveform 1	1	80656.741468750	80656.751218750	1400.000	4000.000	1.0000
386	Spectrogram 1	1	80656.741468750	80656.751218750	1400.000	4000.000	1.0000
387	Waveform 1	1	80668.743718750	80668.753468750	1400.000	4000.000	1.0000
387	Spectrogram 1	1	80668.743718750	80668.753468750	1400.000	4000.000	1.0000
388	Waveform 1	1	80669.465218750	80669.473343750	1400.000	4000.000	1.0000
388	Spectrogram 1	1	80669.465218750	80669.473343750	1400.000	4000.000	1.0000
389	Waveform 1	1	80672.942718750	80672.952468750	1400.000	4000.000	1.0000
389	Spectrogram 1	1	80672.942718750	80672.952468750	1400.000	4000.000	1.0000
390	Waveform 1	1	80693.221093750	80693.243843750	1400.000	4000.000	1.0000
390	Spectrogram 1	1	80693.221093750	80693.243843750	1400.000	4000.000	1.0000
391	Waveform 1	1	80710.229968750	80710.244593750	1400.000	4000.000	1.0000
391	Spectrogram 1	1	80710.229968750	80710.244593750	1400.000	4000.000	1.0000
392	Waveform 1	1	80720.854218750	80720.881843750	1400.000	4000.000	1.0000
392	Spectrogram 1	1	80720.854218750	80720.881843750	1400.000	4000.000	1.0000
393	Waveform 1	1	80721.357968750	80721.374218750	1400.000	4000.000	1.0000
393	Spectrogram 1	1	80721.357968750	80721.374218750	1400.000	4000.000	1.0000
394	Waveform 1	1	80738.396093750	80738.409093750	1400.000	4000.000	1.0000
394	Spectrogram 1	1	80738.396093750	80738.409093750	1400.000	4000.000	1.0000
395	Waveform 1	1	80761.657968750	80761.682343750	1400.000	4000.000	1.0000
395	Spectrogram 1	1	80761.657968750	80761.682343750	1400.000	4000.000	1.0000
396	Waveform 1	1	80779.589843750	80779.615843750	1400.000	4000.000	1.0000
396	Spectrogram 1	1	80779.589843750	80779.615843750	1400.000	4000.000	1.0000
397	Waveform 1	1	80780.091968750	80780.119593750	1400.000	4000.000	1.0000
397	Spectrogram 1	1	80780.091968750	80780.119593750	1400.000	4000.000	1.0000
398	Waveform 1	1	80939.441093750	80939.465468750	1400.000	4000.000	1.0000
398	Spectrogram 1	1	80939.441093750	80939.465468750	1400.000	4000.000	1.0000
399	Waveform 1	1	80945.999593750	80946.022343750	1400.000	4000.000	1.0000
399	Spectrogram 1	1	80945.999593750	80946.022343750	1400.000	4000.000	1.0000
400	Waveform 1	1	80961.482593750	80961.502093750	1400.000	4000.000	1.0000
400	Spectrogram 1	1	80961.482593750	80961.502093750	1400.000	4000.000	1.0000
401	Waveform 1	1	80978.579218750	80978.600343750	1400.000	4000.000	1.0000
401	Spectrogram 1	1	80978.579218750	80978.600343750	1400.000	4000.000	1.0000
402	Waveform 1	1	81017.842468750	81017.865218750	1400.000	4000.000	1.0000
402	Spectrogram 1	1	81017.842468750	81017.865218750	1400.000	4000.000	1.0000
403	Waveform 1	1	81098.942968750	81098.957593750	1400.000	4000.000	1.0000
403	Spectrogram 1	1	81098.942968750	81098.957593750	1400.000	4000.000	1.0000
404	Waveform 1	1	81201.592593750	81201.602343750	1400.000	4000.000	1.0000
404	Spectrogram 1	1	81201.592593750	81201.602343750	1400.000	4000.000	1.0000
405	Waveform 1	1	81386.463968750	81386.475343750	1400.000	4000.000	1.0000
405	Spectrogram 1	1	81386.463968750	81386.475343750	1400.000	4000.000	1.0000
406	Waveform 1	1	81408.355968750	81408.365718750	1400.000	4000.000	1.0000
406	Spectrogram 1	1	81408.355968750	81408.365718750	1400.000	4000.000	1.0000
407	Waveform 1	1	81870.341843750	81870.349968750	1400.000	4000.000	1.0000
407	Spectrogram 1	1	81870.341843750	81870.349968750	1400.000	4000.000	1.0000
408	Waveform 1	1	82106.182968750	82106.199218750	1400.000	4000.000	1.0000
408	Spectrogram 1	1	82106.182968750	82106.199218750	1400.000	4000.000	1.0000
409	Waveform 1	1	82412.175343750	82412.185093750	1400.000	4000.000	1.0000
409	Spectrogram 1	1	82412.175343750	82412.185093750	1400.000	4000.000	1.0000
410	Waveform 1	1	82966.805718750	82966.821968750	1400.000	4000.000	1.0000
410	Spectrogram 1	1	82966.805718750	82966.821968750	1400.000	4000.000	1.0000
411	Waveform 1	1	82990.795593750	82990.813468750	1400.000	4000.000	1.0000
411	Spectrogram 1	1	82990.795593750	82990.813468750	1400.000	4000.000	1.0000
412	Waveform 1	1	82997.240343750	82997.250093750	1400.000	4000.000	1.0000
412	Spectrogram 1	1	82997.240343750	82997.250093750	1400.000	4000.000	1.0000
413	Waveform 1	1	84079.735718750	84079.748718750	1400.000	4000.000	1.0000
413	Spectrogram 1	1	84079.735718750	84079.748718750	1400.000	4000.000	1.0000
414	Waveform 1	1	84115.215968750	84115.230593750	1400.000	4000.000	1.0000
414	Spectrogram 1	1	84115.215968750	84115.230593750	1400.000	4000.000	1.0000
415	Waveform 1	1	84289.705218750	84289.714968750	1400.000	4000.000	1.0000
415	Spectrogram 1	1	84289.705218750	84289.714968750	1400.000	4000.000	1.0000
416	Waveform 1	1	84305.765093750	84305.795968750	1400.000	4000.000	0.7368
416	Spectrogram 1	1	84305.765093750	84305.795968750	1400.000	4000.000	0.7368
417	Waveform 1	1	84327.921968750	84327.939843750	1400.000	4000.000	1.0000
417	Spectrogram 1	1	84327.921968750	84327.939843750	1400.000	4000.000	1.0000
418	Waveform 1	1	84406.776718750	84406.786468750	1400.000	4000.000	1.0000
418	Spectrogram 1	1	84406.776718750	84406.786468750	1400.000	4000.000	1.0000
419	Waveform 1	1	84442.893968750	84442.905343750	1400.000	4000.000	1.0000
419	Spectrogram 1	1	84442.893968750	84442.905343750	1400.000	4000.000	1.0000
420	Waveform 1	1	84447.409843750	84447.417968750	1400.000	4000.000	1.0000
420	Spectrogram 1	1	84447.409843750	84447.417968750	1400.000	4000.000	1.0000
421	Waveform 1	1	84548.171218750	84548.180968750	1400.000	4000.000	1.0000
421	Spectrogram 1	1	84548.171218750	84548.180968750	1400.000	4000.000	1.0000
422	Waveform 1	1	84586.621968750	84586.633343750	1400.000	4000.000	1.0000
422	Spectrogram 1	1	84586.621968750	84586.633343750	1400.000	4000.000	1.0000
423	Waveform 1	1	84607.191218750	84607.207468750	1400.000	4000.000	1.0000
423	Spectrogram 1	1	84607.191218750	84607.207468750	1400.000	4000.000	1.0000
424	Waveform 1	1	84955.025718750	84955.041968750	1400.000	4000.000	1.0000
424	Spectrogram 1	1	84955.025718750	84955.041968750	1400.000	4000.000	1.0000
425	Waveform 1	1	84970.614343750	84970.624093750	1400.000	4000.000	1.0000
425	Spectrogram 1	1	84970.614343750	84970.624093750	1400.000	4000.000	1.0000
426	Waveform 1	1	85003.834218750	85003.850468750	1400.000	4000.000	1.0000
426	Spectrogram 1	1	85003.834218750	85003.850468750	1400.000	4000.000	1.0000
427	Waveform 1	1	85346.306218750	85346.320843750	1400.000	4000.000	1.0000
427	Spectrogram 1	1	85346.306218750	85346.320843750	1400.000	4000.000	1.0000
428	Waveform 1	1	85409.486218750	85409.500843750	1400.000	4000.000	1.0000
428	Spectrogram 1	1	85409.486218750	85409.500843750	1400.000	4000.000	1.0000
429	Waveform 1	1	85436.820343750	85436.828468750	1400.000	4000.000	1.0000
429	Spectrogram 1	1	85436.820343750	85436.828468750	1400.000	4000.000	1.0000
430	Waveform 1	1	85476.974093750	85476.996843750	1400.000	4000.000	1.0000
430	Spectrogram 1	1	85476.974093750	85476.996843750	1400.000	4000.000	1.0000
431	Waveform 1	1	85496.919343750	85496.935593750	1400.000	4000.000	1.0000
431	Spectrogram 1	1	85496.919343750	85496.935593750	1400.000	4000.000	1.0000
432	Waveform 1	1	85497.785468750	85497.800093750	1400.000	4000.000	1.0000
432	Spectrogram 1	1	85497.785468750	85497.800093750	1400.000	4000.000	1.0000
433	Waveform 1	1	85501.267843750	85501.284093750	1400.000	4000.000	1.0000
433	Spectrogram 1	1	85501.267843750	85501.284093750	1400.000	4000.000	1.0000
434	Waveform 1	1	85509.732468750	85509.758468750	1400.000	4000.000	1.0000
434	Spectrogram 1	1	85509.732468750	85509.758468750	1400.000	4000.000	1.0000
435	Waveform 1	1	85510.518968750	85510.535218750	1400.000	4000.000	1.0000
435	Spectrogram 1	1	85510.518968750	85510.535218750	1400.000	4000.000	1.0000
436	Waveform 1	1	85523.969093750	85523.988593750	1400.000	4000.000	1.0000
436	Spectrogram 1	1	85523.969093750	85523.988593750	1400.000	4000.000	1.0000
437	Waveform 1	1	85534.209843750	85534.224468750	1400.000	4000.000	1.0000
437	Spectrogram 1	1	85534.209843750	85534.224468750	1400.000	4000.000	1.0000
438	Waveform 1	1	85561.514718750	85561.529343750	1400.000	4000.000	1.0000
438	Spectrogram 1	1	85561.514718750	85561.529343750	1400.000	4000.000	1.0000
439	Waveform 1	1	85592.331218750	85592.350718750	1400.000	4000.000	1.0000
439	Spectrogram 1	1	85592.331218750	85592.350718750	1400.000	4000.000	1.0000
440	Waveform 1	1	85622.346593750	85622.357968750	1400.000	4000.000	1.0000
440	Spectrogram 1	1	85622.346593750	85622.357968750	1400.000	4000.000	1.0000
441	Waveform 1	1	85745.765343750	85745.783218750	1400.000	4000.000	1.0000
441	Spectrogram 1	1	85745.765343750	85745.783218750	1400.000	4000.000	1.0000
442	Waveform 1	1	85752.941343750	85752.954343750	1400.000	4000.000	1.0000
442	Spectrogram 1	1	85752.941343750	85752.954343750	1400.000	4000.000	1.0000
443	Waveform 1	1	85811.961343750	85811.974343750	1400.000	4000.000	1.0000
443	Spectrogram 1	1	85811.961343750	85811.974343750	1400.000	4000.000	1.0000
444	Waveform 1	1	85812.209968750	85812.227843750	1400.000	4000.000	1.0000
444	Spectrogram 1	1	85812.209968750	85812.227843750	1400.000	4000.000	1.0000
445	Waveform 1	1	85833.687593750	85833.695718750	1400.000	4000.000	1.0000
445	Spectrogram 1	1	85833.687593750	85833.695718750	1400.000	4000.000	1.0000
446	Waveform 1	1	85873.673968750	85873.685343750	1400.000	4000.000	1.0000
446	Spectrogram 1	1	85873.673968750	85873.685343750	1400.000	4000.000	1.0000
447	Waveform 1	1	85874.657093750	85874.668468750	1400.000	4000.000	1.0000
447	Spectrogram 1	1	85874.657093750	85874.668468750	1400.000	4000.000	1.0000
448	Waveform 1	1	85933.616968750	85933.629968750	1400.000	4000.000	1.0000
448	Spectrogram 1	1	85933.616968750	85933.629968750	1400.000	4000.000	1.0000
449	Waveform 1	1	85953.555718750	85953.567093750	1400.000	4000.000	1.0000
449	Spectrogram 1	1	85953.555718750	85953.567093750	1400.000	4000.000	1.0000
450	Waveform 1	1	85980.358468750	85980.368218750	1400.000	4000.000	1.0000
450	Spectrogram 1	1	85980.358468750	85980.368218750	1400.000	4000.000	1.0000
451	Waveform 1	1	86198.140968750	86198.150718750	1400.000	4000.000	1.0000
451	Spectrogram 1	1	86198.140968750	86198.150718750	1400.000	4000.000	1.0000
