Selection	View	Channel	Begin Time (s)	End Time (s)	Low Freq (Hz)	High Freq (Hz)	Occupancy
1	Waveform 1	1	595.032468750	595.047093750	1400.000	4000.000	1.0000
1	Spectrogram 1	1	595.032468750	595.047093750	1400.000	4000.000	1.0000
2	Waveform 1	1	6445.203093750	6445.219343750	1400.000	4000.000	1.0000
2	Spectrogram 1	1	6445.203093750	6445.219343750	1400.000	4000.000	1.0000
3	Waveform 1	1	7087.869468750	7087.888968750	1400.000	4000.000	1.0000
3	Spectrogram 1	1	7087.869468750	7087.888968750	1400.000	4000.000	1.0000
4	Waveform 1	1	7088.291968750	7088.306593750	1400.000	4000.000	1.0000
4	Spectrogram 1	1	7088.291968750	7088.306593750	1400.000	4000.000	1.0000
5	Waveform 1	1	7111.544093750	7111.552218750	1400.000	4000.000	1.0000
5	Spectrogram 1	1	7111.544093750	7111.552218750	1400.000	4000.000	1.0000
6	Waveform 1	1	24578.207593750	24578.235218750	1400.000	4000.000	1.0000
6	Spectrogram 1	1	24578.207593750	24578.235218750	1400.000	4000.000	1.0000
7	Waveform 1	1	26141.191093750	26141.199218750	1400.000	4000.000	1.0000
7	Spectrogram 1	1	26141.191093750	26141.199218750	1400.000	4000.000	1.0000
8	Waveform 1	1	26239.903343750	26239.914718750	1400.000	4000.000	1.0000
8	Spectrogram 1	1	26239.903343750	26239.914718750	1400.000	4000.000	1.0000
9	Waveform 1	1	26256.280093750	26256.294718750	1400.000	4000.000	1.0000
9	Spectrogram 1	1	26256.280093750	26256.294718750	1400.000	4000.000	1.0000
10	Waveform 1	1	27239.850343750	27239.864968750	1400.000	4000.000	1.0000
10	Spectrogram 1	1	27239.850343750	27239.864968750	1400.000	4000.000	1.0000
11	Waveform 1	1	29078.950593750	29078.966843750	1400.000	4000.000	1.0000
11	Spectrogram 1	1	29078.950593750	29078.966843750	1400.000	4000.000	1.0000
12	Waveform 1	1	30742.687343750	30742.697093750	1400.000	4000.000	1.0000
12	Spectrogram 1	1	30742.687343750	30742.697093750	1400.000	4000.000	1.0000
13	Waveform 1	1	30749.965718750	30749.975468750	1400.000	4000.000	1.0000
13	Spectrogram 1	1	30749.965718750	30749.975468750	1400.000	4000.000	1.0000
14	Waveform 1	1	30773.029343750	30773.039093750	1400.000	4000.000	1.0000
14	Spectrogram 1	1	30773.029343750	30773.039093750	1400.000	4000.000	1.0000
15	Waveform 1	1	30781.224218750	30781.232343750	1400.000	4000.000	1.0000
15	Spectrogram 1	1	30781.224218750	30781.232343750	1400.000	4000.000	1.0000
16	Waveform 1	1	30803.948218750	30803.956343750	1400.000	4000.000	1.0000
16	Spectrogram 1	1	30803.948218750	30803.956343750	1400.000	4000.000	1.0000
17	Waveform 1	1	31002.601218750	31002.614218750	1400.000	4000.000	1.0000
17	Spectrogram 1	1	31002.601218750	31002.614218750	1400.000	4000.000	1.0000
18	Waveform 1	1	31009.848718750	31009.861718750	1400.000	4000.000	1.0000
18	Spectrogram 1	1	31009.848718750	31009.861718750	1400.000	4000.000	1.0000
19	Waveform 1	1	31017.131968750	31017.141718750	1400.000	4000.000	1.0000
19	Spectrogram 1	1	31017.131968750	31017.141718750	1400.000	4000.000	1.0000
20	Waveform 1	1	31024.558218750	31024.576093750	1400.000	4000.000	1.0000
20	Spectrogram 1	1	31024.558218750	31024.576093750	1400.000	4000.000	1.0000
21	Waveform 1	1	31032.263968750	31032.278593750	1400.000	4000.000	1.0000
21	Spectrogram 1	1	31032.263968750	31032.278593750	1400.000	4000.000	1.0000
22	Waveform 1	1	31396.969218750	31396.983843750	1400.000	4000.000	1.0000
22	Spectrogram 1	1	31396.969218750	31396.983843750	1400.000	4000.000	1.0000
23	Waveform 1	1	31397.030968750	31397.039093750	1400.000	4000.000	1.0000
23	Spectrogram 1	1	31397.030968750	31397.039093750	1400.000	4000.000	1.0000
24	Waveform 1	1	31665.636968750	31665.646718750	1400.000	4000.000	1.0000
24	Spectrogram 1	1	31665.636968750	31665.646718750	1400.000	4000.000	1.0000
25	Waveform 1	1	31666.017218750	31666.031843750	1400.000	4000.000	1.0000
25	Spectrogram 1	1	31666.017218750	31666.031843750	1400.000	4000.000	1.0000
26	Waveform 1	1	31666.356843750	31666.369843750	1400.000	4000.000	1.0000
26	Spectrogram 1	1	31666.356843750	31666.369843750	1400.000	4000.000	1.0000
27	Waveform 1	1	31896.336593750	31896.359343750	1400.000	4000.000	1.0000
27	Spectrogram 1	1	31896.336593750	31896.359343750	1400.000	4000.000	1.0000
28	Waveform 1	1	31896.915093750	31896.936218750	1400.000	4000.000	1.0000
28	Spectrogram 1	1	31896.915093750	31896.936218750	1400.000	4000.000	1.0000
29	Waveform 1	1	32170.482218750	32170.491968750	1400.000	4000.000	1.0000
29	Spectrogram 1	1	32170.482218750	32170.491968750	1400.000	4000.000	1.0000
30	Waveform 1	1	32457.704218750	32457.730218750	1400.000	4000.000	1.0000
30	Spectrogram 1	1	32457.704218750	32457.730218750	1400.000	4000.000	1.0000
31	Waveform 1	1	32874.328218750	32874.346093750	1400.000	4000.000	1.0000
31	Spectrogram 1	1	32874.328218750	32874.346093750	1400.000	4000.000	1.0000
32	Waveform 1	1	32956.808343750	32956.827843750	1400.000	4000.000	1.0000
32	Spectrogram 1	1	32956.808343750	32956.827843750	1400.000	4000.000	1.0000
33	Waveform 1	1	32989.397718750	32989.405843750	1400.000	4000.000	1.0000
33	Spectrogram 1	1	32989.397718750	32989.405843750	1400.000	4000.000	1.0000
34	Waveform 1	1	32996.331593750	32996.346218750	1400.000	4000.000	1.0000
34	Spectrogram 1	1	32996.331593750	32996.346218750	1400.000	4000.000	1.0000
35	Waveform 1	1	33003.268718750	33003.278468750	1400.000	4000.000	1.0000
35	Spectrogram 1	1	33003.268718750	33003.278468750	1400.000	4000.000	1.0000
36	Waveform 1	1	33009.879218750	33009.893843750	1400.000	4000.000	1.0000
36	Spectrogram 1	1	33009.879218750	33009.893843750	1400.000	4000.000	1.0000
37	Waveform 1	1	33062.179843750	33062.187968750	1400.000	4000.000	1.0000
37	Spectrogram 1	1	33062.179843750	33062.187968750	1400.000	4000.000	1.0000
38	Waveform 1	1	33416.987218750	33416.995343750	1400.000	4000.000	1.0000
38	Spectrogram 1	1	33416.987218750	33416.995343750	1400.000	4000.000	1.0000
39	Waveform 1	1	33495.131843750	33495.151343750	1400.000	4000.000	1.0000
39	Spectrogram 1	1	33495.131843750	33495.151343750	1400.000	4000.000	1.0000
40	Waveform 1	1	33709.696843750	33709.704968750	1400.000	4000.000	1.0000
40	Spectrogram 1	1	33709.696843750	33709.704968750	1400.000	4000.000	1.0000
41	Waveform 1	1	34734.140718750	34734.160218750	1400.000	4000.000	1.0000
41	Spectrogram 1	1	34734.140718750	34734.160218750	1400.000	4000.000	1.0000
42	Waveform 1	1	35917.295093750	35917.304843750	1400.000	4000.000	1.0000
42	Spectrogram 1	1	35917.295093750	35917.304843750	1400.000	4000.000	1.0000
43	Waveform 1	1	36788.581093750	36788.589218750	1400.000	4000.000	1.0000
43	Spectrogram 1	1	36788.581093750	36788.589218750	1400.000	4000.000	1.0000
44	Waveform 1	1	36789.300968750	36789.320468750	1400.000	4000.000	1.0000
44	Spectrogram 1	1	36789.300968750	36789.320468750	1400.000	4000.000	1.0000
45	Waveform 1	1	36789.742968750	36789.755968750	1400.000	4000.000	1.0000
45	Spectrogram 1	1	36789.742968750	36789.755968750	1400.000	4000.000	1.0000
46	Waveform 1	1	36803.856093750	36803.870718750	1400.000	4000.000	1.0000
46	Spectrogram 1	1	36803.856093750	36803.870718750	1400.000	4000.000	1.0000
47	Waveform 1	1	36818.258468750	36818.266593750	1400.000	4000.000	1.0000
47	Spectrogram 1	1	36818.258468750	36818.266593750	1400.000	4000.000	1.0000
48	Waveform 1	1	36828.564218750	36828.573968750	1400.000	4000.000	1.0000
48	Spectrogram 1	1	36828.564218750	36828.573968750	1400.000	4000.000	1.0000
49	Waveform 1	1	36831.815843750	36831.828843750	1400.000	4000.000	1.0000
49	Spectrogram 1	1	36831.815843750	36831.828843750	1400.000	4000.000	1.0000
50	Waveform 1	1	36833.123968750	36833.138593750	1400.000	4000.000	1.0000
50	Spectrogram 1	1	36833.123968750	36833.138593750	1400.000	4000.000	1.0000
51	Waveform 1	1	36833.270218750	36833.284843750	1400.000	4000.000	1.0000
51	Spectrogram 1	1	36833.270218750	36833.284843750	1400.000	4000.000	1.0000
52	Waveform 1	1	36833.418093750	36833.431093750	1400.000	4000.000	1.0000
52	Spectrogram 1	1	36833.418093750	36833.431093750	1400.000	4000.000	1.0000
53	Waveform 1	1	36833.861718750	36833.871468750	1400.000	4000.000	1.0000
53	Spectrogram 1	1	36833.861718750	36833.871468750	1400.000	4000.000	1.0000
54	Waveform 1	1	36834.180218750	36834.191593750	1400.000	4000.000	1.0000
54	Spectrogram 1	1	36834.180218750	36834.191593750	1400.000	4000.000	1.0000
55	Waveform 1	1	36835.049593750	36835.059343750	1400.000	4000.000	1.0000
55	Spectrogram 1	1	36835.049593750	36835.059343750	1400.000	4000.000	1.0000
56	Waveform 1	1	36835.485093750	36835.496468750	1400.000	4000.000	1.0000
56	Spectrogram 1	1	36835.485093750	36835.496468750	1400.000	4000.000	1.0000
57	Waveform 1	1	36836.941093750	36836.955718750	1400.000	4000.000	1.0000
57	Spectrogram 1	1	36836.941093750	36836.955718750	1400.000	4000.000	1.0000
58	Waveform 1	1	36842.830093750	36842.843093750	1400.000	4000.000	1.0000
58	Spectrogram 1	1	36842.830093750	36842.843093750	1400.000	4000.000	1.0000
59	Waveform 1	1	36844.001718750	36844.017968750	1400.000	4000.000	1.0000
59	Spectrogram 1	1	36844.001718750	36844.017968750	1400.000	4000.000	1.0000
60	Waveform 1	1	36844.456718750	36844.477843750	1400.000	4000.000	1.0000
60	Spectrogram 1	1	36844.456718750	36844.477843750	1400.000	4000.000	1.0000
61	Waveform 1	1	36848.875093750	36848.883218750	1400.000	4000.000	1.0000
61	Spectrogram 1	1	36848.875093750	36848.883218750	1400.000	4000.000	1.0000
62	Waveform 1	1	36850.638218750	36850.654468750	1400.000	4000.000	1.0000
62	Spectrogram 1	1	36850.638218750	36850.654468750	1400.000	4000.000	1.0000
63	Waveform 1	1	36851.494593750	36851.510843750	1400.000	4000.000	1.0000
63	Spectrogram 1	1	36851.494593750	36851.510843750	1400.000	4000.000	1.0000
64	Waveform 1	1	36853.280468750	36853.290218750	1400.000	4000.000	1.0000
64	Spectrogram 1	1	36853.280468750	36853.290218750	1400.000	4000.000	1.0000
65	Waveform 1	1	36853.871968750	36853.883343750	1400.000	4000.000	1.0000
65	Spectrogram 1	1	36853.871968750	36853.883343750	1400.000	4000.000	1.0000
66	Waveform 1	1	36855.934093750	36855.947093750	1400.000	4000.000	1.0000
66	Spectrogram 1	1	36855.934093750	36855.947093750	1400.000	4000.000	1.0000
67	Waveform 1	1	36857.991343750	36857.999468750	1400.000	4000.000	1.0000
67	Spectrogram 1	1	36857.991343750	36857.999468750	1400.000	4000.000	1.0000
68	Waveform 1	1	36858.274093750	36858.290343750	1400.000	4000.000	1.0000
68	Spectrogram 1	1	36858.274093750	36858.290343750	1400.000	4000.000	1.0000
69	Waveform 1	1	36858.870468750	36858.885093750	1400.000	4000.000	1.0000
69	Spectrogram 1	1	36858.870468750	36858.885093750	1400.000	4000.000	1.0000
70	Waveform 1	1	36859.744718750	36859.756093750	1400.000	4000.000	1.0000
70	Spectrogram 1	1	36859.744718750	36859.756093750	1400.000	4000.000	1.0000
71	Waveform 1	1	36860.773343750	36860.786343750	1400.000	4000.000	1.0000
71	Spectrogram 1	1	36860.773343750	36860.786343750	1400.000	4000.000	1.0000
72	Waveform 1	1	36867.247343750	36867.258718750	1400.000	4000.000	1.0000
72	Spectrogram 1	1	36867.247343750	36867.258718750	1400.000	4000.000	1.0000
73	Waveform 1	1	36867.547968750	36867.557718750	1400.000	4000.000	1.0000
73	Spectrogram 1	1	36867.547968750	36867.557718750	1400.000	4000.000	1.0000
74	Waveform 1	1	36875.617718750	36875.629093750	1400.000	4000.000	1.0000
74	Spectrogram 1	1	36875.617718750	36875.629093750	1400.000	4000.000	1.0000
75	Waveform 1	1	36876.061343750	36876.074343750	1400.000	4000.000	1.0000
75	Spectrogram 1	1	36876.061343750	36876.074343750	1400.000	4000.000	1.0000
76	Waveform 1	1	36973.268843750	36973.288343750	1400.000	4000.000	1.0000
76	Spectrogram 1	1	36973.268843750	36973.288343750	1400.000	4000.000	1.0000
77	Waveform 1	1	36973.855468750	36973.866843750	1400.000	4000.000	1.0000
77	Spectrogram 1	1	36973.855468750	36973.866843750	1400.000	4000.000	1.0000
78	Waveform 1	1	37009.168343750	37009.178093750	1400.000	4000.000	1.0000
78	Spectrogram 1	1	37009.168343750	37009.178093750	1400.000	4000.000	1.0000
79	Waveform 1	1	37102.201218750	37102.214218750	1400.000	4000.000	1.0000
79	Spectrogram 1	1	37102.201218750	37102.214218750	1400.000	4000.000	1.0000
80	Waveform 1	1	39195.509968750	39195.524593750	1400.000	4000.000	1.0000
80	Spectrogram 1	1	39195.509968750	39195.524593750	1400.000	4000.000	1.0000
81	Waveform 1	1	40443.826843750	40443.836593750	1400.000	4000.000	1.0000
81	Spectrogram 1	1	40443.826843750	40443.836593750	1400.000	4000.000	1.0000
82	Waveform 1	1	40443.921093750	40443.943843750	1400.000	4000.000	1.0000
82	Spectrogram 1	1	40443.921093750	40443.943843750	1400.000	4000.000	1.0000
83	Waveform 1	1	41769.704968750	41769.737468750	1400.000	4000.000	1.0000
83	Spectrogram 1	1	41769.704968750	41769.737468750	1400.000	4000.000	1.0000
84	Waveform 1	1	46606.707593750	46606.722218750	1400.000	4000.000	1.0000
84	Spectrogram 1	1	46606.707593750	46606.722218750	1400.000	4000.000	1.0000
85	Waveform 1	1	49346.075718750	49346.096843750	1400.000	4000.000	1.0000
85	Spectrogram 1	1	49346.075718750	49346.096843750	1400.000	4000.000	1.0000
86	Waveform 1	1	52802.767593750	52802.778968750	1400.000	4000.000	1.0000
86	Spectrogram 1	1	52802.767593750	52802.778968750	1400.000	4000.000	1.0000
87	Waveform 1	1	54172.998468750	54173.014718750	1400.000	4000.000	1.0000
87	Spectrogram 1	1	54172.998468750	54173.014718750	1400.000	4000.000	1.0000
88	Waveform 1	1	54730.812218750	54730.828468750	1400.000	4000.000	1.0000
88	Spectrogram 1	1	54730.812218750	54730.828468750	1400.000	4000.000	1.0000
89	Waveform 1	1	59172.988593750	59172.999968750	1400.000	4000.000	1.0000
89	Spectrogram 1	1	59172.988593750	59172.999968750	1400.000	4000.000	1.0000
90	Waveform 1	1	59450.385843750	59450.402093750	1400.000	4000.000	1.0000
90	Spectrogram 1	1	59450.385843750	59450.402093750	1400.000	4000.000	1.0000
91	Waveform 1	1	59474.422843750	59474.435843750	1400.000	4000.000	1.0000
91	Spectrogram 1	1	59474.422843750	59474.435843750	1400.000	4000.000	1.0000
92	Waveform 1	1	59478.707968750	59478.717718750	1400.000	4000.000	1.0000
92	Spectrogram 1	1	59478.707968750	59478.717718750	1400.000	4000.000	1.0000
93	Waveform 1	1	60404.111343750	60404.124343750	1400.000	4000.000	1.0000
93	Spectrogram 1	1	60404.111343750	60404.124343750	1400.000	4000.000	1.0000
94	Waveform 1	1	60417.091843750	60417.109718750	1400.000	4000.000	1.0000
94	Spectrogram 1	1	60417.091843750	60417.109718750	1400.000	4000.000	1.0000
95	Waveform 1	1	60418.123718750	60418.138343750	1400.000	4000.000	1.0000
95	Spectrogram 1	1	60418.123718750	60418.138343750	1400.000	4000.000	1.0000
96	Waveform 1	1	60419.602468750	60419.612218750	1400.000	4000.000	1.0000
96	Spectrogram 1	1	60419.602468750	60419.612218750	1400.000	4000.000	1.0000
97	Waveform 1	1	60420.141968750	60420.150093750	1400.000	4000.000	1.0000
97	Spectrogram 1	1	60420.141968750	60420.150093750	1400.000	4000.000	1.0000
98	Waveform 1	1	60422.860593750	60422.873593750	1400.000	4000.000	1.0000
98	Spectrogram 1	1	60422.860593750	60422.873593750	1400.000	4000.000	1.0000
99	Waveform 1	1	60423.746218750	60423.764093750	1400.000	4000.000	1.0000
99	Spectrogram 1	1	60423.746218750	60423.764093750	1400.000	4000.000	1.0000
100	Waveform 1	1	60423.892468750	60423.902218750	1400.000	4000.000	1.0000
100	Spectrogram 1	1	60423.892468750	60423.902218750	1400.000	4000.000	1.0000
101	Waveform 1	1	60429.204593750	60429.217593750	1400.000	4000.000	1.0000
101	Spectrogram 1	1	60429.204593750	60429.217593750	1400.000	4000.000	1.0000
102	Waveform 1	1	60432.607343750	60432.623593750	1400.000	4000.000	1.0000
102	Spectrogram 1	1	60432.607343750	60432.623593750	1400.000	4000.000	1.0000
103	Waveform 1	1	60433.190718750	60433.205343750	1400.000	4000.000	1.0000
103	Spectrogram 1	1	60433.190718750	60433.205343750	1400.000	4000.000	1.0000
104	Waveform 1	1	60452.812593750	60452.822343750	1400.000	4000.000	1.0000
104	Spectrogram 1	1	60452.812593750	60452.822343750	1400.000	4000.000	1.0000
105	Waveform 1	1	60457.092843750	60457.102593750	1400.000	4000.000	1.0000
105	Spectrogram 1	1	60457.092843750	60457.102593750	1400.000	4000.000	1.0000
106	Waveform 1	1	60469.052843750	60469.070718750	1400.000	4000.000	1.0000
106	Spectrogram 1	1	60469.052843750	60469.070718750	1400.000	4000.000	1.0000
107	Waveform 1	1	60469.205593750	60469.221843750	1400.000	4000.000	1.0000
107	Spectrogram 1	1	60469.205593750	60469.221843750	1400.000	4000.000	1.0000
108	Waveform 1	1	60469.346968750	60469.363218750	1400.000	4000.000	1.0000
108	Spectrogram 1	1	60469.346968750	60469.363218750	1400.000	4000.000	1.0000
109	Waveform 1	1	60471.703218750	60471.714593750	1400.000	4000.000	1.0000
109	Spectrogram 1	1	60471.703218750	60471.714593750	1400.000	4000.000	1.0000
110	Waveform 1	1	60474.064343750	60474.072468750	1400.000	4000.000	1.0000
110	Spectrogram 1	1	60474.064343750	60474.072468750	1400.000	4000.000	1.0000
111	Waveform 1	1	60474.210593750	60474.221968750	1400.000	4000.000	1.0000
111	Spectrogram 1	1	60474.210593750	60474.221968750	1400.000	4000.000	1.0000
112	Waveform 1	1	60475.697468750	60475.708843750	1400.000	4000.000	1.0000
112	Spectrogram 1	1	60475.697468750	60475.708843750	1400.000	4000.000	1.0000
113	Waveform 1	1	60476.285718750	60476.298718750	1400.000	4000.000	1.0000
113	Spectrogram 1	1	60476.285718750	60476.298718750	1400.000	4000.000	1.0000
114	Waveform 1	1	60478.191843750	60478.204843750	1400.000	4000.000	1.0000
114	Spectrogram 1	1	60478.191843750	60478.204843750	1400.000	4000.000	1.0000
115	Waveform 1	1	60478.926343750	60478.936093750	1400.000	4000.000	1.0000
115	Spectrogram 1	1	60478.926343750	60478.936093750	1400.000	4000.000	1.0000
116	Waveform 1	1	60479.963093750	60479.972843750	1400.000	4000.000	1.0000
116	Spectrogram 1	1	60479.963093750	60479.972843750	1400.000	4000.000	1.0000
117	Waveform 1	1	60483.356093750	60483.367468750	1400.000	4000.000	1.0000
117	Spectrogram 1	1	60483.356093750	60483.367468750	1400.000	4000.000	1.0000
118	Waveform 1	1	60483.789968750	60483.807843750	1400.000	4000.000	1.0000
118	Spectrogram 1	1	60483.789968750	60483.807843750	1400.000	4000.000	1.0000
119	Waveform 1	1	60484.233593750	60484.251468750	1400.000	4000.000	1.0000
119	Spectrogram 1	1	60484.233593750	60484.251468750	1400.000	4000.000	1.0000
120	Waveform 1	1	60486.004843750	60486.016218750	1400.000	4000.000	1.0000
120	Spectrogram 1	1	60486.004843750	60486.016218750	1400.000	4000.000	1.0000
121	Waveform 1	1	60486.149468750	60486.170593750	1400.000	4000.000	1.0000
121	Spectrogram 1	1	60486.149468750	60486.170593750	1400.000	4000.000	1.0000
122	Waveform 1	1	60487.473843750	60487.483593750	1400.000	4000.000	1.0000
122	Spectrogram 1	1	60487.473843750	60487.483593750	1400.000	4000.000	1.0000
123	Waveform 1	1	60487.620093750	60487.637968750	1400.000	4000.000	1.0000
123	Spectrogram 1	1	60487.620093750	60487.637968750	1400.000	4000.000	1.0000
124	Waveform 1	1	60488.505718750	60488.515468750	1400.000	4000.000	1.0000
124	Spectrogram 1	1	60488.505718750	60488.515468750	1400.000	4000.000	1.0000
125	Waveform 1	1	60488.794968750	60488.811218750	1400.000	4000.000	1.0000
125	Spectrogram 1	1	60488.794968750	60488.811218750	1400.000	4000.000	1.0000
126	Waveform 1	1	60488.942843750	60488.955843750	1400.000	4000.000	1.0000
126	Spectrogram 1	1	60488.942843750	60488.955843750	1400.000	4000.000	1.0000
127	Waveform 1	1	60492.488593750	60492.508093750	1400.000	4000.000	1.0000
127	Spectrogram 1	1	60492.488593750	60492.508093750	1400.000	4000.000	1.0000
128	Waveform 1	1	60492.636468750	60492.649468750	1400.000	4000.000	1.0000
128	Spectrogram 1	1	60492.636468750	60492.649468750	1400.000	4000.000	1.0000
129	Waveform 1	1	60493.026468750	60493.039468750	1400.000	4000.000	1.0000
129	Spectrogram 1	1	60493.026468750	60493.039468750	1400.000	4000.000	1.0000
130	Waveform 1	1	60493.073593750	60493.089843750	1400.000	4000.000	1.0000
130	Spectrogram 1	1	60493.073593750	60493.089843750	1400.000	4000.000	1.0000
131	Waveform 1	1	60493.216593750	60493.239343750	1400.000	4000.000	1.0000
131	Spectrogram 1	1	60493.216593750	60493.239343750	1400.000	4000.000	1.0000
132	Waveform 1	1	60493.364468750	60493.382343750	1400.000	4000.000	1.0000
132	Spectrogram 1	1	60493.364468750	60493.382343750	1400.000	4000.000	1.0000
133	Waveform 1	1	60494.258218750	60494.267968750	1400.000	4000.000	1.0000
133	Spectrogram 1	1	60494.258218750	60494.267968750	1400.000	4000.000	1.0000
134	Waveform 1	1	60494.399593750	60494.414218750	1400.000	4000.000	1.0000
134	Spectrogram 1	1	60494.399593750	60494.414218750	1400.000	4000.000	1.0000
135	Waveform 1	1	60495.288468750	60495.299843750	1400.000	4000.000	1.0000
135	Spectrogram 1	1	60495.288468750	60495.299843750	1400.000	4000.000	1.0000
136	Waveform 1	1	60495.434718750	60495.449343750	1400.000	4000.000	1.0000
136	Spectrogram 1	1	60495.434718750	60495.449343750	1400.000	4000.000	1.0000
137	Waveform 1	1	60496.027843750	60496.039218750	1400.000	4000.000	1.0000
137	Spectrogram 1	1	60496.027843750	60496.039218750	1400.000	4000.000	1.0000
138	Waveform 1	1	60496.178968750	60496.187093750	1400.000	4000.000	1.0000
138	Spectrogram 1	1	60496.178968750	60496.187093750	1400.000	4000.000	1.0000
139	Waveform 1	1	60496.286218750	60496.300843750	1400.000	4000.000	1.0000
139	Spectrogram 1	1	60496.286218750	60496.300843750	1400.000	4000.000	1.0000
140	Waveform 1	1	60497.222218750	60497.231968750	1400.000	4000.000	1.0000
140	Spectrogram 1	1	60497.222218750	60497.231968750	1400.000	4000.000	1.0000
141	Waveform 1	1	60497.456218750	60497.467593750	1400.000	4000.000	1.0000
141	Spectrogram 1	1	60497.456218750	60497.467593750	1400.000	4000.000	1.0000
142	Waveform 1	1	60497.751968750	60497.761718750	1400.000	4000.000	1.0000
142	Spectrogram 1	1	60497.751968750	60497.761718750	1400.000	4000.000	1.0000
143	Waveform 1	1	60498.538468750	60498.553093750	1400.000	4000.000	1.0000
143	Spectrogram 1	1	60498.538468750	60498.553093750	1400.000	4000.000	1.0000
144	Waveform 1	1	60498.827718750	60498.848843750	1400.000	4000.000	1.0000
144	Spectrogram 1	1	60498.827718750	60498.848843750	1400.000	4000.000	1.0000
145	Waveform 1	1	60499.568718750	60499.589843750	1400.000	4000.000	1.0000
145	Spectrogram 1	1	60499.568718750	60499.589843750	1400.000	4000.000	1.0000
146	Waveform 1	1	60499.666218750	60499.682468750	1400.000	4000.000	1.0000
146	Spectrogram 1	1	60499.666218750	60499.682468750	1400.000	4000.000	1.0000
147	Waveform 1	1	60499.857968750	60499.872593750	1400.000	4000.000	1.0000
147	Spectrogram 1	1	60499.857968750	60499.872593750	1400.000	4000.000	1.0000
148	Waveform 1	1	60501.182343750	60501.192093750	1400.000	4000.000	1.0000
148	Spectrogram 1	1	60501.182343750	60501.192093750	1400.000	4000.000	1.0000
149	Waveform 1	1	60501.924968750	60501.933093750	1400.000	4000.000	1.0000
149	Spectrogram 1	1	60501.924968750	60501.933093750	1400.000	4000.000	1.0000
150	Waveform 1	1	60502.064718750	60502.076093750	1400.000	4000.000	1.0000
150	Spectrogram 1	1	60502.064718750	60502.076093750	1400.000	4000.000	1.0000
151	Waveform 1	1	60502.766718750	60502.784593750	1400.000	4000.000	1.0000
151	Spectrogram 1	1	60502.766718750	60502.784593750	1400.000	4000.000	1.0000
152	Waveform 1	1	60502.817093750	60502.833343750	1400.000	4000.000	1.0000
152	Spectrogram 1	1	60502.817093750	60502.833343750	1400.000	4000.000	1.0000
153	Waveform 1	1	60502.956843750	60502.966593750	1400.000	4000.000	1.0000
153	Spectrogram 1	1	60502.956843750	60502.966593750	1400.000	4000.000	1.0000
154	Waveform 1	1	60504.440468750	60504.451843750	1400.000	4000.000	1.0000
154	Spectrogram 1	1	60504.440468750	60504.451843750	1400.000	4000.000	1.0000
155	Waveform 1	1	60506.921843750	60506.933218750	1400.000	4000.000	1.0000
155	Spectrogram 1	1	60506.921843750	60506.933218750	1400.000	4000.000	1.0000
156	Waveform 1	1	60507.068093750	60507.097343750	1400.000	4000.000	1.0000
156	Spectrogram 1	1	60507.068093750	60507.097343750	1400.000	4000.000	1.0000
157	Waveform 1	1	60507.225718750	60507.238718750	1400.000	4000.000	1.0000
157	Spectrogram 1	1	60507.225718750	60507.238718750	1400.000	4000.000	1.0000
158	Waveform 1	1	60507.368718750	60507.389843750	1400.000	4000.000	1.0000
158	Spectrogram 1	1	60507.368718750	60507.389843750	1400.000	4000.000	1.0000
159	Waveform 1	1	60507.664468750	60507.685593750	1400.000	4000.000	1.0000
159	Spectrogram 1	1	60507.664468750	60507.685593750	1400.000	4000.000	1.0000
160	Waveform 1	1	60507.820468750	60507.831843750	1400.000	4000.000	1.0000
160	Spectrogram 1	1	60507.820468750	60507.831843750	1400.000	4000.000	1.0000
161	Waveform 1	1	60508.112968750	60508.127593750	1400.000	4000.000	1.0000
161	Spectrogram 1	1	60508.112968750	60508.127593750	1400.000	4000.000	1.0000
162	Waveform 1	1	60508.553343750	60508.576093750	1400.000	4000.000	1.0000
162	Spectrogram 1	1	60508.553343750	60508.576093750	1400.000	4000.000	1.0000
163	Waveform 1	1	60508.701218750	60508.720718750	1400.000	4000.000	1.0000
163	Spectrogram 1	1	60508.701218750	60508.720718750	1400.000	4000.000	1.0000
164	Waveform 1	1	60508.845843750	60508.868593750	1400.000	4000.000	1.0000
164	Spectrogram 1	1	60508.845843750	60508.868593750	1400.000	4000.000	1.0000
165	Waveform 1	1	60509.148093750	60509.159468750	1400.000	4000.000	1.0000
165	Spectrogram 1	1	60509.148093750	60509.159468750	1400.000	4000.000	1.0000
166	Waveform 1	1	60509.590093750	60509.607968750	1400.000	4000.000	1.0000
166	Spectrogram 1	1	60509.590093750	60509.607968750	1400.000	4000.000	1.0000
167	Waveform 1	1	60509.981718750	60509.993093750	1400.000	4000.000	1.0000
167	Spectrogram 1	1	60509.981718750	60509.993093750	1400.000	4000.000	1.0000
168	Waveform 1	1	60511.024968750	60511.034718750	1400.000	4000.000	1.0000
168	Spectrogram 1	1	60511.024968750	60511.034718750	1400.000	4000.000	1.0000
169	Waveform 1	1	60511.070468750	60511.083468750	1400.000	4000.000	1.0000
169	Spectrogram 1	1	60511.070468750	60511.083468750	1400.000	4000.000	1.0000
170	Waveform 1	1	60511.159843750	60511.176093750	1400.000	4000.000	1.0000
170	Spectrogram 1	1	60511.159843750	60511.176093750	1400.000	4000.000	1.0000
171	Waveform 1	1	60511.364593750	60511.375968750	1400.000	4000.000	1.0000
171	Spectrogram 1	1	60511.364593750	60511.375968750	1400.000	4000.000	1.0000
172	Waveform 1	1	60511.502718750	60511.517343750	1400.000	4000.000	1.0000
172	Spectrogram 1	1	60511.502718750	60511.517343750	1400.000	4000.000	1.0000
173	Waveform 1	1	60511.652218750	60511.670093750	1400.000	4000.000	1.0000
173	Spectrogram 1	1	60511.652218750	60511.670093750	1400.000	4000.000	1.0000
174	Waveform 1	1	60511.762718750	60511.772468750	1400.000	4000.000	1.0000
174	Spectrogram 1	1	60511.762718750	60511.772468750	1400.000	4000.000	1.0000
175	Waveform 1	1	60512.102343750	60512.121843750	1400.000	4000.000	1.0000
175	Spectrogram 1	1	60512.102343750	60512.121843750	1400.000	4000.000	1.0000
176	Waveform 1	1	60512.399718750	60512.411093750	1400.000	4000.000	1.0000
176	Spectrogram 1	1	60512.399718750	60512.411093750	1400.000	4000.000	1.0000
177	Waveform 1	1	60513.243093750	60513.256093750	1400.000	4000.000	1.0000
177	Spectrogram 1	1	60513.243093750	60513.256093750	1400.000	4000.000	1.0000
178	Waveform 1	1	60513.725718750	60513.733843750	1400.000	4000.000	1.0000
178	Spectrogram 1	1	60513.725718750	60513.733843750	1400.000	4000.000	1.0000
179	Waveform 1	1	60515.797593750	60515.808968750	1400.000	4000.000	1.0000
179	Spectrogram 1	1	60515.797593750	60515.808968750	1400.000	4000.000	1.0000
180	Waveform 1	1	60516.049468750	60516.064093750	1400.000	4000.000	1.0000
180	Spectrogram 1	1	60516.049468750	60516.064093750	1400.000	4000.000	1.0000
181	Waveform 1	1	60516.202218750	60516.213593750	1400.000	4000.000	1.0000
181	Spectrogram 1	1	60516.202218750	60516.213593750	1400.000	4000.000	1.0000
182	Waveform 1	1	60517.277968750	60517.297468750	1400.000	4000.000	1.0000
182	Spectrogram 1	1	60517.277968750	60517.297468750	1400.000	4000.000	1.0000
183	Waveform 1	1	60517.443718750	60517.451843750	1400.000	4000.000	1.0000
183	Spectrogram 1	1	60517.443718750	60517.451843750	1400.000	4000.000	1.0000
184	Waveform 1	1	60517.557468750	60517.565593750	1400.000	4000.000	1.0000
184	Spectrogram 1	1	60517.557468750	60517.565593750	1400.000	4000.000	1.0000
185	Waveform 1	1	60518.030343750	60518.041718750	1400.000	4000.000	1.0000
185	Spectrogram 1	1	60518.030343750	60518.041718750	1400.000	4000.000	1.0000
186	Waveform 1	1	60518.321218750	60518.340718750	1400.000	4000.000	1.0000
186	Spectrogram 1	1	60518.321218750	60518.340718750	1400.000	4000.000	1.0000
187	Waveform 1	1	60519.479843750	60519.491218750	1400.000	4000.000	1.0000
187	Spectrogram 1	1	60519.479843750	60519.491218750	1400.000	4000.000	1.0000
188	Waveform 1	1	60519.523718750	60519.541593750	1400.000	4000.000	1.0000
188	Spectrogram 1	1	60519.523718750	60519.541593750	1400.000	4000.000	1.0000
189	Waveform 1	1	60519.669968750	60519.692718750	1400.000	4000.000	1.0000
189	Spectrogram 1	1	60519.669968750	60519.692718750	1400.000	4000.000	1.0000
190	Waveform 1	1	60520.118468750	60520.131468750	1400.000	4000.000	1.0000
190	Spectrogram 1	1	60520.118468750	60520.131468750	1400.000	4000.000	1.0000
191	Waveform 1	1	60521.005718750	60521.015468750	1400.000	4000.000	1.0000
191	Spectrogram 1	1	60521.005718750	60521.015468750	1400.000	4000.000	1.0000
192	Waveform 1	1	60521.901093750	60521.909218750	1400.000	4000.000	1.0000
192	Spectrogram 1	1	60521.901093750	60521.909218750	1400.000	4000.000	1.0000
193	Waveform 1	1	60522.052218750	60522.061968750	1400.000	4000.000	1.0000
193	Spectrogram 1	1	60522.052218750	60522.061968750	1400.000	4000.000	1.0000
194	Waveform 1	1	60522.201718750	60522.213093750	1400.000	4000.000	1.0000
194	Spectrogram 1	1	60522.201718750	60522.213093750	1400.000	4000.000	1.0000
195	Waveform 1	1	60523.396093750	60523.412343750	1400.000	4000.000	1.0000
195	Spectrogram 1	1	60523.396093750	60523.412343750	1400.000	4000.000	1.0000
196	Waveform 1	1	60524.002218750	60524.010343750	1400.000	4000.000	1.0000
196	Spectrogram 1	1	60524.002218750	60524.010343750	1400.000	4000.000	1.0000
197	Waveform 1	1	60524.590468750	60524.600218750	1400.000	4000.000	1.0000
197	Spectrogram 1	1	60524.590468750	60524.600218750	1400.000	4000.000	1.0000
198	Waveform 1	1	60527.240843750	60527.252218750	1400.000	4000.000	1.0000
198	Spectrogram 1	1	60527.240843750	60527.252218750	1400.000	4000.000	1.0000
199	Waveform 1	1	60527.832343750	60527.848593750	1400.000	4000.000	1.0000
199	Spectrogram 1	1	60527.832343750	60527.848593750	1400.000	4000.000	1.0000
200	Waveform 1	1	60532.985218750	60532.999843750	1400.000	4000.000	1.0000
200	Spectrogram 1	1	60532.985218750	60532.999843750	1400.000	4000.000	1.0000
201	Waveform 1	1	60533.133093750	60533.142843750	1400.000	4000.000	1.0000
201	Spectrogram 1	1	60533.133093750	60533.142843750	1400.000	4000.000	1.0000
202	Waveform 1	1	60533.276093750	60533.289093750	1400.000	4000.000	1.0000
202	Spectrogram 1	1	60533.276093750	60533.289093750	1400.000	4000.000	1.0000
203	Waveform 1	1	60537.265468750	60537.275218750	1400.000	4000.000	1.0000
203	Spectrogram 1	1	60537.265468750	60537.275218750	1400.000	4000.000	1.0000
204	Waveform 1	1	60539.766343750	60539.779343750	1400.000	4000.000	1.0000
204	Spectrogram 1	1	60539.766343750	60539.779343750	1400.000	4000.000	1.0000
205	Waveform 1	1	60541.396218750	60541.414093750	1400.000	4000.000	1.0000
205	Spectrogram 1	1	60541.396218750	60541.414093750	1400.000	4000.000	1.0000
206	Waveform 1	1	60549.329468750	60549.340843750	1400.000	4000.000	1.0000
206	Spectrogram 1	1	60549.329468750	60549.340843750	1400.000	4000.000	1.0000
207	Waveform 1	1	60552.013968750	60552.023718750	1400.000	4000.000	1.0000
207	Spectrogram 1	1	60552.013968750	60552.023718750	1400.000	4000.000	1.0000
208	Waveform 1	1	60577.073093750	60577.087718750	1400.000	4000.000	1.0000
208	Spectrogram 1	1	60577.073093750	60577.087718750	1400.000	4000.000	1.0000
209	Waveform 1	1	60594.181093750	60594.194093750	1400.000	4000.000	1.0000
209	Spectrogram 1	1	60594.181093750	60594.194093750	1400.000	4000.000	1.0000
210	Waveform 1	1	60606.300343750	60606.310093750	1400.000	4000.000	1.0000
210	Spectrogram 1	1	60606.300343750	60606.310093750	1400.000	4000.000	1.0000
211	Waveform 1	1	60607.033218750	60607.051093750	1400.000	4000.000	1.0000
211	Spectrogram 1	1	60607.033218750	60607.051093750	1400.000	4000.000	1.0000
212	Waveform 1	1	60607.327343750	60607.341968750	1400.000	4000.000	1.0000
212	Spectrogram 1	1	60607.327343750	60607.341968750	1400.000	4000.000	1.0000
213	Waveform 1	1	60607.621468750	60607.637718750	1400.000	4000.000	1.0000
213	Spectrogram 1	1	60607.621468750	60607.637718750	1400.000	4000.000	1.0000
214	Waveform 1	1	60608.328343750	60608.339718750	1400.000	4000.000	1.0000
214	Spectrogram 1	1	60608.328343750	60608.339718750	1400.000	4000.000	1.0000
215	Waveform 1	1	60609.244843750	60609.261093750	1400.000	4000.000	1.0000
215	Spectrogram 1	1	60609.244843750	60609.261093750	1400.000	4000.000	1.0000
216	Waveform 1	1	60609.537343750	60609.548718750	1400.000	4000.000	1.0000
216	Spectrogram 1	1	60609.537343750	60609.548718750	1400.000	4000.000	1.0000
217	Waveform 1	1	60610.582218750	60610.595218750	1400.000	4000.000	1.0000
217	Spectrogram 1	1	60610.582218750	60610.595218750	1400.000	4000.000	1.0000
218	Waveform 1	1	60613.690843750	60613.700593750	1400.000	4000.000	1.0000
218	Spectrogram 1	1	60613.690843750	60613.700593750	1400.000	4000.000	1.0000
219	Waveform 1	1	60615.907343750	60615.918718750	1400.000	4000.000	1.0000
219	Spectrogram 1	1	60615.907343750	60615.918718750	1400.000	4000.000	1.0000
220	Waveform 1	1	60618.138468750	60618.146593750	1400.000	4000.000	1.0000
220	Spectrogram 1	1	60618.138468750	60618.146593750	1400.000	4000.000	1.0000
221	Waveform 1	1	60621.676093750	60621.695593750	1400.000	4000.000	1.0000
221	Spectrogram 1	1	60621.676093750	60621.695593750	1400.000	4000.000	1.0000
222	Waveform 1	1	60623.890968750	60623.908843750	1400.000	4000.000	1.0000
222	Spectrogram 1	1	60623.890968750	60623.908843750	1400.000	4000.000	1.0000
223	Waveform 1	1	60624.191593750	60624.202968750	1400.000	4000.000	1.0000
223	Spectrogram 1	1	60624.191593750	60624.202968750	1400.000	4000.000	1.0000
224	Waveform 1	1	60626.252093750	60626.261843750	1400.000	4000.000	1.0000
224	Spectrogram 1	1	60626.252093750	60626.261843750	1400.000	4000.000	1.0000
225	Waveform 1	1	60627.139343750	60627.160468750	1400.000	4000.000	1.0000
225	Spectrogram 1	1	60627.139343750	60627.160468750	1400.000	4000.000	1.0000
226	Waveform 1	1	60627.282343750	60627.295343750	1400.000	4000.000	1.0000
226	Spectrogram 1	1	60627.282343750	60627.295343750	1400.000	4000.000	1.0000
227	Waveform 1	1	60627.433468750	60627.444843750	1400.000	4000.000	1.0000
227	Spectrogram 1	1	60627.433468750	60627.444843750	1400.000	4000.000	1.0000
228	Waveform 1	1	60633.925343750	60633.938343750	1400.000	4000.000	1.0000
228	Spectrogram 1	1	60633.925343750	60633.938343750	1400.000	4000.000	1.0000
229	Waveform 1	1	61038.516218750	61038.525968750	1400.000	4000.000	1.0000
229	Spectrogram 1	1	61038.516218750	61038.525968750	1400.000	4000.000	1.0000
230	Waveform 1	1	61049.733593750	61049.741718750	1400.000	4000.000	1.0000
230	Spectrogram 1	1	61049.733593750	61049.741718750	1400.000	4000.000	1.0000
231	Waveform 1	1	61050.021218750	61050.032593750	1400.000	4000.000	1.0000
231	Spectrogram 1	1	61050.021218750	61050.032593750	1400.000	4000.000	1.0000
232	Waveform 1	1	61051.496718750	61051.508093750	1400.000	4000.000	1.0000
232	Spectrogram 1	1	61051.496718750	61051.508093750	1400.000	4000.000	1.0000
233	Waveform 1	1	61054.444468750	61054.460718750	1400.000	4000.000	1.0000
233	Spectrogram 1	1	61054.444468750	61054.460718750	1400.000	4000.000	1.0000
234	Waveform 1	1	61058.573593750	61058.588218750	1400.000	4000.000	1.0000
234	Spectrogram 1	1	61058.573593750	61058.588218750	1400.000	4000.000	1.0000
235	Waveform 1	1	61059.907718750	61059.915843750	1400.000	4000.000	1.0000
235	Spectrogram 1	1	61059.907718750	61059.915843750	1400.000	4000.000	1.0000
236	Waveform 1	1	61060.053968750	61060.065343750	1400.000	4000.000	1.0000
236	Spectrogram 1	1	61060.053968750	61060.065343750	1400.000	4000.000	1.0000
237	Waveform 1	1	61064.477218750	61064.491843750	1400.000	4000.000	1.0000
237	Spectrogram 1	1	61064.477218750	61064.491843750	1400.000	4000.000	1.0000
238	Waveform 1	1	61065.509093750	61065.528593750	1400.000	4000.000	1.0000
238	Spectrogram 1	1	61065.509093750	61065.528593750	1400.000	4000.000	1.0000
239	Waveform 1	1	61073.494343750	61073.507343750	1400.000	4000.000	1.0000
239	Spectrogram 1	1	61073.494343750	61073.507343750	1400.000	4000.000	1.0000
240	Waveform 1	1	61073.635718750	61073.653593750	1400.000	4000.000	1.0000
240	Spectrogram 1	1	61073.635718750	61073.653593750	1400.000	4000.000	1.0000
241	Waveform 1	1	61098.438093750	61098.446218750	1400.000	4000.000	1.0000
241	Spectrogram 1	1	61098.438093750	61098.446218750	1400.000	4000.000	1.0000
242	Waveform 1	1	61109.800093750	61109.808218750	1400.000	4000.000	1.0000
242	Spectrogram 1	1	61109.800093750	61109.808218750	1400.000	4000.000	1.0000
243	Waveform 1	1	61112.897343750	61112.910343750	1400.000	4000.000	1.0000
243	Spectrogram 1	1	61112.897343750	61112.910343750	1400.000	4000.000	1.0000
244	Waveform 1	1	61113.934093750	61113.943843750	1400.000	4000.000	1.0000
244	Spectrogram 1	1	61113.934093750	61113.943843750	1400.000	4000.000	1.0000
245	Waveform 1	1	61116.579593750	61116.599093750	1400.000	4000.000	1.0000
245	Spectrogram 1	1	61116.579593750	61116.599093750	1400.000	4000.000	1.0000
246	Waveform 1	1	61124.834593750	61124.842718750	1400.000	4000.000	1.0000
246	Spectrogram 1	1	61124.834593750	61124.842718750	1400.000	4000.000	1.0000
247	Waveform 1	1	61127.637718750	61127.645843750	1400.000	4000.000	1.0000
247	Spectrogram 1	1	61127.637718750	61127.645843750	1400.000	4000.000	1.0000
248	Waveform 1	1	61127.780718750	61127.793718750	1400.000	4000.000	1.0000
248	Spectrogram 1	1	61127.780718750	61127.793718750	1400.000	4000.000	1.0000
249	Waveform 1	1	61129.108343750	61129.118093750	1400.000	4000.000	1.0000
249	Spectrogram 1	1	61129.108343750	61129.118093750	1400.000	4000.000	1.0000
250	Waveform 1	1	61137.088718750	61137.098468750	1400.000	4000.000	1.0000
250	Spectrogram 1	1	61137.088718750	61137.098468750	1400.000	4000.000	1.0000
251	Waveform 1	1	61137.819968750	61137.845968750	1400.000	4000.000	1.0000
251	Spectrogram 1	1	61137.819968750	61137.845968750	1400.000	4000.000	1.0000
252	Waveform 1	1	61144.469468750	61144.488968750	1400.000	4000.000	1.0000
252	Spectrogram 1	1	61144.469468750	61144.488968750	1400.000	4000.000	1.0000
253	Waveform 1	1	61145.649218750	61145.660593750	1400.000	4000.000	1.0000
253	Spectrogram 1	1	61145.649218750	61145.660593750	1400.000	4000.000	1.0000
254	Waveform 1	1	61155.839593750	61155.847718750	1400.000	4000.000	1.0000
254	Spectrogram 1	1	61155.839593750	61155.847718750	1400.000	4000.000	1.0000
255	Waveform 1	1	61157.178593750	61157.188343750	1400.000	4000.000	1.0000
255	Spectrogram 1	1	61157.178593750	61157.188343750	1400.000	4000.000	1.0000
256	Waveform 1	1	61159.841968750	61159.858218750	1400.000	4000.000	1.0000
256	Spectrogram 1	1	61159.841968750	61159.858218750	1400.000	4000.000	1.0000
257	Waveform 1	1	61161.455593750	61161.470218750	1400.000	4000.000	1.0000
257	Spectrogram 1	1	61161.455593750	61161.470218750	1400.000	4000.000	1.0000
258	Waveform 1	1	61167.237343750	61167.245468750	1400.000	4000.000	1.0000
258	Spectrogram 1	1	61167.237343750	61167.245468750	1400.000	4000.000	1.0000
259	Waveform 1	1	61170.779843750	61170.789593750	1400.000	4000.000	1.0000
259	Spectrogram 1	1	61170.779843750	61170.789593750	1400.000	4000.000	1.0000
260	Waveform 1	1	61173.426968750	61173.446468750	1400.000	4000.000	1.0000
260	Spectrogram 1	1	61173.426968750	61173.446468750	1400.000	4000.000	1.0000
261	Waveform 1	1	61175.645093750	61175.654843750	1400.000	4000.000	1.0000
261	Spectrogram 1	1	61175.645093750	61175.654843750	1400.000	4000.000	1.0000
262	Waveform 1	1	61178.742343750	61178.758593750	1400.000	4000.000	1.0000
262	Spectrogram 1	1	61178.742343750	61178.758593750	1400.000	4000.000	1.0000
263	Waveform 1	1	61179.483343750	61179.496343750	1400.000	4000.000	1.0000
263	Spectrogram 1	1	61179.483343750	61179.496343750	1400.000	4000.000	1.0000
264	Waveform 1	1	61179.626343750	61179.637718750	1400.000	4000.000	1.0000
264	Spectrogram 1	1	61179.626343750	61179.637718750	1400.000	4000.000	1.0000
265	Waveform 1	1	61183.612468750	61183.625468750	1400.000	4000.000	1.0000
265	Spectrogram 1	1	61183.612468750	61183.625468750	1400.000	4000.000	1.0000
266	Waveform 1	1	61184.499718750	61184.514343750	1400.000	4000.000	1.0000
266	Spectrogram 1	1	61184.499718750	61184.514343750	1400.000	4000.000	1.0000
267	Waveform 1	1	61185.060343750	61185.070093750	1400.000	4000.000	1.0000
267	Spectrogram 1	1	61185.060343750	61185.070093750	1400.000	4000.000	1.0000
268	Waveform 1	1	61185.929718750	61185.939468750	1400.000	4000.000	1.0000
268	Spectrogram 1	1	61185.929718750	61185.939468750	1400.000	4000.000	1.0000
269	Waveform 1	1	61188.198218750	61188.214468750	1400.000	4000.000	1.0000
269	Spectrogram 1	1	61188.198218750	61188.214468750	1400.000	4000.000	1.0000
270	Waveform 1	1	61189.962968750	61189.984093750	1400.000	4000.000	1.0000
270	Spectrogram 1	1	61189.962968750	61189.984093750	1400.000	4000.000	1.0000
271	Waveform 1	1	61190.998093750	61191.009468750	1400.000	4000.000	1.0000
271	Spectrogram 1	1	61190.998093750	61191.009468750	1400.000	4000.000	1.0000
272	Waveform 1	1	61192.182718750	61192.194093750	1400.000	4000.000	1.0000
272	Spectrogram 1	1	61192.182718750	61192.194093750	1400.000	4000.000	1.0000
273	Waveform 1	1	61194.106718750	61194.116468750	1400.000	4000.000	1.0000
273	Spectrogram 1	1	61194.106718750	61194.116468750	1400.000	4000.000	1.0000
274	Waveform 1	1	61194.547093750	61194.563343750	1400.000	4000.000	1.0000
274	Spectrogram 1	1	61194.547093750	61194.563343750	1400.000	4000.000	1.0000
275	Waveform 1	1	61194.980968750	61194.997218750	1400.000	4000.000	1.0000
275	Spectrogram 1	1	61194.980968750	61194.997218750	1400.000	4000.000	1.0000
276	Waveform 1	1	61195.572468750	61195.583843750	1400.000	4000.000	1.0000
276	Spectrogram 1	1	61195.572468750	61195.583843750	1400.000	4000.000	1.0000
277	Waveform 1	1	61196.159093750	61196.176968750	1400.000	4000.000	1.0000
277	Spectrogram 1	1	61196.159093750	61196.176968750	1400.000	4000.000	1.0000
278	Waveform 1	1	61196.900093750	61196.913093750	1400.000	4000.000	1.0000
278	Spectrogram 1	1	61196.900093750	61196.913093750	1400.000	4000.000	1.0000
279	Waveform 1	1	61197.784093750	61197.800343750	1400.000	4000.000	1.0000
279	Spectrogram 1	1	61197.784093750	61197.800343750	1400.000	4000.000	1.0000
280	Waveform 1	1	61199.410718750	61199.418843750	1400.000	4000.000	1.0000
280	Spectrogram 1	1	61199.410718750	61199.418843750	1400.000	4000.000	1.0000
281	Waveform 1	1	61199.547218750	61199.565093750	1400.000	4000.000	1.0000
281	Spectrogram 1	1	61199.547218750	61199.565093750	1400.000	4000.000	1.0000
282	Waveform 1	1	61200.141968750	61200.153343750	1400.000	4000.000	1.0000
282	Spectrogram 1	1	61200.141968750	61200.153343750	1400.000	4000.000	1.0000
283	Waveform 1	1	61200.293093750	61200.304468750	1400.000	4000.000	1.0000
283	Spectrogram 1	1	61200.293093750	61200.304468750	1400.000	4000.000	1.0000
284	Waveform 1	1	61201.326593750	61201.334718750	1400.000	4000.000	1.0000
284	Spectrogram 1	1	61201.326593750	61201.334718750	1400.000	4000.000	1.0000
285	Waveform 1	1	61202.215468750	61202.226843750	1400.000	4000.000	1.0000
285	Spectrogram 1	1	61202.215468750	61202.226843750	1400.000	4000.000	1.0000
286	Waveform 1	1	61211.347968750	61211.357718750	1400.000	4000.000	1.0000
286	Spectrogram 1	1	61211.347968750	61211.357718750	1400.000	4000.000	1.0000
287	Waveform 1	1	61214.880718750	61214.888843750	1400.000	4000.000	1.0000
287	Spectrogram 1	1	61214.880718750	61214.888843750	1400.000	4000.000	1.0000
288	Waveform 1	1	61215.023718750	61215.039968750	1400.000	4000.000	1.0000
288	Spectrogram 1	1	61215.023718750	61215.039968750	1400.000	4000.000	1.0000
289	Waveform 1	1	61237.915093750	61237.924843750	1400.000	4000.000	1.0000
289	Spectrogram 1	1	61237.915093750	61237.924843750	1400.000	4000.000	1.0000
290	Waveform 1	1	61238.308343750	61238.319718750	1400.000	4000.000	1.0000
290	Spectrogram 1	1	61238.308343750	61238.319718750	1400.000	4000.000	1.0000
291	Waveform 1	1	61255.894093750	61255.911968750	1400.000	4000.000	1.0000
291	Spectrogram 1	1	61255.894093750	61255.911968750	1400.000	4000.000	1.0000
292	Waveform 1	1	61256.045218750	61256.059843750	1400.000	4000.000	1.0000
292	Spectrogram 1	1	61256.045218750	61256.059843750	1400.000	4000.000	1.0000
293	Waveform 1	1	61273.751218750	61273.759343750	1400.000	4000.000	1.0000
293	Spectrogram 1	1	61273.751218750	61273.759343750	1400.000	4000.000	1.0000
294	Waveform 1	1	61274.636843750	61274.649843750	1400.000	4000.000	1.0000
294	Spectrogram 1	1	61274.636843750	61274.649843750	1400.000	4000.000	1.0000
295	Waveform 1	1	61274.784718750	61274.796093750	1400.000	4000.000	1.0000
295	Spectrogram 1	1	61274.784718750	61274.796093750	1400.000	4000.000	1.0000
296	Waveform 1	1	61284.386843750	61284.396593750	1400.000	4000.000	1.0000
296	Spectrogram 1	1	61284.386843750	61284.396593750	1400.000	4000.000	1.0000
297	Waveform 1	1	61337.265968750	61337.274093750	1400.000	4000.000	1.0000
297	Spectrogram 1	1	61337.265968750	61337.274093750	1400.000	4000.000	1.0000
298	Waveform 1	1	61337.855843750	61337.867218750	1400.000	4000.000	1.0000
298	Spectrogram 1	1	61337.855843750	61337.867218750	1400.000	4000.000	1.0000
299	Waveform 1	1	61344.204718750	61344.212843750	1400.000	4000.000	1.0000
299	Spectrogram 1	1	61344.204718750	61344.212843750	1400.000	4000.000	1.0000
300	Waveform 1	1	61515.208343750	61515.221343750	1400.000	4000.000	1.0000
300	Spectrogram 1	1	61515.208343750	61515.221343750	1400.000	4000.000	1.0000
301	Waveform 1	1	61572.497718750	61572.505843750	1400.000	4000.000	1.0000
301	Spectrogram 1	1	61572.497718750	61572.505843750	1400.000	4000.000	1.0000
302	Waveform 1	1	61581.784593750	61581.792718750	1400.000	4000.000	1.0000
302	Spectrogram 1	1	61581.784593750	61581.792718750	1400.000	4000.000	1.0000
303	Waveform 1	1	61588.273218750	61588.287843750	1400.000	4000.000	1.0000
303	Spectrogram 1	1	61588.273218750	61588.287843750	1400.000	4000.000	1.0000
304	Waveform 1	1	61589.556968750	61589.565093750	1400.000	4000.000	1.0000
304	Spectrogram 1	1	61589.556968750	61589.565093750	1400.000	4000.000	1.0000
305	Waveform 1	1	61589.605718750	61589.618718750	1400.000	4000.000	1.0000
305	Spectrogram 1	1	61589.605718750	61589.618718750	1400.000	4000.000	1.0000
306	Waveform 1	1	61609.100843750	61609.108968750	1400.000	4000.000	1.0000
306	Spectrogram 1	1	61609.100843750	61609.108968750	1400.000	4000.000	1.0000
307	Waveform 1	1	61622.315343750	61622.328343750	1400.000	4000.000	1.0000
307	Spectrogram 1	1	61622.315343750	61622.328343750	1400.000	4000.000	1.0000
308	Waveform 1	1	61625.495468750	61625.503593750	1400.000	4000.000	1.0000
308	Spectrogram 1	1	61625.495468750	61625.503593750	1400.000	4000.000	1.0000
309	Waveform 1	1	61688.186343750	61688.197718750	1400.000	4000.000	1.0000
309	Spectrogram 1	1	61688.186343750	61688.197718750	1400.000	4000.000	1.0000
310	Waveform 1	1	61688.789218750	61688.797343750	1400.000	4000.000	1.0000
310	Spectrogram 1	1	61688.789218750	61688.797343750	1400.000	4000.000	1.0000
311	Waveform 1	1	61736.846968750	61736.858343750	1400.000	4000.000	1.0000
311	Spectrogram 1	1	61736.846968750	61736.858343750	1400.000	4000.000	1.0000
312	Waveform 1	1	61762.534968750	61762.547968750	1400.000	4000.000	1.0000
312	Spectrogram 1	1	61762.534968750	61762.547968750	1400.000	4000.000	1.0000
313	Waveform 1	1	61775.988343750	61775.999718750	1400.000	4000.000	1.0000
313	Spectrogram 1	1	61775.988343750	61775.999718750	1400.000	4000.000	1.0000
314	Waveform 1	1	61783.217968750	61783.226093750	1400.000	4000.000	1.0000
314	Spectrogram 1	1	61783.217968750	61783.226093750	1400.000	4000.000	1.0000
315	Waveform 1	1	61966.797468750	61966.810468750	1400.000	4000.000	1.0000
315	Spectrogram 1	1	61966.797468750	61966.810468750	1400.000	4000.000	1.0000
316	Waveform 1	1	61970.195343750	61970.203468750	1400.000	4000.000	1.0000
316	Spectrogram 1	1	61970.195343750	61970.203468750	1400.000	4000.000	1.0000
317	Waveform 1	1	61970.339968750	61970.351343750	1400.000	4000.000	1.0000
317	Spectrogram 1	1	61970.339968750	61970.351343750	1400.000	4000.000	1.0000
318	Waveform 1	1	61986.596468750	61986.604593750	1400.000	4000.000	1.0000
318	Spectrogram 1	1	61986.596468750	61986.604593750	1400.000	4000.000	1.0000
319	Waveform 1	1	61987.038468750	61987.046593750	1400.000	4000.000	1.0000
319	Spectrogram 1	1	61987.038468750	61987.046593750	1400.000	4000.000	1.0000
320	Waveform 1	1	61994.713343750	61994.732843750	1400.000	4000.000	1.0000
320	Spectrogram 1	1	61994.713343750	61994.732843750	1400.000	4000.000	1.0000
321	Waveform 1	1	62662.523343750	62662.533093750	1400.000	4000.000	1.0000
321	Spectrogram 1	1	62662.523343750	62662.533093750	1400.000	4000.000	1.0000
322	Waveform 1	1	62669.182593750	62669.203718750	1400.000	4000.000	1.0000
322	Spectrogram 1	1	62669.182593750	62669.203718750	1400.000	4000.000	1.0000
323	Waveform 1	1	62679.078843750	62679.086968750	1400.000	4000.000	1.0000
323	Spectrogram 1	1	62679.078843750	62679.086968750	1400.000	4000.000	1.0000
324	Waveform 1	1	62682.967468750	62682.977218750	1400.000	4000.000	1.0000
324	Spectrogram 1	1	62682.967468750	62682.977218750	1400.000	4000.000	1.0000
325	Waveform 1	1	62683.110468750	62683.128343750	1400.000	4000.000	1.0000
325	Spectrogram 1	1	62683.110468750	62683.128343750	1400.000	4000.000	1.0000
326	Waveform 1	1	62685.481343750	62685.491093750	1400.000	4000.000	1.0000
326	Spectrogram 1	1	62685.481343750	62685.491093750	1400.000	4000.000	1.0000
327	Waveform 1	1	62771.848468750	62771.856593750	1400.000	4000.000	1.0000
327	Spectrogram 1	1	62771.848468750	62771.856593750	1400.000	4000.000	1.0000
328	Waveform 1	1	62781.473343750	62781.486343750	1400.000	4000.000	1.0000
328	Spectrogram 1	1	62781.473343750	62781.486343750	1400.000	4000.000	1.0000
329	Waveform 1	1	62794.936468750	62794.957593750	1400.000	4000.000	1.0000
329	Spectrogram 1	1	62794.936468750	62794.957593750	1400.000	4000.000	1.0000
330	Waveform 1	1	62796.272218750	62796.285218750	1400.000	4000.000	1.0000
330	Spectrogram 1	1	62796.272218750	62796.285218750	1400.000	4000.000	1.0000
331	Waveform 1	1	62796.564718750	62796.585843750	1400.000	4000.000	1.0000
331	Spectrogram 1	1	62796.564718750	62796.585843750	1400.000	4000.000	1.0000
332	Waveform 1	1	62796.714218750	62796.722343750	1400.000	4000.000	1.0000
332	Spectrogram 1	1	62796.714218750	62796.722343750	1400.000	4000.000	1.0000
333	Waveform 1	1	62797.603093750	62797.622593750	1400.000	4000.000	1.0000
333	Spectrogram 1	1	62797.603093750	62797.622593750	1400.000	4000.000	1.0000
334	Waveform 1	1	62798.038593750	62798.059718750	1400.000	4000.000	1.0000
334	Spectrogram 1	1	62798.038593750	62798.059718750	1400.000	4000.000	1.0000
335	Waveform 1	1	62811.522843750	62811.534218750	1400.000	4000.000	1.0000
335	Spectrogram 1	1	62811.522843750	62811.534218750	1400.000	4000.000	1.0000
336	Waveform 1	1	62814.793968750	62814.802093750	1400.000	4000.000	1.0000
336	Spectrogram 1	1	62814.793968750	62814.802093750	1400.000	4000.000	1.0000
337	Waveform 1	1	62861.429843750	62861.437968750	1400.000	4000.000	1.0000
337	Spectrogram 1	1	62861.429843750	62861.437968750	1400.000	4000.000	1.0000
338	Waveform 1	1	62866.608718750	62866.616843750	1400.000	4000.000	1.0000
338	Spectrogram 1	1	62866.608718750	62866.616843750	1400.000	4000.000	1.0000
339	Waveform 1	1	62866.750093750	62866.766343750	1400.000	4000.000	1.0000
339	Spectrogram 1	1	62866.750093750	62866.766343750	1400.000	4000.000	1.0000
340	Waveform 1	1	62897.976093750	62897.989093750	1400.000	4000.000	1.0000
340	Spectrogram 1	1	62897.976093750	62897.989093750	1400.000	4000.000	1.0000
341	Waveform 1	1	63138.565468750	63138.576843750	1400.000	4000.000	1.0000
341	Spectrogram 1	1	63138.565468750	63138.576843750	1400.000	4000.000	1.0000
342	Waveform 1	1	63165.368218750	63165.376343750	1400.000	4000.000	1.0000
342	Spectrogram 1	1	63165.368218750	63165.376343750	1400.000	4000.000	1.0000
343	Waveform 1	1	63194.657218750	63194.666968750	1400.000	4000.000	1.0000
343	Spectrogram 1	1	63194.657218750	63194.666968750	1400.000	4000.000	1.0000
344	Waveform 1	1	63229.440343750	63229.448468750	1400.000	4000.000	1.0000
344	Spectrogram 1	1	63229.440343750	63229.448468750	1400.000	4000.000	1.0000
345	Waveform 1	1	63230.766343750	63230.779343750	1400.000	4000.000	1.0000
345	Spectrogram 1	1	63230.766343750	63230.779343750	1400.000	4000.000	1.0000
346	Waveform 1	1	63248.837968750	63248.849343750	1400.000	4000.000	1.0000
346	Spectrogram 1	1	63248.837968750	63248.849343750	1400.000	4000.000	1.0000
347	Waveform 1	1	63251.808468750	63251.816593750	1400.000	4000.000	1.0000
347	Spectrogram 1	1	63251.808468750	63251.816593750	1400.000	4000.000	1.0000
348	Waveform 1	1	63276.084343750	63276.095718750	1400.000	4000.000	1.0000
348	Spectrogram 1	1	63276.084343750	63276.095718750	1400.000	4000.000	1.0000
349	Waveform 1	1	63329.525718750	63329.543593750	1400.000	4000.000	1.0000
349	Spectrogram 1	1	63329.525718750	63329.543593750	1400.000	4000.000	1.0000
350	Waveform 1	1	63334.712718750	63334.722468750	1400.000	4000.000	1.0000
350	Spectrogram 1	1	63334.712718750	63334.722468750	1400.000	4000.000	1.0000
351	Waveform 1	1	63411.843343750	63411.853093750	1400.000	4000.000	1.0000
351	Spectrogram 1	1	63411.843343750	63411.853093750	1400.000	4000.000	1.0000
352	Waveform 1	1	63433.506218750	63433.514343750	1400.000	4000.000	1.0000
352	Spectrogram 1	1	63433.506218750	63433.514343750	1400.000	4000.000	1.0000
353	Waveform 1	1	63435.027218750	63435.038593750	1400.000	4000.000	1.0000
353	Spectrogram 1	1	63435.027218750	63435.038593750	1400.000	4000.000	1.0000
354	Waveform 1	1	63439.479718750	63439.487843750	1400.000	4000.000	1.0000
354	Spectrogram 1	1	63439.479718750	63439.487843750	1400.000	4000.000	1.0000
355	Waveform 1	1	63472.408718750	63472.416843750	1400.000	4000.000	1.0000
355	Spectrogram 1	1	63472.408718750	63472.416843750	1400.000	4000.000	1.0000
356	Waveform 1	1	63474.475718750	63474.485468750	1400.000	4000.000	1.0000
356	Spectrogram 1	1	63474.475718750	63474.485468750	1400.000	4000.000	1.0000
357	Waveform 1	1	63474.618718750	63474.628468750	1400.000	4000.000	1.0000
357	Spectrogram 1	1	63474.618718750	63474.628468750	1400.000	4000.000	1.0000
358	Waveform 1	1	63474.764968750	63474.776343750	1400.000	4000.000	1.0000
358	Spectrogram 1	1	63474.764968750	63474.776343750	1400.000	4000.000	1.0000
359	Waveform 1	1	63489.157593750	63489.170593750	1400.000	4000.000	1.0000
359	Spectrogram 1	1	63489.157593750	63489.170593750	1400.000	4000.000	1.0000
360	Waveform 1	1	63497.586468750	63497.614093750	1400.000	4000.000	0.7059
360	Spectrogram 1	1	63497.586468750	63497.614093750	1400.000	4000.000	0.7059
361	Waveform 1	1	63502.939218750	63502.955468750	1400.000	4000.000	1.0000
361	Spectrogram 1	1	63502.939218750	63502.955468750	1400.000	4000.000	1.0000
362	Waveform 1	1	63503.979218750	63503.990593750	1400.000	4000.000	1.0000
362	Spectrogram 1	1	63503.979218750	63503.990593750	1400.000	4000.000	1.0000
363	Waveform 1	1	63505.015968750	63505.030593750	1400.000	4000.000	1.0000
363	Spectrogram 1	1	63505.015968750	63505.030593750	1400.000	4000.000	1.0000
364	Waveform 1	1	63514.072093750	63514.081843750	1400.000	4000.000	1.0000
364	Spectrogram 1	1	63514.072093750	63514.081843750	1400.000	4000.000	1.0000
365	Waveform 1	1	63517.905468750	63517.931468750	1400.000	4000.000	0.9375
365	Spectrogram 1	1	63517.905468750	63517.931468750	1400.000	4000.000	0.9375
366	Waveform 1	1	63524.002468750	63524.017093750	1400.000	4000.000	1.0000
366	Spectrogram 1	1	63524.002468750	63524.017093750	1400.000	4000.000	1.0000
367	Waveform 1	1	63530.221343750	63530.235968750	1400.000	4000.000	1.0000
367	Spectrogram 1	1	63530.221343750	63530.235968750	1400.000	4000.000	1.0000
368	Waveform 1	1	63531.106968750	63531.118343750	1400.000	4000.000	1.0000
368	Spectrogram 1	1	63531.106968750	63531.118343750	1400.000	4000.000	1.0000
369	Waveform 1	1	63562.116843750	63562.129843750	1400.000	4000.000	1.0000
369	Spectrogram 1	1	63562.116843750	63562.129843750	1400.000	4000.000	1.0000
370	Waveform 1	1	63562.409343750	63562.428843750	1400.000	4000.000	1.0000
370	Spectrogram 1	1	63562.409343750	63562.428843750	1400.000	4000.000	1.0000
371	Waveform 1	1	63563.889718750	63563.912468750	1400.000	4000.000	1.0000
371	Spectrogram 1	1	63563.889718750	63563.912468750	1400.000	4000.000	1.0000
372	Waveform 1	1	63564.341468750	63564.364218750	1400.000	4000.000	1.0000
372	Spectrogram 1	1	63564.341468750	63564.364218750	1400.000	4000.000	1.0000
373	Waveform 1	1	63568.345468750	63568.364968750	1400.000	4000.000	1.0000
373	Spectrogram 1	1	63568.345468750	63568.364968750	1400.000	4000.000	1.0000
374	Waveform 1	1	63568.498218750	63568.507968750	1400.000	4000.000	1.0000
374	Spectrogram 1	1	63568.498218750	63568.507968750	1400.000	4000.000	1.0000
375	Waveform 1	1	63572.364093750	63572.377093750	1400.000	4000.000	1.0000
375	Spectrogram 1	1	63572.364093750	63572.377093750	1400.000	4000.000	1.0000
376	Waveform 1	1	63576.954718750	63576.966093750	1400.000	4000.000	1.0000
376	Spectrogram 1	1	63576.954718750	63576.966093750	1400.000	4000.000	1.0000
377	Waveform 1	1	63578.886843750	63578.909593750	1400.000	4000.000	1.0000
377	Spectrogram 1	1	63578.886843750	63578.909593750	1400.000	4000.000	1.0000
378	Waveform 1	1	63581.106593750	63581.121218750	1400.000	4000.000	1.0000
378	Spectrogram 1	1	63581.106593750	63581.121218750	1400.000	4000.000	1.0000
379	Waveform 1	1	63582.434218750	63582.448843750	1400.000	4000.000	1.0000
379	Spectrogram 1	1	63582.434218750	63582.448843750	1400.000	4000.000	1.0000
380	Waveform 1	1	63589.260843750	63589.272218750	1400.000	4000.000	1.0000
380	Spectrogram 1	1	63589.260843750	63589.272218750	1400.000	4000.000	1.0000
381	Waveform 1	1	63590.750968750	63590.762343750	1400.000	4000.000	1.0000
381	Spectrogram 1	1	63590.750968750	63590.762343750	1400.000	4000.000	1.0000
382	Waveform 1	1	63611.377093750	63611.385218750	1400.000	4000.000	1.0000
382	Spectrogram 1	1	63611.377093750	63611.385218750	1400.000	4000.000	1.0000
383	Waveform 1	1	63611.523343750	63611.533093750	1400.000	4000.000	1.0000
383	Spectrogram 1	1	63611.523343750	63611.533093750	1400.000	4000.000	1.0000
384	Waveform 1	1	63617.893343750	63617.904718750	1400.000	4000.000	1.0000
384	Spectrogram 1	1	63617.893343750	63617.904718750	1400.000	4000.000	1.0000
385	Waveform 1	1	63618.039593750	63618.055843750	1400.000	4000.000	1.0000
385	Spectrogram 1	1	63618.039593750	63618.055843750	1400.000	4000.000	1.0000
386	Waveform 1	1	63618.627843750	63618.640843750	1400.000	4000.000	1.0000
386	Spectrogram 1	1	63618.627843750	63618.640843750	1400.000	4000.000	1.0000
387	Waveform 1	1	63627.532843750	63627.544218750	1400.000	4000.000	1.0000
387	Spectrogram 1	1	63627.532843750	63627.544218750	1400.000	4000.000	1.0000
388	Waveform 1	1	63627.675843750	63627.695343750	1400.000	4000.000	1.0000
388	Spectrogram 1	1	63627.675843750	63627.695343750	1400.000	4000.000	1.0000
389	Waveform 1	1	63629.013218750	63629.029468750	1400.000	4000.000	1.0000
389	Spectrogram 1	1	63629.013218750	63629.029468750	1400.000	4000.000	1.0000
390	Waveform 1	1	63634.959093750	63634.972093750	1400.000	4000.000	1.0000
390	Spectrogram 1	1	63634.959093750	63634.972093750	1400.000	4000.000	1.0000
391	Waveform 1	1	63638.519468750	63638.530843750	1400.000	4000.000	1.0000
391	Spectrogram 1	1	63638.519468750	63638.530843750	1400.000	4000.000	1.0000
392	Waveform 1	1	63638.668968750	63638.677093750	1400.000	4000.000	1.0000
392	Spectrogram 1	1	63638.668968750	63638.677093750	1400.000	4000.000	1.0000
393	Waveform 1	1	63639.396968750	63639.411593750	1400.000	4000.000	1.0000
393	Spectrogram 1	1	63639.396968750	63639.411593750	1400.000	4000.000	1.0000
394	Waveform 1	1	63639.548093750	63639.556218750	1400.000	4000.000	1.0000
394	Spectrogram 1	1	63639.548093750	63639.556218750	1400.000	4000.000	1.0000
395	Waveform 1	1	63641.174718750	63641.190968750	1400.000	4000.000	1.0000
395	Spectrogram 1	1	63641.174718750	63641.190968750	1400.000	4000.000	1.0000
396	Waveform 1	1	63641.327468750	63641.340468750	1400.000	4000.000	1.0000
396	Spectrogram 1	1	63641.327468750	63641.340468750	1400.000	4000.000	1.0000
397	Waveform 1	1	63642.968718750	63642.976843750	1400.000	4000.000	1.0000
397	Spectrogram 1	1	63642.968718750	63642.976843750	1400.000	4000.000	1.0000
398	Waveform 1	1	63644.444218750	63644.457218750	1400.000	4000.000	1.0000
398	Spectrogram 1	1	63644.444218750	63644.457218750	1400.000	4000.000	1.0000
399	Waveform 1	1	63647.707218750	63647.723468750	1400.000	4000.000	1.0000
399	Spectrogram 1	1	63647.707218750	63647.723468750	1400.000	4000.000	1.0000
400	Waveform 1	1	63647.855093750	63647.868093750	1400.000	4000.000	1.0000
400	Spectrogram 1	1	63647.855093750	63647.868093750	1400.000	4000.000	1.0000
401	Waveform 1	1	63648.451468750	63648.466093750	1400.000	4000.000	1.0000
401	Spectrogram 1	1	63648.451468750	63648.466093750	1400.000	4000.000	1.0000
402	Waveform 1	1	63654.086968750	63654.098343750	1400.000	4000.000	1.0000
402	Spectrogram 1	1	63654.086968750	63654.098343750	1400.000	4000.000	1.0000
403	Waveform 1	1	63655.565718750	63655.585218750	1400.000	4000.000	1.0000
403	Spectrogram 1	1	63655.565718750	63655.585218750	1400.000	4000.000	1.0000
404	Waveform 1	1	63663.143093750	63663.159343750	1400.000	4000.000	1.0000
404	Spectrogram 1	1	63663.143093750	63663.159343750	1400.000	4000.000	1.0000
405	Waveform 1	1	63665.356343750	63665.379093750	1400.000	4000.000	1.0000
405	Spectrogram 1	1	63665.356343750	63665.379093750	1400.000	4000.000	1.0000
406	Waveform 1	1	63665.955968750	63665.964093750	1400.000	4000.000	1.0000
406	Spectrogram 1	1	63665.955968750	63665.964093750	1400.000	4000.000	1.0000
407	Waveform 1	1	63668.468218750	63668.484468750	1400.000	4000.000	1.0000
407	Spectrogram 1	1	63668.468218750	63668.484468750	1400.000	4000.000	1.0000
408	Waveform 1	1	63669.509843750	63669.527718750	1400.000	4000.000	1.0000
408	Spectrogram 1	1	63669.509843750	63669.527718750	1400.000	4000.000	1.0000
409	Waveform 1	1	63669.948593750	63669.961593750	1400.000	4000.000	1.0000
409	Spectrogram 1	1	63669.948593750	63669.961593750	1400.000	4000.000	1.0000
410	Waveform 1	1	63674.259718750	63674.279218750	1400.000	4000.000	1.0000
410	Spectrogram 1	1	63674.259718750	63674.279218750	1400.000	4000.000	1.0000
411	Waveform 1	1	63680.795468750	63680.810093750	1400.000	4000.000	1.0000
411	Spectrogram 1	1	63680.795468750	63680.810093750	1400.000	4000.000	1.0000
412	Waveform 1	1	63680.946593750	63680.957968750	1400.000	4000.000	1.0000
412	Spectrogram 1	1	63680.946593750	63680.957968750	1400.000	4000.000	1.0000
413	Waveform 1	1	63681.242343750	63681.256968750	1400.000	4000.000	1.0000
413	Spectrogram 1	1	63681.242343750	63681.256968750	1400.000	4000.000	1.0000
414	Waveform 1	1	63686.286343750	63686.300968750	1400.000	4000.000	1.0000
414	Spectrogram 1	1	63686.286343750	63686.300968750	1400.000	4000.000	1.0000
415	Waveform 1	1	63692.558843750	63692.566968750	1400.000	4000.000	1.0000
415	Spectrogram 1	1	63692.558843750	63692.566968750	1400.000	4000.000	1.0000
416	Waveform 1	1	63693.907593750	63693.918968750	1400.000	4000.000	1.0000
416	Spectrogram 1	1	63693.907593750	63693.918968750	1400.000	4000.000	1.0000
417	Waveform 1	1	63694.656718750	63694.668093750	1400.000	4000.000	1.0000
417	Spectrogram 1	1	63694.656718750	63694.668093750	1400.000	4000.000	1.0000
418	Waveform 1	1	63701.182718750	63701.192468750	1400.000	4000.000	1.0000
418	Spectrogram 1	1	63701.182718750	63701.192468750	1400.000	4000.000	1.0000
419	Waveform 1	1	63701.484968750	63701.496343750	1400.000	4000.000	1.0000
419	Spectrogram 1	1	63701.484968750	63701.496343750	1400.000	4000.000	1.0000
420	Waveform 1	1	63702.095968750	63702.123593750	1400.000	4000.000	1.0000
420	Spectrogram 1	1	63702.095968750	63702.123593750	1400.000	4000.000	1.0000
421	Waveform 1	1	63702.250343750	63702.263343750	1400.000	4000.000	1.0000
421	Spectrogram 1	1	63702.250343750	63702.263343750	1400.000	4000.000	1.0000
422	Waveform 1	1	63702.407968750	63702.422593750	1400.000	4000.000	1.0000
422	Spectrogram 1	1	63702.407968750	63702.422593750	1400.000	4000.000	1.0000
423	Waveform 1	1	63702.560718750	63702.568843750	1400.000	4000.000	1.0000
423	Spectrogram 1	1	63702.560718750	63702.568843750	1400.000	4000.000	1.0000
424	Waveform 1	1	63704.985218750	63704.996593750	1400.000	4000.000	1.0000
424	Spectrogram 1	1	63704.985218750	63704.996593750	1400.000	4000.000	1.0000
425	Waveform 1	1	63715.588343750	63715.606218750	1400.000	4000.000	1.0000
425	Spectrogram 1	1	63715.588343750	63715.606218750	1400.000	4000.000	1.0000
426	Waveform 1	1	63723.974968750	63723.984718750	1400.000	4000.000	1.0000
426	Spectrogram 1	1	63723.974968750	63723.984718750	1400.000	4000.000	1.0000
427	Waveform 1	1	63729.605593750	63729.620218750	1400.000	4000.000	1.0000
427	Spectrogram 1	1	63729.605593750	63729.620218750	1400.000	4000.000	1.0000
428	Waveform 1	1	63739.916218750	63739.924343750	1400.000	4000.000	1.0000
428	Spectrogram 1	1	63739.916218750	63739.924343750	1400.000	4000.000	1.0000
429	Waveform 1	1	63745.928718750	63745.943343750	1400.000	4000.000	1.0000
429	Spectrogram 1	1	63745.928718750	63745.943343750	1400.000	4000.000	1.0000
430	Waveform 1	1	63783.514968750	63783.524718750	1400.000	4000.000	1.0000
430	Spectrogram 1	1	63783.514968750	63783.524718750	1400.000	4000.000	1.0000
431	Waveform 1	1	63786.491968750	63786.501718750	1400.000	4000.000	1.0000
431	Spectrogram 1	1	63786.491968750	63786.501718750	1400.000	4000.000	1.0000
432	Waveform 1	1	63786.639843750	63786.651218750	1400.000	4000.000	1.0000
432	Spectrogram 1	1	63786.639843750	63786.651218750	1400.000	4000.000	1.0000
433	Waveform 1	1	63788.726343750	63788.736093750	1400.000	4000.000	1.0000
433	Spectrogram 1	1	63788.726343750	63788.736093750	1400.000	4000.000	1.0000
434	Waveform 1	1	63791.852843750	63791.862593750	1400.000	4000.000	1.0000
434	Spectrogram 1	1	63791.852843750	63791.862593750	1400.000	4000.000	1.0000
435	Waveform 1	1	63792.000718750	63792.016968750	1400.000	4000.000	1.0000
435	Spectrogram 1	1	63792.000718750	63792.016968750	1400.000	4000.000	1.0000
436	Waveform 1	1	63793.650093750	63793.661468750	1400.000	4000.000	1.0000
436	Spectrogram 1	1	63793.650093750	63793.661468750	1400.000	4000.000	1.0000
437	Waveform 1	1	63795.146718750	63795.158093750	1400.000	4000.000	1.0000
437	Spectrogram 1	1	63795.146718750	63795.158093750	1400.000	4000.000	1.0000
438	Waveform 1	1	63797.073968750	63797.083718750	1400.000	4000.000	1.0000
438	Spectrogram 1	1	63797.073968750	63797.083718750	1400.000	4000.000	1.0000
439	Waveform 1	1	63797.220218750	63797.234843750	1400.000	4000.000	1.0000
439	Spectrogram 1	1	63797.220218750	63797.234843750	1400.000	4000.000	1.0000
440	Waveform 1	1	63801.103968750	63801.116968750	1400.000	4000.000	1.0000
440	Spectrogram 1	1	63801.103968750	63801.116968750	1400.000	4000.000	1.0000
441	Waveform 1	1	63804.516468750	63804.524593750	1400.000	4000.000	1.0000
441	Spectrogram 1	1	63804.516468750	63804.524593750	1400.000	4000.000	1.0000
442	Waveform 1	1	63813.718843750	63813.726968750	1400.000	4000.000	1.0000
442	Spectrogram 1	1	63813.718843750	63813.726968750	1400.000	4000.000	1.0000
443	Waveform 1	1	63814.552468750	63814.562218750	1400.000	4000.000	1.0000
443	Spectrogram 1	1	63814.552468750	63814.562218750	1400.000	4000.000	1.0000
444	Waveform 1	1	63814.594718750	63814.602843750	1400.000	4000.000	1.0000
444	Spectrogram 1	1	63814.594718750	63814.602843750	1400.000	4000.000	1.0000
445	Waveform 1	1	63814.739343750	63814.747468750	1400.000	4000.000	1.0000
445	Spectrogram 1	1	63814.739343750	63814.747468750	1400.000	4000.000	1.0000
446	Waveform 1	1	63815.490093750	63815.503093750	1400.000	4000.000	1.0000
446	Spectrogram 1	1	63815.490093750	63815.503093750	1400.000	4000.000	1.0000
447	Waveform 1	1	63815.641218750	63815.649343750	1400.000	4000.000	1.0000
447	Spectrogram 1	1	63815.641218750	63815.649343750	1400.000	4000.000	1.0000
448	Waveform 1	1	63818.757968750	63818.770968750	1400.000	4000.000	1.0000
448	Spectrogram 1	1	63818.757968750	63818.770968750	1400.000	4000.000	1.0000
449	Waveform 1	1	63824.386968750	63824.395093750	1400.000	4000.000	1.0000
449	Spectrogram 1	1	63824.386968750	63824.395093750	1400.000	4000.000	1.0000
450	Waveform 1	1	63824.531593750	63824.551093750	1400.000	4000.000	1.0000
450	Spectrogram 1	1	63824.531593750	63824.551093750	1400.000	4000.000	1.0000
451	Waveform 1	1	63824.682718750	63824.697343750	1400.000	4000.000	1.0000
451	Spectrogram 1	1	63824.682718750	63824.697343750	1400.000	4000.000	1.0000
452	Waveform 1	1	63828.088718750	63828.108218750	1400.000	4000.000	1.0000
452	Spectrogram 1	1	63828.088718750	63828.108218750	1400.000	4000.000	1.0000
453	Waveform 1	1	63834.461968750	63834.479843750	1400.000	4000.000	1.0000
453	Spectrogram 1	1	63834.461968750	63834.479843750	1400.000	4000.000	1.0000
454	Waveform 1	1	63834.760968750	63834.770718750	1400.000	4000.000	1.0000
454	Spectrogram 1	1	63834.760968750	63834.770718750	1400.000	4000.000	1.0000
455	Waveform 1	1	63835.061593750	63835.071343750	1400.000	4000.000	1.0000
455	Spectrogram 1	1	63835.061593750	63835.071343750	1400.000	4000.000	1.0000
456	Waveform 1	1	63835.651468750	63835.661218750	1400.000	4000.000	1.0000
456	Spectrogram 1	1	63835.651468750	63835.661218750	1400.000	4000.000	1.0000
457	Waveform 1	1	63835.800968750	63835.809093750	1400.000	4000.000	1.0000
457	Spectrogram 1	1	63835.800968750	63835.809093750	1400.000	4000.000	1.0000
458	Waveform 1	1	63839.819593750	63839.829343750	1400.000	4000.000	1.0000
458	Spectrogram 1	1	63839.819593750	63839.829343750	1400.000	4000.000	1.0000
459	Waveform 1	1	63840.698718750	63840.706843750	1400.000	4000.000	1.0000
459	Spectrogram 1	1	63840.698718750	63840.706843750	1400.000	4000.000	1.0000
460	Waveform 1	1	63842.331843750	63842.343218750	1400.000	4000.000	1.0000
460	Spectrogram 1	1	63842.331843750	63842.343218750	1400.000	4000.000	1.0000
461	Waveform 1	1	63842.916843750	63842.931468750	1400.000	4000.000	1.0000
461	Spectrogram 1	1	63842.916843750	63842.931468750	1400.000	4000.000	1.0000
462	Waveform 1	1	63843.357218750	63843.373468750	1400.000	4000.000	1.0000
462	Spectrogram 1	1	63843.357218750	63843.373468750	1400.000	4000.000	1.0000
463	Waveform 1	1	63843.812218750	63843.820343750	1400.000	4000.000	1.0000
463	Spectrogram 1	1	63843.812218750	63843.820343750	1400.000	4000.000	1.0000
464	Waveform 1	1	63847.375843750	63847.385593750	1400.000	4000.000	1.0000
464	Spectrogram 1	1	63847.375843750	63847.385593750	1400.000	4000.000	1.0000
465	Waveform 1	1	63848.407718750	63848.428843750	1400.000	4000.000	1.0000
465	Spectrogram 1	1	63848.407718750	63848.428843750	1400.000	4000.000	1.0000
466	Waveform 1	1	63848.560468750	63848.570218750	1400.000	4000.000	1.0000
466	Spectrogram 1	1	63848.560468750	63848.570218750	1400.000	4000.000	1.0000
467	Waveform 1	1	63851.972968750	63851.994093750	1400.000	4000.000	1.0000
467	Spectrogram 1	1	63851.972968750	63851.994093750	1400.000	4000.000	1.0000
468	Waveform 1	1	63853.315218750	63853.331468750	1400.000	4000.000	1.0000
468	Spectrogram 1	1	63853.315218750	63853.331468750	1400.000	4000.000	1.0000
469	Waveform 1	1	63867.688343750	63867.696468750	1400.000	4000.000	1.0000
469	Spectrogram 1	1	63867.688343750	63867.696468750	1400.000	4000.000	1.0000
470	Waveform 1	1	63915.320343750	63915.328468750	1400.000	4000.000	1.0000
470	Spectrogram 1	1	63915.320343750	63915.328468750	1400.000	4000.000	1.0000
471	Waveform 1	1	63943.796843750	63943.804968750	1400.000	4000.000	1.0000
471	Spectrogram 1	1	63943.796843750	63943.804968750	1400.000	4000.000	1.0000
472	Waveform 1	1	63944.094218750	63944.107218750	1400.000	4000.000	1.0000
472	Spectrogram 1	1	63944.094218750	63944.107218750	1400.000	4000.000	1.0000
473	Waveform 1	1	63944.238843750	63944.248593750	1400.000	4000.000	1.0000
473	Spectrogram 1	1	63944.238843750	63944.248593750	1400.000	4000.000	1.0000
474	Waveform 1	1	63978.085968750	63978.095718750	1400.000	4000.000	1.0000
474	Spectrogram 1	1	63978.085968750	63978.095718750	1400.000	4000.000	1.0000
475	Waveform 1	1	63978.380093750	63978.388218750	1400.000	4000.000	1.0000
475	Spectrogram 1	1	63978.380093750	63978.388218750	1400.000	4000.000	1.0000
476	Waveform 1	1	64013.863593750	64013.878218750	1400.000	4000.000	1.0000
476	Spectrogram 1	1	64013.863593750	64013.878218750	1400.000	4000.000	1.0000
477	Waveform 1	1	64014.013093750	64014.029343750	1400.000	4000.000	1.0000
477	Spectrogram 1	1	64014.013093750	64014.029343750	1400.000	4000.000	1.0000
478	Waveform 1	1	64015.950093750	64015.964718750	1400.000	4000.000	1.0000
478	Spectrogram 1	1	64015.950093750	64015.964718750	1400.000	4000.000	1.0000
479	Waveform 1	1	64046.361968750	64046.371718750	1400.000	4000.000	1.0000
479	Spectrogram 1	1	64046.361968750	64046.371718750	1400.000	4000.000	1.0000
480	Waveform 1	1	64047.995093750	64048.003218750	1400.000	4000.000	1.0000
480	Spectrogram 1	1	64047.995093750	64048.003218750	1400.000	4000.000	1.0000
481	Waveform 1	1	64056.748968750	64056.757093750	1400.000	4000.000	1.0000
481	Spectrogram 1	1	64056.748968750	64056.757093750	1400.000	4000.000	1.0000
482	Waveform 1	1	64064.765093750	64064.773218750	1400.000	4000.000	1.0000
482	Spectrogram 1	1	64064.765093750	64064.773218750	1400.000	4000.000	1.0000
483	Waveform 1	1	64074.607718750	64074.615843750	1400.000	4000.000	1.0000
483	Spectrogram 1	1	64074.607718750	64074.615843750	1400.000	4000.000	1.0000
484	Waveform 1	1	64098.971343750	64098.984343750	1400.000	4000.000	1.0000
484	Spectrogram 1	1	64098.971343750	64098.984343750	1400.000	4000.000	1.0000
485	Waveform 1	1	64186.293968750	64186.305343750	1400.000	4000.000	1.0000
485	Spectrogram 1	1	64186.293968750	64186.305343750	1400.000	4000.000	1.0000
486	Waveform 1	1	64189.116593750	64189.126343750	1400.000	4000.000	1.0000
486	Spectrogram 1	1	64189.116593750	64189.126343750	1400.000	4000.000	1.0000
487	Waveform 1	1	64196.237343750	64196.245468750	1400.000	4000.000	1.0000
487	Spectrogram 1	1	64196.237343750	64196.245468750	1400.000	4000.000	1.0000
488	Waveform 1	1	64214.364218750	64214.372343750	1400.000	4000.000	1.0000
488	Spectrogram 1	1	64214.364218750	64214.372343750	1400.000	4000.000	1.0000
489	Waveform 1	1	64264.848093750	64264.859468750	1400.000	4000.000	1.0000
489	Spectrogram 1	1	64264.848093750	64264.859468750	1400.000	4000.000	1.0000
490	Waveform 1	1	65844.855093750	65844.868093750	1400.000	4000.000	1.0000
490	Spectrogram 1	1	65844.855093750	65844.868093750	1400.000	4000.000	1.0000
491	Waveform 1	1	65848.595843750	65848.610468750	1400.000	4000.000	1.0000
491	Spectrogram 1	1	65848.595843750	65848.610468750	1400.000	4000.000	1.0000
492	Waveform 1	1	65853.665843750	65853.675593750	1400.000	4000.000	1.0000
492	Spectrogram 1	1	65853.665843750	65853.675593750	1400.000	4000.000	1.0000
493	Waveform 1	1	65856.351968750	65856.360093750	1400.000	4000.000	1.0000
493	Spectrogram 1	1	65856.351968750	65856.360093750	1400.000	4000.000	1.0000
494	Waveform 1	1	65858.131343750	65858.141093750	1400.000	4000.000	1.0000
494	Spectrogram 1	1	65858.131343750	65858.141093750	1400.000	4000.000	1.0000
495	Waveform 1	1	65860.071593750	65860.082968750	1400.000	4000.000	1.0000
495	Spectrogram 1	1	65860.071593750	65860.082968750	1400.000	4000.000	1.0000
496	Waveform 1	1	65862.149968750	65862.164593750	1400.000	4000.000	1.0000
496	Spectrogram 1	1	65862.149968750	65862.164593750	1400.000	4000.000	1.0000
497	Waveform 1	1	65863.498718750	65863.511718750	1400.000	4000.000	1.0000
497	Spectrogram 1	1	65863.498718750	65863.511718750	1400.000	4000.000	1.0000
498	Waveform 1	1	65864.387593750	65864.395718750	1400.000	4000.000	1.0000
498	Spectrogram 1	1	65864.387593750	65864.395718750	1400.000	4000.000	1.0000
499	Waveform 1	1	65864.537093750	65864.551718750	1400.000	4000.000	1.0000
499	Spectrogram 1	1	65864.537093750	65864.551718750	1400.000	4000.000	1.0000
500	Waveform 1	1	65865.133468750	65865.144843750	1400.000	4000.000	1.0000
500	Spectrogram 1	1	65865.133468750	65865.144843750	1400.000	4000.000	1.0000
501	Waveform 1	1	65866.773093750	65866.790968750	1400.000	4000.000	1.0000
501	Spectrogram 1	1	65866.773093750	65866.790968750	1400.000	4000.000	1.0000
502	Waveform 1	1	65866.924218750	65866.942093750	1400.000	4000.000	1.0000
502	Spectrogram 1	1	65866.924218750	65866.942093750	1400.000	4000.000	1.0000
503	Waveform 1	1	65867.070468750	65867.085093750	1400.000	4000.000	1.0000
503	Spectrogram 1	1	65867.070468750	65867.085093750	1400.000	4000.000	1.0000
504	Waveform 1	1	65867.962593750	65867.980468750	1400.000	4000.000	1.0000
504	Spectrogram 1	1	65867.962593750	65867.980468750	1400.000	4000.000	1.0000
505	Waveform 1	1	65868.261593750	65868.281093750	1400.000	4000.000	1.0000
505	Spectrogram 1	1	65868.261593750	65868.281093750	1400.000	4000.000	1.0000
506	Waveform 1	1	65870.201843750	65870.213218750	1400.000	4000.000	1.0000
506	Spectrogram 1	1	65870.201843750	65870.213218750	1400.000	4000.000	1.0000
507	Waveform 1	1	65871.696843750	65871.709843750	1400.000	4000.000	1.0000
507	Spectrogram 1	1	65871.696843750	65871.709843750	1400.000	4000.000	1.0000
508	Waveform 1	1	65871.843093750	65871.859343750	1400.000	4000.000	1.0000
508	Spectrogram 1	1	65871.843093750	65871.859343750	1400.000	4000.000	1.0000
509	Waveform 1	1	65871.990968750	65872.007218750	1400.000	4000.000	1.0000
509	Spectrogram 1	1	65871.990968750	65872.007218750	1400.000	4000.000	1.0000
510	Waveform 1	1	65872.289968750	65872.302968750	1400.000	4000.000	1.0000
510	Spectrogram 1	1	65872.289968750	65872.302968750	1400.000	4000.000	1.0000
511	Waveform 1	1	65873.929593750	65873.939343750	1400.000	4000.000	1.0000
511	Spectrogram 1	1	65873.929593750	65873.939343750	1400.000	4000.000	1.0000
512	Waveform 1	1	65876.313468750	65876.328093750	1400.000	4000.000	1.0000
512	Spectrogram 1	1	65876.313468750	65876.328093750	1400.000	4000.000	1.0000
513	Waveform 1	1	65876.755468750	65876.768468750	1400.000	4000.000	1.0000
513	Spectrogram 1	1	65876.755468750	65876.768468750	1400.000	4000.000	1.0000
514	Waveform 1	1	65877.948218750	65877.957968750	1400.000	4000.000	1.0000
514	Spectrogram 1	1	65877.948218750	65877.957968750	1400.000	4000.000	1.0000
515	Waveform 1	1	65878.102593750	65878.117218750	1400.000	4000.000	1.0000
515	Spectrogram 1	1	65878.102593750	65878.117218750	1400.000	4000.000	1.0000
516	Waveform 1	1	65883.005218750	65883.013343750	1400.000	4000.000	1.0000
516	Spectrogram 1	1	65883.005218750	65883.013343750	1400.000	4000.000	1.0000
517	Waveform 1	1	65883.154718750	65883.166093750	1400.000	4000.000	1.0000
517	Spectrogram 1	1	65883.154718750	65883.166093750	1400.000	4000.000	1.0000
518	Waveform 1	1	65884.943843750	65884.955218750	1400.000	4000.000	1.0000
518	Spectrogram 1	1	65884.943843750	65884.955218750	1400.000	4000.000	1.0000
519	Waveform 1	1	65885.091718750	65885.111218750	1400.000	4000.000	1.0000
519	Spectrogram 1	1	65885.091718750	65885.111218750	1400.000	4000.000	1.0000
520	Waveform 1	1	65885.393968750	65885.405343750	1400.000	4000.000	1.0000
520	Spectrogram 1	1	65885.393968750	65885.405343750	1400.000	4000.000	1.0000
521	Waveform 1	1	65887.033593750	65887.041718750	1400.000	4000.000	1.0000
521	Spectrogram 1	1	65887.033593750	65887.041718750	1400.000	4000.000	1.0000
522	Waveform 1	1	65887.781093750	65887.789218750	1400.000	4000.000	1.0000
522	Spectrogram 1	1	65887.781093750	65887.789218750	1400.000	4000.000	1.0000
523	Waveform 1	1	65889.568593750	65889.581593750	1400.000	4000.000	1.0000
523	Spectrogram 1	1	65889.568593750	65889.581593750	1400.000	4000.000	1.0000
524	Waveform 1	1	65903.143843750	65903.151968750	1400.000	4000.000	1.0000
524	Spectrogram 1	1	65903.143843750	65903.151968750	1400.000	4000.000	1.0000
525	Waveform 1	1	65907.908343750	65907.924593750	1400.000	4000.000	1.0000
525	Spectrogram 1	1	65907.908343750	65907.924593750	1400.000	4000.000	1.0000
526	Waveform 1	1	65908.057843750	65908.065968750	1400.000	4000.000	1.0000
526	Spectrogram 1	1	65908.057843750	65908.065968750	1400.000	4000.000	1.0000
527	Waveform 1	1	65908.392593750	65908.400718750	1400.000	4000.000	1.0000
527	Spectrogram 1	1	65908.392593750	65908.400718750	1400.000	4000.000	1.0000
528	Waveform 1	1	65911.491468750	65911.502843750	1400.000	4000.000	1.0000
528	Spectrogram 1	1	65911.491468750	65911.502843750	1400.000	4000.000	1.0000
529	Waveform 1	1	66265.128843750	66265.138593750	1400.000	4000.000	1.0000
529	Spectrogram 1	1	66265.128843750	66265.138593750	1400.000	4000.000	1.0000
530	Waveform 1	1	66504.923593750	66504.939843750	1400.000	4000.000	1.0000
530	Spectrogram 1	1	66504.923593750	66504.939843750	1400.000	4000.000	1.0000
531	Waveform 1	1	66508.059843750	66508.067968750	1400.000	4000.000	1.0000
531	Spectrogram 1	1	66508.059843750	66508.067968750	1400.000	4000.000	1.0000
532	Waveform 1	1	66518.471218750	66518.479343750	1400.000	4000.000	1.0000
532	Spectrogram 1	1	66518.471218750	66518.479343750	1400.000	4000.000	1.0000
533	Waveform 1	1	66562.835343750	66562.848343750	1400.000	4000.000	1.0000
533	Spectrogram 1	1	66562.835343750	66562.848343750	1400.000	4000.000	1.0000
534	Waveform 1	1	66565.514968750	66565.527968750	1400.000	4000.000	1.0000
534	Spectrogram 1	1	66565.514968750	66565.527968750	1400.000	4000.000	1.0000
535	Waveform 1	1	66566.262468750	66566.270593750	1400.000	4000.000	1.0000
535	Spectrogram 1	1	66566.262468750	66566.270593750	1400.000	4000.000	1.0000
536	Waveform 1	1	66569.684718750	66569.692843750	1400.000	4000.000	1.0000
536	Spectrogram 1	1	66569.684718750	66569.692843750	1400.000	4000.000	1.0000
537	Waveform 1	1	66569.829343750	66569.842343750	1400.000	4000.000	1.0000
537	Spectrogram 1	1	66569.829343750	66569.842343750	1400.000	4000.000	1.0000
538	Waveform 1	1	66569.977218750	66569.986968750	1400.000	4000.000	1.0000
538	Spectrogram 1	1	66569.977218750	66569.986968750	1400.000	4000.000	1.0000
539	Waveform 1	1	66574.442718750	66574.458968750	1400.000	4000.000	1.0000
539	Spectrogram 1	1	66574.442718750	66574.458968750	1400.000	4000.000	1.0000
540	Waveform 1	1	66575.183718750	66575.195093750	1400.000	4000.000	1.0000
540	Spectrogram 1	1	66575.183718750	66575.195093750	1400.000	4000.000	1.0000
541	Waveform 1	1	66597.881718750	66597.891468750	1400.000	4000.000	1.0000
541	Spectrogram 1	1	66597.881718750	66597.891468750	1400.000	4000.000	1.0000
542	Waveform 1	1	66630.331343750	66630.339468750	1400.000	4000.000	1.0000
542	Spectrogram 1	1	66630.331343750	66630.339468750	1400.000	4000.000	1.0000
543	Waveform 1	1	66813.426593750	66813.442843750	1400.000	4000.000	1.0000
543	Spectrogram 1	1	66813.426593750	66813.442843750	1400.000	4000.000	1.0000
544	Waveform 1	1	67122.200968750	67122.218843750	1400.000	4000.000	1.0000
544	Spectrogram 1	1	67122.200968750	67122.218843750	1400.000	4000.000	1.0000
545	Waveform 1	1	67448.268593750	67448.286468750	1400.000	4000.000	1.0000
545	Spectrogram 1	1	67448.268593750	67448.286468750	1400.000	4000.000	1.0000
546	Waveform 1	1	67452.296968750	67452.306718750	1400.000	4000.000	1.0000
546	Spectrogram 1	1	67452.296968750	67452.306718750	1400.000	4000.000	1.0000
547	Waveform 1	1	67460.808718750	67460.821718750	1400.000	4000.000	1.0000
547	Spectrogram 1	1	67460.808718750	67460.821718750	1400.000	4000.000	1.0000
548	Waveform 1	1	67466.475093750	67466.484843750	1400.000	4000.000	1.0000
548	Spectrogram 1	1	67466.475093750	67466.484843750	1400.000	4000.000	1.0000
549	Waveform 1	1	67472.133343750	67472.141468750	1400.000	4000.000	1.0000
549	Spectrogram 1	1	67472.133343750	67472.141468750	1400.000	4000.000	1.0000
550	Waveform 1	1	69346.978718750	69346.986843750	1400.000	4000.000	1.0000
550	Spectrogram 1	1	69346.978718750	69346.986843750	1400.000	4000.000	1.0000
551	Waveform 1	1	70466.307968750	70466.319343750	1400.000	4000.000	1.0000
551	Spectrogram 1	1	70466.307968750	70466.319343750	1400.000	4000.000	1.0000
552	Waveform 1	1	70625.686343750	70625.696093750	1400.000	4000.000	1.0000
552	Spectrogram 1	1	70625.686343750	70625.696093750	1400.000	4000.000	1.0000
553	Waveform 1	1	71581.134343750	71581.145718750	1400.000	4000.000	1.0000
553	Spectrogram 1	1	71581.134343750	71581.145718750	1400.000	4000.000	1.0000
554	Waveform 1	1	71581.407343750	71581.420343750	1400.000	4000.000	1.0000
554	Spectrogram 1	1	71581.407343750	71581.420343750	1400.000	4000.000	1.0000
555	Waveform 1	1	71674.014468750	71674.037218750	1400.000	4000.000	1.0000
555	Spectrogram 1	1	71674.014468750	71674.037218750	1400.000	4000.000	1.0000
556	Waveform 1	1	72990.875468750	72990.894968750	1400.000	4000.000	1.0000
556	Spectrogram 1	1	72990.875468750	72990.894968750	1400.000	4000.000	1.0000
557	Waveform 1	1	72990.927468750	72990.935593750	1400.000	4000.000	1.0000
557	Spectrogram 1	1	72990.927468750	72990.935593750	1400.000	4000.000	1.0000
558	Waveform 1	1	73000.636843750	73000.648218750	1400.000	4000.000	1.0000
558	Spectrogram 1	1	73000.636843750	73000.648218750	1400.000	4000.000	1.0000
559	Waveform 1	1	75305.585593750	75305.595343750	1400.000	4000.000	1.0000
559	Spectrogram 1	1	75305.585593750	75305.595343750	1400.000	4000.000	1.0000
560	Waveform 1	1	76854.670468750	76854.696468750	1400.000	4000.000	1.0000
560	Spectrogram 1	1	76854.670468750	76854.696468750	1400.000	4000.000	1.0000
561	Waveform 1	1	78963.769343750	78963.779093750	1400.000	4000.000	1.0000
561	Spectrogram 1	1	78963.769343750	78963.779093750	1400.000	4000.000	1.0000
562	Waveform 1	1	79565.261468750	79565.277718750	1400.000	4000.000	1.0000
562	Spectrogram 1	1	79565.261468750	79565.277718750	1400.000	4000.000	1.0000
563	Waveform 1	1	79566.210468750	79566.226718750	1400.000	4000.000	1.0000
563	Spectrogram 1	1	79566.210468750	79566.226718750	1400.000	4000.000	1.0000
564	Waveform 1	1	79715.276593750	79715.294468750	1400.000	4000.000	1.0000
564	Spectrogram 1	1	79715.276593750	79715.294468750	1400.000	4000.000	1.0000
565	Waveform 1	1	79851.976468750	79851.992718750	1400.000	4000.000	1.0000
565	Spectrogram 1	1	79851.976468750	79851.992718750	1400.000	4000.000	1.0000
566	Waveform 1	1	80407.762218750	80407.773593750	1400.000	4000.000	1.0000
566	Spectrogram 1	1	80407.762218750	80407.773593750	1400.000	4000.000	1.0000
567	Waveform 1	1	80652.285718750	80652.293843750	1400.000	4000.000	1.0000
567	Spectrogram 1	1	80652.285718750	80652.293843750	1400.000	4000.000	1.0000
568	Waveform 1	1	80878.066468750	80878.074593750	1400.000	4000.000	1.0000
568	Spectrogram 1	1	80878.066468750	80878.074593750	1400.000	4000.000	1.0000
569	Waveform 1	1	80879.746718750	80879.756468750	1400.000	4000.000	1.0000
569	Spectrogram 1	1	80879.746718750	80879.756468750	1400.000	4000.000	1.0000
570	Waveform 1	1	80881.478968750	80881.487093750	1400.000	4000.000	1.0000
570	Spectrogram 1	1	80881.478968750	80881.487093750	1400.000	4000.000	1.0000
571	Waveform 1	1	80884.735468750	80884.743593750	1400.000	4000.000	1.0000
571	Spectrogram 1	1	80884.735468750	80884.743593750	1400.000	4000.000	1.0000
572	Waveform 1	1	80991.330593750	80991.341968750	1400.000	4000.000	1.0000
572	Spectrogram 1	1	80991.330593750	80991.341968750	1400.000	4000.000	1.0000
573	Waveform 1	1	80993.035218750	80993.048218750	1400.000	4000.000	1.0000
573	Spectrogram 1	1	80993.035218750	80993.048218750	1400.000	4000.000	1.0000
574	Waveform 1	1	80994.757718750	80994.770718750	1400.000	4000.000	1.0000
574	Spectrogram 1	1	80994.757718750	80994.770718750	1400.000	4000.000	1.0000
575	Waveform 1	1	81428.124093750	81428.135468750	1400.000	4000.000	1.0000
575	Spectrogram 1	1	81428.124093750	81428.135468750	1400.000	4000.000	1.0000
576	Waveform 1	1	81429.856343750	81429.874218750	1400.000	4000.000	1.0000
576	Spectrogram 1	1	81429.856343750	81429.874218750	1400.000	4000.000	1.0000
577	Waveform 1	1	81431.590218750	81431.604843750	1400.000	4000.000	1.0000
577	Spectrogram 1	1	81431.590218750	81431.604843750	1400.000	4000.000	1.0000
578	Waveform 1	1	81433.311093750	81433.325718750	1400.000	4000.000	1.0000
578	Spectrogram 1	1	81433.311093750	81433.325718750	1400.000	4000.000	1.0000
579	Waveform 1	1	82185.208343750	82185.216468750	1400.000	4000.000	1.0000
579	Spectrogram 1	1	82185.208343750	82185.216468750	1400.000	4000.000	1.0000
580	Waveform 1	1	82188.307218750	82188.316968750	1400.000	4000.000	1.0000
580	Spectrogram 1	1	82188.307218750	82188.316968750	1400.000	4000.000	1.0000
581	Waveform 1	1	82426.327468750	82426.335593750	1400.000	4000.000	1.0000
581	Spectrogram 1	1	82426.327468750	82426.335593750	1400.000	4000.000	1.0000
582	Waveform 1	1	82429.619718750	82429.627843750	1400.000	4000.000	1.0000
582	Spectrogram 1	1	82429.619718750	82429.627843750	1400.000	4000.000	1.0000
583	Waveform 1	1	84418.722093750	84418.735093750	1400.000	4000.000	1.0000
583	Spectrogram 1	1	84418.722093750	84418.735093750	1400.000	4000.000	1.0000
584	Waveform 1	1	85173.131593750	85173.139718750	1400.000	4000.000	1.0000
584	Spectrogram 1	1	85173.131593750	85173.139718750	1400.000	4000.000	1.0000
585	Waveform 1	1	85175.214843750	85175.229468750	1400.000	4000.000	1.0000
585	Spectrogram 1	1	85175.214843750	85175.229468750	1400.000	4000.000	1.0000
586	Waveform 1	1	85177.415093750	85177.423218750	1400.000	4000.000	1.0000
586	Spectrogram 1	1	85177.415093750	85177.423218750	1400.000	4000.000	1.0000
587	Waveform 1	1	85183.812718750	85183.822468750	1400.000	4000.000	1.0000
587	Spectrogram 1	1	85183.812718750	85183.822468750	1400.000	4000.000	1.0000
