Selection	View	Channel	Begin Time (s)	End Time (s)	Low Freq (Hz)	High Freq (Hz)	Occupancy
1	Waveform 1	1	178.795218750	178.803343750	1400.000	4000.000	1.0000
1	Spectrogram 1	1	178.795218750	178.803343750	1400.000	4000.000	1.0000
2	Waveform 1	1	1955.306968750	1955.318343750	1400.000	4000.000	1.0000
2	Spectrogram 1	1	1955.306968750	1955.318343750	1400.000	4000.000	1.0000
3	Waveform 1	1	2473.334218750	2473.348843750	1400.000	4000.000	1.0000
3	Spectrogram 1	1	2473.334218750	2473.348843750	1400.000	4000.000	1.0000
4	Waveform 1	1	10214.198843750	10214.224843750	1400.000	4000.000	1.0000
4	Spectrogram 1	1	10214.198843750	10214.224843750	1400.000	4000.000	1.0000
5	Waveform 1	1	10214.769218750	10214.788718750	1400.000	4000.000	1.0000
5	Spectrogram 1	1	10214.769218750	10214.788718750	1400.000	4000.000	1.0000
6	Waveform 1	1	10635.965968750	10635.982218750	1400.000	4000.000	1.0000
6	Spectrogram 1	1	10635.965968750	10635.982218750	1400.000	4000.000	1.0000
7	Waveform 1	1	13625.114468750	13625.124218750	1400.000	4000.000	1.0000
7	Spectrogram 1	1	13625.114468750	13625.124218750	1400.000	4000.000	1.0000
8	Waveform 1	1	13647.246968750	13647.259968750	1400.000	4000.000	1.0000
8	Spectrogram 1	1	13647.246968750	13647.259968750	1400.000	4000.000	1.0000
9	Waveform 1	1	15865.316718750	15865.329718750	1400.000	4000.000	1.0000
9	Spectrogram 1	1	15865.316718750	15865.329718750	1400.000	4000.000	1.0000
10	Waveform 1	1	16384.504218750	16384.512343750	1400.000	4000.000	1.0000
10	Spectrogram 1	1	16384.504218750	16384.512343750	1400.000	4000.000	1.0000
11	Waveform 1	1	27500.943968750	27500.953718750	1400.000	4000.000	1.0000
11	Spectrogram 1	1	27500.943968750	27500.953718750	1400.000	4000.000	1.0000
12	Waveform 1	1	35652.119468750	35652.130843750	1400.000	4000.000	1.0000
12	Spectrogram 1	1	35652.119468750	35652.130843750	1400.000	4000.000	1.0000
13	Waveform 1	1	38283.624968750	38283.636343750	1400.000	4000.000	1.0000
13	Spectrogram 1	1	38283.624968750	38283.636343750	1400.000	4000.000	1.0000
14	Waveform 1	1	38919.425718750	38919.440343750	1400.000	4000.000	1.0000
14	Spectrogram 1	1	38919.425718750	38919.440343750	1400.000	4000.000	1.0000
15	Waveform 1	1	39171.589968750	39171.602968750	1400.000	4000.000	1.0000
15	Spectrogram 1	1	39171.589968750	39171.602968750	1400.000	4000.000	1.0000
16	Waveform 1	1	44914.791718750	44914.803093750	1400.000	4000.000	1.0000
16	Spectrogram 1	1	44914.791718750	44914.803093750	1400.000	4000.000	1.0000
17	Waveform 1	1	45162.004593750	45162.014343750	1400.000	4000.000	1.0000
17	Spectrogram 1	1	45162.004593750	45162.014343750	1400.000	4000.000	1.0000
18	Waveform 1	1	45215.528843750	45215.536968750	1400.000	4000.000	1.0000
18	Spectrogram 1	1	45215.528843750	45215.536968750	1400.000	4000.000	1.0000
19	Waveform 1	1	45216.053718750	45216.065093750	1400.000	4000.000	1.0000
19	Spectrogram 1	1	45216.053718750	45216.065093750	1400.000	4000.000	1.0000
20	Waveform 1	1	45241.411843750	45241.428093750	1400.000	4000.000	1.0000
20	Spectrogram 1	1	45241.411843750	45241.428093750	1400.000	4000.000	1.0000
21	Waveform 1	1	45263.776718750	45263.789718750	1400.000	4000.000	1.0000
21	Spectrogram 1	1	45263.776718750	45263.789718750	1400.000	4000.000	1.0000
22	Waveform 1	1	46215.604218750	46215.617218750	1400.000	4000.000	1.0000
22	Spectrogram 1	1	46215.604218750	46215.617218750	1400.000	4000.000	1.0000
23	Waveform 1	1	46228.110218750	46228.124843750	1400.000	4000.000	1.0000
23	Spectrogram 1	1	46228.110218750	46228.124843750	1400.000	4000.000	1.0000
24	Waveform 1	1	46234.364843750	46234.392468750	1400.000	4000.000	1.0000
24	Spectrogram 1	1	46234.364843750	46234.392468750	1400.000	4000.000	1.0000
25	Waveform 1	1	46659.966968750	46659.975093750	1400.000	4000.000	1.0000
25	Spectrogram 1	1	46659.966968750	46659.975093750	1400.000	4000.000	1.0000
26	Waveform 1	1	46785.888218750	46785.896343750	1400.000	4000.000	1.0000
26	Spectrogram 1	1	46785.888218750	46785.896343750	1400.000	4000.000	1.0000
27	Waveform 1	1	47040.400593750	47040.415218750	1400.000	4000.000	1.0000
27	Spectrogram 1	1	47040.400593750	47040.415218750	1400.000	4000.000	1.0000
28	Waveform 1	1	47045.776093750	47045.790718750	1400.000	4000.000	1.0000
28	Spectrogram 1	1	47045.776093750	47045.790718750	1400.000	4000.000	1.0000
29	Waveform 1	1	47047.199593750	47047.219093750	1400.000	4000.000	1.0000
29	Spectrogram 1	1	47047.199593750	47047.219093750	1400.000	4000.000	1.0000
30	Waveform 1	1	47089.703093750	47089.711218750	1400.000	4000.000	1.0000
30	Spectrogram 1	1	47089.703093750	47089.711218750	1400.000	4000.000	1.0000
31	Waveform 1	1	47143.895218750	47143.903343750	1400.000	4000.000	1.0000
31	Spectrogram 1	1	47143.895218750	47143.903343750	1400.000	4000.000	1.0000
32	Waveform 1	1	47439.697218750	47439.705343750	1400.000	4000.000	1.0000
32	Spectrogram 1	1	47439.697218750	47439.705343750	1400.000	4000.000	1.0000
33	Waveform 1	1	47440.109968750	47440.129468750	1400.000	4000.000	1.0000
33	Spectrogram 1	1	47440.109968750	47440.129468750	1400.000	4000.000	1.0000
34	Waveform 1	1	47681.947343750	47681.955468750	1400.000	4000.000	1.0000
34	Spectrogram 1	1	47681.947343750	47681.955468750	1400.000	4000.000	1.0000
35	Waveform 1	1	47766.156468750	47766.164593750	1400.000	4000.000	1.0000
35	Spectrogram 1	1	47766.156468750	47766.164593750	1400.000	4000.000	1.0000
36	Waveform 1	1	47811.687343750	47811.703593750	1400.000	4000.000	1.0000
36	Spectrogram 1	1	47811.687343750	47811.703593750	1400.000	4000.000	1.0000
37	Waveform 1	1	47842.157718750	47842.167468750	1400.000	4000.000	1.0000
37	Spectrogram 1	1	47842.157718750	47842.167468750	1400.000	4000.000	1.0000
38	Waveform 1	1	47978.602468750	47978.625218750	1400.000	4000.000	1.0000
38	Spectrogram 1	1	47978.602468750	47978.625218750	1400.000	4000.000	1.0000
39	Waveform 1	1	47979.502718750	47979.523843750	1400.000	4000.000	1.0000
39	Spectrogram 1	1	47979.502718750	47979.523843750	1400.000	4000.000	1.0000
40	Waveform 1	1	48028.595593750	48028.616718750	1400.000	4000.000	0.8462
40	Spectrogram 1	1	48028.595593750	48028.616718750	1400.000	4000.000	0.8462
41	Waveform 1	1	48030.022343750	48030.048343750	1400.000	4000.000	1.0000
41	Spectrogram 1	1	48030.022343750	48030.048343750	1400.000	4000.000	1.0000
42	Waveform 1	1	48093.135718750	48093.150343750	1400.000	4000.000	1.0000
42	Spectrogram 1	1	48093.135718750	48093.150343750	1400.000	4000.000	1.0000
43	Waveform 1	1	48101.691343750	48101.701093750	1400.000	4000.000	1.0000
43	Spectrogram 1	1	48101.691343750	48101.701093750	1400.000	4000.000	1.0000
44	Waveform 1	1	48206.875968750	48206.890593750	1400.000	4000.000	1.0000
44	Spectrogram 1	1	48206.875968750	48206.890593750	1400.000	4000.000	1.0000
45	Waveform 1	1	48245.654968750	48245.672843750	1400.000	4000.000	1.0000
45	Spectrogram 1	1	48245.654968750	48245.672843750	1400.000	4000.000	1.0000
46	Waveform 1	1	48251.186468750	48251.202718750	1400.000	4000.000	1.0000
46	Spectrogram 1	1	48251.186468750	48251.202718750	1400.000	4000.000	1.0000
47	Waveform 1	1	48257.410218750	48257.421593750	1400.000	4000.000	1.0000
47	Spectrogram 1	1	48257.410218750	48257.421593750	1400.000	4000.000	1.0000
48	Waveform 1	1	48278.954468750	48278.985343750	1400.000	4000.000	1.0000
48	Spectrogram 1	1	48278.954468750	48278.985343750	1400.000	4000.000	1.0000
49	Waveform 1	1	48293.189468750	48293.208968750	1400.000	4000.000	1.0000
49	Spectrogram 1	1	48293.189468750	48293.208968750	1400.000	4000.000	1.0000
50	Waveform 1	1	48298.542218750	48298.569843750	1400.000	4000.000	1.0000
50	Spectrogram 1	1	48298.542218750	48298.569843750	1400.000	4000.000	1.0000
51	Waveform 1	1	48301.400593750	48301.426593750	1400.000	4000.000	1.0000
51	Spectrogram 1	1	48301.400593750	48301.426593750	1400.000	4000.000	1.0000
52	Waveform 1	1	48321.700093750	48321.727718750	1400.000	4000.000	1.0000
52	Spectrogram 1	1	48321.700093750	48321.727718750	1400.000	4000.000	1.0000
53	Waveform 1	1	48323.318593750	48323.329968750	1400.000	4000.000	1.0000
53	Spectrogram 1	1	48323.318593750	48323.329968750	1400.000	4000.000	1.0000
54	Waveform 1	1	48324.386218750	48324.405718750	1400.000	4000.000	1.0000
54	Spectrogram 1	1	48324.386218750	48324.405718750	1400.000	4000.000	1.0000
55	Waveform 1	1	48339.084343750	48339.095718750	1400.000	4000.000	1.0000
55	Spectrogram 1	1	48339.084343750	48339.095718750	1400.000	4000.000	1.0000
56	Waveform 1	1	48369.710718750	48369.722093750	1400.000	4000.000	1.0000
56	Spectrogram 1	1	48369.710718750	48369.722093750	1400.000	4000.000	1.0000
57	Waveform 1	1	48372.907093750	48372.918468750	1400.000	4000.000	1.0000
57	Spectrogram 1	1	48372.907093750	48372.918468750	1400.000	4000.000	1.0000
58	Waveform 1	1	48374.254218750	48374.268843750	1400.000	4000.000	1.0000
58	Spectrogram 1	1	48374.254218750	48374.268843750	1400.000	4000.000	1.0000
59	Waveform 1	1	48390.383968750	48390.408343750	1400.000	4000.000	1.0000
59	Spectrogram 1	1	48390.383968750	48390.408343750	1400.000	4000.000	1.0000
60	Waveform 1	1	48408.094843750	48408.106218750	1400.000	4000.000	1.0000
60	Spectrogram 1	1	48408.094843750	48408.106218750	1400.000	4000.000	1.0000
61	Waveform 1	1	48433.233593750	48433.241718750	1400.000	4000.000	1.0000
61	Spectrogram 1	1	48433.233593750	48433.241718750	1400.000	4000.000	1.0000
62	Waveform 1	1	48460.947968750	48460.973968750	1400.000	4000.000	1.0000
62	Spectrogram 1	1	48460.947968750	48460.973968750	1400.000	4000.000	1.0000
63	Waveform 1	1	48462.738718750	48462.746843750	1400.000	4000.000	1.0000
63	Spectrogram 1	1	48462.738718750	48462.746843750	1400.000	4000.000	1.0000
64	Waveform 1	1	48464.540843750	48464.566843750	1400.000	4000.000	1.0000
64	Spectrogram 1	1	48464.540843750	48464.566843750	1400.000	4000.000	1.0000
65	Waveform 1	1	48467.933843750	48467.954968750	1400.000	4000.000	1.0000
65	Spectrogram 1	1	48467.933843750	48467.954968750	1400.000	4000.000	1.0000
66	Waveform 1	1	48468.460343750	48468.484718750	1400.000	4000.000	1.0000
66	Spectrogram 1	1	48468.460343750	48468.484718750	1400.000	4000.000	1.0000
67	Waveform 1	1	48503.022468750	48503.032218750	1400.000	4000.000	1.0000
67	Spectrogram 1	1	48503.022468750	48503.032218750	1400.000	4000.000	1.0000
68	Waveform 1	1	48528.983468750	48529.011093750	1400.000	4000.000	0.7059
68	Spectrogram 1	1	48528.983468750	48529.011093750	1400.000	4000.000	0.7059
69	Waveform 1	1	48544.042343750	48544.060218750	1400.000	4000.000	1.0000
69	Spectrogram 1	1	48544.042343750	48544.060218750	1400.000	4000.000	1.0000
70	Waveform 1	1	48545.119718750	48545.137593750	1400.000	4000.000	1.0000
70	Spectrogram 1	1	48545.119718750	48545.137593750	1400.000	4000.000	1.0000
71	Waveform 1	1	48547.640093750	48547.653093750	1400.000	4000.000	1.0000
71	Spectrogram 1	1	48547.640093750	48547.653093750	1400.000	4000.000	1.0000
72	Waveform 1	1	48559.297843750	48559.310843750	1400.000	4000.000	1.0000
72	Spectrogram 1	1	48559.297843750	48559.310843750	1400.000	4000.000	1.0000
73	Waveform 1	1	48570.321843750	48570.333218750	1400.000	4000.000	1.0000
73	Spectrogram 1	1	48570.321843750	48570.333218750	1400.000	4000.000	1.0000
74	Waveform 1	1	48574.254343750	48574.265718750	1400.000	4000.000	1.0000
74	Spectrogram 1	1	48574.254343750	48574.265718750	1400.000	4000.000	1.0000
75	Waveform 1	1	48574.533843750	48574.546843750	1400.000	4000.000	1.0000
75	Spectrogram 1	1	48574.533843750	48574.546843750	1400.000	4000.000	1.0000
76	Waveform 1	1	48575.655093750	48575.664843750	1400.000	4000.000	1.0000
76	Spectrogram 1	1	48575.655093750	48575.664843750	1400.000	4000.000	1.0000
77	Waveform 1	1	48605.184593750	48605.195968750	1400.000	4000.000	1.0000
77	Spectrogram 1	1	48605.184593750	48605.195968750	1400.000	4000.000	1.0000
78	Waveform 1	1	48653.245593750	48653.261843750	1400.000	4000.000	1.0000
78	Spectrogram 1	1	48653.245593750	48653.261843750	1400.000	4000.000	1.0000
79	Waveform 1	1	48654.582968750	48654.600843750	1400.000	4000.000	1.0000
79	Spectrogram 1	1	48654.582968750	48654.600843750	1400.000	4000.000	1.0000
80	Waveform 1	1	48679.893968750	48679.902093750	1400.000	4000.000	1.0000
80	Spectrogram 1	1	48679.893968750	48679.902093750	1400.000	4000.000	1.0000
81	Waveform 1	1	48742.295593750	48742.303718750	1400.000	4000.000	1.0000
81	Spectrogram 1	1	48742.295593750	48742.303718750	1400.000	4000.000	1.0000
82	Waveform 1	1	48744.759093750	48744.767218750	1400.000	4000.000	1.0000
82	Spectrogram 1	1	48744.759093750	48744.767218750	1400.000	4000.000	1.0000
83	Waveform 1	1	48783.209843750	48783.219593750	1400.000	4000.000	1.0000
83	Spectrogram 1	1	48783.209843750	48783.219593750	1400.000	4000.000	1.0000
84	Waveform 1	1	48791.529843750	48791.537968750	1400.000	4000.000	1.0000
84	Spectrogram 1	1	48791.529843750	48791.537968750	1400.000	4000.000	1.0000
85	Waveform 1	1	48799.116968750	48799.131593750	1400.000	4000.000	1.0000
85	Spectrogram 1	1	48799.116968750	48799.131593750	1400.000	4000.000	1.0000
86	Waveform 1	1	48802.020843750	48802.035468750	1400.000	4000.000	1.0000
86	Spectrogram 1	1	48802.020843750	48802.035468750	1400.000	4000.000	1.0000
87	Waveform 1	1	48815.139468750	48815.150843750	1400.000	4000.000	1.0000
87	Spectrogram 1	1	48815.139468750	48815.150843750	1400.000	4000.000	1.0000
88	Waveform 1	1	48817.459968750	48817.477843750	1400.000	4000.000	1.0000
88	Spectrogram 1	1	48817.459968750	48817.477843750	1400.000	4000.000	1.0000
89	Waveform 1	1	48818.623468750	48818.636468750	1400.000	4000.000	1.0000
89	Spectrogram 1	1	48818.623468750	48818.636468750	1400.000	4000.000	1.0000
90	Waveform 1	1	48821.554968750	48821.566343750	1400.000	4000.000	1.0000
90	Spectrogram 1	1	48821.554968750	48821.566343750	1400.000	4000.000	1.0000
91	Waveform 1	1	48854.687093750	48854.696843750	1400.000	4000.000	1.0000
91	Spectrogram 1	1	48854.687093750	48854.696843750	1400.000	4000.000	1.0000
92	Waveform 1	1	48863.813093750	48863.832593750	1400.000	4000.000	1.0000
92	Spectrogram 1	1	48863.813093750	48863.832593750	1400.000	4000.000	1.0000
93	Waveform 1	1	48864.485843750	48864.495593750	1400.000	4000.000	1.0000
93	Spectrogram 1	1	48864.485843750	48864.495593750	1400.000	4000.000	1.0000
94	Waveform 1	1	48865.472218750	48865.490093750	1400.000	4000.000	1.0000
94	Spectrogram 1	1	48865.472218750	48865.490093750	1400.000	4000.000	1.0000
95	Waveform 1	1	48866.970468750	48866.981843750	1400.000	4000.000	1.0000
95	Spectrogram 1	1	48866.970468750	48866.981843750	1400.000	4000.000	1.0000
96	Waveform 1	1	48869.546093750	48869.555843750	1400.000	4000.000	1.0000
96	Spectrogram 1	1	48869.546093750	48869.555843750	1400.000	4000.000	1.0000
97	Waveform 1	1	48883.833093750	48883.847718750	1400.000	4000.000	1.0000
97	Spectrogram 1	1	48883.833093750	48883.847718750	1400.000	4000.000	1.0000
98	Waveform 1	1	48955.705218750	48955.713343750	1400.000	4000.000	1.0000
98	Spectrogram 1	1	48955.705218750	48955.713343750	1400.000	4000.000	1.0000
99	Waveform 1	1	48961.197718750	48961.215593750	1400.000	4000.000	1.0000
99	Spectrogram 1	1	48961.197718750	48961.215593750	1400.000	4000.000	1.0000
100	Waveform 1	1	48968.745843750	48968.758843750	1400.000	4000.000	1.0000
100	Spectrogram 1	1	48968.745843750	48968.758843750	1400.000	4000.000	1.0000
101	Waveform 1	1	48982.234968750	48982.249593750	1400.000	4000.000	1.0000
101	Spectrogram 1	1	48982.234968750	48982.249593750	1400.000	4000.000	1.0000
102	Waveform 1	1	49013.787593750	49013.803843750	1400.000	4000.000	1.0000
102	Spectrogram 1	1	49013.787593750	49013.803843750	1400.000	4000.000	1.0000
103	Waveform 1	1	49021.740343750	49021.754968750	1400.000	4000.000	1.0000
103	Spectrogram 1	1	49021.740343750	49021.754968750	1400.000	4000.000	1.0000
104	Waveform 1	1	49044.147468750	49044.165343750	1400.000	4000.000	1.0000
104	Spectrogram 1	1	49044.147468750	49044.165343750	1400.000	4000.000	1.0000
105	Waveform 1	1	49074.801468750	49074.809593750	1400.000	4000.000	1.0000
105	Spectrogram 1	1	49074.801468750	49074.809593750	1400.000	4000.000	1.0000
106	Waveform 1	1	49080.734343750	49080.750593750	1400.000	4000.000	1.0000
106	Spectrogram 1	1	49080.734343750	49080.750593750	1400.000	4000.000	1.0000
107	Waveform 1	1	49091.992343750	49092.000468750	1400.000	4000.000	1.0000
107	Spectrogram 1	1	49091.992343750	49092.000468750	1400.000	4000.000	1.0000
108	Waveform 1	1	49097.735093750	49097.743218750	1400.000	4000.000	1.0000
108	Spectrogram 1	1	49097.735093750	49097.743218750	1400.000	4000.000	1.0000
109	Waveform 1	1	49100.726718750	49100.746218750	1400.000	4000.000	1.0000
109	Spectrogram 1	1	49100.726718750	49100.746218750	1400.000	4000.000	1.0000
110	Waveform 1	1	49103.547718750	49103.555843750	1400.000	4000.000	1.0000
110	Spectrogram 1	1	49103.547718750	49103.555843750	1400.000	4000.000	1.0000
111	Waveform 1	1	49129.011468750	49129.021218750	1400.000	4000.000	1.0000
111	Spectrogram 1	1	49129.011468750	49129.021218750	1400.000	4000.000	1.0000
112	Waveform 1	1	49130.881843750	49130.891593750	1400.000	4000.000	1.0000
112	Spectrogram 1	1	49130.881843750	49130.891593750	1400.000	4000.000	1.0000
113	Waveform 1	1	49131.889343750	49131.912093750	1400.000	4000.000	1.0000
113	Spectrogram 1	1	49131.889343750	49131.912093750	1400.000	4000.000	1.0000
114	Waveform 1	1	49132.089218750	49132.100593750	1400.000	4000.000	1.0000
114	Spectrogram 1	1	49132.089218750	49132.100593750	1400.000	4000.000	1.0000
115	Waveform 1	1	49132.381718750	49132.393093750	1400.000	4000.000	1.0000
115	Spectrogram 1	1	49132.381718750	49132.393093750	1400.000	4000.000	1.0000
116	Waveform 1	1	49132.492218750	49132.513343750	1400.000	4000.000	1.0000
116	Spectrogram 1	1	49132.492218750	49132.513343750	1400.000	4000.000	1.0000
117	Waveform 1	1	49138.431593750	49138.449468750	1400.000	4000.000	1.0000
117	Spectrogram 1	1	49138.431593750	49138.449468750	1400.000	4000.000	1.0000
118	Waveform 1	1	49138.829718750	49138.837843750	1400.000	4000.000	1.0000
118	Spectrogram 1	1	49138.829718750	49138.837843750	1400.000	4000.000	1.0000
119	Waveform 1	1	49141.431343750	49141.441093750	1400.000	4000.000	1.0000
119	Spectrogram 1	1	49141.431343750	49141.441093750	1400.000	4000.000	1.0000
120	Waveform 1	1	49142.425843750	49142.442093750	1400.000	4000.000	1.0000
120	Spectrogram 1	1	49142.425843750	49142.442093750	1400.000	4000.000	1.0000
121	Waveform 1	1	49142.812593750	49142.828843750	1400.000	4000.000	1.0000
121	Spectrogram 1	1	49142.812593750	49142.828843750	1400.000	4000.000	1.0000
122	Waveform 1	1	49143.404093750	49143.418718750	1400.000	4000.000	1.0000
122	Spectrogram 1	1	49143.404093750	49143.418718750	1400.000	4000.000	1.0000
123	Waveform 1	1	49148.373343750	49148.392843750	1400.000	4000.000	1.0000
123	Spectrogram 1	1	49148.373343750	49148.392843750	1400.000	4000.000	1.0000
124	Waveform 1	1	49151.330843750	49151.338968750	1400.000	4000.000	1.0000
124	Spectrogram 1	1	49151.330843750	49151.338968750	1400.000	4000.000	1.0000
125	Waveform 1	1	49151.738718750	49151.766343750	1400.000	4000.000	1.0000
125	Spectrogram 1	1	49151.738718750	49151.766343750	1400.000	4000.000	1.0000
126	Waveform 1	1	49154.718968750	49154.746593750	1400.000	4000.000	0.8824
126	Spectrogram 1	1	49154.718968750	49154.746593750	1400.000	4000.000	0.8824
127	Waveform 1	1	49156.304968750	49156.314718750	1400.000	4000.000	1.0000
127	Spectrogram 1	1	49156.304968750	49156.314718750	1400.000	4000.000	1.0000
128	Waveform 1	1	49157.499343750	49157.528593750	1400.000	4000.000	1.0000
128	Spectrogram 1	1	49157.499343750	49157.528593750	1400.000	4000.000	1.0000
129	Waveform 1	1	49157.707343750	49157.720343750	1400.000	4000.000	1.0000
129	Spectrogram 1	1	49157.707343750	49157.720343750	1400.000	4000.000	1.0000
130	Waveform 1	1	49161.163718750	49161.173468750	1400.000	4000.000	1.0000
130	Spectrogram 1	1	49161.163718750	49161.173468750	1400.000	4000.000	1.0000
131	Waveform 1	1	49163.186843750	49163.206343750	1400.000	4000.000	1.0000
131	Spectrogram 1	1	49163.186843750	49163.206343750	1400.000	4000.000	1.0000
132	Waveform 1	1	49165.190468750	49165.218093750	1400.000	4000.000	1.0000
132	Spectrogram 1	1	49165.190468750	49165.218093750	1400.000	4000.000	1.0000
133	Waveform 1	1	49168.087843750	49168.102468750	1400.000	4000.000	1.0000
133	Spectrogram 1	1	49168.087843750	49168.102468750	1400.000	4000.000	1.0000
134	Waveform 1	1	49177.319468750	49177.334093750	1400.000	4000.000	1.0000
134	Spectrogram 1	1	49177.319468750	49177.334093750	1400.000	4000.000	1.0000
135	Waveform 1	1	49179.537593750	49179.545718750	1400.000	4000.000	1.0000
135	Spectrogram 1	1	49179.537593750	49179.545718750	1400.000	4000.000	1.0000
136	Waveform 1	1	49183.117468750	49183.130468750	1400.000	4000.000	1.0000
136	Spectrogram 1	1	49183.117468750	49183.130468750	1400.000	4000.000	1.0000
137	Waveform 1	1	49184.121718750	49184.131468750	1400.000	4000.000	1.0000
137	Spectrogram 1	1	49184.121718750	49184.131468750	1400.000	4000.000	1.0000
138	Waveform 1	1	49190.984093750	49190.995468750	1400.000	4000.000	1.0000
138	Spectrogram 1	1	49190.984093750	49190.995468750	1400.000	4000.000	1.0000
139	Waveform 1	1	49195.941968750	49195.950093750	1400.000	4000.000	1.0000
139	Spectrogram 1	1	49195.941968750	49195.950093750	1400.000	4000.000	1.0000
140	Waveform 1	1	49213.810468750	49213.831593750	1400.000	4000.000	1.0000
140	Spectrogram 1	1	49213.810468750	49213.831593750	1400.000	4000.000	1.0000
141	Waveform 1	1	49213.929093750	49213.938843750	1400.000	4000.000	1.0000
141	Spectrogram 1	1	49213.929093750	49213.938843750	1400.000	4000.000	1.0000
142	Waveform 1	1	49221.855843750	49221.865593750	1400.000	4000.000	1.0000
142	Spectrogram 1	1	49221.855843750	49221.865593750	1400.000	4000.000	1.0000
143	Waveform 1	1	49225.702218750	49225.720093750	1400.000	4000.000	1.0000
143	Spectrogram 1	1	49225.702218750	49225.720093750	1400.000	4000.000	1.0000
144	Waveform 1	1	49231.700093750	49231.713093750	1400.000	4000.000	1.0000
144	Spectrogram 1	1	49231.700093750	49231.713093750	1400.000	4000.000	1.0000
145	Waveform 1	1	49232.644218750	49232.653968750	1400.000	4000.000	1.0000
145	Spectrogram 1	1	49232.644218750	49232.653968750	1400.000	4000.000	1.0000
146	Waveform 1	1	49239.672343750	49239.683718750	1400.000	4000.000	1.0000
146	Spectrogram 1	1	49239.672343750	49239.683718750	1400.000	4000.000	1.0000
147	Waveform 1	1	49269.481343750	49269.494343750	1400.000	4000.000	1.0000
147	Spectrogram 1	1	49269.481343750	49269.494343750	1400.000	4000.000	1.0000
148	Waveform 1	1	49272.550968750	49272.565593750	1400.000	4000.000	1.0000
148	Spectrogram 1	1	49272.550968750	49272.565593750	1400.000	4000.000	1.0000
149	Waveform 1	1	49273.558468750	49273.579593750	1400.000	4000.000	1.0000
149	Spectrogram 1	1	49273.558468750	49273.579593750	1400.000	4000.000	1.0000
150	Waveform 1	1	49328.064218750	49328.075593750	1400.000	4000.000	1.0000
150	Spectrogram 1	1	49328.064218750	49328.075593750	1400.000	4000.000	1.0000
151	Waveform 1	1	49356.045093750	49356.058093750	1400.000	4000.000	1.0000
151	Spectrogram 1	1	49356.045093750	49356.058093750	1400.000	4000.000	1.0000
152	Waveform 1	1	49356.249843750	49356.270968750	1400.000	4000.000	1.0000
152	Spectrogram 1	1	49356.249843750	49356.270968750	1400.000	4000.000	1.0000
153	Waveform 1	1	49358.094218750	49358.110468750	1400.000	4000.000	1.0000
153	Spectrogram 1	1	49358.094218750	49358.110468750	1400.000	4000.000	1.0000
154	Waveform 1	1	49359.127718750	49359.135843750	1400.000	4000.000	1.0000
154	Spectrogram 1	1	49359.127718750	49359.135843750	1400.000	4000.000	1.0000
155	Waveform 1	1	49361.089093750	49361.108593750	1400.000	4000.000	1.0000
155	Spectrogram 1	1	49361.089093750	49361.108593750	1400.000	4000.000	1.0000
156	Waveform 1	1	49362.091718750	49362.124218750	1400.000	4000.000	1.0000
156	Spectrogram 1	1	49362.091718750	49362.124218750	1400.000	4000.000	1.0000
157	Waveform 1	1	49364.280593750	49364.291968750	1400.000	4000.000	1.0000
157	Spectrogram 1	1	49364.280593750	49364.291968750	1400.000	4000.000	1.0000
158	Waveform 1	1	49368.794843750	49368.804593750	1400.000	4000.000	1.0000
158	Spectrogram 1	1	49368.794843750	49368.804593750	1400.000	4000.000	1.0000
159	Waveform 1	1	49376.507093750	49376.515218750	1400.000	4000.000	1.0000
159	Spectrogram 1	1	49376.507093750	49376.515218750	1400.000	4000.000	1.0000
160	Waveform 1	1	49376.627343750	49376.637093750	1400.000	4000.000	1.0000
160	Spectrogram 1	1	49376.627343750	49376.637093750	1400.000	4000.000	1.0000
161	Waveform 1	1	49404.257218750	49404.265343750	1400.000	4000.000	1.0000
161	Spectrogram 1	1	49404.257218750	49404.265343750	1400.000	4000.000	1.0000
162	Waveform 1	1	49415.537968750	49415.549343750	1400.000	4000.000	1.0000
162	Spectrogram 1	1	49415.537968750	49415.549343750	1400.000	4000.000	1.0000
163	Waveform 1	1	49473.716218750	49473.725968750	1400.000	4000.000	1.0000
163	Spectrogram 1	1	49473.716218750	49473.725968750	1400.000	4000.000	1.0000
164	Waveform 1	1	49485.936218750	49485.950843750	1400.000	4000.000	1.0000
164	Spectrogram 1	1	49485.936218750	49485.950843750	1400.000	4000.000	1.0000
165	Waveform 1	1	49486.734093750	49486.748718750	1400.000	4000.000	1.0000
165	Spectrogram 1	1	49486.734093750	49486.748718750	1400.000	4000.000	1.0000
166	Waveform 1	1	49488.183593750	49488.198218750	1400.000	4000.000	1.0000
166	Spectrogram 1	1	49488.183593750	49488.198218750	1400.000	4000.000	1.0000
167	Waveform 1	1	49503.734843750	49503.751093750	1400.000	4000.000	1.0000
167	Spectrogram 1	1	49503.734843750	49503.751093750	1400.000	4000.000	1.0000
168	Waveform 1	1	49507.964718750	49507.979343750	1400.000	4000.000	1.0000
168	Spectrogram 1	1	49507.964718750	49507.979343750	1400.000	4000.000	1.0000
169	Waveform 1	1	49519.484343750	49519.497343750	1400.000	4000.000	1.0000
169	Spectrogram 1	1	49519.484343750	49519.497343750	1400.000	4000.000	1.0000
170	Waveform 1	1	49519.557468750	49519.568843750	1400.000	4000.000	1.0000
170	Spectrogram 1	1	49519.557468750	49519.568843750	1400.000	4000.000	1.0000
171	Waveform 1	1	49519.653343750	49519.664718750	1400.000	4000.000	1.0000
171	Spectrogram 1	1	49519.653343750	49519.664718750	1400.000	4000.000	1.0000
172	Waveform 1	1	49527.927843750	49527.935968750	1400.000	4000.000	1.0000
172	Spectrogram 1	1	49527.927843750	49527.935968750	1400.000	4000.000	1.0000
173	Waveform 1	1	49528.962968750	49528.974343750	1400.000	4000.000	1.0000
173	Spectrogram 1	1	49528.962968750	49528.974343750	1400.000	4000.000	1.0000
174	Waveform 1	1	49529.884343750	49529.911968750	1400.000	4000.000	1.0000
174	Spectrogram 1	1	49529.884343750	49529.911968750	1400.000	4000.000	1.0000
175	Waveform 1	1	49531.246093750	49531.255843750	1400.000	4000.000	1.0000
175	Spectrogram 1	1	49531.246093750	49531.255843750	1400.000	4000.000	1.0000
176	Waveform 1	1	49535.024218750	49535.035593750	1400.000	4000.000	1.0000
176	Spectrogram 1	1	49535.024218750	49535.035593750	1400.000	4000.000	1.0000
177	Waveform 1	1	49537.081468750	49537.097718750	1400.000	4000.000	1.0000
177	Spectrogram 1	1	49537.081468750	49537.097718750	1400.000	4000.000	1.0000
178	Waveform 1	1	49562.811718750	49562.831218750	1400.000	4000.000	1.0000
178	Spectrogram 1	1	49562.811718750	49562.831218750	1400.000	4000.000	1.0000
179	Waveform 1	1	49563.357718750	49563.367468750	1400.000	4000.000	1.0000
179	Spectrogram 1	1	49563.357718750	49563.367468750	1400.000	4000.000	1.0000
180	Waveform 1	1	49566.924593750	49566.932718750	1400.000	4000.000	1.0000
180	Spectrogram 1	1	49566.924593750	49566.932718750	1400.000	4000.000	1.0000
181	Waveform 1	1	49574.253343750	49574.267968750	1400.000	4000.000	1.0000
181	Spectrogram 1	1	49574.253343750	49574.267968750	1400.000	4000.000	1.0000
182	Waveform 1	1	49575.143843750	49575.163343750	1400.000	4000.000	1.0000
182	Spectrogram 1	1	49575.143843750	49575.163343750	1400.000	4000.000	1.0000
183	Waveform 1	1	49588.647593750	49588.667093750	1400.000	4000.000	1.0000
183	Spectrogram 1	1	49588.647593750	49588.667093750	1400.000	4000.000	1.0000
184	Waveform 1	1	49589.557593750	49589.572218750	1400.000	4000.000	1.0000
184	Spectrogram 1	1	49589.557593750	49589.572218750	1400.000	4000.000	1.0000
185	Waveform 1	1	49589.689218750	49589.697343750	1400.000	4000.000	1.0000
185	Spectrogram 1	1	49589.689218750	49589.697343750	1400.000	4000.000	1.0000
186	Waveform 1	1	49591.749718750	49591.764343750	1400.000	4000.000	1.0000
186	Spectrogram 1	1	49591.749718750	49591.764343750	1400.000	4000.000	1.0000
187	Waveform 1	1	49598.456093750	49598.472343750	1400.000	4000.000	1.0000
187	Spectrogram 1	1	49598.456093750	49598.472343750	1400.000	4000.000	1.0000
188	Waveform 1	1	49598.834718750	49598.854218750	1400.000	4000.000	1.0000
188	Spectrogram 1	1	49598.834718750	49598.854218750	1400.000	4000.000	1.0000
189	Waveform 1	1	49599.616343750	49599.624468750	1400.000	4000.000	1.0000
189	Spectrogram 1	1	49599.616343750	49599.624468750	1400.000	4000.000	1.0000
190	Waveform 1	1	49599.863343750	49599.882843750	1400.000	4000.000	1.0000
190	Spectrogram 1	1	49599.863343750	49599.882843750	1400.000	4000.000	1.0000
191	Waveform 1	1	49599.990093750	49600.006343750	1400.000	4000.000	1.0000
191	Spectrogram 1	1	49599.990093750	49600.006343750	1400.000	4000.000	1.0000
192	Waveform 1	1	49601.047968750	49601.064218750	1400.000	4000.000	1.0000
192	Spectrogram 1	1	49601.047968750	49601.064218750	1400.000	4000.000	1.0000
193	Waveform 1	1	49613.370343750	49613.386593750	1400.000	4000.000	1.0000
193	Spectrogram 1	1	49613.370343750	49613.386593750	1400.000	4000.000	1.0000
194	Waveform 1	1	49627.319343750	49627.329093750	1400.000	4000.000	1.0000
194	Spectrogram 1	1	49627.319343750	49627.329093750	1400.000	4000.000	1.0000
195	Waveform 1	1	49628.219593750	49628.229343750	1400.000	4000.000	1.0000
195	Spectrogram 1	1	49628.219593750	49628.229343750	1400.000	4000.000	1.0000
196	Waveform 1	1	49629.051593750	49629.059718750	1400.000	4000.000	1.0000
196	Spectrogram 1	1	49629.051593750	49629.059718750	1400.000	4000.000	1.0000
197	Waveform 1	1	49630.788718750	49630.801718750	1400.000	4000.000	1.0000
197	Spectrogram 1	1	49630.788718750	49630.801718750	1400.000	4000.000	1.0000
198	Waveform 1	1	49631.814093750	49631.827093750	1400.000	4000.000	1.0000
198	Spectrogram 1	1	49631.814093750	49631.827093750	1400.000	4000.000	1.0000
199	Waveform 1	1	49632.134218750	49632.148843750	1400.000	4000.000	1.0000
199	Spectrogram 1	1	49632.134218750	49632.148843750	1400.000	4000.000	1.0000
200	Waveform 1	1	49635.007218750	49635.023468750	1400.000	4000.000	1.0000
200	Spectrogram 1	1	49635.007218750	49635.023468750	1400.000	4000.000	1.0000
201	Waveform 1	1	49640.684968750	49640.693093750	1400.000	4000.000	1.0000
201	Spectrogram 1	1	49640.684968750	49640.693093750	1400.000	4000.000	1.0000
202	Waveform 1	1	49645.314593750	49645.329218750	1400.000	4000.000	1.0000
202	Spectrogram 1	1	49645.314593750	49645.329218750	1400.000	4000.000	1.0000
203	Waveform 1	1	49646.362718750	49646.370843750	1400.000	4000.000	1.0000
203	Spectrogram 1	1	49646.362718750	49646.370843750	1400.000	4000.000	1.0000
204	Waveform 1	1	49647.371843750	49647.383218750	1400.000	4000.000	1.0000
204	Spectrogram 1	1	49647.371843750	49647.383218750	1400.000	4000.000	1.0000
205	Waveform 1	1	49651.730093750	49651.739843750	1400.000	4000.000	1.0000
205	Spectrogram 1	1	49651.730093750	49651.739843750	1400.000	4000.000	1.0000
206	Waveform 1	1	49653.571218750	49653.585843750	1400.000	4000.000	1.0000
206	Spectrogram 1	1	49653.571218750	49653.585843750	1400.000	4000.000	1.0000
207	Waveform 1	1	49656.544968750	49656.554718750	1400.000	4000.000	1.0000
207	Spectrogram 1	1	49656.544968750	49656.554718750	1400.000	4000.000	1.0000
208	Waveform 1	1	49656.661968750	49656.676593750	1400.000	4000.000	1.0000
208	Spectrogram 1	1	49656.661968750	49656.676593750	1400.000	4000.000	1.0000
209	Waveform 1	1	49659.640593750	49659.648718750	1400.000	4000.000	1.0000
209	Spectrogram 1	1	49659.640593750	49659.648718750	1400.000	4000.000	1.0000
210	Waveform 1	1	49659.972093750	49659.983468750	1400.000	4000.000	1.0000
210	Spectrogram 1	1	49659.972093750	49659.983468750	1400.000	4000.000	1.0000
211	Waveform 1	1	49660.150843750	49660.162218750	1400.000	4000.000	1.0000
211	Spectrogram 1	1	49660.150843750	49660.162218750	1400.000	4000.000	1.0000
212	Waveform 1	1	49661.697843750	49661.705968750	1400.000	4000.000	1.0000
212	Spectrogram 1	1	49661.697843750	49661.705968750	1400.000	4000.000	1.0000
213	Waveform 1	1	49664.786968750	49664.799968750	1400.000	4000.000	1.0000
213	Spectrogram 1	1	49664.786968750	49664.799968750	1400.000	4000.000	1.0000
214	Waveform 1	1	49665.787968750	49665.813968750	1400.000	4000.000	1.0000
214	Spectrogram 1	1	49665.787968750	49665.813968750	1400.000	4000.000	1.0000
215	Waveform 1	1	49669.947968750	49669.956093750	1400.000	4000.000	1.0000
215	Spectrogram 1	1	49669.947968750	49669.956093750	1400.000	4000.000	1.0000
216	Waveform 1	1	49670.966843750	49670.976593750	1400.000	4000.000	1.0000
216	Spectrogram 1	1	49670.966843750	49670.976593750	1400.000	4000.000	1.0000
217	Waveform 1	1	49671.498218750	49671.520968750	1400.000	4000.000	1.0000
217	Spectrogram 1	1	49671.498218750	49671.520968750	1400.000	4000.000	1.0000
218	Waveform 1	1	49675.099218750	49675.108968750	1400.000	4000.000	1.0000
218	Spectrogram 1	1	49675.099218750	49675.108968750	1400.000	4000.000	1.0000
219	Waveform 1	1	49676.465843750	49676.475593750	1400.000	4000.000	1.0000
219	Spectrogram 1	1	49676.465843750	49676.475593750	1400.000	4000.000	1.0000
220	Waveform 1	1	49677.169468750	49677.179218750	1400.000	4000.000	1.0000
220	Spectrogram 1	1	49677.169468750	49677.179218750	1400.000	4000.000	1.0000
221	Waveform 1	1	49678.180218750	49678.206218750	1400.000	4000.000	1.0000
221	Spectrogram 1	1	49678.180218750	49678.206218750	1400.000	4000.000	1.0000
222	Waveform 1	1	49679.234843750	49679.247843750	1400.000	4000.000	1.0000
222	Spectrogram 1	1	49679.234843750	49679.247843750	1400.000	4000.000	1.0000
223	Waveform 1	1	49681.277468750	49681.298593750	1400.000	4000.000	1.0000
223	Spectrogram 1	1	49681.277468750	49681.298593750	1400.000	4000.000	1.0000
224	Waveform 1	1	49683.867718750	49683.879093750	1400.000	4000.000	1.0000
224	Spectrogram 1	1	49683.867718750	49683.879093750	1400.000	4000.000	1.0000
225	Waveform 1	1	49685.408218750	49685.421218750	1400.000	4000.000	1.0000
225	Spectrogram 1	1	49685.408218750	49685.421218750	1400.000	4000.000	1.0000
226	Waveform 1	1	49685.521968750	49685.533343750	1400.000	4000.000	1.0000
226	Spectrogram 1	1	49685.521968750	49685.533343750	1400.000	4000.000	1.0000
227	Waveform 1	1	49686.344218750	49686.358843750	1400.000	4000.000	1.0000
227	Spectrogram 1	1	49686.344218750	49686.358843750	1400.000	4000.000	1.0000
228	Waveform 1	1	49688.004968750	49688.016343750	1400.000	4000.000	1.0000
228	Spectrogram 1	1	49688.004968750	49688.016343750	1400.000	4000.000	1.0000
229	Waveform 1	1	49692.512718750	49692.525718750	1400.000	4000.000	1.0000
229	Spectrogram 1	1	49692.512718750	49692.525718750	1400.000	4000.000	1.0000
230	Waveform 1	1	49694.790968750	49694.799093750	1400.000	4000.000	1.0000
230	Spectrogram 1	1	49694.790968750	49694.799093750	1400.000	4000.000	1.0000
231	Waveform 1	1	49695.717218750	49695.733468750	1400.000	4000.000	1.0000
231	Spectrogram 1	1	49695.717218750	49695.733468750	1400.000	4000.000	1.0000
232	Waveform 1	1	49696.029218750	49696.045468750	1400.000	4000.000	1.0000
232	Spectrogram 1	1	49696.029218750	49696.045468750	1400.000	4000.000	1.0000
233	Waveform 1	1	49696.755593750	49696.779968750	1400.000	4000.000	1.0000
233	Spectrogram 1	1	49696.755593750	49696.779968750	1400.000	4000.000	1.0000
234	Waveform 1	1	49697.787468750	49697.815093750	1400.000	4000.000	1.0000
234	Spectrogram 1	1	49697.787468750	49697.815093750	1400.000	4000.000	1.0000
235	Waveform 1	1	49700.967593750	49700.988718750	1400.000	4000.000	1.0000
235	Spectrogram 1	1	49700.967593750	49700.988718750	1400.000	4000.000	1.0000
236	Waveform 1	1	49702.431718750	49702.447968750	1400.000	4000.000	1.0000
236	Spectrogram 1	1	49702.431718750	49702.447968750	1400.000	4000.000	1.0000
237	Waveform 1	1	49702.924093750	49702.943593750	1400.000	4000.000	1.0000
237	Spectrogram 1	1	49702.924093750	49702.943593750	1400.000	4000.000	1.0000
238	Waveform 1	1	49705.545218750	49705.566343750	1400.000	4000.000	1.0000
238	Spectrogram 1	1	49705.545218750	49705.566343750	1400.000	4000.000	1.0000
239	Waveform 1	1	49713.210343750	49713.233093750	1400.000	4000.000	1.0000
239	Spectrogram 1	1	49713.210343750	49713.233093750	1400.000	4000.000	1.0000
240	Waveform 1	1	49715.296843750	49715.322843750	1400.000	4000.000	1.0000
240	Spectrogram 1	1	49715.296843750	49715.322843750	1400.000	4000.000	1.0000
241	Waveform 1	1	49715.818468750	49715.844468750	1400.000	4000.000	1.0000
241	Spectrogram 1	1	49715.818468750	49715.844468750	1400.000	4000.000	1.0000
242	Waveform 1	1	49716.327093750	49716.344968750	1400.000	4000.000	1.0000
242	Spectrogram 1	1	49716.327093750	49716.344968750	1400.000	4000.000	1.0000
243	Waveform 1	1	49724.695843750	49724.715343750	1400.000	4000.000	1.0000
243	Spectrogram 1	1	49724.695843750	49724.715343750	1400.000	4000.000	1.0000
244	Waveform 1	1	49727.607843750	49727.624093750	1400.000	4000.000	1.0000
244	Spectrogram 1	1	49727.607843750	49727.624093750	1400.000	4000.000	1.0000
245	Waveform 1	1	49727.656593750	49727.679343750	1400.000	4000.000	1.0000
245	Spectrogram 1	1	49727.656593750	49727.679343750	1400.000	4000.000	1.0000
246	Waveform 1	1	49728.389468750	49728.402468750	1400.000	4000.000	1.0000
246	Spectrogram 1	1	49728.389468750	49728.402468750	1400.000	4000.000	1.0000
247	Waveform 1	1	49732.773718750	49732.789968750	1400.000	4000.000	1.0000
247	Spectrogram 1	1	49732.773718750	49732.789968750	1400.000	4000.000	1.0000
248	Waveform 1	1	49736.884968750	49736.917468750	1400.000	4000.000	1.0000
248	Spectrogram 1	1	49736.884968750	49736.917468750	1400.000	4000.000	1.0000
249	Waveform 1	1	49740.988093750	49740.996218750	1400.000	4000.000	1.0000
249	Spectrogram 1	1	49740.988093750	49740.996218750	1400.000	4000.000	1.0000
250	Waveform 1	1	49745.157843750	49745.170843750	1400.000	4000.000	1.0000
250	Spectrogram 1	1	49745.157843750	49745.170843750	1400.000	4000.000	1.0000
251	Waveform 1	1	49748.771843750	49748.789718750	1400.000	4000.000	1.0000
251	Spectrogram 1	1	49748.771843750	49748.789718750	1400.000	4000.000	1.0000
252	Waveform 1	1	49751.436843750	49751.444968750	1400.000	4000.000	1.0000
252	Spectrogram 1	1	49751.436843750	49751.444968750	1400.000	4000.000	1.0000
253	Waveform 1	1	49759.565093750	49759.574843750	1400.000	4000.000	1.0000
253	Spectrogram 1	1	49759.565093750	49759.574843750	1400.000	4000.000	1.0000
254	Waveform 1	1	49763.812843750	49763.829093750	1400.000	4000.000	1.0000
254	Spectrogram 1	1	49763.812843750	49763.829093750	1400.000	4000.000	1.0000
255	Waveform 1	1	49767.946843750	49767.966343750	1400.000	4000.000	1.0000
255	Spectrogram 1	1	49767.946843750	49767.966343750	1400.000	4000.000	1.0000
256	Waveform 1	1	49778.109593750	49778.119343750	1400.000	4000.000	1.0000
256	Spectrogram 1	1	49778.109593750	49778.119343750	1400.000	4000.000	1.0000
257	Waveform 1	1	49778.663718750	49778.673468750	1400.000	4000.000	1.0000
257	Spectrogram 1	1	49778.663718750	49778.673468750	1400.000	4000.000	1.0000
258	Waveform 1	1	49788.429968750	49788.449468750	1400.000	4000.000	1.0000
258	Spectrogram 1	1	49788.429968750	49788.449468750	1400.000	4000.000	1.0000
259	Waveform 1	1	49793.506468750	49793.517843750	1400.000	4000.000	1.0000
259	Spectrogram 1	1	49793.506468750	49793.517843750	1400.000	4000.000	1.0000
260	Waveform 1	1	49801.964593750	49801.974343750	1400.000	4000.000	1.0000
260	Spectrogram 1	1	49801.964593750	49801.974343750	1400.000	4000.000	1.0000
261	Waveform 1	1	49802.400093750	49802.409843750	1400.000	4000.000	1.0000
261	Spectrogram 1	1	49802.400093750	49802.409843750	1400.000	4000.000	1.0000
262	Waveform 1	1	49803.912968750	49803.932468750	1400.000	4000.000	1.0000
262	Spectrogram 1	1	49803.912968750	49803.932468750	1400.000	4000.000	1.0000
263	Waveform 1	1	49804.038093750	49804.054343750	1400.000	4000.000	1.0000
263	Spectrogram 1	1	49804.038093750	49804.054343750	1400.000	4000.000	1.0000
264	Waveform 1	1	49806.989093750	49807.006968750	1400.000	4000.000	1.0000
264	Spectrogram 1	1	49806.989093750	49807.006968750	1400.000	4000.000	1.0000
265	Waveform 1	1	49809.031718750	49809.046343750	1400.000	4000.000	1.0000
265	Spectrogram 1	1	49809.031718750	49809.046343750	1400.000	4000.000	1.0000
266	Waveform 1	1	49810.081468750	49810.092843750	1400.000	4000.000	1.0000
266	Spectrogram 1	1	49810.081468750	49810.092843750	1400.000	4000.000	1.0000
267	Waveform 1	1	49814.559968750	49814.590843750	1400.000	4000.000	1.0000
267	Spectrogram 1	1	49814.559968750	49814.590843750	1400.000	4000.000	1.0000
268	Waveform 1	1	49828.661718750	49828.679593750	1400.000	4000.000	1.0000
268	Spectrogram 1	1	49828.661718750	49828.679593750	1400.000	4000.000	1.0000
269	Waveform 1	1	49828.785218750	49828.798218750	1400.000	4000.000	1.0000
269	Spectrogram 1	1	49828.785218750	49828.798218750	1400.000	4000.000	1.0000
270	Waveform 1	1	49833.309218750	49833.328718750	1400.000	4000.000	1.0000
270	Spectrogram 1	1	49833.309218750	49833.328718750	1400.000	4000.000	1.0000
271	Waveform 1	1	49835.905968750	49835.920593750	1400.000	4000.000	1.0000
271	Spectrogram 1	1	49835.905968750	49835.920593750	1400.000	4000.000	1.0000
272	Waveform 1	1	49850.326218750	49850.342468750	1400.000	4000.000	1.0000
272	Spectrogram 1	1	49850.326218750	49850.342468750	1400.000	4000.000	1.0000
273	Waveform 1	1	49858.538968750	49858.550343750	1400.000	4000.000	1.0000
273	Spectrogram 1	1	49858.538968750	49858.550343750	1400.000	4000.000	1.0000
274	Waveform 1	1	49867.864843750	49867.872968750	1400.000	4000.000	1.0000
274	Spectrogram 1	1	49867.864843750	49867.872968750	1400.000	4000.000	1.0000
275	Waveform 1	1	49868.830093750	49868.846343750	1400.000	4000.000	1.0000
275	Spectrogram 1	1	49868.830093750	49868.846343750	1400.000	4000.000	1.0000
276	Waveform 1	1	49885.396968750	49885.413218750	1400.000	4000.000	1.0000
276	Spectrogram 1	1	49885.396968750	49885.413218750	1400.000	4000.000	1.0000
277	Waveform 1	1	49887.483468750	49887.496468750	1400.000	4000.000	1.0000
277	Spectrogram 1	1	49887.483468750	49887.496468750	1400.000	4000.000	1.0000
278	Waveform 1	1	49905.275593750	49905.286968750	1400.000	4000.000	1.0000
278	Spectrogram 1	1	49905.275593750	49905.286968750	1400.000	4000.000	1.0000
279	Waveform 1	1	49932.788468750	49932.799843750	1400.000	4000.000	1.0000
279	Spectrogram 1	1	49932.788468750	49932.799843750	1400.000	4000.000	1.0000
280	Waveform 1	1	50001.948468750	50001.959843750	1400.000	4000.000	1.0000
280	Spectrogram 1	1	50001.948468750	50001.959843750	1400.000	4000.000	1.0000
281	Waveform 1	1	50003.674218750	50003.685593750	1400.000	4000.000	1.0000
281	Spectrogram 1	1	50003.674218750	50003.685593750	1400.000	4000.000	1.0000
282	Waveform 1	1	50005.042468750	50005.053843750	1400.000	4000.000	1.0000
282	Spectrogram 1	1	50005.042468750	50005.053843750	1400.000	4000.000	1.0000
283	Waveform 1	1	50011.261343750	50011.275968750	1400.000	4000.000	1.0000
283	Spectrogram 1	1	50011.261343750	50011.275968750	1400.000	4000.000	1.0000
284	Waveform 1	1	50018.481218750	50018.497468750	1400.000	4000.000	1.0000
284	Spectrogram 1	1	50018.481218750	50018.497468750	1400.000	4000.000	1.0000
285	Waveform 1	1	50039.784968750	50039.797968750	1400.000	4000.000	1.0000
285	Spectrogram 1	1	50039.784968750	50039.797968750	1400.000	4000.000	1.0000
286	Waveform 1	1	50054.778843750	50054.796718750	1400.000	4000.000	1.0000
286	Spectrogram 1	1	50054.778843750	50054.796718750	1400.000	4000.000	1.0000
287	Waveform 1	1	50055.139593750	50055.154218750	1400.000	4000.000	1.0000
287	Spectrogram 1	1	50055.139593750	50055.154218750	1400.000	4000.000	1.0000
288	Waveform 1	1	50088.408218750	50088.419593750	1400.000	4000.000	1.0000
288	Spectrogram 1	1	50088.408218750	50088.419593750	1400.000	4000.000	1.0000
289	Waveform 1	1	50088.755968750	50088.764093750	1400.000	4000.000	1.0000
289	Spectrogram 1	1	50088.755968750	50088.764093750	1400.000	4000.000	1.0000
290	Waveform 1	1	50125.328218750	50125.339593750	1400.000	4000.000	1.0000
290	Spectrogram 1	1	50125.328218750	50125.339593750	1400.000	4000.000	1.0000
291	Waveform 1	1	50128.922718750	50128.932468750	1400.000	4000.000	1.0000
291	Spectrogram 1	1	50128.922718750	50128.932468750	1400.000	4000.000	1.0000
292	Waveform 1	1	50144.951718750	50144.964718750	1400.000	4000.000	1.0000
292	Spectrogram 1	1	50144.951718750	50144.964718750	1400.000	4000.000	1.0000
293	Waveform 1	1	50148.531593750	50148.551093750	1400.000	4000.000	1.0000
293	Spectrogram 1	1	50148.531593750	50148.551093750	1400.000	4000.000	1.0000
294	Waveform 1	1	50152.676968750	50152.694843750	1400.000	4000.000	1.0000
294	Spectrogram 1	1	50152.676968750	50152.694843750	1400.000	4000.000	1.0000
295	Waveform 1	1	50154.412468750	50154.423843750	1400.000	4000.000	1.0000
295	Spectrogram 1	1	50154.412468750	50154.423843750	1400.000	4000.000	1.0000
296	Waveform 1	1	50154.742343750	50154.765093750	1400.000	4000.000	1.0000
296	Spectrogram 1	1	50154.742343750	50154.765093750	1400.000	4000.000	1.0000
297	Waveform 1	1	50166.079968750	50166.092968750	1400.000	4000.000	1.0000
297	Spectrogram 1	1	50166.079968750	50166.092968750	1400.000	4000.000	1.0000
298	Waveform 1	1	50170.235093750	50170.251343750	1400.000	4000.000	1.0000
298	Spectrogram 1	1	50170.235093750	50170.251343750	1400.000	4000.000	1.0000
299	Waveform 1	1	50231.148218750	50231.156343750	1400.000	4000.000	1.0000
299	Spectrogram 1	1	50231.148218750	50231.156343750	1400.000	4000.000	1.0000
300	Waveform 1	1	50250.430468750	50250.445093750	1400.000	4000.000	1.0000
300	Spectrogram 1	1	50250.430468750	50250.445093750	1400.000	4000.000	1.0000
301	Waveform 1	1	50250.757093750	50250.771718750	1400.000	4000.000	1.0000
301	Spectrogram 1	1	50250.757093750	50250.771718750	1400.000	4000.000	1.0000
302	Waveform 1	1	50257.993218750	50258.007843750	1400.000	4000.000	1.0000
302	Spectrogram 1	1	50257.993218750	50258.007843750	1400.000	4000.000	1.0000
303	Waveform 1	1	50264.182843750	50264.190968750	1400.000	4000.000	1.0000
303	Spectrogram 1	1	50264.182843750	50264.190968750	1400.000	4000.000	1.0000
304	Waveform 1	1	50283.497593750	50283.507343750	1400.000	4000.000	1.0000
304	Spectrogram 1	1	50283.497593750	50283.507343750	1400.000	4000.000	1.0000
305	Waveform 1	1	50328.272843750	50328.284218750	1400.000	4000.000	1.0000
305	Spectrogram 1	1	50328.272843750	50328.284218750	1400.000	4000.000	1.0000
306	Waveform 1	1	50336.513218750	50336.527843750	1400.000	4000.000	1.0000
306	Spectrogram 1	1	50336.513218750	50336.527843750	1400.000	4000.000	1.0000
307	Waveform 1	1	50366.512343750	50366.525343750	1400.000	4000.000	1.0000
307	Spectrogram 1	1	50366.512343750	50366.525343750	1400.000	4000.000	1.0000
308	Waveform 1	1	50393.142843750	50393.155843750	1400.000	4000.000	1.0000
308	Spectrogram 1	1	50393.142843750	50393.155843750	1400.000	4000.000	1.0000
309	Waveform 1	1	50421.229343750	50421.242343750	1400.000	4000.000	1.0000
309	Spectrogram 1	1	50421.229343750	50421.242343750	1400.000	4000.000	1.0000
310	Waveform 1	1	50569.112468750	50569.125468750	1400.000	4000.000	1.0000
310	Spectrogram 1	1	50569.112468750	50569.125468750	1400.000	4000.000	1.0000
311	Waveform 1	1	50598.074843750	50598.089468750	1400.000	4000.000	1.0000
311	Spectrogram 1	1	50598.074843750	50598.089468750	1400.000	4000.000	1.0000
312	Waveform 1	1	50727.402093750	50727.419968750	1400.000	4000.000	1.0000
312	Spectrogram 1	1	50727.402093750	50727.419968750	1400.000	4000.000	1.0000
313	Waveform 1	1	50736.695468750	50736.703593750	1400.000	4000.000	1.0000
313	Spectrogram 1	1	50736.695468750	50736.703593750	1400.000	4000.000	1.0000
314	Waveform 1	1	54460.677093750	54460.691718750	1400.000	4000.000	1.0000
314	Spectrogram 1	1	54460.677093750	54460.691718750	1400.000	4000.000	1.0000
315	Waveform 1	1	60203.904843750	60203.924343750	1400.000	4000.000	1.0000
315	Spectrogram 1	1	60203.904843750	60203.924343750	1400.000	4000.000	1.0000
316	Waveform 1	1	60233.063843750	60233.088218750	1400.000	4000.000	1.0000
316	Spectrogram 1	1	60233.063843750	60233.088218750	1400.000	4000.000	1.0000
317	Waveform 1	1	60377.864343750	60377.893593750	1400.000	4000.000	1.0000
317	Spectrogram 1	1	60377.864343750	60377.893593750	1400.000	4000.000	1.0000
318	Waveform 1	1	60386.250968750	60386.265593750	1400.000	4000.000	1.0000
318	Spectrogram 1	1	60386.250968750	60386.265593750	1400.000	4000.000	1.0000
319	Waveform 1	1	60389.002093750	60389.011843750	1400.000	4000.000	1.0000
319	Spectrogram 1	1	60389.002093750	60389.011843750	1400.000	4000.000	1.0000
320	Waveform 1	1	60389.112593750	60389.122343750	1400.000	4000.000	1.0000
320	Spectrogram 1	1	60389.112593750	60389.122343750	1400.000	4000.000	1.0000
321	Waveform 1	1	60401.485343750	60401.499968750	1400.000	4000.000	1.0000
321	Spectrogram 1	1	60401.485343750	60401.499968750	1400.000	4000.000	1.0000
322	Waveform 1	1	61400.770968750	61400.779093750	1400.000	4000.000	1.0000
322	Spectrogram 1	1	61400.770968750	61400.779093750	1400.000	4000.000	1.0000
323	Waveform 1	1	61432.100968750	61432.113968750	1400.000	4000.000	1.0000
323	Spectrogram 1	1	61432.100968750	61432.113968750	1400.000	4000.000	1.0000
324	Waveform 1	1	61816.320843750	61816.328968750	1400.000	4000.000	1.0000
324	Spectrogram 1	1	61816.320843750	61816.328968750	1400.000	4000.000	1.0000
325	Waveform 1	1	62021.132593750	62021.145593750	1400.000	4000.000	1.0000
325	Spectrogram 1	1	62021.132593750	62021.145593750	1400.000	4000.000	1.0000
326	Waveform 1	1	64349.788468750	64349.817718750	1400.000	4000.000	1.0000
326	Spectrogram 1	1	64349.788468750	64349.817718750	1400.000	4000.000	1.0000
327	Waveform 1	1	69076.071718750	69076.079843750	1400.000	4000.000	1.0000
327	Spectrogram 1	1	69076.071718750	69076.079843750	1400.000	4000.000	1.0000
328	Waveform 1	1	72936.849093750	72936.873468750	1400.000	4000.000	1.0000
328	Spectrogram 1	1	72936.849093750	72936.873468750	1400.000	4000.000	1.0000
329	Waveform 1	1	72936.928718750	72936.936843750	1400.000	4000.000	1.0000
329	Spectrogram 1	1	72936.928718750	72936.936843750	1400.000	4000.000	1.0000
330	Waveform 1	1	73901.739968750	73901.751343750	1400.000	4000.000	1.0000
330	Spectrogram 1	1	73901.739968750	73901.751343750	1400.000	4000.000	1.0000
331	Waveform 1	1	74247.994968750	74248.004718750	1400.000	4000.000	1.0000
331	Spectrogram 1	1	74247.994968750	74248.004718750	1400.000	4000.000	1.0000
332	Waveform 1	1	74809.237468750	74809.256968750	1400.000	4000.000	1.0000
332	Spectrogram 1	1	74809.237468750	74809.256968750	1400.000	4000.000	1.0000
333	Waveform 1	1	78835.438218750	78835.449593750	1400.000	4000.000	1.0000
333	Spectrogram 1	1	78835.438218750	78835.449593750	1400.000	4000.000	1.0000
334	Waveform 1	1	78838.004093750	78838.033343750	1400.000	4000.000	1.0000
334	Spectrogram 1	1	78838.004093750	78838.033343750	1400.000	4000.000	1.0000
335	Waveform 1	1	78838.332343750	78838.346968750	1400.000	4000.000	1.0000
335	Spectrogram 1	1	78838.332343750	78838.346968750	1400.000	4000.000	1.0000
336	Waveform 1	1	78838.550093750	78838.566343750	1400.000	4000.000	1.0000
336	Spectrogram 1	1	78838.550093750	78838.566343750	1400.000	4000.000	1.0000
337	Waveform 1	1	78844.273343750	78844.281468750	1400.000	4000.000	1.0000
337	Spectrogram 1	1	78844.273343750	78844.281468750	1400.000	4000.000	1.0000
