Selection	View	Channel	Begin Time (s)	End Time (s)	Low Freq (Hz)	High Freq (Hz)	Occupancy
1	Waveform 1	1	1629.827593750	1629.838968750	1400.000	4000.000	1.0000
1	Spectrogram 1	1	1629.827593750	1629.838968750	1400.000	4000.000	1.0000
2	Waveform 1	1	2485.381968750	2485.396593750	1400.000	4000.000	1.0000
2	Spectrogram 1	1	2485.381968750	2485.396593750	1400.000	4000.000	1.0000
3	Waveform 1	1	2676.516093750	2676.527468750	1400.000	4000.000	1.0000
3	Spectrogram 1	1	2676.516093750	2676.527468750	1400.000	4000.000	1.0000
4	Waveform 1	1	2722.103843750	2722.121718750	1400.000	4000.000	1.0000
4	Spectrogram 1	1	2722.103843750	2722.121718750	1400.000	4000.000	1.0000
5	Waveform 1	1	2736.694718750	2736.709343750	1400.000	4000.000	1.0000
5	Spectrogram 1	1	2736.694718750	2736.709343750	1400.000	4000.000	1.0000
6	Waveform 1	1	2750.791593750	2750.811093750	1400.000	4000.000	1.0000
6	Spectrogram 1	1	2750.791593750	2750.811093750	1400.000	4000.000	1.0000
7	Waveform 1	1	2751.186468750	2751.199468750	1400.000	4000.000	1.0000
7	Spectrogram 1	1	2751.186468750	2751.199468750	1400.000	4000.000	1.0000
8	Waveform 1	1	2758.131718750	2758.139843750	1400.000	4000.000	1.0000
8	Spectrogram 1	1	2758.131718750	2758.139843750	1400.000	4000.000	1.0000
9	Waveform 1	1	2769.396218750	2769.414093750	1400.000	4000.000	1.0000
9	Spectrogram 1	1	2769.396218750	2769.414093750	1400.000	4000.000	1.0000
10	Waveform 1	1	2769.792718750	2769.810593750	1400.000	4000.000	1.0000
10	Spectrogram 1	1	2769.792718750	2769.810593750	1400.000	4000.000	1.0000
11	Waveform 1	1	2918.291718750	2918.301468750	1400.000	4000.000	1.0000
11	Spectrogram 1	1	2918.291718750	2918.301468750	1400.000	4000.000	1.0000
12	Waveform 1	1	2952.081968750	2952.090093750	1400.000	4000.000	1.0000
12	Spectrogram 1	1	2952.081968750	2952.090093750	1400.000	4000.000	1.0000
13	Waveform 1	1	3226.923093750	3226.934468750	1400.000	4000.000	1.0000
13	Spectrogram 1	1	3226.923093750	3226.934468750	1400.000	4000.000	1.0000
14	Waveform 1	1	3326.074093750	3326.093593750	1400.000	4000.000	1.0000
14	Spectrogram 1	1	3326.074093750	3326.093593750	1400.000	4000.000	1.0000
15	Waveform 1	1	3326.462468750	3326.472218750	1400.000	4000.000	1.0000
15	Spectrogram 1	1	3326.462468750	3326.472218750	1400.000	4000.000	1.0000
16	Waveform 1	1	4078.962593750	4078.973968750	1400.000	4000.000	1.0000
16	Spectrogram 1	1	4078.962593750	4078.973968750	1400.000	4000.000	1.0000
17	Waveform 1	1	4163.873718750	4163.885093750	1400.000	4000.000	1.0000
17	Spectrogram 1	1	4163.873718750	4163.885093750	1400.000	4000.000	1.0000
18	Waveform 1	1	4275.600593750	4275.620093750	1400.000	4000.000	1.0000
18	Spectrogram 1	1	4275.600593750	4275.620093750	1400.000	4000.000	1.0000
19	Waveform 1	1	4276.102718750	4276.115718750	1400.000	4000.000	1.0000
19	Spectrogram 1	1	4276.102718750	4276.115718750	1400.000	4000.000	1.0000
20	Waveform 1	1	4295.791218750	4295.813968750	1400.000	4000.000	1.0000
20	Spectrogram 1	1	4295.791218750	4295.813968750	1400.000	4000.000	1.0000
21	Waveform 1	1	4447.961093750	4447.978968750	1400.000	4000.000	1.0000
21	Spectrogram 1	1	4447.961093750	4447.978968750	1400.000	4000.000	1.0000
22	Waveform 1	1	4455.583968750	4455.593718750	1400.000	4000.000	1.0000
22	Spectrogram 1	1	4455.583968750	4455.593718750	1400.000	4000.000	1.0000
23	Waveform 1	1	4520.362968750	4520.384093750	1400.000	4000.000	1.0000
23	Spectrogram 1	1	4520.362968750	4520.384093750	1400.000	4000.000	1.0000
24	Waveform 1	1	4550.622093750	4550.635093750	1400.000	4000.000	1.0000
24	Spectrogram 1	1	4550.622093750	4550.635093750	1400.000	4000.000	1.0000
25	Waveform 1	1	4574.299968750	4574.317843750	1400.000	4000.000	1.0000
25	Spectrogram 1	1	4574.299968750	4574.317843750	1400.000	4000.000	1.0000
26	Waveform 1	1	5287.809843750	5287.819593750	1400.000	4000.000	1.0000
26	Spectrogram 1	1	5287.809843750	5287.819593750	1400.000	4000.000	1.0000
27	Waveform 1	1	5333.600718750	5333.623468750	1400.000	4000.000	1.0000
27	Spectrogram 1	1	5333.600718750	5333.623468750	1400.000	4000.000	1.0000
28	Waveform 1	1	5351.384718750	5351.397718750	1400.000	4000.000	1.0000
28	Spectrogram 1	1	5351.384718750	5351.397718750	1400.000	4000.000	1.0000
29	Waveform 1	1	5385.789218750	5385.808718750	1400.000	4000.000	1.0000
29	Spectrogram 1	1	5385.789218750	5385.808718750	1400.000	4000.000	1.0000
30	Waveform 1	1	5395.596093750	5395.609093750	1400.000	4000.000	1.0000
30	Spectrogram 1	1	5395.596093750	5395.609093750	1400.000	4000.000	1.0000
31	Waveform 1	1	5409.075468750	5409.094968750	1400.000	4000.000	1.0000
31	Spectrogram 1	1	5409.075468750	5409.094968750	1400.000	4000.000	1.0000
32	Waveform 1	1	5409.692968750	5409.707593750	1400.000	4000.000	1.0000
32	Spectrogram 1	1	5409.692968750	5409.707593750	1400.000	4000.000	1.0000
33	Waveform 1	1	5553.731343750	5553.744343750	1400.000	4000.000	1.0000
33	Spectrogram 1	1	5553.731343750	5553.744343750	1400.000	4000.000	1.0000
34	Waveform 1	1	5573.437718750	5573.466968750	1400.000	4000.000	1.0000
34	Spectrogram 1	1	5573.437718750	5573.466968750	1400.000	4000.000	1.0000
35	Waveform 1	1	5574.063343750	5574.090968750	1400.000	4000.000	1.0000
35	Spectrogram 1	1	5574.063343750	5574.090968750	1400.000	4000.000	1.0000
36	Waveform 1	1	5833.712343750	5833.723718750	1400.000	4000.000	1.0000
36	Spectrogram 1	1	5833.712343750	5833.723718750	1400.000	4000.000	1.0000
37	Waveform 1	1	6251.579468750	6251.602218750	1400.000	4000.000	1.0000
37	Spectrogram 1	1	6251.579468750	6251.602218750	1400.000	4000.000	1.0000
38	Waveform 1	1	6290.314593750	6290.325968750	1400.000	4000.000	1.0000
38	Spectrogram 1	1	6290.314593750	6290.325968750	1400.000	4000.000	1.0000
39	Waveform 1	1	6332.000718750	6332.016968750	1400.000	4000.000	1.0000
39	Spectrogram 1	1	6332.000718750	6332.016968750	1400.000	4000.000	1.0000
40	Waveform 1	1	6357.131343750	6357.163843750	1400.000	4000.000	1.0000
40	Spectrogram 1	1	6357.131343750	6357.163843750	1400.000	4000.000	1.0000
41	Waveform 1	1	6357.795968750	6357.810593750	1400.000	4000.000	1.0000
41	Spectrogram 1	1	6357.795968750	6357.810593750	1400.000	4000.000	1.0000
42	Waveform 1	1	6383.570093750	6383.581468750	1400.000	4000.000	1.0000
42	Spectrogram 1	1	6383.570093750	6383.581468750	1400.000	4000.000	1.0000
43	Waveform 1	1	6402.223468750	6402.241343750	1400.000	4000.000	1.0000
43	Spectrogram 1	1	6402.223468750	6402.241343750	1400.000	4000.000	1.0000
44	Waveform 1	1	6402.290093750	6402.301468750	1400.000	4000.000	1.0000
44	Spectrogram 1	1	6402.290093750	6402.301468750	1400.000	4000.000	1.0000
45	Waveform 1	1	6439.174343750	6439.193843750	1400.000	4000.000	1.0000
45	Spectrogram 1	1	6439.174343750	6439.193843750	1400.000	4000.000	1.0000
46	Waveform 1	1	6477.748593750	6477.776218750	1400.000	4000.000	1.0000
46	Spectrogram 1	1	6477.748593750	6477.776218750	1400.000	4000.000	1.0000
47	Waveform 1	1	6478.401843750	6478.419718750	1400.000	4000.000	1.0000
47	Spectrogram 1	1	6478.401843750	6478.419718750	1400.000	4000.000	1.0000
48	Waveform 1	1	6501.146968750	6501.166468750	1400.000	4000.000	1.0000
48	Spectrogram 1	1	6501.146968750	6501.166468750	1400.000	4000.000	1.0000
49	Waveform 1	1	6524.207343750	6524.231718750	1400.000	4000.000	1.0000
49	Spectrogram 1	1	6524.207343750	6524.231718750	1400.000	4000.000	1.0000
50	Waveform 1	1	6524.858968750	6524.868718750	1400.000	4000.000	1.0000
50	Spectrogram 1	1	6524.858968750	6524.868718750	1400.000	4000.000	1.0000
51	Waveform 1	1	6650.352843750	6650.364218750	1400.000	4000.000	1.0000
51	Spectrogram 1	1	6650.352843750	6650.364218750	1400.000	4000.000	1.0000
52	Waveform 1	1	7019.053968750	7019.062093750	1400.000	4000.000	1.0000
52	Spectrogram 1	1	7019.053968750	7019.062093750	1400.000	4000.000	1.0000
53	Waveform 1	1	7066.952468750	7066.973593750	1400.000	4000.000	1.0000
53	Spectrogram 1	1	7066.952468750	7066.973593750	1400.000	4000.000	1.0000
54	Waveform 1	1	7067.631718750	7067.656093750	1400.000	4000.000	1.0000
54	Spectrogram 1	1	7067.631718750	7067.656093750	1400.000	4000.000	1.0000
55	Waveform 1	1	7117.236468750	7117.257593750	1400.000	4000.000	1.0000
55	Spectrogram 1	1	7117.236468750	7117.257593750	1400.000	4000.000	1.0000
56	Waveform 1	1	7284.049218750	7284.060593750	1400.000	4000.000	1.0000
56	Spectrogram 1	1	7284.049218750	7284.060593750	1400.000	4000.000	1.0000
57	Waveform 1	1	7285.969968750	7285.984593750	1400.000	4000.000	1.0000
57	Spectrogram 1	1	7285.969968750	7285.984593750	1400.000	4000.000	1.0000
58	Waveform 1	1	7286.020343750	7286.043093750	1400.000	4000.000	1.0000
58	Spectrogram 1	1	7286.020343750	7286.043093750	1400.000	4000.000	1.0000
59	Waveform 1	1	7531.500968750	7531.509093750	1400.000	4000.000	1.0000
59	Spectrogram 1	1	7531.500968750	7531.509093750	1400.000	4000.000	1.0000
60	Waveform 1	1	7572.073968750	7572.093468750	1400.000	4000.000	1.0000
60	Spectrogram 1	1	7572.073968750	7572.093468750	1400.000	4000.000	1.0000
61	Waveform 1	1	7690.305718750	7690.326843750	1400.000	4000.000	1.0000
61	Spectrogram 1	1	7690.305718750	7690.326843750	1400.000	4000.000	1.0000
62	Waveform 1	1	7773.905468750	7773.918468750	1400.000	4000.000	1.0000
62	Spectrogram 1	1	7773.905468750	7773.918468750	1400.000	4000.000	1.0000
63	Waveform 1	1	7871.777593750	7871.793843750	1400.000	4000.000	1.0000
63	Spectrogram 1	1	7871.777593750	7871.793843750	1400.000	4000.000	1.0000
64	Waveform 1	1	7941.662343750	7941.675343750	1400.000	4000.000	1.0000
64	Spectrogram 1	1	7941.662343750	7941.675343750	1400.000	4000.000	1.0000
65	Waveform 1	1	8026.329718750	8026.345968750	1400.000	4000.000	1.0000
65	Spectrogram 1	1	8026.329718750	8026.345968750	1400.000	4000.000	1.0000
66	Waveform 1	1	8592.050718750	8592.065343750	1400.000	4000.000	1.0000
66	Spectrogram 1	1	8592.050718750	8592.065343750	1400.000	4000.000	1.0000
67	Waveform 1	1	8642.931093750	8642.952218750	1400.000	4000.000	1.0000
67	Spectrogram 1	1	8642.931093750	8642.952218750	1400.000	4000.000	1.0000
68	Waveform 1	1	8733.997718750	8734.007468750	1400.000	4000.000	1.0000
68	Spectrogram 1	1	8733.997718750	8734.007468750	1400.000	4000.000	1.0000
69	Waveform 1	1	13560.330593750	13560.338718750	1400.000	4000.000	1.0000
69	Spectrogram 1	1	13560.330593750	13560.338718750	1400.000	4000.000	1.0000
70	Waveform 1	1	13561.463218750	13561.471343750	1400.000	4000.000	1.0000
70	Spectrogram 1	1	13561.463218750	13561.471343750	1400.000	4000.000	1.0000
71	Waveform 1	1	13562.629968750	13562.638093750	1400.000	4000.000	1.0000
71	Spectrogram 1	1	13562.629968750	13562.638093750	1400.000	4000.000	1.0000
72	Waveform 1	1	13563.808093750	13563.816218750	1400.000	4000.000	1.0000
72	Spectrogram 1	1	13563.808093750	13563.816218750	1400.000	4000.000	1.0000
73	Waveform 1	1	13565.039843750	13565.049593750	1400.000	4000.000	1.0000
73	Spectrogram 1	1	13565.039843750	13565.049593750	1400.000	4000.000	1.0000
74	Waveform 1	1	13567.686968750	13567.696718750	1400.000	4000.000	1.0000
74	Spectrogram 1	1	13567.686968750	13567.696718750	1400.000	4000.000	1.0000
75	Waveform 1	1	13879.288843750	13879.303468750	1400.000	4000.000	1.0000
75	Spectrogram 1	1	13879.288843750	13879.303468750	1400.000	4000.000	1.0000
76	Waveform 1	1	14294.967093750	14294.975218750	1400.000	4000.000	1.0000
76	Spectrogram 1	1	14294.967093750	14294.975218750	1400.000	4000.000	1.0000
77	Waveform 1	1	14295.139343750	14295.171843750	1400.000	4000.000	1.0000
77	Spectrogram 1	1	14295.139343750	14295.171843750	1400.000	4000.000	1.0000
78	Waveform 1	1	14301.346843750	14301.363093750	1400.000	4000.000	1.0000
78	Spectrogram 1	1	14301.346843750	14301.363093750	1400.000	4000.000	1.0000
79	Waveform 1	1	14306.914093750	14306.936843750	1400.000	4000.000	1.0000
79	Spectrogram 1	1	14306.914093750	14306.936843750	1400.000	4000.000	1.0000
80	Waveform 1	1	14311.753343750	14311.779343750	1400.000	4000.000	1.0000
80	Spectrogram 1	1	14311.753343750	14311.779343750	1400.000	4000.000	1.0000
81	Waveform 1	1	14312.107593750	14312.123843750	1400.000	4000.000	1.0000
81	Spectrogram 1	1	14312.107593750	14312.123843750	1400.000	4000.000	1.0000
82	Waveform 1	1	14317.819468750	14317.829218750	1400.000	4000.000	1.0000
82	Spectrogram 1	1	14317.819468750	14317.829218750	1400.000	4000.000	1.0000
83	Waveform 1	1	14413.629468750	14413.661968750	1400.000	4000.000	1.0000
83	Spectrogram 1	1	14413.629468750	14413.661968750	1400.000	4000.000	1.0000
84	Waveform 1	1	14476.542968750	14476.562468750	1400.000	4000.000	1.0000
84	Spectrogram 1	1	14476.542968750	14476.562468750	1400.000	4000.000	1.0000
85	Waveform 1	1	14762.404843750	14762.432468750	1400.000	4000.000	1.0000
85	Spectrogram 1	1	14762.404843750	14762.432468750	1400.000	4000.000	1.0000
86	Waveform 1	1	14796.633843750	14796.641968750	1400.000	4000.000	1.0000
86	Spectrogram 1	1	14796.633843750	14796.641968750	1400.000	4000.000	1.0000
87	Waveform 1	1	14922.322718750	14922.335718750	1400.000	4000.000	1.0000
87	Spectrogram 1	1	14922.322718750	14922.335718750	1400.000	4000.000	1.0000
88	Waveform 1	1	15189.657968750	15189.674218750	1400.000	4000.000	1.0000
88	Spectrogram 1	1	15189.657968750	15189.674218750	1400.000	4000.000	1.0000
89	Waveform 1	1	15240.431093750	15240.439218750	1400.000	4000.000	1.0000
89	Spectrogram 1	1	15240.431093750	15240.439218750	1400.000	4000.000	1.0000
90	Waveform 1	1	15240.509093750	15240.531843750	1400.000	4000.000	1.0000
90	Spectrogram 1	1	15240.509093750	15240.531843750	1400.000	4000.000	1.0000
91	Waveform 1	1	15241.068093750	15241.095718750	1400.000	4000.000	1.0000
91	Spectrogram 1	1	15241.068093750	15241.095718750	1400.000	4000.000	1.0000
92	Waveform 1	1	15241.134718750	15241.150968750	1400.000	4000.000	1.0000
92	Spectrogram 1	1	15241.134718750	15241.150968750	1400.000	4000.000	1.0000
93	Waveform 1	1	15309.634968750	15309.656093750	1400.000	4000.000	1.0000
93	Spectrogram 1	1	15309.634968750	15309.656093750	1400.000	4000.000	1.0000
94	Waveform 1	1	15314.947093750	15314.964968750	1400.000	4000.000	1.0000
94	Spectrogram 1	1	15314.947093750	15314.964968750	1400.000	4000.000	1.0000
95	Waveform 1	1	15315.366343750	15315.384218750	1400.000	4000.000	1.0000
95	Spectrogram 1	1	15315.366343750	15315.384218750	1400.000	4000.000	1.0000
96	Waveform 1	1	15330.932218750	15330.951718750	1400.000	4000.000	1.0000
96	Spectrogram 1	1	15330.932218750	15330.951718750	1400.000	4000.000	1.0000
97	Waveform 1	1	15675.971718750	15675.984718750	1400.000	4000.000	1.0000
97	Spectrogram 1	1	15675.971718750	15675.984718750	1400.000	4000.000	1.0000
98	Waveform 1	1	18488.836968750	18488.848343750	1400.000	4000.000	1.0000
98	Spectrogram 1	1	18488.836968750	18488.848343750	1400.000	4000.000	1.0000
99	Waveform 1	1	18574.240468750	18574.253468750	1400.000	4000.000	1.0000
99	Spectrogram 1	1	18574.240468750	18574.253468750	1400.000	4000.000	1.0000
100	Waveform 1	1	18575.639593750	18575.652593750	1400.000	4000.000	1.0000
100	Spectrogram 1	1	18575.639593750	18575.652593750	1400.000	4000.000	1.0000
101	Waveform 1	1	18577.038718750	18577.046843750	1400.000	4000.000	1.0000
101	Spectrogram 1	1	18577.038718750	18577.046843750	1400.000	4000.000	1.0000
102	Waveform 1	1	18578.455718750	18578.463843750	1400.000	4000.000	1.0000
102	Spectrogram 1	1	18578.455718750	18578.463843750	1400.000	4000.000	1.0000
103	Waveform 1	1	19089.066468750	19089.074593750	1400.000	4000.000	1.0000
103	Spectrogram 1	1	19089.066468750	19089.074593750	1400.000	4000.000	1.0000
104	Waveform 1	1	19835.719843750	19835.729593750	1400.000	4000.000	1.0000
104	Spectrogram 1	1	19835.719843750	19835.729593750	1400.000	4000.000	1.0000
105	Waveform 1	1	19839.899343750	19839.907468750	1400.000	4000.000	1.0000
105	Spectrogram 1	1	19839.899343750	19839.907468750	1400.000	4000.000	1.0000
106	Waveform 1	1	19841.340718750	19841.350468750	1400.000	4000.000	1.0000
106	Spectrogram 1	1	19841.340718750	19841.350468750	1400.000	4000.000	1.0000
107	Waveform 1	1	19842.788593750	19842.798343750	1400.000	4000.000	1.0000
107	Spectrogram 1	1	19842.788593750	19842.798343750	1400.000	4000.000	1.0000
108	Waveform 1	1	19844.259218750	19844.268968750	1400.000	4000.000	1.0000
108	Spectrogram 1	1	19844.259218750	19844.268968750	1400.000	4000.000	1.0000
109	Waveform 1	1	19845.726593750	19845.739593750	1400.000	4000.000	1.0000
109	Spectrogram 1	1	19845.726593750	19845.739593750	1400.000	4000.000	1.0000
110	Waveform 1	1	19847.210218750	19847.219968750	1400.000	4000.000	1.0000
110	Spectrogram 1	1	19847.210218750	19847.219968750	1400.000	4000.000	1.0000
111	Waveform 1	1	19853.225968750	19853.234093750	1400.000	4000.000	1.0000
111	Spectrogram 1	1	19853.225968750	19853.234093750	1400.000	4000.000	1.0000
112	Waveform 1	1	22467.683593750	22467.698218750	1400.000	4000.000	1.0000
112	Spectrogram 1	1	22467.683593750	22467.698218750	1400.000	4000.000	1.0000
113	Waveform 1	1	26335.386718750	26335.399718750	1400.000	4000.000	1.0000
113	Spectrogram 1	1	26335.386718750	26335.399718750	1400.000	4000.000	1.0000
114	Waveform 1	1	26337.029593750	26337.044218750	1400.000	4000.000	1.0000
114	Spectrogram 1	1	26337.029593750	26337.044218750	1400.000	4000.000	1.0000
115	Waveform 1	1	26338.690343750	26338.706593750	1400.000	4000.000	1.0000
115	Spectrogram 1	1	26338.690343750	26338.706593750	1400.000	4000.000	1.0000
116	Waveform 1	1	26340.315343750	26340.333218750	1400.000	4000.000	1.0000
116	Spectrogram 1	1	26340.315343750	26340.333218750	1400.000	4000.000	1.0000
117	Waveform 1	1	26341.951718750	26341.967968750	1400.000	4000.000	1.0000
117	Spectrogram 1	1	26341.951718750	26341.967968750	1400.000	4000.000	1.0000
118	Waveform 1	1	26343.566968750	26343.584843750	1400.000	4000.000	1.0000
118	Spectrogram 1	1	26343.566968750	26343.584843750	1400.000	4000.000	1.0000
119	Waveform 1	1	26345.169218750	26345.183843750	1400.000	4000.000	1.0000
119	Spectrogram 1	1	26345.169218750	26345.183843750	1400.000	4000.000	1.0000
120	Waveform 1	1	26346.836468750	26346.849468750	1400.000	4000.000	1.0000
120	Spectrogram 1	1	26346.836468750	26346.849468750	1400.000	4000.000	1.0000
121	Waveform 1	1	26348.493968750	26348.506968750	1400.000	4000.000	1.0000
121	Spectrogram 1	1	26348.493968750	26348.506968750	1400.000	4000.000	1.0000
122	Waveform 1	1	26350.174218750	26350.188843750	1400.000	4000.000	1.0000
122	Spectrogram 1	1	26350.174218750	26350.188843750	1400.000	4000.000	1.0000
123	Waveform 1	1	26351.869093750	26351.880468750	1400.000	4000.000	1.0000
123	Spectrogram 1	1	26351.869093750	26351.880468750	1400.000	4000.000	1.0000
124	Waveform 1	1	26353.568843750	26353.578593750	1400.000	4000.000	1.0000
124	Spectrogram 1	1	26353.568843750	26353.578593750	1400.000	4000.000	1.0000
125	Waveform 1	1	26355.237718750	26355.250718750	1400.000	4000.000	1.0000
125	Spectrogram 1	1	26355.237718750	26355.250718750	1400.000	4000.000	1.0000
126	Waveform 1	1	26356.911468750	26356.922843750	1400.000	4000.000	1.0000
126	Spectrogram 1	1	26356.911468750	26356.922843750	1400.000	4000.000	1.0000
127	Waveform 1	1	26358.581968750	26358.593343750	1400.000	4000.000	1.0000
127	Spectrogram 1	1	26358.581968750	26358.593343750	1400.000	4000.000	1.0000
128	Waveform 1	1	26360.278468750	26360.286593750	1400.000	4000.000	1.0000
128	Spectrogram 1	1	26360.278468750	26360.286593750	1400.000	4000.000	1.0000
129	Waveform 1	1	26368.717093750	26368.725218750	1400.000	4000.000	1.0000
129	Spectrogram 1	1	26368.717093750	26368.725218750	1400.000	4000.000	1.0000
130	Waveform 1	1	27125.375593750	27125.385343750	1400.000	4000.000	1.0000
130	Spectrogram 1	1	27125.375593750	27125.385343750	1400.000	4000.000	1.0000
131	Waveform 1	1	27126.836468750	27126.846218750	1400.000	4000.000	1.0000
131	Spectrogram 1	1	27126.836468750	27126.846218750	1400.000	4000.000	1.0000
132	Waveform 1	1	27131.188218750	27131.199593750	1400.000	4000.000	1.0000
132	Spectrogram 1	1	27131.188218750	27131.199593750	1400.000	4000.000	1.0000
133	Waveform 1	1	27135.270218750	27135.278343750	1400.000	4000.000	1.0000
133	Spectrogram 1	1	27135.270218750	27135.278343750	1400.000	4000.000	1.0000
134	Waveform 1	1	27141.030843750	27141.040593750	1400.000	4000.000	1.0000
134	Spectrogram 1	1	27141.030843750	27141.040593750	1400.000	4000.000	1.0000
135	Waveform 1	1	27201.019343750	27201.032343750	1400.000	4000.000	1.0000
135	Spectrogram 1	1	27201.019343750	27201.032343750	1400.000	4000.000	1.0000
136	Waveform 1	1	27202.680093750	27202.688218750	1400.000	4000.000	1.0000
136	Spectrogram 1	1	27202.680093750	27202.688218750	1400.000	4000.000	1.0000
137	Waveform 1	1	27216.565718750	27216.577093750	1400.000	4000.000	1.0000
137	Spectrogram 1	1	27216.565718750	27216.577093750	1400.000	4000.000	1.0000
138	Waveform 1	1	27488.117843750	27488.125968750	1400.000	4000.000	1.0000
138	Spectrogram 1	1	27488.117843750	27488.125968750	1400.000	4000.000	1.0000
139	Waveform 1	1	27489.616093750	27489.627468750	1400.000	4000.000	1.0000
139	Spectrogram 1	1	27489.616093750	27489.627468750	1400.000	4000.000	1.0000
140	Waveform 1	1	27491.154968750	27491.166343750	1400.000	4000.000	1.0000
140	Spectrogram 1	1	27491.154968750	27491.166343750	1400.000	4000.000	1.0000
141	Waveform 1	1	27492.706843750	27492.714968750	1400.000	4000.000	1.0000
141	Spectrogram 1	1	27492.706843750	27492.714968750	1400.000	4000.000	1.0000
142	Waveform 1	1	27494.206718750	27494.216468750	1400.000	4000.000	1.0000
142	Spectrogram 1	1	27494.206718750	27494.216468750	1400.000	4000.000	1.0000
143	Waveform 1	1	27495.708218750	27495.717968750	1400.000	4000.000	1.0000
143	Spectrogram 1	1	27495.708218750	27495.717968750	1400.000	4000.000	1.0000
144	Waveform 1	1	27497.253593750	27497.261718750	1400.000	4000.000	1.0000
144	Spectrogram 1	1	27497.253593750	27497.261718750	1400.000	4000.000	1.0000
145	Waveform 1	1	27850.078468750	27850.086593750	1400.000	4000.000	1.0000
145	Spectrogram 1	1	27850.078468750	27850.086593750	1400.000	4000.000	1.0000
146	Waveform 1	1	28667.781718750	28667.799593750	1400.000	4000.000	1.0000
146	Spectrogram 1	1	28667.781718750	28667.799593750	1400.000	4000.000	1.0000
147	Waveform 1	1	28889.144093750	28889.155468750	1400.000	4000.000	1.0000
147	Spectrogram 1	1	28889.144093750	28889.155468750	1400.000	4000.000	1.0000
148	Waveform 1	1	28890.294593750	28890.307593750	1400.000	4000.000	1.0000
148	Spectrogram 1	1	28890.294593750	28890.307593750	1400.000	4000.000	1.0000
149	Waveform 1	1	28891.482468750	28891.497093750	1400.000	4000.000	1.0000
149	Spectrogram 1	1	28891.482468750	28891.497093750	1400.000	4000.000	1.0000
150	Waveform 1	1	28892.689843750	28892.706093750	1400.000	4000.000	1.0000
150	Spectrogram 1	1	28892.689843750	28892.706093750	1400.000	4000.000	1.0000
151	Waveform 1	1	28893.911843750	28893.928093750	1400.000	4000.000	1.0000
151	Spectrogram 1	1	28893.911843750	28893.928093750	1400.000	4000.000	1.0000
152	Waveform 1	1	28895.174468750	28895.189093750	1400.000	4000.000	1.0000
152	Spectrogram 1	1	28895.174468750	28895.189093750	1400.000	4000.000	1.0000
153	Waveform 1	1	28896.485843750	28896.498843750	1400.000	4000.000	1.0000
153	Spectrogram 1	1	28896.485843750	28896.498843750	1400.000	4000.000	1.0000
154	Waveform 1	1	28897.894718750	28897.907718750	1400.000	4000.000	1.0000
154	Spectrogram 1	1	28897.894718750	28897.907718750	1400.000	4000.000	1.0000
155	Waveform 1	1	28899.375093750	28899.388093750	1400.000	4000.000	1.0000
155	Spectrogram 1	1	28899.375093750	28899.388093750	1400.000	4000.000	1.0000
156	Waveform 1	1	28900.891218750	28900.902593750	1400.000	4000.000	1.0000
156	Spectrogram 1	1	28900.891218750	28900.902593750	1400.000	4000.000	1.0000
157	Waveform 1	1	28902.410593750	28902.421968750	1400.000	4000.000	1.0000
157	Spectrogram 1	1	28902.410593750	28902.421968750	1400.000	4000.000	1.0000
158	Waveform 1	1	28905.242968750	28905.252718750	1400.000	4000.000	1.0000
158	Spectrogram 1	1	28905.242968750	28905.252718750	1400.000	4000.000	1.0000
159	Waveform 1	1	28906.664843750	28906.674593750	1400.000	4000.000	1.0000
159	Spectrogram 1	1	28906.664843750	28906.674593750	1400.000	4000.000	1.0000
160	Waveform 1	1	28908.076968750	28908.086718750	1400.000	4000.000	1.0000
160	Spectrogram 1	1	28908.076968750	28908.086718750	1400.000	4000.000	1.0000
161	Waveform 1	1	29633.844218750	29633.855593750	1400.000	4000.000	1.0000
161	Spectrogram 1	1	29633.844218750	29633.855593750	1400.000	4000.000	1.0000
162	Waveform 1	1	31395.880468750	31395.888593750	1400.000	4000.000	1.0000
162	Spectrogram 1	1	31395.880468750	31395.888593750	1400.000	4000.000	1.0000
163	Waveform 1	1	31570.839343750	31570.850718750	1400.000	4000.000	1.0000
163	Spectrogram 1	1	31570.839343750	31570.850718750	1400.000	4000.000	1.0000
164	Waveform 1	1	31572.422093750	31572.431843750	1400.000	4000.000	1.0000
164	Spectrogram 1	1	31572.422093750	31572.431843750	1400.000	4000.000	1.0000
165	Waveform 1	1	31574.105593750	31574.116968750	1400.000	4000.000	1.0000
165	Spectrogram 1	1	31574.105593750	31574.116968750	1400.000	4000.000	1.0000
166	Waveform 1	1	31582.532843750	31582.542593750	1400.000	4000.000	1.0000
166	Spectrogram 1	1	31582.532843750	31582.542593750	1400.000	4000.000	1.0000
167	Waveform 1	1	31893.452218750	31893.465218750	1400.000	4000.000	1.0000
167	Spectrogram 1	1	31893.452218750	31893.465218750	1400.000	4000.000	1.0000
168	Waveform 1	1	31894.974843750	31894.991093750	1400.000	4000.000	1.0000
168	Spectrogram 1	1	31894.974843750	31894.991093750	1400.000	4000.000	1.0000
169	Waveform 1	1	31896.554343750	31896.567343750	1400.000	4000.000	1.0000
169	Spectrogram 1	1	31896.554343750	31896.567343750	1400.000	4000.000	1.0000
170	Waveform 1	1	31898.190718750	31898.205343750	1400.000	4000.000	1.0000
170	Spectrogram 1	1	31898.190718750	31898.205343750	1400.000	4000.000	1.0000
171	Waveform 1	1	31899.710093750	31899.723093750	1400.000	4000.000	1.0000
171	Spectrogram 1	1	31899.710093750	31899.723093750	1400.000	4000.000	1.0000
172	Waveform 1	1	31901.245718750	31901.255468750	1400.000	4000.000	1.0000
172	Spectrogram 1	1	31901.245718750	31901.255468750	1400.000	4000.000	1.0000
173	Waveform 1	1	31902.808968750	31902.821968750	1400.000	4000.000	1.0000
173	Spectrogram 1	1	31902.808968750	31902.821968750	1400.000	4000.000	1.0000
174	Waveform 1	1	31904.403093750	31904.414468750	1400.000	4000.000	1.0000
174	Spectrogram 1	1	31904.403093750	31904.414468750	1400.000	4000.000	1.0000
175	Waveform 1	1	31906.010218750	31906.018343750	1400.000	4000.000	1.0000
175	Spectrogram 1	1	31906.010218750	31906.018343750	1400.000	4000.000	1.0000
176	Waveform 1	1	34877.735468750	34877.763093750	1400.000	4000.000	1.0000
176	Spectrogram 1	1	34877.735468750	34877.763093750	1400.000	4000.000	1.0000
177	Waveform 1	1	34906.041343750	34906.055968750	1400.000	4000.000	1.0000
177	Spectrogram 1	1	34906.041343750	34906.055968750	1400.000	4000.000	1.0000
178	Waveform 1	1	34941.940843750	34941.970093750	1400.000	4000.000	1.0000
178	Spectrogram 1	1	34941.940843750	34941.970093750	1400.000	4000.000	1.0000
179	Waveform 1	1	34942.077343750	34942.091968750	1400.000	4000.000	1.0000
179	Spectrogram 1	1	34942.077343750	34942.091968750	1400.000	4000.000	1.0000
180	Waveform 1	1	37856.665968750	37856.674093750	1400.000	4000.000	1.0000
180	Spectrogram 1	1	37856.665968750	37856.674093750	1400.000	4000.000	1.0000
181	Waveform 1	1	38695.356093750	38695.365843750	1400.000	4000.000	1.0000
181	Spectrogram 1	1	38695.356093750	38695.365843750	1400.000	4000.000	1.0000
182	Waveform 1	1	38696.789343750	38696.797468750	1400.000	4000.000	1.0000
182	Spectrogram 1	1	38696.789343750	38696.797468750	1400.000	4000.000	1.0000
183	Waveform 1	1	38698.207968750	38698.216093750	1400.000	4000.000	1.0000
183	Spectrogram 1	1	38698.207968750	38698.216093750	1400.000	4000.000	1.0000
184	Waveform 1	1	38699.685093750	38699.694843750	1400.000	4000.000	1.0000
184	Spectrogram 1	1	38699.685093750	38699.694843750	1400.000	4000.000	1.0000
185	Waveform 1	1	38701.196343750	38701.204468750	1400.000	4000.000	1.0000
185	Spectrogram 1	1	38701.196343750	38701.204468750	1400.000	4000.000	1.0000
186	Waveform 1	1	48181.274093750	48181.287093750	1400.000	4000.000	1.0000
186	Spectrogram 1	1	48181.274093750	48181.287093750	1400.000	4000.000	1.0000
187	Waveform 1	1	54036.344093750	54036.371718750	1400.000	4000.000	1.0000
187	Spectrogram 1	1	54036.344093750	54036.371718750	1400.000	4000.000	1.0000
188	Waveform 1	1	54263.086843750	54263.117718750	1400.000	4000.000	0.8421
188	Spectrogram 1	1	54263.086843750	54263.117718750	1400.000	4000.000	0.8421
189	Waveform 1	1	57808.552468750	57808.580093750	1400.000	4000.000	1.0000
189	Spectrogram 1	1	57808.552468750	57808.580093750	1400.000	4000.000	1.0000
190	Waveform 1	1	57808.622343750	57808.638593750	1400.000	4000.000	1.0000
190	Spectrogram 1	1	57808.622343750	57808.638593750	1400.000	4000.000	1.0000
191	Waveform 1	1	57808.736093750	57808.744218750	1400.000	4000.000	1.0000
191	Spectrogram 1	1	57808.736093750	57808.744218750	1400.000	4000.000	1.0000
192	Waveform 1	1	57808.820593750	57808.833593750	1400.000	4000.000	1.0000
192	Spectrogram 1	1	57808.820593750	57808.833593750	1400.000	4000.000	1.0000
193	Waveform 1	1	57808.893718750	57808.905093750	1400.000	4000.000	1.0000
193	Spectrogram 1	1	57808.893718750	57808.905093750	1400.000	4000.000	1.0000
194	Waveform 1	1	57809.088718750	57809.113093750	1400.000	4000.000	1.0000
194	Spectrogram 1	1	57809.088718750	57809.113093750	1400.000	4000.000	1.0000
195	Waveform 1	1	57809.415343750	57809.438093750	1400.000	4000.000	1.0000
195	Spectrogram 1	1	57809.415343750	57809.438093750	1400.000	4000.000	1.0000
196	Waveform 1	1	57893.718718750	57893.731718750	1400.000	4000.000	1.0000
196	Spectrogram 1	1	57893.718718750	57893.731718750	1400.000	4000.000	1.0000
197	Waveform 1	1	57894.643343750	57894.672593750	1400.000	4000.000	1.0000
197	Spectrogram 1	1	57894.643343750	57894.672593750	1400.000	4000.000	1.0000
198	Waveform 1	1	57894.869218750	57894.885468750	1400.000	4000.000	1.0000
198	Spectrogram 1	1	57894.869218750	57894.885468750	1400.000	4000.000	1.0000
199	Waveform 1	1	57901.245718750	57901.260343750	1400.000	4000.000	1.0000
199	Spectrogram 1	1	57901.245718750	57901.260343750	1400.000	4000.000	1.0000
200	Waveform 1	1	57954.812218750	57954.831718750	1400.000	4000.000	1.0000
200	Spectrogram 1	1	57954.812218750	57954.831718750	1400.000	4000.000	1.0000
201	Waveform 1	1	57954.901593750	57954.914593750	1400.000	4000.000	1.0000
201	Spectrogram 1	1	57954.901593750	57954.914593750	1400.000	4000.000	1.0000
202	Waveform 1	1	58011.217593750	58011.227343750	1400.000	4000.000	1.0000
202	Spectrogram 1	1	58011.217593750	58011.227343750	1400.000	4000.000	1.0000
203	Waveform 1	1	58012.186093750	58012.205593750	1400.000	4000.000	1.0000
203	Spectrogram 1	1	58012.186093750	58012.205593750	1400.000	4000.000	1.0000
204	Waveform 1	1	58012.533843750	58012.563093750	1400.000	4000.000	1.0000
204	Spectrogram 1	1	58012.533843750	58012.563093750	1400.000	4000.000	1.0000
205	Waveform 1	1	58012.753218750	58012.766218750	1400.000	4000.000	1.0000
205	Spectrogram 1	1	58012.753218750	58012.766218750	1400.000	4000.000	1.0000
206	Waveform 1	1	58098.727093750	58098.746593750	1400.000	4000.000	1.0000
206	Spectrogram 1	1	58098.727093750	58098.746593750	1400.000	4000.000	1.0000
207	Waveform 1	1	58815.477218750	58815.486968750	1400.000	4000.000	1.0000
207	Spectrogram 1	1	58815.477218750	58815.486968750	1400.000	4000.000	1.0000
208	Waveform 1	1	58815.652718750	58815.670593750	1400.000	4000.000	1.0000
208	Spectrogram 1	1	58815.652718750	58815.670593750	1400.000	4000.000	1.0000
209	Waveform 1	1	67232.336968750	67232.349968750	1400.000	4000.000	1.0000
209	Spectrogram 1	1	67232.336968750	67232.349968750	1400.000	4000.000	1.0000
210	Waveform 1	1	76323.097218750	76323.121593750	1400.000	4000.000	1.0000
210	Spectrogram 1	1	76323.097218750	76323.121593750	1400.000	4000.000	1.0000
211	Waveform 1	1	84020.718968750	84020.730343750	1400.000	4000.000	1.0000
211	Spectrogram 1	1	84020.718968750	84020.730343750	1400.000	4000.000	1.0000
212	Waveform 1	1	86051.000468750	86051.015093750	1400.000	4000.000	1.0000
212	Spectrogram 1	1	86051.000468750	86051.015093750	1400.000	4000.000	1.0000
213	Waveform 1	1	86051.065468750	86051.078468750	1400.000	4000.000	1.0000
213	Spectrogram 1	1	86051.065468750	86051.078468750	1400.000	4000.000	1.0000
214	Waveform 1	1	86051.148343750	86051.161343750	1400.000	4000.000	1.0000
214	Spectrogram 1	1	86051.148343750	86051.161343750	1400.000	4000.000	1.0000
215	Waveform 1	1	86051.198718750	86051.210093750	1400.000	4000.000	1.0000
215	Spectrogram 1	1	86051.198718750	86051.210093750	1400.000	4000.000	1.0000
216	Waveform 1	1	86051.562718750	86051.582218750	1400.000	4000.000	1.0000
216	Spectrogram 1	1	86051.562718750	86051.582218750	1400.000	4000.000	1.0000
