Selection	View	Channel	Begin Time (s)	End Time (s)	Low Freq (Hz)	High Freq (Hz)	Occupancy
1	Waveform 1	1	3880.793843750	3880.813343750	1400.000	4000.000	1.0000
1	Spectrogram 1	1	3880.793843750	3880.813343750	1400.000	4000.000	1.0000
2	Waveform 1	1	3880.943343750	3880.959593750	1400.000	4000.000	1.0000
2	Spectrogram 1	1	3880.943343750	3880.959593750	1400.000	4000.000	1.0000
3	Waveform 1	1	3888.285093750	3888.294843750	1400.000	4000.000	1.0000
3	Spectrogram 1	1	3888.285093750	3888.294843750	1400.000	4000.000	1.0000
4	Waveform 1	1	3941.550968750	3941.559093750	1400.000	4000.000	1.0000
4	Spectrogram 1	1	3941.550968750	3941.559093750	1400.000	4000.000	1.0000
5	Waveform 1	1	3990.062093750	3990.079968750	1400.000	4000.000	1.0000
5	Spectrogram 1	1	3990.062093750	3990.079968750	1400.000	4000.000	1.0000
6	Waveform 1	1	3996.991093750	3996.999218750	1400.000	4000.000	1.0000
6	Spectrogram 1	1	3996.991093750	3996.999218750	1400.000	4000.000	1.0000
7	Waveform 1	1	3997.125968750	3997.151968750	1400.000	4000.000	1.0000
7	Spectrogram 1	1	3997.125968750	3997.151968750	1400.000	4000.000	1.0000
8	Waveform 1	1	4001.030843750	4001.047093750	1400.000	4000.000	1.0000
8	Spectrogram 1	1	4001.030843750	4001.047093750	1400.000	4000.000	1.0000
9	Waveform 1	1	4002.330843750	4002.353593750	1400.000	4000.000	1.0000
9	Spectrogram 1	1	4002.330843750	4002.353593750	1400.000	4000.000	1.0000
10	Waveform 1	1	4003.465093750	4003.484593750	1400.000	4000.000	1.0000
10	Spectrogram 1	1	4003.465093750	4003.484593750	1400.000	4000.000	1.0000
11	Waveform 1	1	4004.128093750	4004.141093750	1400.000	4000.000	1.0000
11	Spectrogram 1	1	4004.128093750	4004.141093750	1400.000	4000.000	1.0000
12	Waveform 1	1	4006.425843750	4006.437218750	1400.000	4000.000	1.0000
12	Spectrogram 1	1	4006.425843750	4006.437218750	1400.000	4000.000	1.0000
13	Waveform 1	1	4016.606468750	4016.614593750	1400.000	4000.000	1.0000
13	Spectrogram 1	1	4016.606468750	4016.614593750	1400.000	4000.000	1.0000
14	Waveform 1	1	4016.825843750	4016.855093750	1400.000	4000.000	1.0000
14	Spectrogram 1	1	4016.825843750	4016.855093750	1400.000	4000.000	1.0000
15	Waveform 1	1	4024.622593750	4024.643718750	1400.000	4000.000	1.0000
15	Spectrogram 1	1	4024.622593750	4024.643718750	1400.000	4000.000	1.0000
16	Waveform 1	1	4026.564468750	4026.587218750	1400.000	4000.000	1.0000
16	Spectrogram 1	1	4026.564468750	4026.587218750	1400.000	4000.000	1.0000
17	Waveform 1	1	4029.915218750	4029.928218750	1400.000	4000.000	1.0000
17	Spectrogram 1	1	4029.915218750	4029.928218750	1400.000	4000.000	1.0000
18	Waveform 1	1	4030.220718750	4030.243468750	1400.000	4000.000	1.0000
18	Spectrogram 1	1	4030.220718750	4030.243468750	1400.000	4000.000	1.0000
19	Waveform 1	1	4044.886343750	4044.912343750	1400.000	4000.000	1.0000
19	Spectrogram 1	1	4044.886343750	4044.912343750	1400.000	4000.000	1.0000
20	Waveform 1	1	4046.860718750	4046.883468750	1400.000	4000.000	1.0000
20	Spectrogram 1	1	4046.860718750	4046.883468750	1400.000	4000.000	1.0000
21	Waveform 1	1	4053.435468750	4053.454968750	1400.000	4000.000	1.0000
21	Spectrogram 1	1	4053.435468750	4053.454968750	1400.000	4000.000	1.0000
22	Waveform 1	1	4056.797593750	4056.810593750	1400.000	4000.000	1.0000
22	Spectrogram 1	1	4056.797593750	4056.810593750	1400.000	4000.000	1.0000
23	Waveform 1	1	4059.846093750	4059.863968750	1400.000	4000.000	1.0000
23	Spectrogram 1	1	4059.846093750	4059.863968750	1400.000	4000.000	1.0000
24	Waveform 1	1	4062.657343750	4062.667093750	1400.000	4000.000	1.0000
24	Spectrogram 1	1	4062.657343750	4062.667093750	1400.000	4000.000	1.0000
25	Waveform 1	1	10077.547718750	10077.560718750	1400.000	4000.000	1.0000
25	Spectrogram 1	1	10077.547718750	10077.560718750	1400.000	4000.000	1.0000
26	Waveform 1	1	11238.709343750	11238.725593750	1400.000	4000.000	1.0000
26	Spectrogram 1	1	11238.709343750	11238.725593750	1400.000	4000.000	1.0000
27	Waveform 1	1	15254.571843750	15254.581593750	1400.000	4000.000	1.0000
27	Spectrogram 1	1	15254.571843750	15254.581593750	1400.000	4000.000	1.0000
28	Waveform 1	1	15330.391093750	15330.405718750	1400.000	4000.000	1.0000
28	Spectrogram 1	1	15330.391093750	15330.405718750	1400.000	4000.000	1.0000
29	Waveform 1	1	15331.050843750	15331.062218750	1400.000	4000.000	1.0000
29	Spectrogram 1	1	15331.050843750	15331.062218750	1400.000	4000.000	1.0000
30	Waveform 1	1	15331.595218750	15331.606593750	1400.000	4000.000	1.0000
30	Spectrogram 1	1	15331.595218750	15331.606593750	1400.000	4000.000	1.0000
31	Waveform 1	1	15372.333968750	15372.342093750	1400.000	4000.000	1.0000
31	Spectrogram 1	1	15372.333968750	15372.342093750	1400.000	4000.000	1.0000
32	Waveform 1	1	15410.150968750	15410.159093750	1400.000	4000.000	1.0000
32	Spectrogram 1	1	15410.150968750	15410.159093750	1400.000	4000.000	1.0000
33	Waveform 1	1	15411.725593750	15411.743468750	1400.000	4000.000	1.0000
33	Spectrogram 1	1	15411.725593750	15411.743468750	1400.000	4000.000	1.0000
34	Waveform 1	1	15430.908718750	15430.918468750	1400.000	4000.000	1.0000
34	Spectrogram 1	1	15430.908718750	15430.918468750	1400.000	4000.000	1.0000
35	Waveform 1	1	15434.943593750	15434.956593750	1400.000	4000.000	1.0000
35	Spectrogram 1	1	15434.943593750	15434.956593750	1400.000	4000.000	1.0000
36	Waveform 1	1	15531.613218750	15531.627843750	1400.000	4000.000	1.0000
36	Spectrogram 1	1	15531.613218750	15531.627843750	1400.000	4000.000	1.0000
37	Waveform 1	1	15560.203468750	15560.214843750	1400.000	4000.000	1.0000
37	Spectrogram 1	1	15560.203468750	15560.214843750	1400.000	4000.000	1.0000
38	Waveform 1	1	15653.974093750	15653.987093750	1400.000	4000.000	1.0000
38	Spectrogram 1	1	15653.974093750	15653.987093750	1400.000	4000.000	1.0000
39	Waveform 1	1	15671.644343750	15671.652468750	1400.000	4000.000	1.0000
39	Spectrogram 1	1	15671.644343750	15671.652468750	1400.000	4000.000	1.0000
40	Waveform 1	1	15877.895843750	15877.905593750	1400.000	4000.000	1.0000
40	Spectrogram 1	1	15877.895843750	15877.905593750	1400.000	4000.000	1.0000
41	Waveform 1	1	15962.897968750	15962.917468750	1400.000	4000.000	1.0000
41	Spectrogram 1	1	15962.897968750	15962.917468750	1400.000	4000.000	1.0000
42	Waveform 1	1	15962.974343750	15962.993843750	1400.000	4000.000	1.0000
42	Spectrogram 1	1	15962.974343750	15962.993843750	1400.000	4000.000	1.0000
43	Waveform 1	1	15963.026343750	15963.042593750	1400.000	4000.000	1.0000
43	Spectrogram 1	1	15963.026343750	15963.042593750	1400.000	4000.000	1.0000
44	Waveform 1	1	15963.304218750	15963.318843750	1400.000	4000.000	1.0000
44	Spectrogram 1	1	15963.304218750	15963.318843750	1400.000	4000.000	1.0000
45	Waveform 1	1	16674.644718750	16674.659343750	1400.000	4000.000	1.0000
45	Spectrogram 1	1	16674.644718750	16674.659343750	1400.000	4000.000	1.0000
46	Waveform 1	1	16750.395718750	16750.424968750	1400.000	4000.000	1.0000
46	Spectrogram 1	1	16750.395718750	16750.424968750	1400.000	4000.000	1.0000
47	Waveform 1	1	18813.203218750	18813.214593750	1400.000	4000.000	1.0000
47	Spectrogram 1	1	18813.203218750	18813.214593750	1400.000	4000.000	1.0000
48	Waveform 1	1	18813.260093750	18813.276343750	1400.000	4000.000	1.0000
48	Spectrogram 1	1	18813.260093750	18813.276343750	1400.000	4000.000	1.0000
49	Waveform 1	1	18914.408218750	18914.416343750	1400.000	4000.000	1.0000
49	Spectrogram 1	1	18914.408218750	18914.416343750	1400.000	4000.000	1.0000
50	Waveform 1	1	19110.745593750	19110.755343750	1400.000	4000.000	1.0000
50	Spectrogram 1	1	19110.745593750	19110.755343750	1400.000	4000.000	1.0000
51	Waveform 1	1	19640.388343750	19640.401343750	1400.000	4000.000	1.0000
51	Spectrogram 1	1	19640.388343750	19640.401343750	1400.000	4000.000	1.0000
52	Waveform 1	1	20358.695218750	20358.704968750	1400.000	4000.000	1.0000
52	Spectrogram 1	1	20358.695218750	20358.704968750	1400.000	4000.000	1.0000
53	Waveform 1	1	20464.450218750	20464.458343750	1400.000	4000.000	1.0000
53	Spectrogram 1	1	20464.450218750	20464.458343750	1400.000	4000.000	1.0000
54	Waveform 1	1	20469.908593750	20469.923218750	1400.000	4000.000	1.0000
54	Spectrogram 1	1	20469.908593750	20469.923218750	1400.000	4000.000	1.0000
55	Waveform 1	1	20503.567218750	20503.581843750	1400.000	4000.000	1.0000
55	Spectrogram 1	1	20503.567218750	20503.581843750	1400.000	4000.000	1.0000
56	Waveform 1	1	20660.568218750	20660.581218750	1400.000	4000.000	1.0000
56	Spectrogram 1	1	20660.568218750	20660.581218750	1400.000	4000.000	1.0000
57	Waveform 1	1	20717.023968750	20717.035343750	1400.000	4000.000	1.0000
57	Spectrogram 1	1	20717.023968750	20717.035343750	1400.000	4000.000	1.0000
58	Waveform 1	1	20721.625968750	20721.645468750	1400.000	4000.000	1.0000
58	Spectrogram 1	1	20721.625968750	20721.645468750	1400.000	4000.000	1.0000
59	Waveform 1	1	20728.316093750	20728.324218750	1400.000	4000.000	1.0000
59	Spectrogram 1	1	20728.316093750	20728.324218750	1400.000	4000.000	1.0000
60	Waveform 1	1	20731.249218750	20731.263843750	1400.000	4000.000	1.0000
60	Spectrogram 1	1	20731.249218750	20731.263843750	1400.000	4000.000	1.0000
61	Waveform 1	1	20734.205093750	20734.221343750	1400.000	4000.000	1.0000
61	Spectrogram 1	1	20734.205093750	20734.221343750	1400.000	4000.000	1.0000
62	Waveform 1	1	20736.944843750	20736.957843750	1400.000	4000.000	1.0000
62	Spectrogram 1	1	20736.944843750	20736.957843750	1400.000	4000.000	1.0000
63	Waveform 1	1	20739.795093750	20739.811343750	1400.000	4000.000	1.0000
63	Spectrogram 1	1	20739.795093750	20739.811343750	1400.000	4000.000	1.0000
64	Waveform 1	1	20742.274843750	20742.284593750	1400.000	4000.000	1.0000
64	Spectrogram 1	1	20742.274843750	20742.284593750	1400.000	4000.000	1.0000
65	Waveform 1	1	20752.639093750	20752.655343750	1400.000	4000.000	1.0000
65	Spectrogram 1	1	20752.639093750	20752.655343750	1400.000	4000.000	1.0000
66	Waveform 1	1	20765.317343750	20765.330343750	1400.000	4000.000	1.0000
66	Spectrogram 1	1	20765.317343750	20765.330343750	1400.000	4000.000	1.0000
67	Waveform 1	1	20777.486968750	20777.499968750	1400.000	4000.000	1.0000
67	Spectrogram 1	1	20777.486968750	20777.499968750	1400.000	4000.000	1.0000
68	Waveform 1	1	20939.644093750	20939.655468750	1400.000	4000.000	1.0000
68	Spectrogram 1	1	20939.644093750	20939.655468750	1400.000	4000.000	1.0000
69	Waveform 1	1	20944.155093750	20944.172968750	1400.000	4000.000	1.0000
69	Spectrogram 1	1	20944.155093750	20944.172968750	1400.000	4000.000	1.0000
70	Waveform 1	1	20950.590093750	20950.606343750	1400.000	4000.000	1.0000
70	Spectrogram 1	1	20950.590093750	20950.606343750	1400.000	4000.000	1.0000
71	Waveform 1	1	20952.787093750	20952.804968750	1400.000	4000.000	1.0000
71	Spectrogram 1	1	20952.787093750	20952.804968750	1400.000	4000.000	1.0000
72	Waveform 1	1	20955.141718750	20955.149843750	1400.000	4000.000	1.0000
72	Spectrogram 1	1	20955.141718750	20955.149843750	1400.000	4000.000	1.0000
73	Waveform 1	1	20957.655593750	20957.670218750	1400.000	4000.000	1.0000
73	Spectrogram 1	1	20957.655593750	20957.670218750	1400.000	4000.000	1.0000
74	Waveform 1	1	20963.089593750	20963.100968750	1400.000	4000.000	1.0000
74	Spectrogram 1	1	20963.089593750	20963.100968750	1400.000	4000.000	1.0000
75	Waveform 1	1	21001.598843750	21001.616718750	1400.000	4000.000	1.0000
75	Spectrogram 1	1	21001.598843750	21001.616718750	1400.000	4000.000	1.0000
76	Waveform 1	1	21223.557593750	21223.565718750	1400.000	4000.000	1.0000
76	Spectrogram 1	1	21223.557593750	21223.565718750	1400.000	4000.000	1.0000
77	Waveform 1	1	21543.570468750	21543.580218750	1400.000	4000.000	1.0000
77	Spectrogram 1	1	21543.570468750	21543.580218750	1400.000	4000.000	1.0000
78	Waveform 1	1	22027.449968750	22027.462968750	1400.000	4000.000	1.0000
78	Spectrogram 1	1	22027.449968750	22027.462968750	1400.000	4000.000	1.0000
79	Waveform 1	1	23410.922968750	23410.935968750	1400.000	4000.000	1.0000
79	Spectrogram 1	1	23410.922968750	23410.935968750	1400.000	4000.000	1.0000
80	Waveform 1	1	24010.426093750	24010.435843750	1400.000	4000.000	1.0000
80	Spectrogram 1	1	24010.426093750	24010.435843750	1400.000	4000.000	1.0000
81	Waveform 1	1	24037.093968750	24037.111843750	1400.000	4000.000	1.0000
81	Spectrogram 1	1	24037.093968750	24037.111843750	1400.000	4000.000	1.0000
82	Waveform 1	1	25312.561343750	25312.572718750	1400.000	4000.000	1.0000
82	Spectrogram 1	1	25312.561343750	25312.572718750	1400.000	4000.000	1.0000
83	Waveform 1	1	25422.679468750	25422.697343750	1400.000	4000.000	1.0000
83	Spectrogram 1	1	25422.679468750	25422.697343750	1400.000	4000.000	1.0000
84	Waveform 1	1	25424.959343750	25424.970718750	1400.000	4000.000	1.0000
84	Spectrogram 1	1	25424.959343750	25424.970718750	1400.000	4000.000	1.0000
85	Waveform 1	1	25507.437843750	25507.452468750	1400.000	4000.000	1.0000
85	Spectrogram 1	1	25507.437843750	25507.452468750	1400.000	4000.000	1.0000
86	Waveform 1	1	25507.904218750	25507.915593750	1400.000	4000.000	1.0000
86	Spectrogram 1	1	25507.904218750	25507.915593750	1400.000	4000.000	1.0000
87	Waveform 1	1	25509.358593750	25509.366718750	1400.000	4000.000	1.0000
87	Spectrogram 1	1	25509.358593750	25509.366718750	1400.000	4000.000	1.0000
88	Waveform 1	1	25622.299343750	25622.312343750	1400.000	4000.000	1.0000
88	Spectrogram 1	1	25622.299343750	25622.312343750	1400.000	4000.000	1.0000
89	Waveform 1	1	25625.929593750	25625.937718750	1400.000	4000.000	1.0000
89	Spectrogram 1	1	25625.929593750	25625.937718750	1400.000	4000.000	1.0000
90	Waveform 1	1	25808.685218750	25808.696593750	1400.000	4000.000	1.0000
90	Spectrogram 1	1	25808.685218750	25808.696593750	1400.000	4000.000	1.0000
91	Waveform 1	1	25903.461718750	25903.473093750	1400.000	4000.000	1.0000
91	Spectrogram 1	1	25903.461718750	25903.473093750	1400.000	4000.000	1.0000
92	Waveform 1	1	25963.180468750	25963.191843750	1400.000	4000.000	1.0000
92	Spectrogram 1	1	25963.180468750	25963.191843750	1400.000	4000.000	1.0000
93	Waveform 1	1	25967.467218750	25967.491593750	1400.000	4000.000	1.0000
93	Spectrogram 1	1	25967.467218750	25967.491593750	1400.000	4000.000	1.0000
94	Waveform 1	1	25969.472468750	25969.485468750	1400.000	4000.000	1.0000
94	Spectrogram 1	1	25969.472468750	25969.485468750	1400.000	4000.000	1.0000
95	Waveform 1	1	25971.471218750	25971.484218750	1400.000	4000.000	1.0000
95	Spectrogram 1	1	25971.471218750	25971.484218750	1400.000	4000.000	1.0000
96	Waveform 1	1	25978.408343750	25978.427843750	1400.000	4000.000	1.0000
96	Spectrogram 1	1	25978.408343750	25978.427843750	1400.000	4000.000	1.0000
97	Waveform 1	1	25982.527718750	25982.540718750	1400.000	4000.000	1.0000
97	Spectrogram 1	1	25982.527718750	25982.540718750	1400.000	4000.000	1.0000
98	Waveform 1	1	25984.563843750	25984.588218750	1400.000	4000.000	1.0000
98	Spectrogram 1	1	25984.563843750	25984.588218750	1400.000	4000.000	1.0000
99	Waveform 1	1	25986.733218750	25986.744593750	1400.000	4000.000	1.0000
99	Spectrogram 1	1	25986.733218750	25986.744593750	1400.000	4000.000	1.0000
100	Waveform 1	1	25989.060218750	25989.071593750	1400.000	4000.000	1.0000
100	Spectrogram 1	1	25989.060218750	25989.071593750	1400.000	4000.000	1.0000
101	Waveform 1	1	25991.260468750	25991.284843750	1400.000	4000.000	1.0000
101	Spectrogram 1	1	25991.260468750	25991.284843750	1400.000	4000.000	1.0000
102	Waveform 1	1	25995.771468750	25995.781218750	1400.000	4000.000	1.0000
102	Spectrogram 1	1	25995.771468750	25995.781218750	1400.000	4000.000	1.0000
103	Waveform 1	1	26163.100968750	26163.115593750	1400.000	4000.000	1.0000
103	Spectrogram 1	1	26163.100968750	26163.115593750	1400.000	4000.000	1.0000
104	Waveform 1	1	26173.487968750	26173.502593750	1400.000	4000.000	1.0000
104	Spectrogram 1	1	26173.487968750	26173.502593750	1400.000	4000.000	1.0000
105	Waveform 1	1	26178.501093750	26178.512468750	1400.000	4000.000	1.0000
105	Spectrogram 1	1	26178.501093750	26178.512468750	1400.000	4000.000	1.0000
106	Waveform 1	1	26203.118218750	26203.126343750	1400.000	4000.000	1.0000
106	Spectrogram 1	1	26203.118218750	26203.126343750	1400.000	4000.000	1.0000
107	Waveform 1	1	26204.057468750	26204.065593750	1400.000	4000.000	1.0000
107	Spectrogram 1	1	26204.057468750	26204.065593750	1400.000	4000.000	1.0000
108	Waveform 1	1	26216.971343750	26216.984343750	1400.000	4000.000	1.0000
108	Spectrogram 1	1	26216.971343750	26216.984343750	1400.000	4000.000	1.0000
109	Waveform 1	1	26224.326093750	26224.339093750	1400.000	4000.000	1.0000
109	Spectrogram 1	1	26224.326093750	26224.339093750	1400.000	4000.000	1.0000
110	Waveform 1	1	27868.624593750	27868.637593750	1400.000	4000.000	1.0000
110	Spectrogram 1	1	27868.624593750	27868.637593750	1400.000	4000.000	1.0000
111	Waveform 1	1	28068.161593750	28068.171343750	1400.000	4000.000	1.0000
111	Spectrogram 1	1	28068.161593750	28068.171343750	1400.000	4000.000	1.0000
112	Waveform 1	1	28071.858468750	28071.868218750	1400.000	4000.000	1.0000
112	Spectrogram 1	1	28071.858468750	28071.868218750	1400.000	4000.000	1.0000
113	Waveform 1	1	30047.107718750	30047.117468750	1400.000	4000.000	1.0000
113	Spectrogram 1	1	30047.107718750	30047.117468750	1400.000	4000.000	1.0000
114	Waveform 1	1	31318.049468750	31318.059218750	1400.000	4000.000	1.0000
114	Spectrogram 1	1	31318.049468750	31318.059218750	1400.000	4000.000	1.0000
115	Waveform 1	1	31330.557093750	31330.565218750	1400.000	4000.000	1.0000
115	Spectrogram 1	1	31330.557093750	31330.565218750	1400.000	4000.000	1.0000
116	Waveform 1	1	31563.541468750	31563.556093750	1400.000	4000.000	1.0000
116	Spectrogram 1	1	31563.541468750	31563.556093750	1400.000	4000.000	1.0000
117	Waveform 1	1	31563.954218750	31563.967218750	1400.000	4000.000	1.0000
117	Spectrogram 1	1	31563.954218750	31563.967218750	1400.000	4000.000	1.0000
118	Waveform 1	1	33268.650718750	33268.658843750	1400.000	4000.000	1.0000
118	Spectrogram 1	1	33268.650718750	33268.658843750	1400.000	4000.000	1.0000
119	Waveform 1	1	33489.137218750	33489.146968750	1400.000	4000.000	1.0000
119	Spectrogram 1	1	33489.137218750	33489.146968750	1400.000	4000.000	1.0000
120	Waveform 1	1	33760.564218750	33760.575593750	1400.000	4000.000	1.0000
120	Spectrogram 1	1	33760.564218750	33760.575593750	1400.000	4000.000	1.0000
121	Waveform 1	1	34283.511968750	34283.521718750	1400.000	4000.000	1.0000
121	Spectrogram 1	1	34283.511968750	34283.521718750	1400.000	4000.000	1.0000
122	Waveform 1	1	34431.286218750	34431.297593750	1400.000	4000.000	1.0000
122	Spectrogram 1	1	34431.286218750	34431.297593750	1400.000	4000.000	1.0000
123	Waveform 1	1	35314.519218750	35314.527343750	1400.000	4000.000	1.0000
123	Spectrogram 1	1	35314.519218750	35314.527343750	1400.000	4000.000	1.0000
124	Waveform 1	1	35441.902968750	35441.912718750	1400.000	4000.000	1.0000
124	Spectrogram 1	1	35441.902968750	35441.912718750	1400.000	4000.000	1.0000
125	Waveform 1	1	38976.351093750	38976.359218750	1400.000	4000.000	1.0000
125	Spectrogram 1	1	38976.351093750	38976.359218750	1400.000	4000.000	1.0000
126	Waveform 1	1	39269.455593750	39269.478343750	1400.000	4000.000	1.0000
126	Spectrogram 1	1	39269.455593750	39269.478343750	1400.000	4000.000	1.0000
127	Waveform 1	1	39279.714218750	39279.725593750	1400.000	4000.000	1.0000
127	Spectrogram 1	1	39279.714218750	39279.725593750	1400.000	4000.000	1.0000
128	Waveform 1	1	39740.419593750	39740.430968750	1400.000	4000.000	1.0000
128	Spectrogram 1	1	39740.419593750	39740.430968750	1400.000	4000.000	1.0000
129	Waveform 1	1	39964.555843750	39964.565593750	1400.000	4000.000	1.0000
129	Spectrogram 1	1	39964.555843750	39964.565593750	1400.000	4000.000	1.0000
130	Waveform 1	1	40056.036843750	40056.044968750	1400.000	4000.000	1.0000
130	Spectrogram 1	1	40056.036843750	40056.044968750	1400.000	4000.000	1.0000
131	Waveform 1	1	40058.576718750	40058.586468750	1400.000	4000.000	1.0000
131	Spectrogram 1	1	40058.576718750	40058.586468750	1400.000	4000.000	1.0000
132	Waveform 1	1	40127.553093750	40127.561218750	1400.000	4000.000	1.0000
132	Spectrogram 1	1	40127.553093750	40127.561218750	1400.000	4000.000	1.0000
133	Waveform 1	1	40298.878468750	40298.886593750	1400.000	4000.000	1.0000
133	Spectrogram 1	1	40298.878468750	40298.886593750	1400.000	4000.000	1.0000
134	Waveform 1	1	40299.209968750	40299.218093750	1400.000	4000.000	1.0000
134	Spectrogram 1	1	40299.209968750	40299.218093750	1400.000	4000.000	1.0000
135	Waveform 1	1	40320.214718750	40320.222843750	1400.000	4000.000	1.0000
135	Spectrogram 1	1	40320.214718750	40320.222843750	1400.000	4000.000	1.0000
136	Waveform 1	1	40445.390093750	40445.398218750	1400.000	4000.000	1.0000
136	Spectrogram 1	1	40445.390093750	40445.398218750	1400.000	4000.000	1.0000
137	Waveform 1	1	40572.699093750	40572.712093750	1400.000	4000.000	1.0000
137	Spectrogram 1	1	40572.699093750	40572.712093750	1400.000	4000.000	1.0000
138	Waveform 1	1	41033.913093750	41033.924468750	1400.000	4000.000	1.0000
138	Spectrogram 1	1	41033.913093750	41033.924468750	1400.000	4000.000	1.0000
139	Waveform 1	1	41080.443343750	41080.451468750	1400.000	4000.000	1.0000
139	Spectrogram 1	1	41080.443343750	41080.451468750	1400.000	4000.000	1.0000
140	Waveform 1	1	41095.736218750	41095.747593750	1400.000	4000.000	1.0000
140	Spectrogram 1	1	41095.736218750	41095.747593750	1400.000	4000.000	1.0000
141	Waveform 1	1	41109.875343750	41109.883468750	1400.000	4000.000	1.0000
141	Spectrogram 1	1	41109.875343750	41109.883468750	1400.000	4000.000	1.0000
142	Waveform 1	1	41118.343218750	41118.351343750	1400.000	4000.000	1.0000
142	Spectrogram 1	1	41118.343218750	41118.351343750	1400.000	4000.000	1.0000
143	Waveform 1	1	41120.601968750	41120.613343750	1400.000	4000.000	1.0000
143	Spectrogram 1	1	41120.601968750	41120.613343750	1400.000	4000.000	1.0000
144	Waveform 1	1	41153.933968750	41153.942093750	1400.000	4000.000	1.0000
144	Spectrogram 1	1	41153.933968750	41153.942093750	1400.000	4000.000	1.0000
145	Waveform 1	1	41170.866468750	41170.874593750	1400.000	4000.000	1.0000
145	Spectrogram 1	1	41170.866468750	41170.874593750	1400.000	4000.000	1.0000
146	Waveform 1	1	41190.181218750	41190.190968750	1400.000	4000.000	1.0000
146	Spectrogram 1	1	41190.181218750	41190.190968750	1400.000	4000.000	1.0000
147	Waveform 1	1	41197.548968750	41197.557093750	1400.000	4000.000	1.0000
147	Spectrogram 1	1	41197.548968750	41197.557093750	1400.000	4000.000	1.0000
148	Waveform 1	1	41222.068593750	41222.079968750	1400.000	4000.000	1.0000
148	Spectrogram 1	1	41222.068593750	41222.079968750	1400.000	4000.000	1.0000
149	Waveform 1	1	41248.569093750	41248.577218750	1400.000	4000.000	1.0000
149	Spectrogram 1	1	41248.569093750	41248.577218750	1400.000	4000.000	1.0000
150	Waveform 1	1	41399.486093750	41399.497468750	1400.000	4000.000	1.0000
150	Spectrogram 1	1	41399.486093750	41399.497468750	1400.000	4000.000	1.0000
151	Waveform 1	1	41478.812093750	41478.826718750	1400.000	4000.000	1.0000
151	Spectrogram 1	1	41478.812093750	41478.826718750	1400.000	4000.000	1.0000
152	Waveform 1	1	41507.485218750	41507.493343750	1400.000	4000.000	1.0000
152	Spectrogram 1	1	41507.485218750	41507.493343750	1400.000	4000.000	1.0000
153	Waveform 1	1	41587.547343750	41587.560343750	1400.000	4000.000	1.0000
153	Spectrogram 1	1	41587.547343750	41587.560343750	1400.000	4000.000	1.0000
154	Waveform 1	1	41741.535593750	41741.543718750	1400.000	4000.000	1.0000
154	Spectrogram 1	1	41741.535593750	41741.543718750	1400.000	4000.000	1.0000
155	Waveform 1	1	43816.983968750	43816.995343750	1400.000	4000.000	1.0000
155	Spectrogram 1	1	43816.983968750	43816.995343750	1400.000	4000.000	1.0000
156	Waveform 1	1	44082.273343750	44082.283093750	1400.000	4000.000	1.0000
156	Spectrogram 1	1	44082.273343750	44082.283093750	1400.000	4000.000	1.0000
157	Waveform 1	1	45275.130593750	45275.138718750	1400.000	4000.000	1.0000
157	Spectrogram 1	1	45275.130593750	45275.138718750	1400.000	4000.000	1.0000
158	Waveform 1	1	45588.671093750	45588.679218750	1400.000	4000.000	1.0000
158	Spectrogram 1	1	45588.671093750	45588.679218750	1400.000	4000.000	1.0000
159	Waveform 1	1	45696.109593750	45696.117718750	1400.000	4000.000	1.0000
159	Spectrogram 1	1	45696.109593750	45696.117718750	1400.000	4000.000	1.0000
160	Waveform 1	1	45883.277093750	45883.286843750	1400.000	4000.000	1.0000
160	Spectrogram 1	1	45883.277093750	45883.286843750	1400.000	4000.000	1.0000
161	Waveform 1	1	45883.751593750	45883.761343750	1400.000	4000.000	1.0000
161	Spectrogram 1	1	45883.751593750	45883.761343750	1400.000	4000.000	1.0000
162	Waveform 1	1	45924.584593750	45924.592718750	1400.000	4000.000	1.0000
162	Spectrogram 1	1	45924.584593750	45924.592718750	1400.000	4000.000	1.0000
163	Waveform 1	1	45948.577718750	45948.585843750	1400.000	4000.000	1.0000
163	Spectrogram 1	1	45948.577718750	45948.585843750	1400.000	4000.000	1.0000
164	Waveform 1	1	45966.490093750	45966.498218750	1400.000	4000.000	1.0000
164	Spectrogram 1	1	45966.490093750	45966.498218750	1400.000	4000.000	1.0000
165	Waveform 1	1	45972.166218750	45972.175968750	1400.000	4000.000	1.0000
165	Spectrogram 1	1	45972.166218750	45972.175968750	1400.000	4000.000	1.0000
166	Waveform 1	1	46024.830843750	46024.842218750	1400.000	4000.000	1.0000
166	Spectrogram 1	1	46024.830843750	46024.842218750	1400.000	4000.000	1.0000
167	Waveform 1	1	46083.600593750	46083.608718750	1400.000	4000.000	1.0000
167	Spectrogram 1	1	46083.600593750	46083.608718750	1400.000	4000.000	1.0000
168	Waveform 1	1	46106.165343750	46106.173468750	1400.000	4000.000	1.0000
168	Spectrogram 1	1	46106.165343750	46106.173468750	1400.000	4000.000	1.0000
169	Waveform 1	1	46118.092843750	46118.104218750	1400.000	4000.000	1.0000
169	Spectrogram 1	1	46118.092843750	46118.104218750	1400.000	4000.000	1.0000
170	Waveform 1	1	46184.660968750	46184.669093750	1400.000	4000.000	1.0000
170	Spectrogram 1	1	46184.660968750	46184.669093750	1400.000	4000.000	1.0000
171	Waveform 1	1	46233.817218750	46233.826968750	1400.000	4000.000	1.0000
171	Spectrogram 1	1	46233.817218750	46233.826968750	1400.000	4000.000	1.0000
172	Waveform 1	1	46322.220468750	46322.231843750	1400.000	4000.000	1.0000
172	Spectrogram 1	1	46322.220468750	46322.231843750	1400.000	4000.000	1.0000
173	Waveform 1	1	46400.191218750	46400.199343750	1400.000	4000.000	1.0000
173	Spectrogram 1	1	46400.191218750	46400.199343750	1400.000	4000.000	1.0000
174	Waveform 1	1	46540.667593750	46540.677343750	1400.000	4000.000	1.0000
174	Spectrogram 1	1	46540.667593750	46540.677343750	1400.000	4000.000	1.0000
175	Waveform 1	1	46541.406968750	46541.415093750	1400.000	4000.000	1.0000
175	Spectrogram 1	1	46541.406968750	46541.415093750	1400.000	4000.000	1.0000
176	Waveform 1	1	46564.860593750	46564.868718750	1400.000	4000.000	1.0000
176	Spectrogram 1	1	46564.860593750	46564.868718750	1400.000	4000.000	1.0000
177	Waveform 1	1	46571.053468750	46571.061593750	1400.000	4000.000	1.0000
177	Spectrogram 1	1	46571.053468750	46571.061593750	1400.000	4000.000	1.0000
178	Waveform 1	1	46590.694843750	46590.707843750	1400.000	4000.000	1.0000
178	Spectrogram 1	1	46590.694843750	46590.707843750	1400.000	4000.000	1.0000
179	Waveform 1	1	46641.040593750	46641.048718750	1400.000	4000.000	1.0000
179	Spectrogram 1	1	46641.040593750	46641.048718750	1400.000	4000.000	1.0000
180	Waveform 1	1	46652.664218750	46652.672343750	1400.000	4000.000	1.0000
180	Spectrogram 1	1	46652.664218750	46652.672343750	1400.000	4000.000	1.0000
181	Waveform 1	1	46656.088093750	46656.097843750	1400.000	4000.000	1.0000
181	Spectrogram 1	1	46656.088093750	46656.097843750	1400.000	4000.000	1.0000
182	Waveform 1	1	46664.234218750	46664.242343750	1400.000	4000.000	1.0000
182	Spectrogram 1	1	46664.234218750	46664.242343750	1400.000	4000.000	1.0000
183	Waveform 1	1	46682.726718750	46682.734843750	1400.000	4000.000	1.0000
183	Spectrogram 1	1	46682.726718750	46682.734843750	1400.000	4000.000	1.0000
184	Waveform 1	1	46707.067593750	46707.075718750	1400.000	4000.000	1.0000
184	Spectrogram 1	1	46707.067593750	46707.075718750	1400.000	4000.000	1.0000
185	Waveform 1	1	46778.127218750	46778.136968750	1400.000	4000.000	1.0000
185	Spectrogram 1	1	46778.127218750	46778.136968750	1400.000	4000.000	1.0000
186	Waveform 1	1	46795.064593750	46795.072718750	1400.000	4000.000	1.0000
186	Spectrogram 1	1	46795.064593750	46795.072718750	1400.000	4000.000	1.0000
187	Waveform 1	1	46831.240343750	46831.250093750	1400.000	4000.000	1.0000
187	Spectrogram 1	1	46831.240343750	46831.250093750	1400.000	4000.000	1.0000
188	Waveform 1	1	46849.708468750	46849.718218750	1400.000	4000.000	1.0000
188	Spectrogram 1	1	46849.708468750	46849.718218750	1400.000	4000.000	1.0000
189	Waveform 1	1	46898.941093750	46898.950843750	1400.000	4000.000	1.0000
189	Spectrogram 1	1	46898.941093750	46898.950843750	1400.000	4000.000	1.0000
190	Waveform 1	1	47034.129718750	47034.137843750	1400.000	4000.000	1.0000
190	Spectrogram 1	1	47034.129718750	47034.137843750	1400.000	4000.000	1.0000
191	Waveform 1	1	47081.093843750	47081.101968750	1400.000	4000.000	1.0000
191	Spectrogram 1	1	47081.093843750	47081.101968750	1400.000	4000.000	1.0000
192	Waveform 1	1	47087.590593750	47087.606843750	1400.000	4000.000	1.0000
192	Spectrogram 1	1	47087.590593750	47087.606843750	1400.000	4000.000	1.0000
193	Waveform 1	1	47087.660468750	47087.670218750	1400.000	4000.000	1.0000
193	Spectrogram 1	1	47087.660468750	47087.670218750	1400.000	4000.000	1.0000
194	Waveform 1	1	47100.098218750	47100.106343750	1400.000	4000.000	1.0000
194	Spectrogram 1	1	47100.098218750	47100.106343750	1400.000	4000.000	1.0000
195	Waveform 1	1	47164.817093750	47164.826843750	1400.000	4000.000	1.0000
195	Spectrogram 1	1	47164.817093750	47164.826843750	1400.000	4000.000	1.0000
196	Waveform 1	1	47203.409218750	47203.418968750	1400.000	4000.000	1.0000
196	Spectrogram 1	1	47203.409218750	47203.418968750	1400.000	4000.000	1.0000
197	Waveform 1	1	47208.319968750	47208.329718750	1400.000	4000.000	1.0000
197	Spectrogram 1	1	47208.319968750	47208.329718750	1400.000	4000.000	1.0000
198	Waveform 1	1	47214.204093750	47214.213843750	1400.000	4000.000	1.0000
198	Spectrogram 1	1	47214.204093750	47214.213843750	1400.000	4000.000	1.0000
199	Waveform 1	1	47219.849343750	47219.859093750	1400.000	4000.000	1.0000
199	Spectrogram 1	1	47219.849343750	47219.859093750	1400.000	4000.000	1.0000
200	Waveform 1	1	47222.233218750	47222.241343750	1400.000	4000.000	1.0000
200	Spectrogram 1	1	47222.233218750	47222.241343750	1400.000	4000.000	1.0000
201	Waveform 1	1	47252.789718750	47252.799468750	1400.000	4000.000	1.0000
201	Spectrogram 1	1	47252.789718750	47252.799468750	1400.000	4000.000	1.0000
202	Waveform 1	1	47254.469968750	47254.478093750	1400.000	4000.000	1.0000
202	Spectrogram 1	1	47254.469968750	47254.478093750	1400.000	4000.000	1.0000
203	Waveform 1	1	47318.816718750	47318.824843750	1400.000	4000.000	1.0000
203	Spectrogram 1	1	47318.816718750	47318.824843750	1400.000	4000.000	1.0000
204	Waveform 1	1	47323.989093750	47324.000468750	1400.000	4000.000	1.0000
204	Spectrogram 1	1	47323.989093750	47324.000468750	1400.000	4000.000	1.0000
205	Waveform 1	1	47344.325968750	47344.334093750	1400.000	4000.000	1.0000
205	Spectrogram 1	1	47344.325968750	47344.334093750	1400.000	4000.000	1.0000
206	Waveform 1	1	47363.297843750	47363.307593750	1400.000	4000.000	1.0000
206	Spectrogram 1	1	47363.297843750	47363.307593750	1400.000	4000.000	1.0000
207	Waveform 1	1	47384.786843750	47384.794968750	1400.000	4000.000	1.0000
207	Spectrogram 1	1	47384.786843750	47384.794968750	1400.000	4000.000	1.0000
208	Waveform 1	1	47402.780468750	47402.788593750	1400.000	4000.000	1.0000
208	Spectrogram 1	1	47402.780468750	47402.788593750	1400.000	4000.000	1.0000
209	Waveform 1	1	47406.802343750	47406.810468750	1400.000	4000.000	1.0000
209	Spectrogram 1	1	47406.802343750	47406.810468750	1400.000	4000.000	1.0000
210	Waveform 1	1	47422.438093750	47422.451093750	1400.000	4000.000	1.0000
210	Spectrogram 1	1	47422.438093750	47422.451093750	1400.000	4000.000	1.0000
211	Waveform 1	1	47427.881843750	47427.894843750	1400.000	4000.000	1.0000
211	Spectrogram 1	1	47427.881843750	47427.894843750	1400.000	4000.000	1.0000
212	Waveform 1	1	47431.606343750	47431.617718750	1400.000	4000.000	1.0000
212	Spectrogram 1	1	47431.606343750	47431.617718750	1400.000	4000.000	1.0000
213	Waveform 1	1	47450.163843750	47450.178468750	1400.000	4000.000	1.0000
213	Spectrogram 1	1	47450.163843750	47450.178468750	1400.000	4000.000	1.0000
214	Waveform 1	1	47450.804093750	47450.815468750	1400.000	4000.000	1.0000
214	Spectrogram 1	1	47450.804093750	47450.815468750	1400.000	4000.000	1.0000
215	Waveform 1	1	47488.115718750	47488.125468750	1400.000	4000.000	1.0000
215	Spectrogram 1	1	47488.115718750	47488.125468750	1400.000	4000.000	1.0000
216	Waveform 1	1	47489.659468750	47489.667593750	1400.000	4000.000	1.0000
216	Spectrogram 1	1	47489.659468750	47489.667593750	1400.000	4000.000	1.0000
217	Waveform 1	1	47537.041218750	47537.052593750	1400.000	4000.000	1.0000
217	Spectrogram 1	1	47537.041218750	47537.052593750	1400.000	4000.000	1.0000
218	Waveform 1	1	47558.613093750	47558.622843750	1400.000	4000.000	1.0000
218	Spectrogram 1	1	47558.613093750	47558.622843750	1400.000	4000.000	1.0000
219	Waveform 1	1	47562.100343750	47562.108468750	1400.000	4000.000	1.0000
219	Spectrogram 1	1	47562.100343750	47562.108468750	1400.000	4000.000	1.0000
220	Waveform 1	1	47567.864218750	47567.872343750	1400.000	4000.000	1.0000
220	Spectrogram 1	1	47567.864218750	47567.872343750	1400.000	4000.000	1.0000
221	Waveform 1	1	47567.942218750	47567.955218750	1400.000	4000.000	1.0000
221	Spectrogram 1	1	47567.942218750	47567.955218750	1400.000	4000.000	1.0000
222	Waveform 1	1	47581.374468750	47581.384218750	1400.000	4000.000	1.0000
222	Spectrogram 1	1	47581.374468750	47581.384218750	1400.000	4000.000	1.0000
223	Waveform 1	1	47583.259468750	47583.267593750	1400.000	4000.000	1.0000
223	Spectrogram 1	1	47583.259468750	47583.267593750	1400.000	4000.000	1.0000
224	Waveform 1	1	47624.934218750	47624.942343750	1400.000	4000.000	1.0000
224	Spectrogram 1	1	47624.934218750	47624.942343750	1400.000	4000.000	1.0000
225	Waveform 1	1	47627.890093750	47627.898218750	1400.000	4000.000	1.0000
225	Spectrogram 1	1	47627.890093750	47627.898218750	1400.000	4000.000	1.0000
226	Waveform 1	1	47630.238218750	47630.246343750	1400.000	4000.000	1.0000
226	Spectrogram 1	1	47630.238218750	47630.246343750	1400.000	4000.000	1.0000
227	Waveform 1	1	47644.907093750	47644.916843750	1400.000	4000.000	1.0000
227	Spectrogram 1	1	47644.907093750	47644.916843750	1400.000	4000.000	1.0000
228	Waveform 1	1	47660.230843750	47660.238968750	1400.000	4000.000	1.0000
228	Spectrogram 1	1	47660.230843750	47660.238968750	1400.000	4000.000	1.0000
229	Waveform 1	1	47676.791218750	47676.800968750	1400.000	4000.000	1.0000
229	Spectrogram 1	1	47676.791218750	47676.800968750	1400.000	4000.000	1.0000
230	Waveform 1	1	47742.351843750	47742.359968750	1400.000	4000.000	1.0000
230	Spectrogram 1	1	47742.351843750	47742.359968750	1400.000	4000.000	1.0000
231	Waveform 1	1	47745.497843750	47745.505968750	1400.000	4000.000	1.0000
231	Spectrogram 1	1	47745.497843750	47745.505968750	1400.000	4000.000	1.0000
232	Waveform 1	1	47836.832593750	47836.840718750	1400.000	4000.000	1.0000
232	Spectrogram 1	1	47836.832593750	47836.840718750	1400.000	4000.000	1.0000
233	Waveform 1	1	47893.296468750	47893.306218750	1400.000	4000.000	1.0000
233	Spectrogram 1	1	47893.296468750	47893.306218750	1400.000	4000.000	1.0000
234	Waveform 1	1	47913.568343750	47913.578093750	1400.000	4000.000	1.0000
234	Spectrogram 1	1	47913.568343750	47913.578093750	1400.000	4000.000	1.0000
235	Waveform 1	1	48028.436343750	48028.444468750	1400.000	4000.000	1.0000
235	Spectrogram 1	1	48028.436343750	48028.444468750	1400.000	4000.000	1.0000
236	Waveform 1	1	48033.117968750	48033.129343750	1400.000	4000.000	1.0000
236	Spectrogram 1	1	48033.117968750	48033.129343750	1400.000	4000.000	1.0000
237	Waveform 1	1	48039.868218750	48039.876343750	1400.000	4000.000	1.0000
237	Spectrogram 1	1	48039.868218750	48039.876343750	1400.000	4000.000	1.0000
238	Waveform 1	1	48041.158468750	48041.166593750	1400.000	4000.000	1.0000
238	Spectrogram 1	1	48041.158468750	48041.166593750	1400.000	4000.000	1.0000
239	Waveform 1	1	48186.660968750	48186.669093750	1400.000	4000.000	1.0000
239	Spectrogram 1	1	48186.660968750	48186.669093750	1400.000	4000.000	1.0000
240	Waveform 1	1	48188.859593750	48188.869343750	1400.000	4000.000	1.0000
240	Spectrogram 1	1	48188.859593750	48188.869343750	1400.000	4000.000	1.0000
241	Waveform 1	1	48239.343468750	48239.353218750	1400.000	4000.000	1.0000
241	Spectrogram 1	1	48239.343468750	48239.353218750	1400.000	4000.000	1.0000
242	Waveform 1	1	48274.121718750	48274.129843750	1400.000	4000.000	1.0000
242	Spectrogram 1	1	48274.121718750	48274.129843750	1400.000	4000.000	1.0000
243	Waveform 1	1	48517.987093750	48517.996843750	1400.000	4000.000	1.0000
243	Spectrogram 1	1	48517.987093750	48517.996843750	1400.000	4000.000	1.0000
244	Waveform 1	1	48609.827218750	48609.836968750	1400.000	4000.000	1.0000
244	Spectrogram 1	1	48609.827218750	48609.836968750	1400.000	4000.000	1.0000
245	Waveform 1	1	48615.779593750	48615.789343750	1400.000	4000.000	1.0000
245	Spectrogram 1	1	48615.779593750	48615.789343750	1400.000	4000.000	1.0000
246	Waveform 1	1	48724.831718750	48724.841468750	1400.000	4000.000	1.0000
246	Spectrogram 1	1	48724.831718750	48724.841468750	1400.000	4000.000	1.0000
247	Waveform 1	1	48783.170843750	48783.178968750	1400.000	4000.000	1.0000
247	Spectrogram 1	1	48783.170843750	48783.178968750	1400.000	4000.000	1.0000
248	Waveform 1	1	48840.361093750	48840.372468750	1400.000	4000.000	1.0000
248	Spectrogram 1	1	48840.361093750	48840.372468750	1400.000	4000.000	1.0000
249	Waveform 1	1	48881.239593750	48881.250968750	1400.000	4000.000	1.0000
249	Spectrogram 1	1	48881.239593750	48881.250968750	1400.000	4000.000	1.0000
250	Waveform 1	1	48991.624218750	48991.646968750	1400.000	4000.000	1.0000
250	Spectrogram 1	1	48991.624218750	48991.646968750	1400.000	4000.000	1.0000
251	Waveform 1	1	49704.828593750	49704.838343750	1400.000	4000.000	1.0000
251	Spectrogram 1	1	49704.828593750	49704.838343750	1400.000	4000.000	1.0000
252	Waveform 1	1	49905.720843750	49905.728968750	1400.000	4000.000	1.0000
252	Spectrogram 1	1	49905.720843750	49905.728968750	1400.000	4000.000	1.0000
253	Waveform 1	1	49953.562468750	49953.570593750	1400.000	4000.000	1.0000
253	Spectrogram 1	1	49953.562468750	49953.570593750	1400.000	4000.000	1.0000
254	Waveform 1	1	50045.745468750	50045.753593750	1400.000	4000.000	1.0000
254	Spectrogram 1	1	50045.745468750	50045.753593750	1400.000	4000.000	1.0000
255	Waveform 1	1	50072.830968750	50072.840718750	1400.000	4000.000	1.0000
255	Spectrogram 1	1	50072.830968750	50072.840718750	1400.000	4000.000	1.0000
256	Waveform 1	1	50084.043468750	50084.051593750	1400.000	4000.000	1.0000
256	Spectrogram 1	1	50084.043468750	50084.051593750	1400.000	4000.000	1.0000
257	Waveform 1	1	50189.151718750	50189.159843750	1400.000	4000.000	1.0000
257	Spectrogram 1	1	50189.151718750	50189.159843750	1400.000	4000.000	1.0000
258	Waveform 1	1	50230.379593750	50230.387718750	1400.000	4000.000	1.0000
258	Spectrogram 1	1	50230.379593750	50230.387718750	1400.000	4000.000	1.0000
259	Waveform 1	1	50292.366843750	50292.374968750	1400.000	4000.000	1.0000
259	Spectrogram 1	1	50292.366843750	50292.374968750	1400.000	4000.000	1.0000
260	Waveform 1	1	50351.139843750	50351.147968750	1400.000	4000.000	1.0000
260	Spectrogram 1	1	50351.139843750	50351.147968750	1400.000	4000.000	1.0000
261	Waveform 1	1	50372.700343750	50372.711718750	1400.000	4000.000	1.0000
261	Spectrogram 1	1	50372.700343750	50372.711718750	1400.000	4000.000	1.0000
262	Waveform 1	1	50427.773218750	50427.782968750	1400.000	4000.000	1.0000
262	Spectrogram 1	1	50427.773218750	50427.782968750	1400.000	4000.000	1.0000
263	Waveform 1	1	50453.301968750	50453.310093750	1400.000	4000.000	1.0000
263	Spectrogram 1	1	50453.301968750	50453.310093750	1400.000	4000.000	1.0000
264	Waveform 1	1	50453.407593750	50453.417343750	1400.000	4000.000	1.0000
264	Spectrogram 1	1	50453.407593750	50453.417343750	1400.000	4000.000	1.0000
265	Waveform 1	1	50528.077968750	50528.086093750	1400.000	4000.000	1.0000
265	Spectrogram 1	1	50528.077968750	50528.086093750	1400.000	4000.000	1.0000
266	Waveform 1	1	50562.451593750	50562.461343750	1400.000	4000.000	1.0000
266	Spectrogram 1	1	50562.451593750	50562.461343750	1400.000	4000.000	1.0000
267	Waveform 1	1	50581.951593750	50581.959718750	1400.000	4000.000	1.0000
267	Spectrogram 1	1	50581.951593750	50581.959718750	1400.000	4000.000	1.0000
268	Waveform 1	1	50611.409593750	50611.419343750	1400.000	4000.000	1.0000
268	Spectrogram 1	1	50611.409593750	50611.419343750	1400.000	4000.000	1.0000
269	Waveform 1	1	50627.617343750	50627.628718750	1400.000	4000.000	1.0000
269	Spectrogram 1	1	50627.617343750	50627.628718750	1400.000	4000.000	1.0000
270	Waveform 1	1	50631.414968750	50631.423093750	1400.000	4000.000	1.0000
270	Spectrogram 1	1	50631.414968750	50631.423093750	1400.000	4000.000	1.0000
271	Waveform 1	1	50696.239468750	50696.247593750	1400.000	4000.000	1.0000
271	Spectrogram 1	1	50696.239468750	50696.247593750	1400.000	4000.000	1.0000
272	Waveform 1	1	50740.572718750	50740.580843750	1400.000	4000.000	1.0000
272	Spectrogram 1	1	50740.572718750	50740.580843750	1400.000	4000.000	1.0000
273	Waveform 1	1	50744.350843750	50744.362218750	1400.000	4000.000	1.0000
273	Spectrogram 1	1	50744.350843750	50744.362218750	1400.000	4000.000	1.0000
274	Waveform 1	1	50765.924343750	50765.934093750	1400.000	4000.000	1.0000
274	Spectrogram 1	1	50765.924343750	50765.934093750	1400.000	4000.000	1.0000
275	Waveform 1	1	50782.757718750	50782.765843750	1400.000	4000.000	1.0000
275	Spectrogram 1	1	50782.757718750	50782.765843750	1400.000	4000.000	1.0000
276	Waveform 1	1	50783.123343750	50783.131468750	1400.000	4000.000	1.0000
276	Spectrogram 1	1	50783.123343750	50783.131468750	1400.000	4000.000	1.0000
277	Waveform 1	1	50803.188843750	50803.196968750	1400.000	4000.000	1.0000
277	Spectrogram 1	1	50803.188843750	50803.196968750	1400.000	4000.000	1.0000
278	Waveform 1	1	50806.195093750	50806.204843750	1400.000	4000.000	1.0000
278	Spectrogram 1	1	50806.195093750	50806.204843750	1400.000	4000.000	1.0000
279	Waveform 1	1	50883.488218750	50883.496343750	1400.000	4000.000	1.0000
279	Spectrogram 1	1	50883.488218750	50883.496343750	1400.000	4000.000	1.0000
280	Waveform 1	1	50908.222343750	50908.232093750	1400.000	4000.000	1.0000
280	Spectrogram 1	1	50908.222343750	50908.232093750	1400.000	4000.000	1.0000
281	Waveform 1	1	50911.595843750	50911.607218750	1400.000	4000.000	1.0000
281	Spectrogram 1	1	50911.595843750	50911.607218750	1400.000	4000.000	1.0000
282	Waveform 1	1	50919.603843750	50919.613593750	1400.000	4000.000	1.0000
282	Spectrogram 1	1	50919.603843750	50919.613593750	1400.000	4000.000	1.0000
283	Waveform 1	1	50962.061843750	50962.071593750	1400.000	4000.000	1.0000
283	Spectrogram 1	1	50962.061843750	50962.071593750	1400.000	4000.000	1.0000
284	Waveform 1	1	50967.125343750	50967.133468750	1400.000	4000.000	1.0000
284	Spectrogram 1	1	50967.125343750	50967.133468750	1400.000	4000.000	1.0000
285	Waveform 1	1	50967.185468750	50967.196843750	1400.000	4000.000	1.0000
285	Spectrogram 1	1	50967.185468750	50967.196843750	1400.000	4000.000	1.0000
286	Waveform 1	1	50969.798468750	50969.809843750	1400.000	4000.000	1.0000
286	Spectrogram 1	1	50969.798468750	50969.809843750	1400.000	4000.000	1.0000
287	Waveform 1	1	51194.444968750	51194.454718750	1400.000	4000.000	1.0000
287	Spectrogram 1	1	51194.444968750	51194.454718750	1400.000	4000.000	1.0000
288	Waveform 1	1	51225.859468750	51225.867593750	1400.000	4000.000	1.0000
288	Spectrogram 1	1	51225.859468750	51225.867593750	1400.000	4000.000	1.0000
289	Waveform 1	1	51411.010343750	51411.020093750	1400.000	4000.000	1.0000
289	Spectrogram 1	1	51411.010343750	51411.020093750	1400.000	4000.000	1.0000
290	Waveform 1	1	51550.750593750	51550.758718750	1400.000	4000.000	1.0000
290	Spectrogram 1	1	51550.750593750	51550.758718750	1400.000	4000.000	1.0000
291	Waveform 1	1	51552.031093750	51552.047343750	1400.000	4000.000	1.0000
291	Spectrogram 1	1	51552.031093750	51552.047343750	1400.000	4000.000	1.0000
292	Waveform 1	1	51665.761593750	51665.771343750	1400.000	4000.000	1.0000
292	Spectrogram 1	1	51665.761593750	51665.771343750	1400.000	4000.000	1.0000
293	Waveform 1	1	51862.818843750	51862.826968750	1400.000	4000.000	1.0000
293	Spectrogram 1	1	51862.818843750	51862.826968750	1400.000	4000.000	1.0000
294	Waveform 1	1	51981.211468750	51981.222843750	1400.000	4000.000	1.0000
294	Spectrogram 1	1	51981.211468750	51981.222843750	1400.000	4000.000	1.0000
295	Waveform 1	1	52239.201343750	52239.209468750	1400.000	4000.000	1.0000
295	Spectrogram 1	1	52239.201343750	52239.209468750	1400.000	4000.000	1.0000
296	Waveform 1	1	52313.740093750	52313.748218750	1400.000	4000.000	1.0000
296	Spectrogram 1	1	52313.740093750	52313.748218750	1400.000	4000.000	1.0000
297	Waveform 1	1	52319.497468750	52319.507218750	1400.000	4000.000	1.0000
297	Spectrogram 1	1	52319.497468750	52319.507218750	1400.000	4000.000	1.0000
298	Waveform 1	1	52323.868718750	52323.881718750	1400.000	4000.000	1.0000
298	Spectrogram 1	1	52323.868718750	52323.881718750	1400.000	4000.000	1.0000
299	Waveform 1	1	52432.405718750	52432.415468750	1400.000	4000.000	1.0000
299	Spectrogram 1	1	52432.405718750	52432.415468750	1400.000	4000.000	1.0000
300	Waveform 1	1	52605.460093750	52605.471468750	1400.000	4000.000	1.0000
300	Spectrogram 1	1	52605.460093750	52605.471468750	1400.000	4000.000	1.0000
301	Waveform 1	1	52630.004093750	52630.015468750	1400.000	4000.000	1.0000
301	Spectrogram 1	1	52630.004093750	52630.015468750	1400.000	4000.000	1.0000
302	Waveform 1	1	52963.598718750	52963.613343750	1400.000	4000.000	1.0000
302	Spectrogram 1	1	52963.598718750	52963.613343750	1400.000	4000.000	1.0000
303	Waveform 1	1	52963.694593750	52963.704343750	1400.000	4000.000	1.0000
303	Spectrogram 1	1	52963.694593750	52963.704343750	1400.000	4000.000	1.0000
304	Waveform 1	1	52981.043093750	52981.051218750	1400.000	4000.000	1.0000
304	Spectrogram 1	1	52981.043093750	52981.051218750	1400.000	4000.000	1.0000
305	Waveform 1	1	53279.602718750	53279.614093750	1400.000	4000.000	1.0000
305	Spectrogram 1	1	53279.602718750	53279.614093750	1400.000	4000.000	1.0000
306	Waveform 1	1	53316.095343750	53316.103468750	1400.000	4000.000	1.0000
306	Spectrogram 1	1	53316.095343750	53316.103468750	1400.000	4000.000	1.0000
307	Waveform 1	1	53319.285218750	53319.298218750	1400.000	4000.000	1.0000
307	Spectrogram 1	1	53319.285218750	53319.298218750	1400.000	4000.000	1.0000
308	Waveform 1	1	53614.591593750	53614.601343750	1400.000	4000.000	1.0000
308	Spectrogram 1	1	53614.591593750	53614.601343750	1400.000	4000.000	1.0000
309	Waveform 1	1	53673.600218750	53673.614843750	1400.000	4000.000	1.0000
309	Spectrogram 1	1	53673.600218750	53673.614843750	1400.000	4000.000	1.0000
310	Waveform 1	1	53677.968218750	53677.977968750	1400.000	4000.000	1.0000
310	Spectrogram 1	1	53677.968218750	53677.977968750	1400.000	4000.000	1.0000
311	Waveform 1	1	53946.673343750	53946.686343750	1400.000	4000.000	1.0000
311	Spectrogram 1	1	53946.673343750	53946.686343750	1400.000	4000.000	1.0000
312	Waveform 1	1	53950.337718750	53950.355593750	1400.000	4000.000	1.0000
312	Spectrogram 1	1	53950.337718750	53950.355593750	1400.000	4000.000	1.0000
313	Waveform 1	1	53954.097968750	53954.114218750	1400.000	4000.000	1.0000
313	Spectrogram 1	1	53954.097968750	53954.114218750	1400.000	4000.000	1.0000
314	Waveform 1	1	53991.754093750	53991.771968750	1400.000	4000.000	1.0000
314	Spectrogram 1	1	53991.754093750	53991.771968750	1400.000	4000.000	1.0000
315	Waveform 1	1	53994.032343750	53994.045343750	1400.000	4000.000	1.0000
315	Spectrogram 1	1	53994.032343750	53994.045343750	1400.000	4000.000	1.0000
316	Waveform 1	1	53996.172468750	53996.182218750	1400.000	4000.000	1.0000
316	Spectrogram 1	1	53996.172468750	53996.182218750	1400.000	4000.000	1.0000
317	Waveform 1	1	53997.753593750	53997.766593750	1400.000	4000.000	1.0000
317	Spectrogram 1	1	53997.753593750	53997.766593750	1400.000	4000.000	1.0000
318	Waveform 1	1	54000.015593750	54000.028593750	1400.000	4000.000	1.0000
318	Spectrogram 1	1	54000.015593750	54000.028593750	1400.000	4000.000	1.0000
319	Waveform 1	1	54001.863218750	54001.879468750	1400.000	4000.000	1.0000
319	Spectrogram 1	1	54001.863218750	54001.879468750	1400.000	4000.000	1.0000
320	Waveform 1	1	54003.715718750	54003.738468750	1400.000	4000.000	1.0000
320	Spectrogram 1	1	54003.715718750	54003.738468750	1400.000	4000.000	1.0000
321	Waveform 1	1	54005.556843750	54005.589343750	1400.000	4000.000	1.0000
321	Spectrogram 1	1	54005.556843750	54005.589343750	1400.000	4000.000	1.0000
322	Waveform 1	1	54007.713218750	54007.734343750	1400.000	4000.000	1.0000
322	Spectrogram 1	1	54007.713218750	54007.734343750	1400.000	4000.000	1.0000
323	Waveform 1	1	54011.705843750	54011.725343750	1400.000	4000.000	1.0000
323	Spectrogram 1	1	54011.705843750	54011.725343750	1400.000	4000.000	1.0000
324	Waveform 1	1	54014.001968750	54014.023093750	1400.000	4000.000	1.0000
324	Spectrogram 1	1	54014.001968750	54014.023093750	1400.000	4000.000	1.0000
325	Waveform 1	1	54015.932468750	54015.945468750	1400.000	4000.000	1.0000
325	Spectrogram 1	1	54015.932468750	54015.945468750	1400.000	4000.000	1.0000
326	Waveform 1	1	54017.841843750	54017.862968750	1400.000	4000.000	1.0000
326	Spectrogram 1	1	54017.841843750	54017.862968750	1400.000	4000.000	1.0000
327	Waveform 1	1	54019.808093750	54019.837343750	1400.000	4000.000	1.0000
327	Spectrogram 1	1	54019.808093750	54019.837343750	1400.000	4000.000	1.0000
328	Waveform 1	1	54020.779843750	54020.805843750	1400.000	4000.000	1.0000
328	Spectrogram 1	1	54020.779843750	54020.805843750	1400.000	4000.000	1.0000
329	Waveform 1	1	54022.278093750	54022.302468750	1400.000	4000.000	1.0000
329	Spectrogram 1	1	54022.278093750	54022.302468750	1400.000	4000.000	1.0000
330	Waveform 1	1	54024.944718750	54024.965843750	1400.000	4000.000	1.0000
330	Spectrogram 1	1	54024.944718750	54024.965843750	1400.000	4000.000	1.0000
331	Waveform 1	1	54049.724343750	54049.745468750	1400.000	4000.000	1.0000
331	Spectrogram 1	1	54049.724343750	54049.745468750	1400.000	4000.000	1.0000
332	Waveform 1	1	54080.394593750	54080.407593750	1400.000	4000.000	1.0000
332	Spectrogram 1	1	54080.394593750	54080.407593750	1400.000	4000.000	1.0000
333	Waveform 1	1	54088.095468750	54088.111718750	1400.000	4000.000	1.0000
333	Spectrogram 1	1	54088.095468750	54088.111718750	1400.000	4000.000	1.0000
334	Waveform 1	1	54092.705593750	54092.721843750	1400.000	4000.000	1.0000
334	Spectrogram 1	1	54092.705593750	54092.721843750	1400.000	4000.000	1.0000
335	Waveform 1	1	54111.573468750	54111.588093750	1400.000	4000.000	1.0000
335	Spectrogram 1	1	54111.573468750	54111.588093750	1400.000	4000.000	1.0000
336	Waveform 1	1	54176.888718750	54176.908218750	1400.000	4000.000	1.0000
336	Spectrogram 1	1	54176.888718750	54176.908218750	1400.000	4000.000	1.0000
337	Waveform 1	1	54266.060593750	54266.070343750	1400.000	4000.000	1.0000
337	Spectrogram 1	1	54266.060593750	54266.070343750	1400.000	4000.000	1.0000
338	Waveform 1	1	54270.870593750	54270.885218750	1400.000	4000.000	1.0000
338	Spectrogram 1	1	54270.870593750	54270.885218750	1400.000	4000.000	1.0000
339	Waveform 1	1	54275.347468750	54275.360468750	1400.000	4000.000	1.0000
339	Spectrogram 1	1	54275.347468750	54275.360468750	1400.000	4000.000	1.0000
340	Waveform 1	1	54286.314593750	54286.335718750	1400.000	4000.000	1.0000
340	Spectrogram 1	1	54286.314593750	54286.335718750	1400.000	4000.000	1.0000
341	Waveform 1	1	54286.967843750	54286.984093750	1400.000	4000.000	1.0000
341	Spectrogram 1	1	54286.967843750	54286.984093750	1400.000	4000.000	1.0000
342	Waveform 1	1	54290.560718750	54290.570468750	1400.000	4000.000	1.0000
342	Spectrogram 1	1	54290.560718750	54290.570468750	1400.000	4000.000	1.0000
343	Waveform 1	1	54296.568343750	54296.581343750	1400.000	4000.000	1.0000
343	Spectrogram 1	1	54296.568343750	54296.581343750	1400.000	4000.000	1.0000
344	Waveform 1	1	54405.202843750	54405.214218750	1400.000	4000.000	1.0000
344	Spectrogram 1	1	54405.202843750	54405.214218750	1400.000	4000.000	1.0000
345	Waveform 1	1	54966.588343750	54966.604593750	1400.000	4000.000	1.0000
345	Spectrogram 1	1	54966.588343750	54966.604593750	1400.000	4000.000	1.0000
346	Waveform 1	1	55688.265468750	55688.281718750	1400.000	4000.000	1.0000
346	Spectrogram 1	1	55688.265468750	55688.281718750	1400.000	4000.000	1.0000
347	Waveform 1	1	56021.827593750	56021.847093750	1400.000	4000.000	1.0000
347	Spectrogram 1	1	56021.827593750	56021.847093750	1400.000	4000.000	1.0000
348	Waveform 1	1	56027.256718750	56027.264843750	1400.000	4000.000	1.0000
348	Spectrogram 1	1	56027.256718750	56027.264843750	1400.000	4000.000	1.0000
349	Waveform 1	1	56621.977468750	56621.985593750	1400.000	4000.000	1.0000
349	Spectrogram 1	1	56621.977468750	56621.985593750	1400.000	4000.000	1.0000
350	Waveform 1	1	56834.899593750	56834.920718750	1400.000	4000.000	1.0000
350	Spectrogram 1	1	56834.899593750	56834.920718750	1400.000	4000.000	1.0000
351	Waveform 1	1	56884.640843750	56884.653843750	1400.000	4000.000	1.0000
351	Spectrogram 1	1	56884.640843750	56884.653843750	1400.000	4000.000	1.0000
352	Waveform 1	1	56989.950593750	56989.961968750	1400.000	4000.000	1.0000
352	Spectrogram 1	1	56989.950593750	56989.961968750	1400.000	4000.000	1.0000
353	Waveform 1	1	57036.167218750	57036.178593750	1400.000	4000.000	1.0000
353	Spectrogram 1	1	57036.167218750	57036.178593750	1400.000	4000.000	1.0000
354	Waveform 1	1	57676.017468750	57676.032093750	1400.000	4000.000	1.0000
354	Spectrogram 1	1	57676.017468750	57676.032093750	1400.000	4000.000	1.0000
355	Waveform 1	1	57941.168718750	57941.178468750	1400.000	4000.000	1.0000
355	Spectrogram 1	1	57941.168718750	57941.178468750	1400.000	4000.000	1.0000
356	Waveform 1	1	57944.379718750	57944.397593750	1400.000	4000.000	1.0000
356	Spectrogram 1	1	57944.379718750	57944.397593750	1400.000	4000.000	1.0000
357	Waveform 1	1	57999.434718750	57999.442843750	1400.000	4000.000	1.0000
357	Spectrogram 1	1	57999.434718750	57999.442843750	1400.000	4000.000	1.0000
358	Waveform 1	1	57999.675218750	57999.688218750	1400.000	4000.000	1.0000
358	Spectrogram 1	1	57999.675218750	57999.688218750	1400.000	4000.000	1.0000
359	Waveform 1	1	57999.759718750	57999.779218750	1400.000	4000.000	1.0000
359	Spectrogram 1	1	57999.759718750	57999.779218750	1400.000	4000.000	1.0000
360	Waveform 1	1	57999.834468750	57999.844218750	1400.000	4000.000	1.0000
360	Spectrogram 1	1	57999.834468750	57999.844218750	1400.000	4000.000	1.0000
361	Waveform 1	1	57999.902718750	57999.910843750	1400.000	4000.000	1.0000
361	Spectrogram 1	1	57999.902718750	57999.910843750	1400.000	4000.000	1.0000
362	Waveform 1	1	58000.148093750	58000.162718750	1400.000	4000.000	1.0000
362	Spectrogram 1	1	58000.148093750	58000.162718750	1400.000	4000.000	1.0000
363	Waveform 1	1	58000.243968750	58000.255343750	1400.000	4000.000	1.0000
363	Spectrogram 1	1	58000.243968750	58000.255343750	1400.000	4000.000	1.0000
364	Waveform 1	1	58000.832218750	58000.843593750	1400.000	4000.000	1.0000
364	Spectrogram 1	1	58000.832218750	58000.843593750	1400.000	4000.000	1.0000
365	Waveform 1	1	58000.876093750	58000.908593750	1400.000	4000.000	0.8500
365	Spectrogram 1	1	58000.876093750	58000.908593750	1400.000	4000.000	0.8500
366	Waveform 1	1	58001.007718750	58001.027218750	1400.000	4000.000	1.0000
366	Spectrogram 1	1	58001.007718750	58001.027218750	1400.000	4000.000	1.0000
367	Waveform 1	1	58204.040093750	58204.062843750	1400.000	4000.000	1.0000
367	Spectrogram 1	1	58204.040093750	58204.062843750	1400.000	4000.000	1.0000
368	Waveform 1	1	58204.727468750	58204.748593750	1400.000	4000.000	1.0000
368	Spectrogram 1	1	58204.727468750	58204.748593750	1400.000	4000.000	1.0000
369	Waveform 1	1	58743.232968750	58743.245968750	1400.000	4000.000	1.0000
369	Spectrogram 1	1	58743.232968750	58743.245968750	1400.000	4000.000	1.0000
370	Waveform 1	1	61608.364718750	61608.380968750	1400.000	4000.000	1.0000
370	Spectrogram 1	1	61608.364718750	61608.380968750	1400.000	4000.000	1.0000
371	Waveform 1	1	62234.586093750	62234.610468750	1400.000	4000.000	1.0000
371	Spectrogram 1	1	62234.586093750	62234.610468750	1400.000	4000.000	1.0000
372	Waveform 1	1	62322.483968750	62322.493718750	1400.000	4000.000	1.0000
372	Spectrogram 1	1	62322.483968750	62322.493718750	1400.000	4000.000	1.0000
373	Waveform 1	1	64048.492343750	64048.503718750	1400.000	4000.000	1.0000
373	Spectrogram 1	1	64048.492343750	64048.503718750	1400.000	4000.000	1.0000
374	Waveform 1	1	65753.045843750	65753.055593750	1400.000	4000.000	1.0000
374	Spectrogram 1	1	65753.045843750	65753.055593750	1400.000	4000.000	1.0000
375	Waveform 1	1	66735.663843750	66735.671968750	1400.000	4000.000	1.0000
375	Spectrogram 1	1	66735.663843750	66735.671968750	1400.000	4000.000	1.0000
376	Waveform 1	1	66955.123343750	66955.131468750	1400.000	4000.000	1.0000
376	Spectrogram 1	1	66955.123343750	66955.131468750	1400.000	4000.000	1.0000
377	Waveform 1	1	67142.495593750	67142.511843750	1400.000	4000.000	1.0000
377	Spectrogram 1	1	67142.495593750	67142.511843750	1400.000	4000.000	1.0000
378	Waveform 1	1	67197.012718750	67197.022468750	1400.000	4000.000	1.0000
378	Spectrogram 1	1	67197.012718750	67197.022468750	1400.000	4000.000	1.0000
379	Waveform 1	1	67212.396593750	67212.404718750	1400.000	4000.000	1.0000
379	Spectrogram 1	1	67212.396593750	67212.404718750	1400.000	4000.000	1.0000
380	Waveform 1	1	67222.866468750	67222.874593750	1400.000	4000.000	1.0000
380	Spectrogram 1	1	67222.866468750	67222.874593750	1400.000	4000.000	1.0000
381	Waveform 1	1	67230.824093750	67230.833843750	1400.000	4000.000	1.0000
381	Spectrogram 1	1	67230.824093750	67230.833843750	1400.000	4000.000	1.0000
382	Waveform 1	1	67576.693968750	67576.703718750	1400.000	4000.000	1.0000
382	Spectrogram 1	1	67576.693968750	67576.703718750	1400.000	4000.000	1.0000
383	Waveform 1	1	68198.020843750	68198.032218750	1400.000	4000.000	1.0000
383	Spectrogram 1	1	68198.020843750	68198.032218750	1400.000	4000.000	1.0000
384	Waveform 1	1	68611.510218750	68611.524843750	1400.000	4000.000	1.0000
384	Spectrogram 1	1	68611.510218750	68611.524843750	1400.000	4000.000	1.0000
385	Waveform 1	1	68675.531968750	68675.544968750	1400.000	4000.000	1.0000
385	Spectrogram 1	1	68675.531968750	68675.544968750	1400.000	4000.000	1.0000
386	Waveform 1	1	68768.894718750	68768.906093750	1400.000	4000.000	1.0000
386	Spectrogram 1	1	68768.894718750	68768.906093750	1400.000	4000.000	1.0000
387	Waveform 1	1	68877.894843750	68877.906218750	1400.000	4000.000	1.0000
387	Spectrogram 1	1	68877.894843750	68877.906218750	1400.000	4000.000	1.0000
388	Waveform 1	1	68890.186343750	68890.202593750	1400.000	4000.000	1.0000
388	Spectrogram 1	1	68890.186343750	68890.202593750	1400.000	4000.000	1.0000
389	Waveform 1	1	68890.288718750	68890.304968750	1400.000	4000.000	1.0000
389	Spectrogram 1	1	68890.288718750	68890.304968750	1400.000	4000.000	1.0000
390	Waveform 1	1	69392.629843750	69392.644468750	1400.000	4000.000	1.0000
390	Spectrogram 1	1	69392.629843750	69392.644468750	1400.000	4000.000	1.0000
391	Waveform 1	1	69396.866218750	69396.880843750	1400.000	4000.000	1.0000
391	Spectrogram 1	1	69396.866218750	69396.880843750	1400.000	4000.000	1.0000
392	Waveform 1	1	69532.886843750	69532.914468750	1400.000	4000.000	1.0000
392	Spectrogram 1	1	69532.886843750	69532.914468750	1400.000	4000.000	1.0000
393	Waveform 1	1	69664.430593750	69664.445218750	1400.000	4000.000	1.0000
393	Spectrogram 1	1	69664.430593750	69664.445218750	1400.000	4000.000	1.0000
394	Waveform 1	1	69756.033468750	69756.049718750	1400.000	4000.000	1.0000
394	Spectrogram 1	1	69756.033468750	69756.049718750	1400.000	4000.000	1.0000
395	Waveform 1	1	69767.231343750	69767.244343750	1400.000	4000.000	1.0000
395	Spectrogram 1	1	69767.231343750	69767.244343750	1400.000	4000.000	1.0000
396	Waveform 1	1	69853.522093750	69853.551343750	1400.000	4000.000	1.0000
396	Spectrogram 1	1	69853.522093750	69853.551343750	1400.000	4000.000	1.0000
397	Waveform 1	1	69901.430343750	69901.453093750	1400.000	4000.000	1.0000
397	Spectrogram 1	1	69901.430343750	69901.453093750	1400.000	4000.000	1.0000
398	Waveform 1	1	69912.433218750	69912.459218750	1400.000	4000.000	1.0000
398	Spectrogram 1	1	69912.433218750	69912.459218750	1400.000	4000.000	1.0000
399	Waveform 1	1	69924.045468750	69924.056843750	1400.000	4000.000	1.0000
399	Spectrogram 1	1	69924.045468750	69924.056843750	1400.000	4000.000	1.0000
400	Waveform 1	1	69924.489093750	69924.500468750	1400.000	4000.000	1.0000
400	Spectrogram 1	1	69924.489093750	69924.500468750	1400.000	4000.000	1.0000
401	Waveform 1	1	70345.047218750	70345.055343750	1400.000	4000.000	1.0000
401	Spectrogram 1	1	70345.047218750	70345.055343750	1400.000	4000.000	1.0000
402	Waveform 1	1	70963.452343750	70963.484843750	1400.000	4000.000	1.0000
402	Spectrogram 1	1	70963.452343750	70963.484843750	1400.000	4000.000	1.0000
403	Waveform 1	1	71062.070343750	71062.099593750	1400.000	4000.000	1.0000
403	Spectrogram 1	1	71062.070343750	71062.099593750	1400.000	4000.000	1.0000
404	Waveform 1	1	71063.198093750	71063.217593750	1400.000	4000.000	1.0000
404	Spectrogram 1	1	71063.198093750	71063.217593750	1400.000	4000.000	1.0000
405	Waveform 1	1	71116.049593750	71116.067468750	1400.000	4000.000	1.0000
405	Spectrogram 1	1	71116.049593750	71116.067468750	1400.000	4000.000	1.0000
406	Waveform 1	1	71116.636218750	71116.655718750	1400.000	4000.000	1.0000
406	Spectrogram 1	1	71116.636218750	71116.655718750	1400.000	4000.000	1.0000
407	Waveform 1	1	71116.922218750	71116.933593750	1400.000	4000.000	1.0000
407	Spectrogram 1	1	71116.922218750	71116.933593750	1400.000	4000.000	1.0000
408	Waveform 1	1	71225.870343750	71225.896343750	1400.000	4000.000	1.0000
408	Spectrogram 1	1	71225.870343750	71225.896343750	1400.000	4000.000	1.0000
409	Waveform 1	1	71225.972718750	71225.984093750	1400.000	4000.000	1.0000
409	Spectrogram 1	1	71225.972718750	71225.984093750	1400.000	4000.000	1.0000
410	Waveform 1	1	71342.686718750	71342.694843750	1400.000	4000.000	1.0000
410	Spectrogram 1	1	71342.686718750	71342.694843750	1400.000	4000.000	1.0000
411	Waveform 1	1	71348.554593750	71348.570843750	1400.000	4000.000	1.0000
411	Spectrogram 1	1	71348.554593750	71348.570843750	1400.000	4000.000	1.0000
412	Waveform 1	1	71460.684468750	71460.694218750	1400.000	4000.000	1.0000
412	Spectrogram 1	1	71460.684468750	71460.694218750	1400.000	4000.000	1.0000
413	Waveform 1	1	71538.357843750	71538.372468750	1400.000	4000.000	1.0000
413	Spectrogram 1	1	71538.357843750	71538.372468750	1400.000	4000.000	1.0000
414	Waveform 1	1	71627.079593750	71627.087718750	1400.000	4000.000	1.0000
414	Spectrogram 1	1	71627.079593750	71627.087718750	1400.000	4000.000	1.0000
415	Waveform 1	1	71659.475593750	71659.504843750	1400.000	4000.000	0.7778
415	Spectrogram 1	1	71659.475593750	71659.504843750	1400.000	4000.000	0.7778
416	Waveform 1	1	71955.043593750	71955.054968750	1400.000	4000.000	1.0000
416	Spectrogram 1	1	71955.043593750	71955.054968750	1400.000	4000.000	1.0000
417	Waveform 1	1	72077.846468750	72077.854593750	1400.000	4000.000	1.0000
417	Spectrogram 1	1	72077.846468750	72077.854593750	1400.000	4000.000	1.0000
418	Waveform 1	1	72093.360343750	72093.376593750	1400.000	4000.000	1.0000
418	Spectrogram 1	1	72093.360343750	72093.376593750	1400.000	4000.000	1.0000
419	Waveform 1	1	72095.129968750	72095.155968750	1400.000	4000.000	1.0000
419	Spectrogram 1	1	72095.129968750	72095.155968750	1400.000	4000.000	1.0000
420	Waveform 1	1	72109.485218750	72109.494968750	1400.000	4000.000	1.0000
420	Spectrogram 1	1	72109.485218750	72109.494968750	1400.000	4000.000	1.0000
421	Waveform 1	1	72110.586968750	72110.598343750	1400.000	4000.000	1.0000
421	Spectrogram 1	1	72110.586968750	72110.598343750	1400.000	4000.000	1.0000
422	Waveform 1	1	72140.847718750	72140.867218750	1400.000	4000.000	0.7500
422	Spectrogram 1	1	72140.847718750	72140.867218750	1400.000	4000.000	0.7500
423	Waveform 1	1	72145.264468750	72145.279093750	1400.000	4000.000	1.0000
423	Spectrogram 1	1	72145.264468750	72145.279093750	1400.000	4000.000	1.0000
424	Waveform 1	1	72165.931218750	72165.940968750	1400.000	4000.000	1.0000
424	Spectrogram 1	1	72165.931218750	72165.940968750	1400.000	4000.000	1.0000
425	Waveform 1	1	72177.119343750	72177.137218750	1400.000	4000.000	1.0000
425	Spectrogram 1	1	72177.119343750	72177.137218750	1400.000	4000.000	1.0000
426	Waveform 1	1	72177.857093750	72177.866843750	1400.000	4000.000	1.0000
426	Spectrogram 1	1	72177.857093750	72177.866843750	1400.000	4000.000	1.0000
427	Waveform 1	1	72178.773593750	72178.783343750	1400.000	4000.000	1.0000
427	Spectrogram 1	1	72178.773593750	72178.783343750	1400.000	4000.000	1.0000
428	Waveform 1	1	72181.783093750	72181.805843750	1400.000	4000.000	1.0000
428	Spectrogram 1	1	72181.783093750	72181.805843750	1400.000	4000.000	1.0000
429	Waveform 1	1	72182.426593750	72182.442843750	1400.000	4000.000	1.0000
429	Spectrogram 1	1	72182.426593750	72182.442843750	1400.000	4000.000	1.0000
430	Waveform 1	1	72182.496468750	72182.507843750	1400.000	4000.000	1.0000
430	Spectrogram 1	1	72182.496468750	72182.507843750	1400.000	4000.000	1.0000
431	Waveform 1	1	72195.160093750	72195.169843750	1400.000	4000.000	1.0000
431	Spectrogram 1	1	72195.160093750	72195.169843750	1400.000	4000.000	1.0000
432	Waveform 1	1	72195.502968750	72195.533843750	1400.000	4000.000	0.9474
432	Spectrogram 1	1	72195.502968750	72195.533843750	1400.000	4000.000	0.9474
433	Waveform 1	1	72198.982093750	72198.993468750	1400.000	4000.000	1.0000
433	Spectrogram 1	1	72198.982093750	72198.993468750	1400.000	4000.000	1.0000
434	Waveform 1	1	72227.414718750	72227.447218750	1400.000	4000.000	0.7500
434	Spectrogram 1	1	72227.414718750	72227.447218750	1400.000	4000.000	0.7500
435	Waveform 1	1	72227.744593750	72227.754343750	1400.000	4000.000	1.0000
435	Spectrogram 1	1	72227.744593750	72227.754343750	1400.000	4000.000	1.0000
436	Waveform 1	1	72228.592843750	72228.602593750	1400.000	4000.000	1.0000
436	Spectrogram 1	1	72228.592843750	72228.602593750	1400.000	4000.000	1.0000
437	Waveform 1	1	72240.843718750	72240.855093750	1400.000	4000.000	1.0000
437	Spectrogram 1	1	72240.843718750	72240.855093750	1400.000	4000.000	1.0000
438	Waveform 1	1	72240.905468750	72240.915218750	1400.000	4000.000	1.0000
438	Spectrogram 1	1	72240.905468750	72240.915218750	1400.000	4000.000	1.0000
439	Waveform 1	1	72241.251593750	72241.262968750	1400.000	4000.000	1.0000
439	Spectrogram 1	1	72241.251593750	72241.262968750	1400.000	4000.000	1.0000
440	Waveform 1	1	72337.173718750	72337.198093750	1400.000	4000.000	1.0000
440	Spectrogram 1	1	72337.173718750	72337.198093750	1400.000	4000.000	1.0000
441	Waveform 1	1	72356.553468750	72356.561593750	1400.000	4000.000	1.0000
441	Spectrogram 1	1	72356.553468750	72356.561593750	1400.000	4000.000	1.0000
442	Waveform 1	1	72587.313218750	72587.322968750	1400.000	4000.000	1.0000
442	Spectrogram 1	1	72587.313218750	72587.322968750	1400.000	4000.000	1.0000
443	Waveform 1	1	72786.733218750	72786.742968750	1400.000	4000.000	1.0000
443	Spectrogram 1	1	72786.733218750	72786.742968750	1400.000	4000.000	1.0000
444	Waveform 1	1	73053.413593750	73053.423343750	1400.000	4000.000	1.0000
444	Spectrogram 1	1	73053.413593750	73053.423343750	1400.000	4000.000	1.0000
445	Waveform 1	1	73287.368093750	73287.382718750	1400.000	4000.000	1.0000
445	Spectrogram 1	1	73287.368093750	73287.382718750	1400.000	4000.000	1.0000
446	Waveform 1	1	73527.401718750	73527.427718750	1400.000	4000.000	0.7500
446	Spectrogram 1	1	73527.401718750	73527.427718750	1400.000	4000.000	0.7500
447	Waveform 1	1	73850.328218750	73850.350968750	1400.000	4000.000	1.0000
447	Spectrogram 1	1	73850.328218750	73850.350968750	1400.000	4000.000	1.0000
448	Waveform 1	1	75011.470343750	75011.489843750	1400.000	4000.000	1.0000
448	Spectrogram 1	1	75011.470343750	75011.489843750	1400.000	4000.000	1.0000
449	Waveform 1	1	82883.396093750	82883.405843750	1400.000	4000.000	1.0000
449	Spectrogram 1	1	82883.396093750	82883.405843750	1400.000	4000.000	1.0000
450	Waveform 1	1	82912.641218750	82912.655843750	1400.000	4000.000	1.0000
450	Spectrogram 1	1	82912.641218750	82912.655843750	1400.000	4000.000	1.0000
451	Waveform 1	1	82914.337718750	82914.347468750	1400.000	4000.000	1.0000
451	Spectrogram 1	1	82914.337718750	82914.347468750	1400.000	4000.000	1.0000
452	Waveform 1	1	82917.732343750	82917.746968750	1400.000	4000.000	1.0000
452	Spectrogram 1	1	82917.732343750	82917.746968750	1400.000	4000.000	1.0000
453	Waveform 1	1	82932.969968750	82932.979718750	1400.000	4000.000	1.0000
453	Spectrogram 1	1	82932.969968750	82932.979718750	1400.000	4000.000	1.0000
454	Waveform 1	1	82934.516968750	82934.529968750	1400.000	4000.000	1.0000
454	Spectrogram 1	1	82934.516968750	82934.529968750	1400.000	4000.000	1.0000
455	Waveform 1	1	82934.640468750	82934.653468750	1400.000	4000.000	1.0000
455	Spectrogram 1	1	82934.640468750	82934.653468750	1400.000	4000.000	1.0000
456	Waveform 1	1	82940.206093750	82940.220718750	1400.000	4000.000	1.0000
456	Spectrogram 1	1	82940.206093750	82940.220718750	1400.000	4000.000	1.0000
457	Waveform 1	1	82942.123593750	82942.139843750	1400.000	4000.000	1.0000
457	Spectrogram 1	1	82942.123593750	82942.139843750	1400.000	4000.000	1.0000
458	Waveform 1	1	82951.101718750	82951.109843750	1400.000	4000.000	1.0000
458	Spectrogram 1	1	82951.101718750	82951.109843750	1400.000	4000.000	1.0000
459	Waveform 1	1	82957.185718750	82957.197093750	1400.000	4000.000	1.0000
459	Spectrogram 1	1	82957.185718750	82957.197093750	1400.000	4000.000	1.0000
460	Waveform 1	1	83031.206093750	83031.227218750	1400.000	4000.000	1.0000
460	Spectrogram 1	1	83031.206093750	83031.227218750	1400.000	4000.000	1.0000
461	Waveform 1	1	83136.260718750	83136.268843750	1400.000	4000.000	1.0000
461	Spectrogram 1	1	83136.260718750	83136.268843750	1400.000	4000.000	1.0000
462	Waveform 1	1	83144.154968750	83144.164718750	1400.000	4000.000	1.0000
462	Spectrogram 1	1	83144.154968750	83144.164718750	1400.000	4000.000	1.0000
463	Waveform 1	1	83155.833843750	83155.846843750	1400.000	4000.000	1.0000
463	Spectrogram 1	1	83155.833843750	83155.846843750	1400.000	4000.000	1.0000
464	Waveform 1	1	83156.199468750	83156.207593750	1400.000	4000.000	1.0000
464	Spectrogram 1	1	83156.199468750	83156.207593750	1400.000	4000.000	1.0000
465	Waveform 1	1	83166.898468750	83166.911468750	1400.000	4000.000	1.0000
465	Spectrogram 1	1	83166.898468750	83166.911468750	1400.000	4000.000	1.0000
466	Waveform 1	1	83170.371093750	83170.385718750	1400.000	4000.000	1.0000
466	Spectrogram 1	1	83170.371093750	83170.385718750	1400.000	4000.000	1.0000
467	Waveform 1	1	83170.861843750	83170.873218750	1400.000	4000.000	1.0000
467	Spectrogram 1	1	83170.861843750	83170.873218750	1400.000	4000.000	1.0000
468	Waveform 1	1	83171.892093750	83171.901843750	1400.000	4000.000	1.0000
468	Spectrogram 1	1	83171.892093750	83171.901843750	1400.000	4000.000	1.0000
469	Waveform 1	1	83173.621093750	83173.645468750	1400.000	4000.000	1.0000
469	Spectrogram 1	1	83173.621093750	83173.645468750	1400.000	4000.000	1.0000
470	Waveform 1	1	83178.018343750	83178.032968750	1400.000	4000.000	1.0000
470	Spectrogram 1	1	83178.018343750	83178.032968750	1400.000	4000.000	1.0000
471	Waveform 1	1	83997.487968750	83997.504218750	1400.000	4000.000	1.0000
471	Spectrogram 1	1	83997.487968750	83997.504218750	1400.000	4000.000	1.0000
472	Waveform 1	1	84777.653718750	84777.666718750	1400.000	4000.000	1.0000
472	Spectrogram 1	1	84777.653718750	84777.666718750	1400.000	4000.000	1.0000
473	Waveform 1	1	85099.556468750	85099.580843750	1400.000	4000.000	1.0000
473	Spectrogram 1	1	85099.556468750	85099.580843750	1400.000	4000.000	1.0000
474	Waveform 1	1	85100.221093750	85100.243843750	1400.000	4000.000	1.0000
474	Spectrogram 1	1	85100.221093750	85100.243843750	1400.000	4000.000	1.0000
475	Waveform 1	1	85107.694468750	85107.720468750	1400.000	4000.000	1.0000
475	Spectrogram 1	1	85107.694468750	85107.720468750	1400.000	4000.000	1.0000
476	Waveform 1	1	85110.500843750	85110.510593750	1400.000	4000.000	1.0000
476	Spectrogram 1	1	85110.500843750	85110.510593750	1400.000	4000.000	1.0000
477	Waveform 1	1	85111.781343750	85111.810593750	1400.000	4000.000	1.0000
477	Spectrogram 1	1	85111.781343750	85111.810593750	1400.000	4000.000	1.0000
478	Waveform 1	1	85112.738468750	85112.753093750	1400.000	4000.000	1.0000
478	Spectrogram 1	1	85112.738468750	85112.753093750	1400.000	4000.000	1.0000
479	Waveform 1	1	85113.630593750	85113.641968750	1400.000	4000.000	1.0000
479	Spectrogram 1	1	85113.630593750	85113.641968750	1400.000	4000.000	1.0000
480	Waveform 1	1	85114.524343750	85114.547093750	1400.000	4000.000	1.0000
480	Spectrogram 1	1	85114.524343750	85114.547093750	1400.000	4000.000	1.0000
481	Waveform 1	1	85116.198093750	85116.222468750	1400.000	4000.000	1.0000
481	Spectrogram 1	1	85116.198093750	85116.222468750	1400.000	4000.000	1.0000
482	Waveform 1	1	85117.615093750	85117.624843750	1400.000	4000.000	1.0000
482	Spectrogram 1	1	85117.615093750	85117.624843750	1400.000	4000.000	1.0000
483	Waveform 1	1	85117.907593750	85117.925468750	1400.000	4000.000	1.0000
483	Spectrogram 1	1	85117.907593750	85117.925468750	1400.000	4000.000	1.0000
484	Waveform 1	1	85118.534843750	85118.547843750	1400.000	4000.000	1.0000
484	Spectrogram 1	1	85118.534843750	85118.547843750	1400.000	4000.000	1.0000
485	Waveform 1	1	85149.166093750	85149.174218750	1400.000	4000.000	1.0000
485	Spectrogram 1	1	85149.166093750	85149.174218750	1400.000	4000.000	1.0000
486	Waveform 1	1	85283.241593750	85283.254593750	1400.000	4000.000	1.0000
486	Spectrogram 1	1	85283.241593750	85283.254593750	1400.000	4000.000	1.0000
487	Waveform 1	1	85444.084093750	85444.092218750	1400.000	4000.000	1.0000
487	Spectrogram 1	1	85444.084093750	85444.092218750	1400.000	4000.000	1.0000
488	Waveform 1	1	85755.230968750	85755.239093750	1400.000	4000.000	1.0000
488	Spectrogram 1	1	85755.230968750	85755.239093750	1400.000	4000.000	1.0000
489	Waveform 1	1	85946.506468750	85946.514593750	1400.000	4000.000	1.0000
489	Spectrogram 1	1	85946.506468750	85946.514593750	1400.000	4000.000	1.0000
490	Waveform 1	1	86288.723343750	86288.741218750	1400.000	4000.000	1.0000
490	Spectrogram 1	1	86288.723343750	86288.741218750	1400.000	4000.000	1.0000
491	Waveform 1	1	86288.785093750	86288.794843750	1400.000	4000.000	1.0000
491	Spectrogram 1	1	86288.785093750	86288.794843750	1400.000	4000.000	1.0000
492	Waveform 1	1	86293.287968750	86293.304218750	1400.000	4000.000	1.0000
492	Spectrogram 1	1	86293.287968750	86293.304218750	1400.000	4000.000	1.0000
493	Waveform 1	1	86313.732093750	86313.748343750	1400.000	4000.000	1.0000
493	Spectrogram 1	1	86313.732093750	86313.748343750	1400.000	4000.000	1.0000
494	Waveform 1	1	86314.697343750	86314.707093750	1400.000	4000.000	1.0000
494	Spectrogram 1	1	86314.697343750	86314.707093750	1400.000	4000.000	1.0000
495	Waveform 1	1	86341.592718750	86341.617093750	1400.000	4000.000	1.0000
495	Spectrogram 1	1	86341.592718750	86341.617093750	1400.000	4000.000	1.0000
496	Waveform 1	1	86348.994593750	86349.012468750	1400.000	4000.000	1.0000
496	Spectrogram 1	1	86348.994593750	86349.012468750	1400.000	4000.000	1.0000
497	Waveform 1	1	86361.968593750	86361.976718750	1400.000	4000.000	1.0000
497	Spectrogram 1	1	86361.968593750	86361.976718750	1400.000	4000.000	1.0000
498	Waveform 1	1	86362.821718750	86362.829843750	1400.000	4000.000	1.0000
498	Spectrogram 1	1	86362.821718750	86362.829843750	1400.000	4000.000	1.0000
499	Waveform 1	1	86370.481968750	86370.490093750	1400.000	4000.000	1.0000
499	Spectrogram 1	1	86370.481968750	86370.490093750	1400.000	4000.000	1.0000
500	Waveform 1	1	86371.547968750	86371.557718750	1400.000	4000.000	1.0000
500	Spectrogram 1	1	86371.547968750	86371.557718750	1400.000	4000.000	1.0000
501	Waveform 1	1	86372.599343750	86372.609093750	1400.000	4000.000	1.0000
501	Spectrogram 1	1	86372.599343750	86372.609093750	1400.000	4000.000	1.0000
502	Waveform 1	1	86384.500843750	86384.521968750	1400.000	4000.000	1.0000
502	Spectrogram 1	1	86384.500843750	86384.521968750	1400.000	4000.000	1.0000
503	Waveform 1	1	86384.658468750	86384.686093750	1400.000	4000.000	1.0000
503	Spectrogram 1	1	86384.658468750	86384.686093750	1400.000	4000.000	1.0000
