Selection	View	Channel	Begin Time (s)	End Time (s)	Low Freq (Hz)	High Freq (Hz)	Occupancy
1	Waveform 1	1	57332.141468750	57332.149593750	1400.000	4000.000	1.0000
1	Spectrogram 1	1	57332.141468750	57332.149593750	1400.000	4000.000	1.0000
2	Waveform 1	1	60189.010093750	60189.032843750	1400.000	4000.000	1.0000
2	Spectrogram 1	1	60189.010093750	60189.032843750	1400.000	4000.000	1.0000
3	Waveform 1	1	62410.809218750	62410.827093750	1400.000	4000.000	1.0000
3	Spectrogram 1	1	62410.809218750	62410.827093750	1400.000	4000.000	1.0000
4	Waveform 1	1	62414.907468750	62414.915593750	1400.000	4000.000	1.0000
4	Spectrogram 1	1	62414.907468750	62414.915593750	1400.000	4000.000	1.0000
5	Waveform 1	1	62418.722968750	62418.732718750	1400.000	4000.000	1.0000
5	Spectrogram 1	1	62418.722968750	62418.732718750	1400.000	4000.000	1.0000
6	Waveform 1	1	62427.072218750	62427.101468750	1400.000	4000.000	1.0000
6	Spectrogram 1	1	62427.072218750	62427.101468750	1400.000	4000.000	1.0000
7	Waveform 1	1	62431.370343750	62431.384968750	1400.000	4000.000	1.0000
7	Spectrogram 1	1	62431.370343750	62431.384968750	1400.000	4000.000	1.0000
8	Waveform 1	1	62457.771718750	62457.783093750	1400.000	4000.000	1.0000
8	Spectrogram 1	1	62457.771718750	62457.783093750	1400.000	4000.000	1.0000
9	Waveform 1	1	62504.370218750	62504.379968750	1400.000	4000.000	1.0000
9	Spectrogram 1	1	62504.370218750	62504.379968750	1400.000	4000.000	1.0000
10	Waveform 1	1	62541.210593750	62541.225218750	1400.000	4000.000	1.0000
10	Spectrogram 1	1	62541.210593750	62541.225218750	1400.000	4000.000	1.0000
11	Waveform 1	1	62574.948843750	62574.961843750	1400.000	4000.000	1.0000
11	Spectrogram 1	1	62574.948843750	62574.961843750	1400.000	4000.000	1.0000
12	Waveform 1	1	62576.300843750	62576.318718750	1400.000	4000.000	1.0000
12	Spectrogram 1	1	62576.300843750	62576.318718750	1400.000	4000.000	1.0000
13	Waveform 1	1	62583.907468750	62583.918843750	1400.000	4000.000	1.0000
13	Spectrogram 1	1	62583.907468750	62583.918843750	1400.000	4000.000	1.0000
14	Waveform 1	1	63078.996218750	63079.020593750	1400.000	4000.000	1.0000
14	Spectrogram 1	1	63078.996218750	63079.020593750	1400.000	4000.000	1.0000
15	Waveform 1	1	63092.509718750	63092.535718750	1400.000	4000.000	1.0000
15	Spectrogram 1	1	63092.509718750	63092.535718750	1400.000	4000.000	1.0000
16	Waveform 1	1	63093.600093750	63093.619593750	1400.000	4000.000	1.0000
16	Spectrogram 1	1	63093.600093750	63093.619593750	1400.000	4000.000	1.0000
17	Waveform 1	1	63096.856593750	63096.877718750	1400.000	4000.000	1.0000
17	Spectrogram 1	1	63096.856593750	63096.877718750	1400.000	4000.000	1.0000
18	Waveform 1	1	63101.749468750	63101.759218750	1400.000	4000.000	1.0000
18	Spectrogram 1	1	63101.749468750	63101.759218750	1400.000	4000.000	1.0000
19	Waveform 1	1	63110.279093750	63110.293718750	1400.000	4000.000	1.0000
19	Spectrogram 1	1	63110.279093750	63110.293718750	1400.000	4000.000	1.0000
20	Waveform 1	1	63114.192093750	63114.213218750	1400.000	4000.000	1.0000
20	Spectrogram 1	1	63114.192093750	63114.213218750	1400.000	4000.000	1.0000
21	Waveform 1	1	63114.375718750	63114.391968750	1400.000	4000.000	1.0000
21	Spectrogram 1	1	63114.375718750	63114.391968750	1400.000	4000.000	1.0000
22	Waveform 1	1	63114.559343750	63114.575593750	1400.000	4000.000	1.0000
22	Spectrogram 1	1	63114.559343750	63114.575593750	1400.000	4000.000	1.0000
23	Waveform 1	1	63114.963968750	63114.993218750	1400.000	4000.000	1.0000
23	Spectrogram 1	1	63114.963968750	63114.993218750	1400.000	4000.000	1.0000
24	Waveform 1	1	63115.142718750	63115.173593750	1400.000	4000.000	1.0000
24	Spectrogram 1	1	63115.142718750	63115.173593750	1400.000	4000.000	1.0000
25	Waveform 1	1	63115.703343750	63115.716343750	1400.000	4000.000	1.0000
25	Spectrogram 1	1	63115.703343750	63115.716343750	1400.000	4000.000	1.0000
26	Waveform 1	1	63115.750468750	63115.758593750	1400.000	4000.000	1.0000
26	Spectrogram 1	1	63115.750468750	63115.758593750	1400.000	4000.000	1.0000
27	Waveform 1	1	63115.890218750	63115.911343750	1400.000	4000.000	1.0000
27	Spectrogram 1	1	63115.890218750	63115.911343750	1400.000	4000.000	1.0000
28	Waveform 1	1	63115.968218750	63115.982843750	1400.000	4000.000	1.0000
28	Spectrogram 1	1	63115.968218750	63115.982843750	1400.000	4000.000	1.0000
29	Waveform 1	1	63117.053718750	63117.073218750	1400.000	4000.000	1.0000
29	Spectrogram 1	1	63117.053718750	63117.073218750	1400.000	4000.000	1.0000
30	Waveform 1	1	63118.322843750	63118.347218750	1400.000	4000.000	1.0000
30	Spectrogram 1	1	63118.322843750	63118.347218750	1400.000	4000.000	1.0000
31	Waveform 1	1	63119.370968750	63119.388843750	1400.000	4000.000	1.0000
31	Spectrogram 1	1	63119.370968750	63119.388843750	1400.000	4000.000	1.0000
32	Waveform 1	1	63119.804843750	63119.817843750	1400.000	4000.000	1.0000
32	Spectrogram 1	1	63119.804843750	63119.817843750	1400.000	4000.000	1.0000
33	Waveform 1	1	63122.656718750	63122.672968750	1400.000	4000.000	1.0000
33	Spectrogram 1	1	63122.656718750	63122.672968750	1400.000	4000.000	1.0000
34	Waveform 1	1	63124.122468750	63124.150093750	1400.000	4000.000	1.0000
34	Spectrogram 1	1	63124.122468750	63124.150093750	1400.000	4000.000	1.0000
35	Waveform 1	1	63128.800843750	63128.810593750	1400.000	4000.000	1.0000
35	Spectrogram 1	1	63128.800843750	63128.810593750	1400.000	4000.000	1.0000
36	Waveform 1	1	63129.151843750	63129.171343750	1400.000	4000.000	1.0000
36	Spectrogram 1	1	63129.151843750	63129.171343750	1400.000	4000.000	1.0000
37	Waveform 1	1	63129.221718750	63129.237968750	1400.000	4000.000	1.0000
37	Spectrogram 1	1	63129.221718750	63129.237968750	1400.000	4000.000	1.0000
38	Waveform 1	1	63130.053718750	63130.073218750	1400.000	4000.000	1.0000
38	Spectrogram 1	1	63130.053718750	63130.073218750	1400.000	4000.000	1.0000
39	Waveform 1	1	63134.199093750	63134.221843750	1400.000	4000.000	1.0000
39	Spectrogram 1	1	63134.199093750	63134.221843750	1400.000	4000.000	1.0000
40	Waveform 1	1	63136.751968750	63136.773093750	1400.000	4000.000	1.0000
40	Spectrogram 1	1	63136.751968750	63136.773093750	1400.000	4000.000	1.0000
41	Waveform 1	1	63168.034843750	63168.042968750	1400.000	4000.000	1.0000
41	Spectrogram 1	1	63168.034843750	63168.042968750	1400.000	4000.000	1.0000
42	Waveform 1	1	63168.428093750	63168.441093750	1400.000	4000.000	1.0000
42	Spectrogram 1	1	63168.428093750	63168.441093750	1400.000	4000.000	1.0000
43	Waveform 1	1	63182.700468750	63182.710218750	1400.000	4000.000	1.0000
43	Spectrogram 1	1	63182.700468750	63182.710218750	1400.000	4000.000	1.0000
44	Waveform 1	1	63186.597218750	63186.610218750	1400.000	4000.000	1.0000
44	Spectrogram 1	1	63186.597218750	63186.610218750	1400.000	4000.000	1.0000
45	Waveform 1	1	63202.221593750	63202.241093750	1400.000	4000.000	1.0000
45	Spectrogram 1	1	63202.221593750	63202.241093750	1400.000	4000.000	1.0000
46	Waveform 1	1	63236.218218750	63236.234468750	1400.000	4000.000	1.0000
46	Spectrogram 1	1	63236.218218750	63236.234468750	1400.000	4000.000	1.0000
47	Waveform 1	1	63236.348218750	63236.364468750	1400.000	4000.000	1.0000
47	Spectrogram 1	1	63236.348218750	63236.364468750	1400.000	4000.000	1.0000
48	Waveform 1	1	63236.468468750	63236.476593750	1400.000	4000.000	1.0000
48	Spectrogram 1	1	63236.468468750	63236.476593750	1400.000	4000.000	1.0000
49	Waveform 1	1	63240.534218750	63240.548843750	1400.000	4000.000	1.0000
49	Spectrogram 1	1	63240.534218750	63240.548843750	1400.000	4000.000	1.0000
50	Waveform 1	1	63256.083843750	63256.100093750	1400.000	4000.000	1.0000
50	Spectrogram 1	1	63256.083843750	63256.100093750	1400.000	4000.000	1.0000
51	Waveform 1	1	63258.956843750	63258.968218750	1400.000	4000.000	1.0000
51	Spectrogram 1	1	63258.956843750	63258.968218750	1400.000	4000.000	1.0000
52	Waveform 1	1	63261.217218750	63261.230218750	1400.000	4000.000	1.0000
52	Spectrogram 1	1	63261.217218750	63261.230218750	1400.000	4000.000	1.0000
53	Waveform 1	1	63261.400843750	63261.415468750	1400.000	4000.000	1.0000
53	Spectrogram 1	1	63261.400843750	63261.415468750	1400.000	4000.000	1.0000
54	Waveform 1	1	63261.566593750	63261.577968750	1400.000	4000.000	1.0000
54	Spectrogram 1	1	63261.566593750	63261.577968750	1400.000	4000.000	1.0000
55	Waveform 1	1	63261.633218750	63261.644593750	1400.000	4000.000	1.0000
55	Spectrogram 1	1	63261.633218750	63261.644593750	1400.000	4000.000	1.0000
56	Waveform 1	1	63261.693343750	63261.711218750	1400.000	4000.000	1.0000
56	Spectrogram 1	1	63261.693343750	63261.711218750	1400.000	4000.000	1.0000
57	Waveform 1	1	63265.282968750	63265.291093750	1400.000	4000.000	1.0000
57	Spectrogram 1	1	63265.282968750	63265.291093750	1400.000	4000.000	1.0000
58	Waveform 1	1	63266.561843750	63266.573218750	1400.000	4000.000	1.0000
58	Spectrogram 1	1	63266.561843750	63266.573218750	1400.000	4000.000	1.0000
59	Waveform 1	1	63266.932343750	63266.945343750	1400.000	4000.000	1.0000
59	Spectrogram 1	1	63266.932343750	63266.945343750	1400.000	4000.000	1.0000
60	Waveform 1	1	63274.178218750	63274.207468750	1400.000	4000.000	1.0000
60	Spectrogram 1	1	63274.178218750	63274.207468750	1400.000	4000.000	1.0000
61	Waveform 1	1	63274.322843750	63274.334218750	1400.000	4000.000	1.0000
61	Spectrogram 1	1	63274.322843750	63274.334218750	1400.000	4000.000	1.0000
62	Waveform 1	1	63274.465843750	63274.483718750	1400.000	4000.000	1.0000
62	Spectrogram 1	1	63274.465843750	63274.483718750	1400.000	4000.000	1.0000
63	Waveform 1	1	63278.840343750	63278.853343750	1400.000	4000.000	1.0000
63	Spectrogram 1	1	63278.840343750	63278.853343750	1400.000	4000.000	1.0000
64	Waveform 1	1	63290.745093750	63290.761343750	1400.000	4000.000	1.0000
64	Spectrogram 1	1	63290.745093750	63290.761343750	1400.000	4000.000	1.0000
65	Waveform 1	1	63291.437343750	63291.445468750	1400.000	4000.000	1.0000
65	Spectrogram 1	1	63291.437343750	63291.445468750	1400.000	4000.000	1.0000
66	Waveform 1	1	63302.558843750	63302.576718750	1400.000	4000.000	1.0000
66	Spectrogram 1	1	63302.558843750	63302.576718750	1400.000	4000.000	1.0000
67	Waveform 1	1	63304.320343750	63304.344718750	1400.000	4000.000	1.0000
67	Spectrogram 1	1	63304.320343750	63304.344718750	1400.000	4000.000	1.0000
68	Waveform 1	1	63325.222718750	63325.240593750	1400.000	4000.000	1.0000
68	Spectrogram 1	1	63325.222718750	63325.240593750	1400.000	4000.000	1.0000
69	Waveform 1	1	63336.607468750	63336.633468750	1400.000	4000.000	1.0000
69	Spectrogram 1	1	63336.607468750	63336.633468750	1400.000	4000.000	1.0000
70	Waveform 1	1	63354.311843750	63354.323218750	1400.000	4000.000	1.0000
70	Spectrogram 1	1	63354.311843750	63354.323218750	1400.000	4000.000	1.0000
71	Waveform 1	1	63363.782343750	63363.808343750	1400.000	4000.000	1.0000
71	Spectrogram 1	1	63363.782343750	63363.808343750	1400.000	4000.000	1.0000
72	Waveform 1	1	63364.032593750	63364.063468750	1400.000	4000.000	1.0000
72	Spectrogram 1	1	63364.032593750	63364.063468750	1400.000	4000.000	1.0000
73	Waveform 1	1	63364.885718750	63364.898718750	1400.000	4000.000	1.0000
73	Spectrogram 1	1	63364.885718750	63364.898718750	1400.000	4000.000	1.0000
74	Waveform 1	1	63366.224718750	63366.237718750	1400.000	4000.000	1.0000
74	Spectrogram 1	1	63366.224718750	63366.237718750	1400.000	4000.000	1.0000
75	Waveform 1	1	63368.346968750	63368.366468750	1400.000	4000.000	1.0000
75	Spectrogram 1	1	63368.346968750	63368.366468750	1400.000	4000.000	1.0000
76	Waveform 1	1	63370.285593750	63370.301843750	1400.000	4000.000	1.0000
76	Spectrogram 1	1	63370.285593750	63370.301843750	1400.000	4000.000	1.0000
77	Waveform 1	1	63370.714593750	63370.737343750	1400.000	4000.000	1.0000
77	Spectrogram 1	1	63370.714593750	63370.737343750	1400.000	4000.000	1.0000
78	Waveform 1	1	63372.885593750	63372.896968750	1400.000	4000.000	1.0000
78	Spectrogram 1	1	63372.885593750	63372.896968750	1400.000	4000.000	1.0000
79	Waveform 1	1	63374.468343750	63374.478093750	1400.000	4000.000	1.0000
79	Spectrogram 1	1	63374.468343750	63374.478093750	1400.000	4000.000	1.0000
80	Waveform 1	1	63380.077843750	63380.090843750	1400.000	4000.000	1.0000
80	Spectrogram 1	1	63380.077843750	63380.090843750	1400.000	4000.000	1.0000
81	Waveform 1	1	63391.004343750	63391.022218750	1400.000	4000.000	1.0000
81	Spectrogram 1	1	63391.004343750	63391.022218750	1400.000	4000.000	1.0000
82	Waveform 1	1	63396.075968750	63396.098718750	1400.000	4000.000	1.0000
82	Spectrogram 1	1	63396.075968750	63396.098718750	1400.000	4000.000	1.0000
83	Waveform 1	1	63396.826718750	63396.841343750	1400.000	4000.000	1.0000
83	Spectrogram 1	1	63396.826718750	63396.841343750	1400.000	4000.000	1.0000
84	Waveform 1	1	63397.767593750	63397.787093750	1400.000	4000.000	1.0000
84	Spectrogram 1	1	63397.767593750	63397.787093750	1400.000	4000.000	1.0000
85	Waveform 1	1	63398.485843750	63398.498843750	1400.000	4000.000	1.0000
85	Spectrogram 1	1	63398.485843750	63398.498843750	1400.000	4000.000	1.0000
86	Waveform 1	1	63398.596343750	63398.607718750	1400.000	4000.000	1.0000
86	Spectrogram 1	1	63398.596343750	63398.607718750	1400.000	4000.000	1.0000
87	Waveform 1	1	63401.235343750	63401.245093750	1400.000	4000.000	1.0000
87	Spectrogram 1	1	63401.235343750	63401.245093750	1400.000	4000.000	1.0000
88	Waveform 1	1	63401.324718750	63401.347468750	1400.000	4000.000	1.0000
88	Spectrogram 1	1	63401.324718750	63401.347468750	1400.000	4000.000	1.0000
89	Waveform 1	1	63401.529468750	63401.542468750	1400.000	4000.000	1.0000
89	Spectrogram 1	1	63401.529468750	63401.542468750	1400.000	4000.000	1.0000
90	Waveform 1	1	63409.244968750	63409.257968750	1400.000	4000.000	1.0000
90	Spectrogram 1	1	63409.244968750	63409.257968750	1400.000	4000.000	1.0000
91	Waveform 1	1	63410.842343750	63410.850468750	1400.000	4000.000	1.0000
91	Spectrogram 1	1	63410.842343750	63410.850468750	1400.000	4000.000	1.0000
92	Waveform 1	1	63411.981468750	63412.005843750	1400.000	4000.000	1.0000
92	Spectrogram 1	1	63411.981468750	63412.005843750	1400.000	4000.000	1.0000
93	Waveform 1	1	63412.145593750	63412.173218750	1400.000	4000.000	1.0000
93	Spectrogram 1	1	63412.145593750	63412.173218750	1400.000	4000.000	1.0000
94	Waveform 1	1	63414.522968750	63414.537593750	1400.000	4000.000	1.0000
94	Spectrogram 1	1	63414.522968750	63414.537593750	1400.000	4000.000	1.0000
95	Waveform 1	1	63414.722843750	63414.743968750	1400.000	4000.000	1.0000
95	Spectrogram 1	1	63414.722843750	63414.743968750	1400.000	4000.000	1.0000
96	Waveform 1	1	63482.381343750	63482.397593750	1400.000	4000.000	1.0000
96	Spectrogram 1	1	63482.381343750	63482.397593750	1400.000	4000.000	1.0000
97	Waveform 1	1	63527.735093750	63527.751343750	1400.000	4000.000	1.0000
97	Spectrogram 1	1	63527.735093750	63527.751343750	1400.000	4000.000	1.0000
98	Waveform 1	1	63584.506093750	63584.533718750	1400.000	4000.000	1.0000
98	Spectrogram 1	1	63584.506093750	63584.533718750	1400.000	4000.000	1.0000
99	Waveform 1	1	63584.626343750	63584.634468750	1400.000	4000.000	1.0000
99	Spectrogram 1	1	63584.626343750	63584.634468750	1400.000	4000.000	1.0000
100	Waveform 1	1	63585.728093750	63585.736218750	1400.000	4000.000	1.0000
100	Spectrogram 1	1	63585.728093750	63585.736218750	1400.000	4000.000	1.0000
101	Waveform 1	1	63594.400718750	63594.420218750	1400.000	4000.000	1.0000
101	Spectrogram 1	1	63594.400718750	63594.420218750	1400.000	4000.000	1.0000
102	Waveform 1	1	63595.799843750	63595.812843750	1400.000	4000.000	1.0000
102	Spectrogram 1	1	63595.799843750	63595.812843750	1400.000	4000.000	1.0000
103	Waveform 1	1	63669.295343750	63669.309968750	1400.000	4000.000	1.0000
103	Spectrogram 1	1	63669.295343750	63669.309968750	1400.000	4000.000	1.0000
104	Waveform 1	1	63671.882343750	63671.896968750	1400.000	4000.000	1.0000
104	Spectrogram 1	1	63671.882343750	63671.896968750	1400.000	4000.000	1.0000
105	Waveform 1	1	63680.847468750	63680.855593750	1400.000	4000.000	1.0000
105	Spectrogram 1	1	63680.847468750	63680.855593750	1400.000	4000.000	1.0000
106	Waveform 1	1	63683.231343750	63683.257343750	1400.000	4000.000	1.0000
106	Spectrogram 1	1	63683.231343750	63683.257343750	1400.000	4000.000	1.0000
107	Waveform 1	1	63686.120593750	63686.128718750	1400.000	4000.000	1.0000
107	Spectrogram 1	1	63686.120593750	63686.128718750	1400.000	4000.000	1.0000
108	Waveform 1	1	63687.792718750	63687.817093750	1400.000	4000.000	1.0000
108	Spectrogram 1	1	63687.792718750	63687.817093750	1400.000	4000.000	1.0000
109	Waveform 1	1	63692.744093750	63692.760343750	1400.000	4000.000	1.0000
109	Spectrogram 1	1	63692.744093750	63692.760343750	1400.000	4000.000	1.0000
110	Waveform 1	1	63701.465468750	63701.484968750	1400.000	4000.000	1.0000
110	Spectrogram 1	1	63701.465468750	63701.484968750	1400.000	4000.000	1.0000
111	Waveform 1	1	63716.278968750	63716.300093750	1400.000	4000.000	1.0000
111	Spectrogram 1	1	63716.278968750	63716.300093750	1400.000	4000.000	1.0000
112	Waveform 1	1	63739.690343750	63739.704968750	1400.000	4000.000	1.0000
112	Spectrogram 1	1	63739.690343750	63739.704968750	1400.000	4000.000	1.0000
113	Waveform 1	1	63740.931843750	63740.941593750	1400.000	4000.000	1.0000
113	Spectrogram 1	1	63740.931843750	63740.941593750	1400.000	4000.000	1.0000
114	Waveform 1	1	63911.397593750	63911.407343750	1400.000	4000.000	1.0000
114	Spectrogram 1	1	63911.397593750	63911.407343750	1400.000	4000.000	1.0000
115	Waveform 1	1	63993.139968750	63993.162718750	1400.000	4000.000	1.0000
115	Spectrogram 1	1	63993.139968750	63993.162718750	1400.000	4000.000	1.0000
116	Waveform 1	1	63993.338218750	63993.346343750	1400.000	4000.000	1.0000
116	Spectrogram 1	1	63993.338218750	63993.346343750	1400.000	4000.000	1.0000
117	Waveform 1	1	64052.293218750	64052.314343750	1400.000	4000.000	1.0000
117	Spectrogram 1	1	64052.293218750	64052.314343750	1400.000	4000.000	1.0000
118	Waveform 1	1	64108.414218750	64108.427218750	1400.000	4000.000	1.0000
118	Spectrogram 1	1	64108.414218750	64108.427218750	1400.000	4000.000	1.0000
119	Waveform 1	1	64128.258718750	64128.278218750	1400.000	4000.000	1.0000
119	Spectrogram 1	1	64128.258718750	64128.278218750	1400.000	4000.000	1.0000
120	Waveform 1	1	64332.386343750	64332.394468750	1400.000	4000.000	1.0000
120	Spectrogram 1	1	64332.386343750	64332.394468750	1400.000	4000.000	1.0000
121	Waveform 1	1	64363.561968750	64363.571718750	1400.000	4000.000	1.0000
121	Spectrogram 1	1	64363.561968750	64363.571718750	1400.000	4000.000	1.0000
122	Waveform 1	1	64398.918718750	64398.930093750	1400.000	4000.000	1.0000
122	Spectrogram 1	1	64398.918718750	64398.930093750	1400.000	4000.000	1.0000
123	Waveform 1	1	64672.303843750	64672.326593750	1400.000	4000.000	1.0000
123	Spectrogram 1	1	64672.303843750	64672.326593750	1400.000	4000.000	1.0000
124	Waveform 1	1	64679.476593750	64679.484718750	1400.000	4000.000	1.0000
124	Spectrogram 1	1	64679.476593750	64679.484718750	1400.000	4000.000	1.0000
125	Waveform 1	1	64679.717093750	64679.730093750	1400.000	4000.000	1.0000
125	Spectrogram 1	1	64679.717093750	64679.730093750	1400.000	4000.000	1.0000
126	Waveform 1	1	64679.803218750	64679.819468750	1400.000	4000.000	1.0000
126	Spectrogram 1	1	64679.803218750	64679.819468750	1400.000	4000.000	1.0000
127	Waveform 1	1	64681.626468750	64681.644343750	1400.000	4000.000	1.0000
127	Spectrogram 1	1	64681.626468750	64681.644343750	1400.000	4000.000	1.0000
128	Waveform 1	1	64681.704468750	64681.717468750	1400.000	4000.000	1.0000
128	Spectrogram 1	1	64681.704468750	64681.717468750	1400.000	4000.000	1.0000
129	Waveform 1	1	64683.968093750	64683.979468750	1400.000	4000.000	1.0000
129	Spectrogram 1	1	64683.968093750	64683.979468750	1400.000	4000.000	1.0000
130	Waveform 1	1	64684.395468750	64684.423093750	1400.000	4000.000	1.0000
130	Spectrogram 1	1	64684.395468750	64684.423093750	1400.000	4000.000	1.0000
131	Waveform 1	1	64684.930093750	64684.959343750	1400.000	4000.000	1.0000
131	Spectrogram 1	1	64684.930093750	64684.959343750	1400.000	4000.000	1.0000
132	Waveform 1	1	64685.339593750	64685.347718750	1400.000	4000.000	1.0000
132	Spectrogram 1	1	64685.339593750	64685.347718750	1400.000	4000.000	1.0000
133	Waveform 1	1	64685.381843750	64685.396468750	1400.000	4000.000	1.0000
133	Spectrogram 1	1	64685.381843750	64685.396468750	1400.000	4000.000	1.0000
134	Waveform 1	1	64685.622343750	64685.654843750	1400.000	4000.000	1.0000
134	Spectrogram 1	1	64685.622343750	64685.654843750	1400.000	4000.000	1.0000
135	Waveform 1	1	64688.440093750	64688.464468750	1400.000	4000.000	1.0000
135	Spectrogram 1	1	64688.440093750	64688.464468750	1400.000	4000.000	1.0000
136	Waveform 1	1	64688.704968750	64688.729343750	1400.000	4000.000	1.0000
136	Spectrogram 1	1	64688.704968750	64688.729343750	1400.000	4000.000	1.0000
137	Waveform 1	1	64689.587343750	64689.603593750	1400.000	4000.000	1.0000
137	Spectrogram 1	1	64689.587343750	64689.603593750	1400.000	4000.000	1.0000
138	Waveform 1	1	64690.147968750	64690.169093750	1400.000	4000.000	1.0000
138	Spectrogram 1	1	64690.147968750	64690.169093750	1400.000	4000.000	1.0000
139	Waveform 1	1	64690.237343750	64690.250343750	1400.000	4000.000	1.0000
139	Spectrogram 1	1	64690.237343750	64690.250343750	1400.000	4000.000	1.0000
140	Waveform 1	1	64690.307218750	64690.315343750	1400.000	4000.000	1.0000
140	Spectrogram 1	1	64690.307218750	64690.315343750	1400.000	4000.000	1.0000
141	Waveform 1	1	64690.552593750	64690.563968750	1400.000	4000.000	1.0000
141	Spectrogram 1	1	64690.552593750	64690.563968750	1400.000	4000.000	1.0000
142	Waveform 1	1	64690.783343750	64690.812593750	1400.000	4000.000	1.0000
142	Spectrogram 1	1	64690.783343750	64690.812593750	1400.000	4000.000	1.0000
143	Waveform 1	1	64691.228593750	64691.246468750	1400.000	4000.000	1.0000
143	Spectrogram 1	1	64691.228593750	64691.246468750	1400.000	4000.000	1.0000
144	Waveform 1	1	64691.356968750	64691.373218750	1400.000	4000.000	1.0000
144	Spectrogram 1	1	64691.356968750	64691.373218750	1400.000	4000.000	1.0000
145	Waveform 1	1	64692.837343750	64692.864968750	1400.000	4000.000	1.0000
145	Spectrogram 1	1	64692.837343750	64692.864968750	1400.000	4000.000	1.0000
146	Waveform 1	1	64695.131843750	64695.154593750	1400.000	4000.000	1.0000
146	Spectrogram 1	1	64695.131843750	64695.154593750	1400.000	4000.000	1.0000
147	Waveform 1	1	64697.115968750	64697.124093750	1400.000	4000.000	1.0000
147	Spectrogram 1	1	64697.115968750	64697.124093750	1400.000	4000.000	1.0000
148	Waveform 1	1	64698.648343750	64698.659718750	1400.000	4000.000	1.0000
148	Spectrogram 1	1	64698.648343750	64698.659718750	1400.000	4000.000	1.0000
149	Waveform 1	1	64700.983468750	64701.004593750	1400.000	4000.000	1.0000
149	Spectrogram 1	1	64700.983468750	64701.004593750	1400.000	4000.000	1.0000
150	Waveform 1	1	64705.219843750	64705.232843750	1400.000	4000.000	1.0000
150	Spectrogram 1	1	64705.219843750	64705.232843750	1400.000	4000.000	1.0000
151	Waveform 1	1	64709.319718750	64709.339218750	1400.000	4000.000	1.0000
151	Spectrogram 1	1	64709.319718750	64709.339218750	1400.000	4000.000	1.0000
152	Waveform 1	1	64710.673343750	64710.697718750	1400.000	4000.000	1.0000
152	Spectrogram 1	1	64710.673343750	64710.697718750	1400.000	4000.000	1.0000
153	Waveform 1	1	64711.960343750	64711.978218750	1400.000	4000.000	1.0000
153	Spectrogram 1	1	64711.960343750	64711.978218750	1400.000	4000.000	1.0000
154	Waveform 1	1	64715.554843750	64715.569468750	1400.000	4000.000	1.0000
154	Spectrogram 1	1	64715.554843750	64715.569468750	1400.000	4000.000	1.0000
155	Waveform 1	1	64723.462093750	64723.479968750	1400.000	4000.000	1.0000
155	Spectrogram 1	1	64723.462093750	64723.479968750	1400.000	4000.000	1.0000
156	Waveform 1	1	64724.186843750	64724.207968750	1400.000	4000.000	1.0000
156	Spectrogram 1	1	64724.186843750	64724.207968750	1400.000	4000.000	1.0000
157	Waveform 1	1	64726.157968750	64726.172593750	1400.000	4000.000	1.0000
157	Spectrogram 1	1	64726.157968750	64726.172593750	1400.000	4000.000	1.0000
158	Waveform 1	1	64746.904343750	64746.920593750	1400.000	4000.000	1.0000
158	Spectrogram 1	1	64746.904343750	64746.920593750	1400.000	4000.000	1.0000
159	Waveform 1	1	64871.436218750	64871.452468750	1400.000	4000.000	1.0000
159	Spectrogram 1	1	64871.436218750	64871.452468750	1400.000	4000.000	1.0000
160	Waveform 1	1	64940.755468750	64940.770093750	1400.000	4000.000	1.0000
160	Spectrogram 1	1	64940.755468750	64940.770093750	1400.000	4000.000	1.0000
161	Waveform 1	1	64948.327968750	64948.340968750	1400.000	4000.000	1.0000
161	Spectrogram 1	1	64948.327968750	64948.340968750	1400.000	4000.000	1.0000
162	Waveform 1	1	65057.926093750	65057.939093750	1400.000	4000.000	1.0000
162	Spectrogram 1	1	65057.926093750	65057.939093750	1400.000	4000.000	1.0000
163	Waveform 1	1	65059.632343750	65059.643718750	1400.000	4000.000	1.0000
163	Spectrogram 1	1	65059.632343750	65059.643718750	1400.000	4000.000	1.0000
164	Waveform 1	1	65120.690093750	65120.698218750	1400.000	4000.000	1.0000
164	Spectrogram 1	1	65120.690093750	65120.698218750	1400.000	4000.000	1.0000
165	Waveform 1	1	65123.823093750	65123.844218750	1400.000	4000.000	1.0000
165	Spectrogram 1	1	65123.823093750	65123.844218750	1400.000	4000.000	1.0000
166	Waveform 1	1	65124.200093750	65124.211468750	1400.000	4000.000	1.0000
166	Spectrogram 1	1	65124.200093750	65124.211468750	1400.000	4000.000	1.0000
167	Waveform 1	1	65125.834843750	65125.849468750	1400.000	4000.000	1.0000
167	Spectrogram 1	1	65125.834843750	65125.849468750	1400.000	4000.000	1.0000
168	Waveform 1	1	65129.684468750	65129.700718750	1400.000	4000.000	1.0000
168	Spectrogram 1	1	65129.684468750	65129.700718750	1400.000	4000.000	1.0000
169	Waveform 1	1	65131.941593750	65131.965968750	1400.000	4000.000	1.0000
169	Spectrogram 1	1	65131.941593750	65131.965968750	1400.000	4000.000	1.0000
170	Waveform 1	1	65132.596468750	65132.606218750	1400.000	4000.000	1.0000
170	Spectrogram 1	1	65132.596468750	65132.606218750	1400.000	4000.000	1.0000
171	Waveform 1	1	65135.651468750	65135.662843750	1400.000	4000.000	1.0000
171	Spectrogram 1	1	65135.651468750	65135.662843750	1400.000	4000.000	1.0000
172	Waveform 1	1	65137.775343750	65137.793218750	1400.000	4000.000	1.0000
172	Spectrogram 1	1	65137.775343750	65137.793218750	1400.000	4000.000	1.0000
173	Waveform 1	1	65139.102968750	65139.122468750	1400.000	4000.000	1.0000
173	Spectrogram 1	1	65139.102968750	65139.122468750	1400.000	4000.000	1.0000
174	Waveform 1	1	65147.890968750	65147.902343750	1400.000	4000.000	1.0000
174	Spectrogram 1	1	65147.890968750	65147.902343750	1400.000	4000.000	1.0000
175	Waveform 1	1	65152.819593750	65152.835843750	1400.000	4000.000	1.0000
175	Spectrogram 1	1	65152.819593750	65152.835843750	1400.000	4000.000	1.0000
176	Waveform 1	1	65172.230218750	65172.239968750	1400.000	4000.000	1.0000
176	Spectrogram 1	1	65172.230218750	65172.239968750	1400.000	4000.000	1.0000
177	Waveform 1	1	65176.035968750	65176.066843750	1400.000	4000.000	1.0000
177	Spectrogram 1	1	65176.035968750	65176.066843750	1400.000	4000.000	1.0000
178	Waveform 1	1	65182.271093750	65182.284093750	1400.000	4000.000	1.0000
178	Spectrogram 1	1	65182.271093750	65182.284093750	1400.000	4000.000	1.0000
179	Waveform 1	1	65183.509343750	65183.522343750	1400.000	4000.000	1.0000
179	Spectrogram 1	1	65183.509343750	65183.522343750	1400.000	4000.000	1.0000
180	Waveform 1	1	65184.143093750	65184.167468750	1400.000	4000.000	1.0000
180	Spectrogram 1	1	65184.143093750	65184.167468750	1400.000	4000.000	1.0000
181	Waveform 1	1	65185.516218750	65185.548718750	1400.000	4000.000	1.0000
181	Spectrogram 1	1	65185.516218750	65185.548718750	1400.000	4000.000	1.0000
182	Waveform 1	1	65187.124968750	65187.141218750	1400.000	4000.000	1.0000
182	Spectrogram 1	1	65187.124968750	65187.141218750	1400.000	4000.000	1.0000
183	Waveform 1	1	65187.331343750	65187.352468750	1400.000	4000.000	1.0000
183	Spectrogram 1	1	65187.331343750	65187.352468750	1400.000	4000.000	1.0000
184	Waveform 1	1	65187.937468750	65187.955343750	1400.000	4000.000	1.0000
184	Spectrogram 1	1	65187.937468750	65187.955343750	1400.000	4000.000	1.0000
185	Waveform 1	1	65188.182843750	65188.195843750	1400.000	4000.000	1.0000
185	Spectrogram 1	1	65188.182843750	65188.195843750	1400.000	4000.000	1.0000
186	Waveform 1	1	65188.325843750	65188.337218750	1400.000	4000.000	1.0000
186	Spectrogram 1	1	65188.325843750	65188.337218750	1400.000	4000.000	1.0000
187	Waveform 1	1	65189.260218750	65189.276468750	1400.000	4000.000	1.0000
187	Spectrogram 1	1	65189.260218750	65189.276468750	1400.000	4000.000	1.0000
188	Waveform 1	1	65190.233593750	65190.248218750	1400.000	4000.000	1.0000
188	Spectrogram 1	1	65190.233593750	65190.248218750	1400.000	4000.000	1.0000
189	Waveform 1	1	65190.891718750	65190.912843750	1400.000	4000.000	1.0000
189	Spectrogram 1	1	65190.891718750	65190.912843750	1400.000	4000.000	1.0000
190	Waveform 1	1	65190.968093750	65190.985968750	1400.000	4000.000	1.0000
190	Spectrogram 1	1	65190.968093750	65190.985968750	1400.000	4000.000	1.0000
191	Waveform 1	1	65191.421468750	65191.450718750	1400.000	4000.000	1.0000
191	Spectrogram 1	1	65191.421468750	65191.450718750	1400.000	4000.000	1.0000
192	Waveform 1	1	65192.259968750	65192.289218750	1400.000	4000.000	1.0000
192	Spectrogram 1	1	65192.259968750	65192.289218750	1400.000	4000.000	1.0000
193	Waveform 1	1	65192.867718750	65192.885593750	1400.000	4000.000	1.0000
193	Spectrogram 1	1	65192.867718750	65192.885593750	1400.000	4000.000	1.0000
194	Waveform 1	1	65193.296718750	65193.311343750	1400.000	4000.000	1.0000
194	Spectrogram 1	1	65193.296718750	65193.311343750	1400.000	4000.000	1.0000
195	Waveform 1	1	65195.204468750	65195.233718750	1400.000	4000.000	0.7222
195	Spectrogram 1	1	65195.204468750	65195.233718750	1400.000	4000.000	0.7222
196	Waveform 1	1	65195.774843750	65195.786218750	1400.000	4000.000	1.0000
196	Spectrogram 1	1	65195.774843750	65195.786218750	1400.000	4000.000	1.0000
197	Waveform 1	1	65196.333843750	65196.343593750	1400.000	4000.000	1.0000
197	Spectrogram 1	1	65196.333843750	65196.343593750	1400.000	4000.000	1.0000
198	Waveform 1	1	65196.946468750	65196.959468750	1400.000	4000.000	1.0000
198	Spectrogram 1	1	65196.946468750	65196.959468750	1400.000	4000.000	1.0000
199	Waveform 1	1	65197.053718750	65197.084593750	1400.000	4000.000	1.0000
199	Spectrogram 1	1	65197.053718750	65197.084593750	1400.000	4000.000	1.0000
200	Waveform 1	1	65197.744343750	65197.773593750	1400.000	4000.000	1.0000
200	Spectrogram 1	1	65197.744343750	65197.773593750	1400.000	4000.000	1.0000
201	Waveform 1	1	65199.574093750	65199.582218750	1400.000	4000.000	1.0000
201	Spectrogram 1	1	65199.574093750	65199.582218750	1400.000	4000.000	1.0000
202	Waveform 1	1	65199.886093750	65199.894218750	1400.000	4000.000	1.0000
202	Spectrogram 1	1	65199.886093750	65199.894218750	1400.000	4000.000	1.0000
203	Waveform 1	1	65200.058343750	65200.079468750	1400.000	4000.000	1.0000
203	Spectrogram 1	1	65200.058343750	65200.079468750	1400.000	4000.000	1.0000
204	Waveform 1	1	65200.146093750	65200.154218750	1400.000	4000.000	1.0000
204	Spectrogram 1	1	65200.146093750	65200.154218750	1400.000	4000.000	1.0000
205	Waveform 1	1	65200.529593750	65200.547468750	1400.000	4000.000	1.0000
205	Spectrogram 1	1	65200.529593750	65200.547468750	1400.000	4000.000	1.0000
206	Waveform 1	1	65201.439593750	65201.462343750	1400.000	4000.000	1.0000
206	Spectrogram 1	1	65201.439593750	65201.462343750	1400.000	4000.000	1.0000
207	Waveform 1	1	65201.879968750	65201.896218750	1400.000	4000.000	1.0000
207	Spectrogram 1	1	65201.879968750	65201.896218750	1400.000	4000.000	1.0000
208	Waveform 1	1	65203.015843750	65203.027218750	1400.000	4000.000	1.0000
208	Spectrogram 1	1	65203.015843750	65203.027218750	1400.000	4000.000	1.0000
209	Waveform 1	1	65211.291968750	65211.319593750	1400.000	4000.000	1.0000
209	Spectrogram 1	1	65211.291968750	65211.319593750	1400.000	4000.000	1.0000
210	Waveform 1	1	65211.537343750	65211.555218750	1400.000	4000.000	1.0000
210	Spectrogram 1	1	65211.537343750	65211.555218750	1400.000	4000.000	1.0000
211	Waveform 1	1	65226.066468750	65226.087593750	1400.000	4000.000	1.0000
211	Spectrogram 1	1	65226.066468750	65226.087593750	1400.000	4000.000	1.0000
212	Waveform 1	1	65231.242093750	65231.253468750	1400.000	4000.000	1.0000
212	Spectrogram 1	1	65231.242093750	65231.253468750	1400.000	4000.000	1.0000
213	Waveform 1	1	65323.789093750	65323.805343750	1400.000	4000.000	1.0000
213	Spectrogram 1	1	65323.789093750	65323.805343750	1400.000	4000.000	1.0000
214	Waveform 1	1	65344.090218750	65344.111343750	1400.000	4000.000	1.0000
214	Spectrogram 1	1	65344.090218750	65344.111343750	1400.000	4000.000	1.0000
215	Waveform 1	1	65349.004218750	65349.015593750	1400.000	4000.000	1.0000
215	Spectrogram 1	1	65349.004218750	65349.015593750	1400.000	4000.000	1.0000
216	Waveform 1	1	65351.040343750	65351.061468750	1400.000	4000.000	1.0000
216	Spectrogram 1	1	65351.040343750	65351.061468750	1400.000	4000.000	1.0000
217	Waveform 1	1	65351.316593750	65351.340968750	1400.000	4000.000	1.0000
217	Spectrogram 1	1	65351.316593750	65351.340968750	1400.000	4000.000	1.0000
218	Waveform 1	1	65352.894468750	65352.920468750	1400.000	4000.000	1.0000
218	Spectrogram 1	1	65352.894468750	65352.920468750	1400.000	4000.000	1.0000
219	Waveform 1	1	65353.687468750	65353.703718750	1400.000	4000.000	1.0000
219	Spectrogram 1	1	65353.687468750	65353.703718750	1400.000	4000.000	1.0000
220	Waveform 1	1	65353.913343750	65353.926343750	1400.000	4000.000	1.0000
220	Spectrogram 1	1	65353.913343750	65353.926343750	1400.000	4000.000	1.0000
221	Waveform 1	1	65355.751218750	65355.772343750	1400.000	4000.000	1.0000
221	Spectrogram 1	1	65355.751218750	65355.772343750	1400.000	4000.000	1.0000
222	Waveform 1	1	65372.331093750	65372.353843750	1400.000	4000.000	1.0000
222	Spectrogram 1	1	65372.331093750	65372.353843750	1400.000	4000.000	1.0000
223	Waveform 1	1	65372.490343750	65372.501718750	1400.000	4000.000	1.0000
223	Spectrogram 1	1	65372.490343750	65372.501718750	1400.000	4000.000	1.0000
224	Waveform 1	1	65372.979468750	65372.992468750	1400.000	4000.000	1.0000
224	Spectrogram 1	1	65372.979468750	65372.992468750	1400.000	4000.000	1.0000
225	Waveform 1	1	65429.235343750	65429.261343750	1400.000	4000.000	1.0000
225	Spectrogram 1	1	65429.235343750	65429.261343750	1400.000	4000.000	1.0000
226	Waveform 1	1	65429.314968750	65429.342593750	1400.000	4000.000	1.0000
226	Spectrogram 1	1	65429.314968750	65429.342593750	1400.000	4000.000	1.0000
227	Waveform 1	1	65433.037843750	65433.057343750	1400.000	4000.000	1.0000
227	Spectrogram 1	1	65433.037843750	65433.057343750	1400.000	4000.000	1.0000
228	Waveform 1	1	65437.647968750	65437.659343750	1400.000	4000.000	1.0000
228	Spectrogram 1	1	65437.647968750	65437.659343750	1400.000	4000.000	1.0000
229	Waveform 1	1	65447.069718750	65447.085968750	1400.000	4000.000	1.0000
229	Spectrogram 1	1	65447.069718750	65447.085968750	1400.000	4000.000	1.0000
230	Waveform 1	1	65447.313468750	65447.326468750	1400.000	4000.000	1.0000
230	Spectrogram 1	1	65447.313468750	65447.326468750	1400.000	4000.000	1.0000
231	Waveform 1	1	65448.582593750	65448.600468750	1400.000	4000.000	1.0000
231	Spectrogram 1	1	65448.582593750	65448.600468750	1400.000	4000.000	1.0000
232	Waveform 1	1	65492.147218750	65492.163468750	1400.000	4000.000	1.0000
232	Spectrogram 1	1	65492.147218750	65492.163468750	1400.000	4000.000	1.0000
233	Waveform 1	1	65496.248718750	65496.273093750	1400.000	4000.000	1.0000
233	Spectrogram 1	1	65496.248718750	65496.273093750	1400.000	4000.000	1.0000
234	Waveform 1	1	65497.368343750	65497.400843750	1400.000	4000.000	1.0000
234	Spectrogram 1	1	65497.368343750	65497.400843750	1400.000	4000.000	1.0000
235	Waveform 1	1	65499.397968750	65499.423968750	1400.000	4000.000	1.0000
235	Spectrogram 1	1	65499.397968750	65499.423968750	1400.000	4000.000	1.0000
236	Waveform 1	1	65500.577718750	65500.592343750	1400.000	4000.000	1.0000
236	Spectrogram 1	1	65500.577718750	65500.592343750	1400.000	4000.000	1.0000
237	Waveform 1	1	65501.526718750	65501.549468750	1400.000	4000.000	1.0000
237	Spectrogram 1	1	65501.526718750	65501.549468750	1400.000	4000.000	1.0000
238	Waveform 1	1	65502.019093750	65502.033718750	1400.000	4000.000	1.0000
238	Spectrogram 1	1	65502.019093750	65502.033718750	1400.000	4000.000	1.0000
239	Waveform 1	1	65505.597343750	65505.623343750	1400.000	4000.000	1.0000
239	Spectrogram 1	1	65505.597343750	65505.623343750	1400.000	4000.000	1.0000
240	Waveform 1	1	65512.874093750	65512.888718750	1400.000	4000.000	1.0000
240	Spectrogram 1	1	65512.874093750	65512.888718750	1400.000	4000.000	1.0000
241	Waveform 1	1	65519.322093750	65519.331843750	1400.000	4000.000	1.0000
241	Spectrogram 1	1	65519.322093750	65519.331843750	1400.000	4000.000	1.0000
242	Waveform 1	1	65538.038843750	65538.056718750	1400.000	4000.000	1.0000
242	Spectrogram 1	1	65538.038843750	65538.056718750	1400.000	4000.000	1.0000
243	Waveform 1	1	65538.100593750	65538.120093750	1400.000	4000.000	1.0000
243	Spectrogram 1	1	65538.100593750	65538.120093750	1400.000	4000.000	1.0000
244	Waveform 1	1	65539.148718750	65539.177968750	1400.000	4000.000	1.0000
244	Spectrogram 1	1	65539.148718750	65539.177968750	1400.000	4000.000	1.0000
245	Waveform 1	1	65540.128593750	65540.154593750	1400.000	4000.000	1.0000
245	Spectrogram 1	1	65540.128593750	65540.154593750	1400.000	4000.000	1.0000
246	Waveform 1	1	65543.170593750	65543.188468750	1400.000	4000.000	1.0000
246	Spectrogram 1	1	65543.170593750	65543.188468750	1400.000	4000.000	1.0000
247	Waveform 1	1	65544.480343750	65544.511218750	1400.000	4000.000	1.0000
247	Spectrogram 1	1	65544.480343750	65544.511218750	1400.000	4000.000	1.0000
248	Waveform 1	1	65547.130718750	65547.138843750	1400.000	4000.000	1.0000
248	Spectrogram 1	1	65547.130718750	65547.138843750	1400.000	4000.000	1.0000
249	Waveform 1	1	65560.913968750	65560.923718750	1400.000	4000.000	1.0000
249	Spectrogram 1	1	65560.913968750	65560.923718750	1400.000	4000.000	1.0000
250	Waveform 1	1	65564.670968750	65564.688843750	1400.000	4000.000	1.0000
250	Spectrogram 1	1	65564.670968750	65564.688843750	1400.000	4000.000	1.0000
251	Waveform 1	1	65568.179343750	65568.192343750	1400.000	4000.000	1.0000
251	Spectrogram 1	1	65568.179343750	65568.192343750	1400.000	4000.000	1.0000
252	Waveform 1	1	65576.109343750	65576.127218750	1400.000	4000.000	1.0000
252	Spectrogram 1	1	65576.109343750	65576.127218750	1400.000	4000.000	1.0000
253	Waveform 1	1	65596.109843750	65596.121218750	1400.000	4000.000	1.0000
253	Spectrogram 1	1	65596.109843750	65596.121218750	1400.000	4000.000	1.0000
254	Waveform 1	1	65598.843093750	65598.851218750	1400.000	4000.000	1.0000
254	Spectrogram 1	1	65598.843093750	65598.851218750	1400.000	4000.000	1.0000
255	Waveform 1	1	65606.420468750	65606.428593750	1400.000	4000.000	1.0000
255	Spectrogram 1	1	65606.420468750	65606.428593750	1400.000	4000.000	1.0000
256	Waveform 1	1	65608.027593750	65608.047093750	1400.000	4000.000	1.0000
256	Spectrogram 1	1	65608.027593750	65608.047093750	1400.000	4000.000	1.0000
257	Waveform 1	1	65608.136468750	65608.147843750	1400.000	4000.000	1.0000
257	Spectrogram 1	1	65608.136468750	65608.147843750	1400.000	4000.000	1.0000
258	Waveform 1	1	65608.243718750	65608.259968750	1400.000	4000.000	1.0000
258	Spectrogram 1	1	65608.243718750	65608.259968750	1400.000	4000.000	1.0000
259	Waveform 1	1	65610.271718750	65610.292843750	1400.000	4000.000	1.0000
259	Spectrogram 1	1	65610.271718750	65610.292843750	1400.000	4000.000	1.0000
260	Waveform 1	1	65617.686593750	65617.709343750	1400.000	4000.000	1.0000
260	Spectrogram 1	1	65617.686593750	65617.709343750	1400.000	4000.000	1.0000
261	Waveform 1	1	65636.580468750	65636.591843750	1400.000	4000.000	1.0000
261	Spectrogram 1	1	65636.580468750	65636.591843750	1400.000	4000.000	1.0000
262	Waveform 1	1	65648.025343750	65648.039968750	1400.000	4000.000	1.0000
262	Spectrogram 1	1	65648.025343750	65648.039968750	1400.000	4000.000	1.0000
263	Waveform 1	1	65663.079343750	65663.105343750	1400.000	4000.000	1.0000
263	Spectrogram 1	1	65663.079343750	65663.105343750	1400.000	4000.000	1.0000
264	Waveform 1	1	65675.283093750	65675.302593750	1400.000	4000.000	1.0000
264	Spectrogram 1	1	65675.283093750	65675.302593750	1400.000	4000.000	1.0000
265	Waveform 1	1	65679.064468750	65679.075843750	1400.000	4000.000	1.0000
265	Spectrogram 1	1	65679.064468750	65679.075843750	1400.000	4000.000	1.0000
266	Waveform 1	1	65691.767093750	65691.791468750	1400.000	4000.000	1.0000
266	Spectrogram 1	1	65691.767093750	65691.791468750	1400.000	4000.000	1.0000
267	Waveform 1	1	65779.333468750	65779.341593750	1400.000	4000.000	1.0000
267	Spectrogram 1	1	65779.333468750	65779.341593750	1400.000	4000.000	1.0000
268	Waveform 1	1	65786.943343750	65786.959593750	1400.000	4000.000	1.0000
268	Spectrogram 1	1	65786.943343750	65786.959593750	1400.000	4000.000	1.0000
269	Waveform 1	1	65917.711968750	65917.733093750	1400.000	4000.000	1.0000
269	Spectrogram 1	1	65917.711968750	65917.733093750	1400.000	4000.000	1.0000
270	Waveform 1	1	65946.680843750	65946.708468750	1400.000	4000.000	1.0000
270	Spectrogram 1	1	65946.680843750	65946.708468750	1400.000	4000.000	1.0000
271	Waveform 1	1	66012.054593750	66012.074093750	1400.000	4000.000	1.0000
271	Spectrogram 1	1	66012.054593750	66012.074093750	1400.000	4000.000	1.0000
272	Waveform 1	1	66045.898468750	66045.909843750	1400.000	4000.000	1.0000
272	Spectrogram 1	1	66045.898468750	66045.909843750	1400.000	4000.000	1.0000
273	Waveform 1	1	66060.903718750	66060.918343750	1400.000	4000.000	1.0000
273	Spectrogram 1	1	66060.903718750	66060.918343750	1400.000	4000.000	1.0000
274	Waveform 1	1	66186.886718750	66186.912718750	1400.000	4000.000	1.0000
274	Spectrogram 1	1	66186.886718750	66186.912718750	1400.000	4000.000	1.0000
275	Waveform 1	1	66189.444468750	66189.459093750	1400.000	4000.000	1.0000
275	Spectrogram 1	1	66189.444468750	66189.459093750	1400.000	4000.000	1.0000
276	Waveform 1	1	66189.733718750	66189.753218750	1400.000	4000.000	1.0000
276	Spectrogram 1	1	66189.733718750	66189.753218750	1400.000	4000.000	1.0000
277	Waveform 1	1	66192.556343750	66192.564468750	1400.000	4000.000	1.0000
277	Spectrogram 1	1	66192.556343750	66192.564468750	1400.000	4000.000	1.0000
278	Waveform 1	1	66193.911593750	66193.937593750	1400.000	4000.000	1.0000
278	Spectrogram 1	1	66193.911593750	66193.937593750	1400.000	4000.000	1.0000
279	Waveform 1	1	66193.979843750	66193.987968750	1400.000	4000.000	1.0000
279	Spectrogram 1	1	66193.979843750	66193.987968750	1400.000	4000.000	1.0000
280	Waveform 1	1	66194.054593750	66194.077343750	1400.000	4000.000	1.0000
280	Spectrogram 1	1	66194.054593750	66194.077343750	1400.000	4000.000	1.0000
281	Waveform 1	1	66196.589593750	66196.600968750	1400.000	4000.000	1.0000
281	Spectrogram 1	1	66196.589593750	66196.600968750	1400.000	4000.000	1.0000
282	Waveform 1	1	66200.764218750	66200.782093750	1400.000	4000.000	1.0000
282	Spectrogram 1	1	66200.764218750	66200.782093750	1400.000	4000.000	1.0000
283	Waveform 1	1	66203.622593750	66203.655093750	1400.000	4000.000	1.0000
283	Spectrogram 1	1	66203.622593750	66203.655093750	1400.000	4000.000	1.0000
284	Waveform 1	1	66204.891718750	66204.907968750	1400.000	4000.000	1.0000
284	Spectrogram 1	1	66204.891718750	66204.907968750	1400.000	4000.000	1.0000
285	Waveform 1	1	66255.122093750	66255.149718750	1400.000	4000.000	1.0000
285	Spectrogram 1	1	66255.122093750	66255.149718750	1400.000	4000.000	1.0000
286	Waveform 1	1	66260.871343750	66260.889218750	1400.000	4000.000	1.0000
286	Spectrogram 1	1	66260.871343750	66260.889218750	1400.000	4000.000	1.0000
287	Waveform 1	1	66280.688218750	66280.704468750	1400.000	4000.000	1.0000
287	Spectrogram 1	1	66280.688218750	66280.704468750	1400.000	4000.000	1.0000
288	Waveform 1	1	66293.241343750	66293.257593750	1400.000	4000.000	1.0000
288	Spectrogram 1	1	66293.241343750	66293.257593750	1400.000	4000.000	1.0000
289	Waveform 1	1	66300.986093750	66301.007218750	1400.000	4000.000	1.0000
289	Spectrogram 1	1	66300.986093750	66301.007218750	1400.000	4000.000	1.0000
290	Waveform 1	1	66321.217343750	66321.225468750	1400.000	4000.000	1.0000
290	Spectrogram 1	1	66321.217343750	66321.225468750	1400.000	4000.000	1.0000
291	Waveform 1	1	66414.908343750	66414.921343750	1400.000	4000.000	1.0000
291	Spectrogram 1	1	66414.908343750	66414.921343750	1400.000	4000.000	1.0000
292	Waveform 1	1	66421.036218750	66421.058968750	1400.000	4000.000	1.0000
292	Spectrogram 1	1	66421.036218750	66421.058968750	1400.000	4000.000	1.0000
293	Waveform 1	1	66442.845343750	66442.868093750	1400.000	4000.000	1.0000
293	Spectrogram 1	1	66442.845343750	66442.868093750	1400.000	4000.000	1.0000
294	Waveform 1	1	67831.664593750	67831.687343750	1400.000	4000.000	1.0000
294	Spectrogram 1	1	67831.664593750	67831.687343750	1400.000	4000.000	1.0000
295	Waveform 1	1	67843.616468750	67843.627843750	1400.000	4000.000	1.0000
295	Spectrogram 1	1	67843.616468750	67843.627843750	1400.000	4000.000	1.0000
296	Waveform 1	1	67843.660343750	67843.683093750	1400.000	4000.000	1.0000
296	Spectrogram 1	1	67843.660343750	67843.683093750	1400.000	4000.000	1.0000
297	Waveform 1	1	75318.034718750	75318.042843750	1400.000	4000.000	1.0000
297	Spectrogram 1	1	75318.034718750	75318.042843750	1400.000	4000.000	1.0000
298	Waveform 1	1	75318.447468750	75318.476718750	1400.000	4000.000	1.0000
298	Spectrogram 1	1	75318.447468750	75318.476718750	1400.000	4000.000	1.0000
